timestamp,frame_number,phase,round_number,score_team1,score_team2,game_timer,spike_timer,post_round_timer,player_0_name,player_0_team,player_0_agent,player_0_alive,player_0_health,player_0_armor,player_0_ability_1,player_0_ability_2,player_0_ability_3,player_0_ultimate_charges,player_0_ultimate_full,player_1_name,player_1_team,player_1_agent,player_1_alive,player_1_health,player_1_armor,player_1_ability_1,player_1_ability_2,player_1_ability_3,player_1_ultimate_charges,player_1_ultimate_full,player_2_name,player_2_team,player_2_agent,player_2_alive,player_2_health,player_2_armor,player_2_ability_1,player_2_ability_2,player_2_ability_3,player_2_ultimate_charges,player_2_ultimate_full,player_3_name,player_3_team,player_3_agent,player_3_alive,player_3_health,player_3_armor,player_3_ability_1,player_3_ability_2,player_3_ability_3,player_3_ultimate_charges,player_3_ultimate_full,player_4_name,player_4_team,player_4_agent,player_4_alive,player_4_health,player_4_armor,player_4_ability_1,player_4_ability_2,player_4_ability_3,player_4_ultimate_charges,player_4_ultimate_full,player_5_name,player_5_team,player_5_agent,player_5_alive,player_5_health,player_5_armor,player_5_ability_1,player_5_ability_2,player_5_ability_3,player_5_ultimate_charges,player_5_ultimate_full,player_6_name,player_6_team,player_6_agent,player_6_alive,player_6_health,player_6_armor,player_6_ability_1,player_6_ability_2,player_6_ability_3,player_6_ultimate_charges,player_6_ultimate_full,player_7_name,player_7_team,player_7_agent,player_7_alive,player_7_health,player_7_armor,player_7_ability_1,player_7_ability_2,player_7_ability_3,player_7_ultimate_charges,player_7_ultimate_full,player_8_name,player_8_team,player_8_agent,player_8_alive,player_8_health,player_8_armor,player_8_ability_1,player_8_ability_2,player_8_ability_3,player_8_ultimate_charges,player_8_ultimate_full,player_9_name,player_9_team,player_9_agent,player_9_alive,player_9_health,player_9_armor,player_9_ability_1,player_9_ability_2,player_9_ability_3,player_9_ultimate_charges,player_9_ultimate_full
1.401,7,PREROUND,1,0,0,,,,MiniBoo,Team Heretics,raze,True,,,0,1,1,0,False,RieNs,Team Heretics,fade,True,,,1,0,1,0,False,Boo,Team Heretics,omen,True,,,0,1,2,0,False,benjyfishy,Team Heretics,deadlock,True,,,1,0,1,0,False,Wo0t,Team Heretics,chamber,True,,,0,6,1,0,False,grubinho,GIANTX,omen,True,,,0,1,2,0,False,ara,GIANTX,raze,True,,,0,0,1,0,False,Cloud,GIANTX,fade,True,,,1,0,1,0,False,Flickless,GIANTX,viper,True,,,0,0,0,0,False,westside,GIANTX,cypher,True,,,0,1,0,0,False
1.635,8,PREROUND,1,0,0,,,,MiniBoo,Team Heretics,raze,True,,,0,1,1,0,False,RieNs,Team Heretics,fade,True,,,1,0,1,0,False,Boo,Team Heretics,omen,True,,,0,1,2,0,False,benjyfishy,Team Heretics,deadlock,True,,,1,0,1,0,False,Wo0t,Team Heretics,chamber,True,,,0,6,1,0,False,grubinho,GIANTX,omen,True,,,0,1,2,0,False,ara,GIANTX,raze,True,,,0,0,1,0,False,Cloud,GIANTX,fade,True,,,1,0,1,0,False,Flickless,GIANTX,viper,True,,,0,0,0,0,False,westside,GIANTX,cypher,True,,,0,1,0,0,False
1.869,9,PREROUND,1,0,0,,,,MiniBoo,Team Heretics,raze,True,,,0,1,1,0,False,RieNs,Team Heretics,fade,True,,,1,0,1,0,False,Boo,Team Heretics,omen,True,,,0,1,2,0,False,benjyfishy,Team Heretics,deadlock,True,,,1,0,1,0,False,Wo0t,Team Heretics,chamber,True,,,0,6,1,0,False,grubinho,GIANTX,omen,True,,,0,1,2,0,False,ara,GIANTX,raze,True,,,0,0,1,0,False,Cloud,GIANTX,fade,True,,,1,0,1,0,False,Flickless,GIANTX,viper,True,,,0,0,0,0,False,westside,GIANTX,cypher,True,,,0,1,0,0,False
2.102,10,PREROUND,1,0,0,,,,MiniBoo,Team Heretics,raze,True,,,0,1,1,0,False,RieNs,Team Heretics,fade,True,,,1,0,1,0,False,Boo,Team Heretics,omen,True,,,0,1,2,0,False,benjyfishy,Team Heretics,deadlock,True,,,1,0,1,0,False,Wo0t,Team Heretics,chamber,True,,,0,6,1,0,False,grubinho,GIANTX,omen,True,,,0,1,2,0,False,ara,GIANTX,raze,True,,,0,0,1,0,False,Cloud,GIANTX,fade,True,,,1,0,1,0,False,Flickless,GIANTX,viper,True,,,0,0,0,0,False,westside,GIANTX,cypher,True,,,0,1,0,0,False
2.336,11,PREROUND,1,0,0,,,,MiniBoo,Team Heretics,raze,True,,,0,1,1,0,False,RieNs,Team Heretics,fade,True,,,1,0,1,0,False,Boo,Team Heretics,omen,True,,,0,1,2,0,False,benjyfishy,Team Heretics,deadlock,True,,,1,0,1,0,False,Wo0t,Team Heretics,chamber,True,,,0,6,1,0,False,grubinho,GIANTX,omen,True,,,0,1,2,0,False,ara,GIANTX,raze,True,,,0,0,1,0,False,Cloud,GIANTX,fade,True,,,1,0,1,0,False,Flickless,GIANTX,viper,True,,,0,0,0,0,False,westside,GIANTX,cypher,True,,,0,1,0,0,False
2.569,12,PREROUND,1,0,0,,,,MiniBoo,Team Heretics,raze,True,,,0,1,1,0,False,RieNs,Team Heretics,fade,True,,,1,0,1,0,False,Boo,Team Heretics,omen,True,,,0,1,2,0,False,benjyfishy,Team Heretics,deadlock,True,,,1,0,1,0,False,Wo0t,Team Heretics,chamber,True,,,0,6,1,0,False,grubinho,GIANTX,omen,True,,,0,1,2,0,False,ara,GIANTX,raze,True,,,0,0,1,0,False,Cloud,GIANTX,fade,True,,,1,0,1,0,False,Flickless,GIANTX,viper,True,,,0,0,0,0,False,westside,GIANTX,cypher,True,,,0,1,0,0,False
2.803,13,PREROUND,1,0,0,,,,MiniBoo,Team Heretics,raze,True,,,0,1,1,0,False,RieNs,Team Heretics,fade,True,,,1,0,1,0,False,Boo,Team Heretics,omen,True,,,0,1,2,0,False,benjyfishy,Team Heretics,deadlock,True,,,1,0,1,0,False,Wo0t,Team Heretics,chamber,True,,,0,6,1,0,False,grubinho,GIANTX,omen,True,,,0,1,2,0,False,ara,GIANTX,raze,True,,,0,0,1,0,False,Cloud,GIANTX,fade,True,,,1,0,1,0,False,Flickless,GIANTX,viper,True,,,0,0,0,0,False,westside,GIANTX,cypher,True,,,0,1,0,0,False
3.036,14,PREROUND,1,0,0,,,,MiniBoo,Team Heretics,raze,True,,,0,1,1,0,False,RieNs,Team Heretics,fade,True,,,1,0,1,0,False,Boo,Team Heretics,omen,True,,,0,1,2,0,False,benjyfishy,Team Heretics,deadlock,True,,,1,0,1,0,False,Wo0t,Team Heretics,chamber,True,,,0,6,1,0,False,grubinho,GIANTX,omen,True,,,0,1,2,0,False,ara,GIANTX,raze,True,,,0,0,1,0,False,Cloud,GIANTX,fade,True,,,1,0,1,0,False,Flickless,GIANTX,viper,True,,,0,0,0,0,False,westside,GIANTX,cypher,True,,,0,1,0,0,False
3.270,15,PREROUND,1,0,0,,,,MiniBoo,Team Heretics,raze,True,,,0,1,1,0,False,RieNs,Team Heretics,fade,True,,,1,0,1,0,False,Boo,Team Heretics,omen,True,,,0,1,2,0,False,benjyfishy,Team Heretics,deadlock,True,,,1,0,1,0,False,Wo0t,Team Heretics,chamber,True,,,0,6,1,0,False,grubinho,GIANTX,omen,True,,,0,1,2,0,False,ara,GIANTX,raze,True,,,0,0,1,0,False,Cloud,GIANTX,fade,True,,,1,0,1,0,False,Flickless,GIANTX,viper,True,,,0,0,0,0,False,westside,GIANTX,cypher,True,,,0,1,0,0,False
3.504,16,PREROUND,1,0,0,,,,MiniBoo,Team Heretics,raze,True,,,0,1,1,0,False,RieNs,Team Heretics,fade,True,,,1,0,1,0,False,Boo,Team Heretics,omen,True,,,0,1,2,0,False,benjyfishy,Team Heretics,deadlock,True,,,1,0,1,0,False,Wo0t,Team Heretics,chamber,True,,,0,6,1,0,False,grubinho,GIANTX,omen,True,,,0,1,2,0,False,ara,GIANTX,raze,True,,,0,0,1,0,False,Cloud,GIANTX,fade,True,,,1,0,1,0,False,Flickless,GIANTX,viper,True,,,0,0,0,0,False,westside,GIANTX,cypher,True,,,0,1,0,0,False
3.737,17,PREROUND,1,0,0,,,,MiniBoo,Team Heretics,raze,True,,,0,1,1,0,False,RieNs,Team Heretics,fade,True,,,1,0,1,0,False,Boo,Team Heretics,omen,True,,,0,1,2,0,False,benjyfishy,Team Heretics,deadlock,True,,,1,0,1,0,False,Wo0t,Team Heretics,chamber,True,,,0,6,1,0,False,grubinho,GIANTX,omen,True,,,0,1,2,0,False,ara,GIANTX,raze,True,,,0,0,1,0,False,Cloud,GIANTX,fade,True,,,1,0,1,0,False,Flickless,GIANTX,viper,True,,,0,0,0,0,False,westside,GIANTX,cypher,True,,,0,1,0,0,False
3.971,18,PREROUND,1,0,0,,,,MiniBoo,Team Heretics,raze,True,,,0,1,1,0,False,RieNs,Team Heretics,fade,True,,,1,0,1,0,False,Boo,Team Heretics,omen,True,,,0,1,2,0,False,benjyfishy,Team Heretics,deadlock,True,,,1,0,1,0,False,Wo0t,Team Heretics,chamber,True,,,0,6,1,0,False,grubinho,GIANTX,omen,True,,,0,1,2,0,False,ara,GIANTX,raze,True,,,0,0,1,0,False,Cloud,GIANTX,fade,True,,,1,0,1,0,False,Flickless,GIANTX,viper,True,,,0,0,0,0,False,westside,GIANTX,cypher,True,,,0,1,0,0,False
4.204,19,PREROUND,1,0,0,,,,MiniBoo,Team Heretics,raze,True,,,0,1,1,0,False,RieNs,Team Heretics,fade,True,,,1,0,1,0,False,Boo,Team Heretics,omen,True,,,0,1,2,0,False,benjyfishy,Team Heretics,deadlock,True,,,1,0,1,0,False,Wo0t,Team Heretics,chamber,True,,,0,6,1,0,False,grubinho,GIANTX,omen,True,,,0,1,2,0,False,ara,GIANTX,raze,True,,,0,0,1,0,False,Cloud,GIANTX,fade,True,,,1,0,1,0,False,Flickless,GIANTX,viper,True,,,0,0,0,0,False,westside,GIANTX,cypher,True,,,0,1,0,0,False
4.438,20,PREROUND,1,0,0,,,,MiniBoo,Team Heretics,raze,True,,,0,1,1,0,False,RieNs,Team Heretics,fade,True,,,1,0,1,0,False,Boo,Team Heretics,omen,True,,,0,1,2,0,False,benjyfishy,Team Heretics,deadlock,True,,,1,0,1,0,False,Wo0t,Team Heretics,chamber,True,,,0,6,1,0,False,grubinho,GIANTX,omen,True,,,0,1,2,0,False,ara,GIANTX,raze,True,,,0,0,1,0,False,Cloud,GIANTX,fade,True,,,1,0,1,0,False,Flickless,GIANTX,viper,True,,,0,0,0,0,False,westside,GIANTX,cypher,True,,,0,1,0,0,False
4.671,21,PREROUND,1,0,0,,,,MiniBoo,Team Heretics,raze,True,,,0,1,1,0,False,RieNs,Team Heretics,fade,True,,,1,0,1,0,False,Boo,Team Heretics,omen,True,,,0,1,2,0,False,benjyfishy,Team Heretics,deadlock,True,,,1,0,1,0,False,Wo0t,Team Heretics,chamber,True,,,0,6,1,0,False,grubinho,GIANTX,omen,True,,,0,1,2,0,False,ara,GIANTX,raze,True,,,0,0,1,0,False,Cloud,GIANTX,fade,True,,,1,0,1,0,False,Flickless,GIANTX,viper,True,,,0,0,0,0,False,westside,GIANTX,cypher,True,,,0,1,0,0,False
4.905,22,PREROUND,1,0,0,,,,MiniBoo,Team Heretics,raze,True,,,0,1,1,0,False,RieNs,Team Heretics,fade,True,,,1,0,1,0,False,Boo,Team Heretics,omen,True,,,0,1,2,0,False,benjyfishy,Team Heretics,deadlock,True,,,1,0,1,0,False,Wo0t,Team Heretics,chamber,True,,,1,6,1,0,False,grubinho,GIANTX,omen,True,,,0,1,2,0,False,ara,GIANTX,raze,True,,,0,0,1,0,False,Cloud,GIANTX,fade,True,,,1,0,1,0,False,Flickless,GIANTX,viper,True,,,0,0,0,0,False,westside,GIANTX,cypher,True,,,0,1,0,0,False
5.138,23,PREROUND,1,0,0,,,,MiniBoo,Team Heretics,raze,True,,,0,1,1,0,False,RieNs,Team Heretics,fade,True,,,1,0,1,0,False,Boo,Team Heretics,omen,True,,,0,1,2,0,False,benjyfishy,Team Heretics,deadlock,True,,,1,0,1,0,False,Wo0t,Team Heretics,chamber,True,,,1,6,1,0,False,grubinho,GIANTX,omen,True,,,0,1,2,0,False,ara,GIANTX,raze,True,,,0,0,1,0,False,Cloud,GIANTX,fade,True,,,1,0,1,0,False,Flickless,GIANTX,viper,True,,,0,0,0,0,False,westside,GIANTX,cypher,True,,,0,1,0,0,False
5.372,24,PREROUND,1,0,0,,,,MiniBoo,Team Heretics,raze,True,,,0,1,1,0,False,RieNs,Team Heretics,fade,True,,,1,0,1,0,False,Boo,Team Heretics,omen,True,,,0,1,2,0,False,benjyfishy,Team Heretics,deadlock,True,,,1,0,1,0,False,Wo0t,Team Heretics,chamber,True,,,1,6,1,0,False,grubinho,GIANTX,omen,True,,,0,1,2,0,False,ara,GIANTX,raze,True,,,0,0,1,0,False,Cloud,GIANTX,fade,True,,,1,0,1,0,False,Flickless,GIANTX,viper,True,,,0,0,0,0,False,westside,GIANTX,cypher,True,,,0,1,0,0,False
5.606,25,PREROUND,1,0,0,,,,MiniBoo,Team Heretics,raze,True,,,0,1,1,0,False,RieNs,Team Heretics,fade,True,,,1,0,1,0,False,Boo,Team Heretics,omen,True,,,0,1,2,0,False,benjyfishy,Team Heretics,deadlock,True,,,1,0,1,0,False,Wo0t,Team Heretics,chamber,True,,,1,6,1,0,False,grubinho,GIANTX,omen,True,,,0,1,2,0,False,ara,GIANTX,raze,True,,,0,0,1,0,False,Cloud,GIANTX,fade,True,,,1,0,1,0,False,Flickless,GIANTX,viper,True,,,0,0,0,0,False,westside,GIANTX,cypher,True,,,0,1,0,0,False
5.839,26,PREROUND,1,0,0,,,,MiniBoo,Team Heretics,raze,True,,,0,1,1,0,False,RieNs,Team Heretics,fade,True,,,1,0,1,0,False,Boo,Team Heretics,omen,True,,,0,1,2,0,False,benjyfishy,Team Heretics,deadlock,True,,,1,0,1,0,False,Wo0t,Team Heretics,chamber,True,,,1,6,1,0,False,grubinho,GIANTX,omen,True,,,0,1,2,0,False,ara,GIANTX,raze,True,,,0,0,1,0,False,Cloud,GIANTX,fade,True,,,1,0,1,0,False,Flickless,GIANTX,viper,True,,,0,0,0,0,False,westside,GIANTX,cypher,True,,,0,1,0,0,False
6.073,27,PREROUND,1,0,0,,,,MiniBoo,Team Heretics,raze,True,,,0,1,1,0,False,RieNs,Team Heretics,fade,True,,,1,0,1,0,False,Boo,Team Heretics,omen,True,,,0,1,2,0,False,benjyfishy,Team Heretics,deadlock,True,,,1,0,1,0,False,Wo0t,Team Heretics,chamber,True,,,1,6,1,0,False,grubinho,GIANTX,omen,True,,,0,1,2,0,False,ara,GIANTX,raze,True,,,0,0,1,0,False,Cloud,GIANTX,fade,True,,,1,0,1,0,False,Flickless,GIANTX,viper,True,,,0,0,0,0,False,westside,GIANTX,cypher,True,,,0,1,0,0,False
6.306,28,PREROUND,1,0,0,,,,MiniBoo,Team Heretics,raze,True,,,0,1,1,0,False,RieNs,Team Heretics,fade,True,,,1,0,1,0,False,Boo,Team Heretics,omen,True,,,0,1,2,0,False,benjyfishy,Team Heretics,deadlock,True,,,1,0,1,0,False,Wo0t,Team Heretics,chamber,True,,,1,6,1,0,False,grubinho,GIANTX,omen,True,,,0,1,2,0,False,ara,GIANTX,raze,True,,,0,0,1,0,False,Cloud,GIANTX,fade,True,,,1,0,1,0,False,Flickless,GIANTX,viper,True,,,0,0,0,0,False,westside,GIANTX,cypher,True,,,0,1,0,0,False
6.540,29,PREROUND,1,0,0,,,,MiniBoo,Team Heretics,raze,True,,,0,1,1,0,False,RieNs,Team Heretics,fade,True,,,1,0,1,0,False,Boo,Team Heretics,omen,True,,,0,1,2,0,False,benjyfishy,Team Heretics,deadlock,True,,,1,0,1,0,False,Wo0t,Team Heretics,chamber,True,,,1,6,1,0,False,grubinho,GIANTX,omen,True,,,0,1,2,0,False,ara,GIANTX,raze,True,,,0,0,1,0,False,Cloud,GIANTX,fade,True,,,1,0,1,0,False,Flickless,GIANTX,viper,True,,,0,0,0,0,False,westside,GIANTX,cypher,True,,,0,1,0,0,False
6.773,30,PREROUND,1,0,0,,,,MiniBoo,Team Heretics,raze,True,,,0,1,1,0,False,RieNs,Team Heretics,fade,True,,,1,0,1,0,False,Boo,Team Heretics,omen,True,,,0,1,2,0,False,benjyfishy,Team Heretics,deadlock,True,,,1,0,1,0,False,Wo0t,Team Heretics,chamber,True,,,1,6,1,0,False,grubinho,GIANTX,omen,True,,,0,1,2,0,False,ara,GIANTX,raze,True,,,0,0,1,0,False,Cloud,GIANTX,fade,True,,,1,0,1,0,False,Flickless,GIANTX,viper,True,,,0,0,0,0,False,westside,GIANTX,cypher,True,,,0,1,0,0,False
7.007,31,PREROUND,1,0,0,,,,MiniBoo,Team Heretics,raze,True,,,0,1,1,0,False,RieNs,Team Heretics,fade,True,,,1,0,1,0,False,Boo,Team Heretics,omen,True,,,0,1,2,0,False,benjyfishy,Team Heretics,deadlock,True,,,1,0,1,0,False,Wo0t,Team Heretics,chamber,True,,,0,6,1,0,False,grubinho,GIANTX,omen,True,,,0,1,2,0,False,ara,GIANTX,raze,True,,,0,0,1,0,False,Cloud,GIANTX,fade,True,,,1,0,1,0,False,Flickless,GIANTX,viper,True,,,0,0,0,0,False,westside,GIANTX,cypher,True,,,0,1,0,0,False
7.241,32,PREROUND,1,0,0,,,,MiniBoo,Team Heretics,raze,True,,,0,1,1,0,False,RieNs,Team Heretics,fade,True,,,1,0,1,0,False,Boo,Team Heretics,omen,True,,,0,1,2,0,False,benjyfishy,Team Heretics,deadlock,True,,,1,0,1,0,False,Wo0t,Team Heretics,chamber,True,,,0,6,1,0,False,grubinho,GIANTX,omen,True,,,0,1,2,0,False,ara,GIANTX,raze,True,,,0,0,1,0,False,Cloud,GIANTX,fade,True,,,1,0,1,0,False,Flickless,GIANTX,viper,True,,,0,0,0,0,False,westside,GIANTX,cypher,True,,,0,1,0,0,False
7.474,33,PREROUND,1,0,0,,,,MiniBoo,Team Heretics,raze,True,,,0,1,1,0,False,RieNs,Team Heretics,fade,True,,,1,0,1,0,False,Boo,Team Heretics,omen,True,,,0,1,2,0,False,benjyfishy,Team Heretics,deadlock,True,,,1,0,1,0,False,Wo0t,Team Heretics,chamber,True,,,0,6,1,0,False,grubinho,GIANTX,omen,True,,,0,1,2,0,False,ara,GIANTX,raze,True,,,0,0,1,0,False,Cloud,GIANTX,fade,True,,,1,0,1,0,False,Flickless,GIANTX,viper,True,,,0,0,0,0,False,westside,GIANTX,cypher,True,,,0,1,0,0,False
7.708,34,PREROUND,1,0,0,,,,MiniBoo,Team Heretics,raze,True,,,0,1,1,0,False,RieNs,Team Heretics,fade,True,,,1,0,1,0,False,Boo,Team Heretics,omen,True,,,0,1,2,0,False,benjyfishy,Team Heretics,deadlock,True,,,1,0,1,0,False,Wo0t,Team Heretics,chamber,True,,,0,6,1,0,False,grubinho,GIANTX,omen,True,,,0,1,2,0,False,ara,GIANTX,raze,True,,,0,0,1,0,False,Cloud,GIANTX,fade,True,,,1,0,1,0,False,Flickless,GIANTX,viper,True,,,0,0,0,0,False,westside,GIANTX,cypher,True,,,0,1,0,0,False
7.941,35,PREROUND,1,0,0,,,,MiniBoo,Team Heretics,raze,True,,,0,1,1,0,False,RieNs,Team Heretics,fade,True,,,1,0,1,0,False,Boo,Team Heretics,omen,True,,,0,1,2,0,False,benjyfishy,Team Heretics,deadlock,True,,,1,0,1,0,False,Wo0t,Team Heretics,chamber,True,,,0,6,1,0,False,grubinho,GIANTX,omen,True,,,0,1,2,0,False,ara,GIANTX,raze,True,,,0,0,1,0,False,Cloud,GIANTX,fade,True,,,1,0,1,0,False,Flickless,GIANTX,viper,True,,,0,0,0,0,False,westside,GIANTX,cypher,True,,,0,1,0,0,False
8.175,36,PREROUND,1,0,0,,,,MiniBoo,Team Heretics,raze,True,,,0,1,1,0,False,RieNs,Team Heretics,fade,True,,,1,0,1,0,False,Boo,Team Heretics,omen,True,,,0,1,2,0,False,benjyfishy,Team Heretics,deadlock,True,,,1,0,1,0,False,Wo0t,Team Heretics,chamber,True,,,0,6,1,0,False,grubinho,GIANTX,omen,True,,,0,1,2,0,False,ara,GIANTX,raze,True,,,0,0,1,0,False,Cloud,GIANTX,fade,True,,,1,0,1,0,False,Flickless,GIANTX,viper,True,,,0,0,0,0,False,westside,GIANTX,cypher,True,,,0,1,0,0,False
8.408,37,PREROUND,1,0,0,,,,MiniBoo,Team Heretics,raze,True,,,0,1,1,0,False,RieNs,Team Heretics,fade,True,,,1,0,1,0,False,Boo,Team Heretics,omen,True,,,0,1,2,0,False,benjyfishy,Team Heretics,deadlock,True,,,1,0,1,0,False,Wo0t,Team Heretics,chamber,True,,,0,6,1,0,False,grubinho,GIANTX,omen,True,,,0,1,2,0,False,ara,GIANTX,raze,True,,,0,0,1,0,False,Cloud,GIANTX,fade,True,,,1,0,1,0,False,Flickless,GIANTX,viper,True,,,0,0,0,0,False,westside,GIANTX,cypher,True,,,0,1,0,0,False
8.642,38,PREROUND,1,0,0,,,,MiniBoo,Team Heretics,raze,True,,,0,1,1,0,False,RieNs,Team Heretics,fade,True,,,1,0,1,0,False,Boo,Team Heretics,omen,True,,,0,1,2,0,False,benjyfishy,Team Heretics,deadlock,True,,,1,0,1,0,False,Wo0t,Team Heretics,chamber,True,,,0,6,1,0,False,grubinho,GIANTX,omen,True,,,0,1,2,0,False,ara,GIANTX,raze,True,,,0,0,1,0,False,Cloud,GIANTX,fade,True,,,1,0,1,0,False,Flickless,GIANTX,viper,True,,,0,0,0,0,False,westside,GIANTX,cypher,True,,,0,1,0,0,False
8.876,39,PREROUND,1,0,0,,,,MiniBoo,Team Heretics,raze,True,,,0,1,1,0,False,RieNs,Team Heretics,fade,True,,,1,0,1,0,False,Boo,Team Heretics,omen,True,,,0,1,2,0,False,benjyfishy,Team Heretics,deadlock,True,,,1,0,1,0,False,Wo0t,Team Heretics,chamber,True,,,0,6,1,0,False,grubinho,GIANTX,omen,True,,,0,1,2,0,False,ara,GIANTX,raze,True,,,0,0,1,0,False,Cloud,GIANTX,fade,True,,,1,0,1,0,False,Flickless,GIANTX,viper,True,,,0,0,0,0,False,westside,GIANTX,cypher,True,,,0,1,0,0,False
9.109,40,PREROUND,1,0,0,,,,MiniBoo,Team Heretics,raze,True,,,0,1,1,0,False,RieNs,Team Heretics,fade,True,,,1,0,1,0,False,Boo,Team Heretics,omen,True,,,0,1,2,0,False,benjyfishy,Team Heretics,deadlock,True,,,1,0,1,0,False,Wo0t,Team Heretics,chamber,True,,,0,6,1,0,False,grubinho,GIANTX,omen,True,,,0,1,2,0,False,ara,GIANTX,raze,True,,,0,0,1,0,False,Cloud,GIANTX,fade,True,,,1,0,1,0,False,Flickless,GIANTX,viper,True,,,0,0,0,0,False,westside,GIANTX,cypher,True,,,0,1,0,0,False
9.343,41,PREROUND,1,0,0,,,,MiniBoo,Team Heretics,raze,True,,,0,1,1,0,False,RieNs,Team Heretics,fade,True,,,1,0,1,0,False,Boo,Team Heretics,omen,True,,,0,1,2,0,False,benjyfishy,Team Heretics,deadlock,True,,,1,0,1,0,False,Wo0t,Team Heretics,chamber,True,,,0,6,1,0,False,grubinho,GIANTX,omen,True,,,0,1,2,0,False,ara,GIANTX,raze,True,,,0,0,1,0,False,Cloud,GIANTX,fade,True,,,1,0,1,0,False,Flickless,GIANTX,viper,True,,,0,0,0,0,False,westside,GIANTX,cypher,True,,,0,1,0,0,False
9.576,42,PREROUND,1,0,0,,,,MiniBoo,Team Heretics,raze,True,,,0,1,1,0,False,RieNs,Team Heretics,fade,True,,,1,0,1,0,False,Boo,Team Heretics,omen,True,,,0,1,2,0,False,benjyfishy,Team Heretics,deadlock,True,,,1,0,1,0,False,Wo0t,Team Heretics,chamber,True,,,0,6,1,0,False,grubinho,GIANTX,omen,True,,,0,1,2,0,False,ara,GIANTX,raze,True,,,0,0,1,0,False,Cloud,GIANTX,fade,True,,,1,0,1,0,False,Flickless,GIANTX,viper,True,,,0,0,0,0,False,westside,GIANTX,cypher,True,,,0,1,0,0,False
9.810,43,PREROUND,1,0,0,,,,MiniBoo,Team Heretics,raze,True,,,0,1,1,0,False,RieNs,Team Heretics,fade,True,,,1,0,1,0,False,Boo,Team Heretics,omen,True,,,0,1,2,0,False,benjyfishy,Team Heretics,deadlock,True,,,1,0,1,0,False,Wo0t,Team Heretics,chamber,True,,,0,6,1,0,False,grubinho,GIANTX,omen,True,,,0,1,2,0,False,ara,GIANTX,raze,True,,,0,0,1,0,False,Cloud,GIANTX,fade,True,,,1,0,1,0,False,Flickless,GIANTX,viper,True,,,0,0,0,0,False,westside,GIANTX,cypher,True,,,0,1,0,0,False
10.043,44,PREROUND,1,0,0,,,,MiniBoo,Team Heretics,raze,True,,,0,1,1,0,False,RieNs,Team Heretics,fade,True,,,1,0,1,0,False,Boo,Team Heretics,omen,True,,,0,1,2,0,False,benjyfishy,Team Heretics,deadlock,True,,,1,0,1,0,False,Wo0t,Team Heretics,chamber,True,,,0,6,1,0,False,grubinho,GIANTX,omen,True,,,0,1,2,0,False,ara,GIANTX,raze,True,,,0,0,1,0,False,Cloud,GIANTX,fade,True,,,1,0,1,0,False,Flickless,GIANTX,viper,True,,,0,0,0,0,False,westside,GIANTX,cypher,True,,,0,1,0,0,False
10.277,45,PREROUND,1,0,0,,,,MiniBoo,Team Heretics,raze,True,,,0,1,1,0,False,RieNs,Team Heretics,fade,True,,,1,0,1,0,False,Boo,Team Heretics,omen,True,,,0,1,2,0,False,benjyfishy,Team Heretics,deadlock,True,,,1,0,1,0,False,Wo0t,Team Heretics,chamber,True,,,0,6,1,0,False,grubinho,GIANTX,omen,True,,,0,1,2,0,False,ara,GIANTX,raze,True,,,0,0,1,0,False,Cloud,GIANTX,fade,True,,,1,0,1,0,False,Flickless,GIANTX,viper,True,,,0,0,0,0,False,westside,GIANTX,cypher,True,,,0,1,0,0,False
10.511,46,PREROUND,1,0,0,,,,MiniBoo,Team Heretics,raze,True,,,0,1,1,0,False,RieNs,Team Heretics,fade,True,,,1,0,1,0,False,Boo,Team Heretics,omen,True,,,0,1,2,0,False,benjyfishy,Team Heretics,deadlock,True,,,1,0,1,0,False,Wo0t,Team Heretics,chamber,True,,,0,6,1,0,False,grubinho,GIANTX,omen,True,,,0,1,2,0,False,ara,GIANTX,raze,True,,,0,0,1,0,False,Cloud,GIANTX,fade,True,,,1,0,1,0,False,Flickless,GIANTX,viper,True,,,0,0,0,0,False,westside,GIANTX,cypher,True,,,0,1,0,0,False
10.744,47,PREROUND,1,0,0,,,,MiniBoo,Team Heretics,raze,True,,,0,1,1,0,False,RieNs,Team Heretics,fade,True,,,1,0,1,0,False,Boo,Team Heretics,omen,True,,,0,1,2,0,False,benjyfishy,Team Heretics,deadlock,True,,,1,0,1,0,False,Wo0t,Team Heretics,chamber,True,,,0,6,1,0,False,grubinho,GIANTX,omen,True,,,0,1,2,0,False,ara,GIANTX,raze,True,,,0,0,1,0,False,Cloud,GIANTX,fade,True,,,1,0,1,0,False,Flickless,GIANTX,viper,True,,,0,0,0,0,False,westside,GIANTX,cypher,True,,,0,1,0,0,False
10.978,48,PREROUND,1,0,0,,,,MiniBoo,Team Heretics,raze,True,,,0,1,1,0,False,RieNs,Team Heretics,fade,True,,,1,0,1,0,False,Boo,Team Heretics,omen,True,,,0,1,2,0,False,benjyfishy,Team Heretics,deadlock,True,,,1,0,1,0,False,Wo0t,Team Heretics,chamber,True,,,0,6,1,0,False,grubinho,GIANTX,omen,True,,,0,1,2,0,False,ara,GIANTX,raze,True,,,0,0,1,0,False,Cloud,GIANTX,fade,True,,,1,0,1,0,False,Flickless,GIANTX,viper,True,,,0,0,0,0,False,westside,GIANTX,cypher,True,,,0,1,0,0,False
11.211,49,PREROUND,1,0,0,,,,MiniBoo,Team Heretics,raze,True,,,0,1,1,0,False,RieNs,Team Heretics,fade,True,,,1,0,1,0,False,Boo,Team Heretics,omen,True,,,0,1,2,0,False,benjyfishy,Team Heretics,deadlock,True,,,1,0,1,0,False,Wo0t,Team Heretics,chamber,True,,,0,6,1,0,False,grubinho,GIANTX,omen,True,,,0,1,2,0,False,ara,GIANTX,raze,True,,,0,0,1,0,False,Cloud,GIANTX,fade,True,,,1,0,1,0,False,Flickless,GIANTX,viper,True,,,0,0,0,0,False,westside,GIANTX,cypher,True,,,0,1,0,0,False
11.445,50,PREROUND,1,0,0,,,,MiniBoo,Team Heretics,raze,True,,,0,1,1,0,False,RieNs,Team Heretics,fade,True,,,1,0,1,0,False,Boo,Team Heretics,omen,True,,,0,1,2,0,False,benjyfishy,Team Heretics,deadlock,True,,,1,0,1,0,False,Wo0t,Team Heretics,chamber,True,,,0,6,1,0,False,grubinho,GIANTX,omen,True,,,0,1,2,0,False,ara,GIANTX,raze,True,,,0,0,1,0,False,Cloud,GIANTX,fade,True,,,1,0,1,0,False,Flickless,GIANTX,viper,True,,,0,0,0,0,False,westside,GIANTX,cypher,True,,,0,1,0,0,False
11.678,51,PREROUND,1,0,0,,,,MiniBoo,Team Heretics,raze,True,,,0,1,1,0,False,RieNs,Team Heretics,fade,True,,,1,0,1,0,False,Boo,Team Heretics,omen,True,,,0,1,2,0,False,benjyfishy,Team Heretics,deadlock,True,,,1,0,1,0,False,Wo0t,Team Heretics,chamber,True,,,0,6,1,0,False,grubinho,GIANTX,omen,True,,,0,1,2,0,False,ara,GIANTX,raze,True,,,0,0,1,0,False,Cloud,GIANTX,fade,True,,,1,0,1,0,False,Flickless,GIANTX,viper,True,,,0,0,0,0,False,westside,GIANTX,cypher,True,,,0,1,0,0,False
11.912,52,PREROUND,1,0,0,,,,MiniBoo,Team Heretics,raze,True,,,0,1,1,0,False,RieNs,Team Heretics,fade,True,,,1,0,1,0,False,Boo,Team Heretics,omen,True,,,0,1,2,0,False,benjyfishy,Team Heretics,deadlock,True,,,1,0,1,0,False,Wo0t,Team Heretics,chamber,True,,,0,6,1,0,False,grubinho,GIANTX,omen,True,,,0,1,2,0,False,ara,GIANTX,raze,True,,,0,0,1,0,False,Cloud,GIANTX,fade,True,,,1,0,1,0,False,Flickless,GIANTX,viper,True,,,0,0,0,0,False,westside,GIANTX,cypher,True,,,0,1,0,0,False
12.145,53,PREROUND,1,0,0,,,,MiniBoo,Team Heretics,raze,True,,,0,1,1,0,False,RieNs,Team Heretics,fade,True,,,1,0,1,0,False,Boo,Team Heretics,omen,True,,,0,1,2,0,False,benjyfishy,Team Heretics,deadlock,True,,,1,0,1,0,False,Wo0t,Team Heretics,chamber,True,,,0,6,1,0,False,grubinho,GIANTX,omen,True,,,0,1,2,0,False,ara,GIANTX,raze,True,,,0,0,1,0,False,Cloud,GIANTX,fade,True,,,1,0,1,0,False,Flickless,GIANTX,viper,True,,,0,0,0,0,False,westside,GIANTX,cypher,True,,,0,1,0,0,False
12.379,54,PREROUND,1,0,0,,,,MiniBoo,Team Heretics,raze,True,,,0,1,1,0,False,RieNs,Team Heretics,fade,True,,,1,0,1,0,False,Boo,Team Heretics,omen,True,,,0,1,2,0,False,benjyfishy,Team Heretics,deadlock,True,,,1,0,1,0,False,Wo0t,Team Heretics,chamber,True,,,0,6,1,0,False,grubinho,GIANTX,omen,True,,,0,1,2,0,False,ara,GIANTX,raze,True,,,0,0,1,0,False,Cloud,GIANTX,fade,True,,,1,0,1,0,False,Flickless,GIANTX,viper,True,,,0,0,0,0,False,westside,GIANTX,cypher,True,,,0,1,0,0,False
12.613,55,PREROUND,1,0,0,,,,MiniBoo,Team Heretics,raze,True,,,0,1,1,0,False,RieNs,Team Heretics,fade,True,,,1,0,1,0,False,Boo,Team Heretics,omen,True,,,0,1,2,0,False,benjyfishy,Team Heretics,deadlock,True,,,1,0,1,0,False,Wo0t,Team Heretics,chamber,True,,,0,6,1,0,False,grubinho,GIANTX,omen,True,,,0,1,2,0,False,ara,GIANTX,raze,True,,,0,0,1,0,False,Cloud,GIANTX,fade,True,,,1,0,1,0,False,Flickless,GIANTX,viper,True,,,0,0,0,0,False,westside,GIANTX,cypher,True,,,0,1,0,0,False
12.846,56,PREROUND,1,0,0,,,,MiniBoo,Team Heretics,raze,True,,,0,1,1,0,False,RieNs,Team Heretics,fade,True,,,1,0,1,0,False,Boo,Team Heretics,omen,True,,,0,1,2,0,False,benjyfishy,Team Heretics,deadlock,True,,,1,0,1,0,False,Wo0t,Team Heretics,chamber,True,,,0,6,1,0,False,grubinho,GIANTX,omen,True,,,0,1,2,0,False,ara,GIANTX,raze,True,,,0,0,1,0,False,Cloud,GIANTX,fade,True,,,1,0,1,0,False,Flickless,GIANTX,viper,True,,,0,0,0,0,False,westside,GIANTX,cypher,True,,,0,1,0,0,False
13.080,57,PREROUND,1,0,0,,,,MiniBoo,Team Heretics,raze,True,,,0,1,1,0,False,RieNs,Team Heretics,fade,True,,,1,0,1,0,False,Boo,Team Heretics,omen,True,,,0,1,2,0,False,benjyfishy,Team Heretics,deadlock,True,,,1,0,1,0,False,Wo0t,Team Heretics,chamber,True,,,0,6,1,0,False,grubinho,GIANTX,omen,True,,,0,1,2,0,False,ara,GIANTX,raze,True,,,0,0,1,0,False,Cloud,GIANTX,fade,True,,,1,0,1,0,False,Flickless,GIANTX,viper,True,,,0,0,0,0,False,westside,GIANTX,cypher,True,,,0,1,0,0,False
13.313,58,PREROUND,1,0,0,,,,MiniBoo,Team Heretics,raze,True,,,0,1,1,0,False,RieNs,Team Heretics,fade,True,,,1,0,1,0,False,Boo,Team Heretics,omen,True,,,0,1,2,0,False,benjyfishy,Team Heretics,deadlock,True,,,1,0,1,0,False,Wo0t,Team Heretics,chamber,True,,,0,6,1,0,False,grubinho,GIANTX,omen,True,,,0,1,2,0,False,ara,GIANTX,raze,True,,,0,0,1,0,False,Cloud,GIANTX,fade,True,,,1,0,1,0,False,Flickless,GIANTX,viper,True,,,0,0,0,0,False,westside,GIANTX,cypher,True,,,0,1,0,0,False
13.547,59,PREROUND,1,0,0,,,,MiniBoo,Team Heretics,raze,True,,,0,1,1,0,False,RieNs,Team Heretics,fade,True,,,1,0,1,0,False,Boo,Team Heretics,omen,True,,,0,1,2,0,False,benjyfishy,Team Heretics,deadlock,True,,,1,0,1,0,False,Wo0t,Team Heretics,chamber,True,,,0,6,1,0,False,grubinho,GIANTX,omen,True,,,0,1,2,0,False,ara,GIANTX,raze,True,,,0,0,1,0,False,Cloud,GIANTX,fade,True,,,1,0,1,0,False,Flickless,GIANTX,viper,True,,,0,0,0,0,False,westside,GIANTX,cypher,True,,,0,1,0,0,False
13.780,60,PREROUND,1,0,0,,,,MiniBoo,Team Heretics,raze,True,,,0,1,1,0,False,RieNs,Team Heretics,fade,True,,,1,0,1,0,False,Boo,Team Heretics,omen,True,,,0,1,2,0,False,benjyfishy,Team Heretics,deadlock,True,,,1,0,1,0,False,Wo0t,Team Heretics,chamber,True,,,0,6,1,0,False,grubinho,GIANTX,omen,True,,,0,1,2,0,False,ara,GIANTX,raze,True,,,0,0,1,0,False,Cloud,GIANTX,fade,True,,,1,0,1,0,False,Flickless,GIANTX,viper,True,,,0,0,0,0,False,westside,GIANTX,cypher,True,,,0,1,0,0,False
14.014,61,PREROUND,1,0,0,,,,MiniBoo,Team Heretics,raze,True,,,0,1,1,0,False,RieNs,Team Heretics,fade,True,,,1,0,1,0,False,Boo,Team Heretics,omen,True,,,0,1,2,0,False,benjyfishy,Team Heretics,deadlock,True,,,1,0,1,0,False,Wo0t,Team Heretics,chamber,True,,,0,6,1,0,False,grubinho,GIANTX,omen,True,,,0,1,2,0,False,ara,GIANTX,raze,True,,,0,0,1,0,False,Cloud,GIANTX,fade,True,,,1,0,1,0,False,Flickless,GIANTX,viper,True,,,0,0,0,0,False,westside,GIANTX,cypher,True,,,0,1,0,0,False
14.248,62,PREROUND,1,0,0,,,,MiniBoo,Team Heretics,raze,True,,,0,1,1,0,False,RieNs,Team Heretics,fade,True,,,1,0,1,0,False,Boo,Team Heretics,omen,True,,,0,1,2,0,False,benjyfishy,Team Heretics,deadlock,True,,,1,0,1,0,False,Wo0t,Team Heretics,chamber,True,,,0,6,1,0,False,grubinho,GIANTX,omen,True,,,0,1,2,0,False,ara,GIANTX,raze,True,,,0,0,1,0,False,Cloud,GIANTX,fade,True,,,1,0,1,0,False,Flickless,GIANTX,viper,True,,,0,0,0,0,False,westside,GIANTX,cypher,True,,,0,1,0,0,False
14.481,63,PREROUND,1,0,0,,,,MiniBoo,Team Heretics,raze,True,,,0,1,1,0,False,RieNs,Team Heretics,fade,True,,,1,0,1,0,False,Boo,Team Heretics,omen,True,,,0,1,2,0,False,benjyfishy,Team Heretics,deadlock,True,,,1,0,1,0,False,Wo0t,Team Heretics,chamber,True,,,0,6,1,0,False,grubinho,GIANTX,omen,True,,,0,1,2,0,False,ara,GIANTX,raze,True,,,0,0,1,0,False,Cloud,GIANTX,fade,True,,,1,0,1,0,False,Flickless,GIANTX,viper,True,,,0,0,0,0,False,westside,GIANTX,cypher,True,,,0,1,0,0,False
14.715,64,PREROUND,1,0,0,,,,MiniBoo,Team Heretics,raze,True,,,0,1,1,0,False,RieNs,Team Heretics,fade,True,,,1,0,1,0,False,Boo,Team Heretics,omen,True,,,0,1,2,0,False,benjyfishy,Team Heretics,deadlock,True,,,1,0,1,0,False,Wo0t,Team Heretics,chamber,True,,,0,6,1,0,False,grubinho,GIANTX,omen,True,,,0,1,2,0,False,ara,GIANTX,raze,True,,,0,0,1,0,False,Cloud,GIANTX,fade,True,,,1,0,1,0,False,Flickless,GIANTX,viper,True,,,0,0,0,0,False,westside,GIANTX,cypher,True,,,0,1,0,0,False
14.948,65,PREROUND,1,0,0,,,,MiniBoo,Team Heretics,raze,True,,,0,1,1,0,False,RieNs,Team Heretics,fade,True,,,1,0,1,0,False,Boo,Team Heretics,omen,True,,,0,1,2,0,False,benjyfishy,Team Heretics,deadlock,True,,,1,0,1,0,False,Wo0t,Team Heretics,chamber,True,,,0,6,1,0,False,grubinho,GIANTX,omen,True,,,0,1,2,0,False,ara,GIANTX,raze,True,,,0,0,1,0,False,Cloud,GIANTX,fade,True,,,1,0,1,0,False,Flickless,GIANTX,viper,True,,,0,0,0,0,False,westside,GIANTX,cypher,True,,,0,1,0,0,False
15.182,66,PREROUND,1,0,0,,,,MiniBoo,Team Heretics,raze,True,,,0,1,1,0,False,RieNs,Team Heretics,fade,True,,,1,0,1,0,False,Boo,Team Heretics,omen,True,,,0,1,2,0,False,benjyfishy,Team Heretics,deadlock,True,,,1,0,1,0,False,Wo0t,Team Heretics,chamber,True,,,0,6,1,0,False,grubinho,GIANTX,omen,True,,,0,1,2,0,False,ara,GIANTX,raze,True,,,0,0,1,0,False,Cloud,GIANTX,fade,True,,,1,0,1,0,False,Flickless,GIANTX,viper,True,,,0,0,0,0,False,westside,GIANTX,cypher,True,,,0,1,0,0,False
15.415,67,PREROUND,1,0,0,,,,MiniBoo,Team Heretics,raze,True,,,0,1,1,0,False,RieNs,Team Heretics,fade,True,,,1,0,1,0,False,Boo,Team Heretics,omen,True,,,0,1,2,0,False,benjyfishy,Team Heretics,deadlock,True,,,1,0,1,0,False,Wo0t,Team Heretics,chamber,True,,,0,6,1,0,False,grubinho,GIANTX,omen,True,,,0,1,2,0,False,ara,GIANTX,raze,True,,,0,0,1,0,False,Cloud,GIANTX,fade,True,,,1,0,1,0,False,Flickless,GIANTX,viper,True,,,0,0,0,0,False,westside,GIANTX,cypher,True,,,0,1,0,0,False
15.649,68,PREROUND,1,0,0,,,,MiniBoo,Team Heretics,raze,True,,,0,1,1,0,False,RieNs,Team Heretics,fade,True,,,1,0,1,0,False,Boo,Team Heretics,omen,True,,,0,1,2,0,False,benjyfishy,Team Heretics,deadlock,True,,,1,0,1,0,False,Wo0t,Team Heretics,chamber,True,,,0,6,1,0,False,grubinho,GIANTX,omen,True,,,0,1,2,0,False,ara,GIANTX,raze,True,,,0,0,1,0,False,Cloud,GIANTX,fade,True,,,1,0,1,0,False,Flickless,GIANTX,viper,True,,,0,0,0,0,False,westside,GIANTX,cypher,True,,,0,1,0,0,False
15.883,69,PREROUND,1,0,0,,,,MiniBoo,Team Heretics,raze,True,,,0,1,1,0,False,RieNs,Team Heretics,fade,True,,,1,0,1,0,False,Boo,Team Heretics,omen,True,,,0,1,2,0,False,benjyfishy,Team Heretics,deadlock,True,,,1,0,1,0,False,Wo0t,Team Heretics,chamber,True,,,0,6,1,0,False,grubinho,GIANTX,omen,True,,,0,1,2,0,False,ara,GIANTX,raze,True,,,0,0,1,0,False,Cloud,GIANTX,fade,True,,,1,0,1,0,False,Flickless,GIANTX,viper,True,,,0,0,0,0,False,westside,GIANTX,cypher,True,,,0,1,0,0,False
16.116,70,PREROUND,1,0,0,,,,MiniBoo,Team Heretics,raze,True,,,0,1,1,0,False,RieNs,Team Heretics,fade,True,,,1,0,1,0,False,Boo,Team Heretics,omen,True,,,0,1,2,0,False,benjyfishy,Team Heretics,deadlock,True,,,1,0,1,0,False,Wo0t,Team Heretics,chamber,True,,,0,6,1,0,False,grubinho,GIANTX,omen,True,,,0,1,2,0,False,ara,GIANTX,raze,True,,,0,0,1,0,False,Cloud,GIANTX,fade,True,,,1,0,1,0,False,Flickless,GIANTX,viper,True,,,0,0,0,0,False,westside,GIANTX,cypher,True,,,0,1,0,0,False
16.350,71,PREROUND,1,0,0,,,,MiniBoo,Team Heretics,raze,True,,,0,1,1,0,False,RieNs,Team Heretics,fade,True,,,1,0,1,0,False,Boo,Team Heretics,omen,True,,,0,1,2,0,False,benjyfishy,Team Heretics,deadlock,True,,,1,0,1,0,False,Wo0t,Team Heretics,chamber,True,,,0,6,1,0,False,grubinho,GIANTX,omen,True,,,0,1,2,0,False,ara,GIANTX,raze,True,,,0,0,1,0,False,Cloud,GIANTX,fade,True,,,1,0,1,0,False,Flickless,GIANTX,viper,True,,,0,0,0,0,False,westside,GIANTX,cypher,True,,,0,1,0,0,False
16.583,72,PREROUND,1,0,0,,,,MiniBoo,Team Heretics,raze,True,,,0,1,1,0,False,RieNs,Team Heretics,fade,True,,,1,0,1,0,False,Boo,Team Heretics,omen,True,,,0,1,2,0,False,benjyfishy,Team Heretics,deadlock,True,,,1,0,1,0,False,Wo0t,Team Heretics,chamber,True,,,0,6,1,0,False,grubinho,GIANTX,omen,True,,,0,1,2,0,False,ara,GIANTX,raze,True,,,0,0,1,0,False,Cloud,GIANTX,fade,True,,,1,0,1,0,False,Flickless,GIANTX,viper,True,,,0,0,0,0,False,westside,GIANTX,cypher,True,,,0,1,0,0,False
16.817,73,PREROUND,1,0,0,,,,MiniBoo,Team Heretics,raze,True,,,0,1,1,0,False,RieNs,Team Heretics,fade,True,,,1,0,1,0,False,Boo,Team Heretics,omen,True,,,0,1,2,0,False,benjyfishy,Team Heretics,deadlock,True,,,1,0,1,0,False,Wo0t,Team Heretics,chamber,True,,,0,6,1,0,False,grubinho,GIANTX,omen,True,,,0,1,2,0,False,ara,GIANTX,raze,True,,,0,0,1,0,False,Cloud,GIANTX,fade,True,,,1,0,1,0,False,Flickless,GIANTX,viper,True,,,0,0,0,0,False,westside,GIANTX,cypher,True,,,0,1,0,0,False
17.050,74,PREROUND,1,0,0,,,,MiniBoo,Team Heretics,raze,True,,,0,1,1,0,False,RieNs,Team Heretics,fade,True,,,1,0,1,0,False,Boo,Team Heretics,omen,True,,,0,1,2,0,False,benjyfishy,Team Heretics,deadlock,True,,,1,0,1,0,False,Wo0t,Team Heretics,chamber,True,,,0,6,1,0,False,grubinho,GIANTX,omen,True,,,0,1,2,0,False,ara,GIANTX,raze,True,,,0,0,1,0,False,Cloud,GIANTX,fade,True,,,1,0,1,0,False,Flickless,GIANTX,viper,True,,,0,0,0,0,False,westside,GIANTX,cypher,True,,,0,1,0,0,False
17.284,75,PREROUND,1,0,0,,,,MiniBoo,Team Heretics,raze,True,,,0,1,1,0,False,RieNs,Team Heretics,fade,True,,,1,0,1,0,False,Boo,Team Heretics,omen,True,,,0,1,2,0,False,benjyfishy,Team Heretics,deadlock,True,,,1,0,1,0,False,Wo0t,Team Heretics,chamber,True,,,0,6,1,0,False,grubinho,GIANTX,omen,True,,,0,1,2,0,False,ara,GIANTX,raze,True,,,0,0,1,0,False,Cloud,GIANTX,fade,True,,,1,0,1,0,False,Flickless,GIANTX,viper,True,,,0,0,0,0,False,westside,GIANTX,cypher,True,,,0,1,0,0,False
17.518,76,PREROUND,1,0,0,,,,MiniBoo,Team Heretics,raze,True,,,0,1,1,0,False,RieNs,Team Heretics,fade,True,,,1,0,1,0,False,Boo,Team Heretics,omen,True,,,0,1,2,0,False,benjyfishy,Team Heretics,deadlock,True,,,1,0,1,0,False,Wo0t,Team Heretics,chamber,True,,,0,6,1,0,False,grubinho,GIANTX,omen,True,,,0,1,2,0,False,ara,GIANTX,raze,True,,,0,0,1,0,False,Cloud,GIANTX,fade,True,,,1,0,1,0,False,Flickless,GIANTX,viper,True,,,0,0,0,0,False,westside,GIANTX,cypher,True,,,0,1,0,0,False
17.751,77,PREROUND,1,0,0,,,,MiniBoo,Team Heretics,raze,True,,,0,1,1,0,False,RieNs,Team Heretics,fade,True,,,1,0,1,0,False,Boo,Team Heretics,omen,True,,,0,1,2,0,False,benjyfishy,Team Heretics,deadlock,True,,,1,0,1,0,False,Wo0t,Team Heretics,chamber,True,,,0,6,1,0,False,grubinho,GIANTX,omen,True,,,0,1,2,0,False,ara,GIANTX,raze,True,,,0,0,1,0,False,Cloud,GIANTX,fade,True,,,1,0,1,0,False,Flickless,GIANTX,viper,True,,,0,0,0,0,False,westside,GIANTX,cypher,True,,,0,1,0,0,False
17.985,78,PREROUND,1,0,0,,,,MiniBoo,Team Heretics,raze,True,,,0,1,1,0,False,RieNs,Team Heretics,fade,True,,,1,0,1,0,False,Boo,Team Heretics,omen,True,,,0,1,2,0,False,benjyfishy,Team Heretics,deadlock,True,,,1,0,1,0,False,Wo0t,Team Heretics,chamber,True,,,0,6,1,0,False,grubinho,GIANTX,omen,True,,,0,1,2,0,False,ara,GIANTX,raze,True,,,0,0,1,0,False,Cloud,GIANTX,fade,True,,,1,0,1,0,False,Flickless,GIANTX,viper,True,,,0,0,0,0,False,westside,GIANTX,cypher,True,,,0,1,0,0,False
18.218,79,PREROUND,1,0,0,,,,MiniBoo,Team Heretics,raze,True,,,0,1,1,0,False,RieNs,Team Heretics,fade,True,,,1,0,1,0,False,Boo,Team Heretics,omen,True,,,0,1,2,0,False,benjyfishy,Team Heretics,deadlock,True,,,1,0,1,0,False,Wo0t,Team Heretics,chamber,True,,,0,6,1,0,False,grubinho,GIANTX,omen,True,,,0,1,2,0,False,ara,GIANTX,raze,True,,,0,0,1,0,False,Cloud,GIANTX,fade,True,,,1,0,1,0,False,Flickless,GIANTX,viper,True,,,0,0,0,0,False,westside,GIANTX,cypher,True,,,0,1,0,0,False
18.452,80,PREROUND,1,0,0,,,,MiniBoo,Team Heretics,raze,True,,,0,1,1,0,False,RieNs,Team Heretics,fade,True,,,1,0,1,0,False,Boo,Team Heretics,omen,True,,,0,1,2,0,False,benjyfishy,Team Heretics,deadlock,True,,,1,0,1,0,False,Wo0t,Team Heretics,chamber,True,,,0,6,1,0,False,grubinho,GIANTX,omen,True,,,0,1,2,0,False,ara,GIANTX,raze,True,,,0,0,1,0,False,Cloud,GIANTX,fade,True,,,1,0,1,0,False,Flickless,GIANTX,viper,True,,,0,0,0,0,False,westside,GIANTX,cypher,True,,,0,1,0,0,False
18.685,81,PREROUND,1,0,0,,,,MiniBoo,Team Heretics,raze,True,,,0,1,1,0,False,RieNs,Team Heretics,fade,True,,,1,0,1,0,False,Boo,Team Heretics,omen,True,,,0,1,2,0,False,benjyfishy,Team Heretics,deadlock,True,,,1,0,1,0,False,Wo0t,Team Heretics,chamber,True,,,0,6,1,0,False,grubinho,GIANTX,omen,True,,,0,1,2,0,False,ara,GIANTX,raze,True,,,0,0,1,0,False,Cloud,GIANTX,fade,True,,,1,0,1,0,False,Flickless,GIANTX,viper,True,,,0,0,0,0,False,westside,GIANTX,cypher,True,,,0,1,0,0,False
18.919,82,PREROUND,1,0,0,,,,MiniBoo,Team Heretics,raze,True,,,0,1,1,0,False,RieNs,Team Heretics,fade,True,,,1,0,1,0,False,Boo,Team Heretics,omen,True,,,0,1,2,0,False,benjyfishy,Team Heretics,deadlock,True,,,1,0,1,0,False,Wo0t,Team Heretics,chamber,True,,,0,6,1,0,False,grubinho,GIANTX,omen,True,,,0,1,2,0,False,ara,GIANTX,raze,True,,,0,0,1,0,False,Cloud,GIANTX,fade,True,,,1,0,1,0,False,Flickless,GIANTX,viper,True,,,0,0,0,0,False,westside,GIANTX,cypher,True,,,0,1,0,0,False
19.152,83,PREROUND,1,0,0,,,,MiniBoo,Team Heretics,raze,True,,,0,1,1,0,False,RieNs,Team Heretics,fade,True,,,1,0,1,0,False,Boo,Team Heretics,omen,True,,,0,1,2,0,False,benjyfishy,Team Heretics,deadlock,True,,,1,0,1,0,False,Wo0t,Team Heretics,chamber,True,,,0,6,1,0,False,grubinho,GIANTX,omen,True,,,0,1,2,0,False,ara,GIANTX,raze,True,,,0,0,1,0,False,Cloud,GIANTX,fade,True,,,1,0,1,0,False,Flickless,GIANTX,viper,True,,,0,0,0,0,False,westside,GIANTX,cypher,True,,,0,1,0,0,False
19.386,84,PREROUND,1,0,0,,,,MiniBoo,Team Heretics,raze,True,,,0,1,1,0,False,RieNs,Team Heretics,fade,True,,,1,0,1,0,False,Boo,Team Heretics,omen,True,,,0,1,2,0,False,benjyfishy,Team Heretics,deadlock,True,,,1,0,1,0,False,Wo0t,Team Heretics,chamber,True,,,0,6,1,0,False,grubinho,GIANTX,omen,True,,,0,1,2,0,False,ara,GIANTX,raze,True,,,0,0,1,0,False,Cloud,GIANTX,fade,True,,,1,0,1,0,False,Flickless,GIANTX,viper,True,,,0,0,0,0,False,westside,GIANTX,cypher,True,,,0,1,0,0,False
19.620,85,PREROUND,1,0,0,,,,MiniBoo,Team Heretics,raze,True,,,0,1,1,0,False,RieNs,Team Heretics,fade,True,,,1,0,1,0,False,Boo,Team Heretics,omen,True,,,0,1,2,0,False,benjyfishy,Team Heretics,deadlock,True,,,1,0,1,0,False,Wo0t,Team Heretics,chamber,True,,,0,6,1,0,False,grubinho,GIANTX,omen,True,,,0,1,2,0,False,ara,GIANTX,raze,True,,,0,0,1,0,False,Cloud,GIANTX,fade,True,,,1,0,1,0,False,Flickless,GIANTX,viper,True,,,0,0,0,0,False,westside,GIANTX,cypher,True,,,0,1,0,0,False
19.853,86,PREROUND,1,0,0,,,,MiniBoo,Team Heretics,raze,True,,,0,1,1,0,False,RieNs,Team Heretics,fade,True,,,1,0,1,0,False,Boo,Team Heretics,omen,True,,,0,1,2,0,False,benjyfishy,Team Heretics,deadlock,True,,,1,0,1,0,False,Wo0t,Team Heretics,chamber,True,,,0,6,1,0,False,grubinho,GIANTX,omen,True,,,0,1,2,0,False,ara,GIANTX,raze,True,,,0,0,1,0,False,Cloud,GIANTX,fade,True,,,1,0,1,0,False,Flickless,GIANTX,viper,True,,,0,0,0,0,False,westside,GIANTX,cypher,True,,,0,1,0,0,False
20.087,87,PREROUND,1,0,0,,,,MiniBoo,Team Heretics,raze,True,,,0,1,1,0,False,RieNs,Team Heretics,fade,True,,,1,0,1,0,False,Boo,Team Heretics,omen,True,,,0,1,2,0,False,benjyfishy,Team Heretics,deadlock,True,,,1,0,1,0,False,Wo0t,Team Heretics,chamber,True,,,0,6,1,0,False,grubinho,GIANTX,omen,True,,,0,1,2,0,False,ara,GIANTX,raze,True,,,0,0,1,0,False,Cloud,GIANTX,fade,True,,,1,0,1,0,False,Flickless,GIANTX,viper,True,,,0,0,0,0,False,westside,GIANTX,cypher,True,,,0,1,0,0,False
20.320,88,PREROUND,1,0,0,,,,MiniBoo,Team Heretics,raze,True,,,0,1,1,0,False,RieNs,Team Heretics,fade,True,,,1,0,1,0,False,Boo,Team Heretics,omen,True,,,0,1,2,0,False,benjyfishy,Team Heretics,deadlock,True,,,1,0,1,0,False,Wo0t,Team Heretics,chamber,True,,,0,6,1,0,False,grubinho,GIANTX,omen,True,,,0,1,2,0,False,ara,GIANTX,raze,True,,,0,0,1,0,False,Cloud,GIANTX,fade,True,,,1,0,1,0,False,Flickless,GIANTX,viper,True,,,0,0,0,0,False,westside,GIANTX,cypher,True,,,0,1,0,0,False
20.554,89,PREROUND,1,0,0,,,,MiniBoo,Team Heretics,raze,True,,,0,1,1,0,False,RieNs,Team Heretics,fade,True,,,1,0,1,0,False,Boo,Team Heretics,omen,True,,,0,1,2,0,False,benjyfishy,Team Heretics,deadlock,True,,,1,0,1,0,False,Wo0t,Team Heretics,chamber,True,,,0,6,1,0,False,grubinho,GIANTX,omen,True,,,0,1,2,0,False,ara,GIANTX,raze,True,,,0,0,1,0,False,Cloud,GIANTX,fade,True,,,1,0,1,0,False,Flickless,GIANTX,viper,True,,,0,0,0,0,False,westside,GIANTX,cypher,True,,,0,1,0,0,False
20.787,90,PREROUND,1,0,0,,,,MiniBoo,Team Heretics,raze,True,,,0,1,1,0,False,RieNs,Team Heretics,fade,True,,,1,0,1,0,False,Boo,Team Heretics,omen,True,,,0,1,2,0,False,benjyfishy,Team Heretics,deadlock,True,,,1,0,1,0,False,Wo0t,Team Heretics,chamber,True,,,0,6,1,0,False,grubinho,GIANTX,omen,True,,,0,1,2,0,False,ara,GIANTX,raze,True,,,0,0,1,0,False,Cloud,GIANTX,fade,True,,,1,0,1,0,False,Flickless,GIANTX,viper,True,,,0,0,0,0,False,westside,GIANTX,cypher,True,,,0,1,0,0,False
21.021,91,PREROUND,1,0,0,,,,MiniBoo,Team Heretics,raze,True,,,0,1,1,0,False,RieNs,Team Heretics,fade,True,,,1,0,1,0,False,Boo,Team Heretics,omen,True,,,0,1,2,0,False,benjyfishy,Team Heretics,deadlock,True,,,1,0,1,0,False,Wo0t,Team Heretics,chamber,True,,,0,6,1,0,False,grubinho,GIANTX,omen,True,,,0,1,2,0,False,ara,GIANTX,raze,True,,,0,0,1,0,False,Cloud,GIANTX,fade,True,,,1,0,1,0,False,Flickless,GIANTX,viper,True,,,0,0,0,0,False,westside,GIANTX,cypher,True,,,0,1,0,0,False
21.255,92,PREROUND,1,0,0,,,,MiniBoo,Team Heretics,raze,True,,,0,1,1,0,False,RieNs,Team Heretics,fade,True,,,1,0,1,0,False,Boo,Team Heretics,omen,True,,,0,1,2,0,False,benjyfishy,Team Heretics,deadlock,True,,,1,0,1,0,False,Wo0t,Team Heretics,chamber,True,,,0,6,1,0,False,grubinho,GIANTX,omen,True,,,0,1,2,0,False,ara,GIANTX,raze,True,,,0,0,1,0,False,Cloud,GIANTX,fade,True,,,1,0,1,0,False,Flickless,GIANTX,viper,True,,,0,0,0,0,False,westside,GIANTX,cypher,True,,,0,1,0,0,False
21.488,93,PREROUND,1,0,0,,,,MiniBoo,Team Heretics,raze,True,,,0,1,1,0,False,RieNs,Team Heretics,fade,True,,,1,0,1,0,False,Boo,Team Heretics,omen,True,,,0,1,2,0,False,benjyfishy,Team Heretics,deadlock,True,,,1,0,1,0,False,Wo0t,Team Heretics,chamber,True,,,0,6,1,0,False,grubinho,GIANTX,omen,True,,,0,1,2,0,False,ara,GIANTX,raze,True,,,0,0,1,0,False,Cloud,GIANTX,fade,True,,,1,0,1,0,False,Flickless,GIANTX,viper,True,,,0,0,0,0,False,westside,GIANTX,cypher,True,,,0,1,0,0,False
21.722,94,PREROUND,1,0,0,,,,MiniBoo,Team Heretics,raze,True,,,0,1,1,0,False,RieNs,Team Heretics,fade,True,,,1,0,1,0,False,Boo,Team Heretics,omen,True,,,0,1,2,0,False,benjyfishy,Team Heretics,deadlock,True,,,1,0,1,0,False,Wo0t,Team Heretics,chamber,True,,,0,6,1,0,False,grubinho,GIANTX,omen,True,,,0,1,2,0,False,ara,GIANTX,raze,True,,,0,0,1,0,False,Cloud,GIANTX,fade,True,,,1,0,1,0,False,Flickless,GIANTX,viper,True,,,0,0,0,0,False,westside,GIANTX,cypher,True,,,0,1,0,0,False
21.955,95,PREROUND,1,0,0,,,,MiniBoo,Team Heretics,raze,True,,,0,1,1,0,False,RieNs,Team Heretics,fade,True,,,1,0,1,0,False,Boo,Team Heretics,omen,True,,,0,1,2,0,False,benjyfishy,Team Heretics,deadlock,True,,,1,0,1,0,False,Wo0t,Team Heretics,chamber,True,,,0,6,1,0,False,grubinho,GIANTX,omen,True,,,0,1,2,0,False,ara,GIANTX,raze,True,,,0,0,1,0,False,Cloud,GIANTX,fade,True,,,1,0,1,0,False,Flickless,GIANTX,viper,True,,,0,0,0,0,False,westside,GIANTX,cypher,True,,,0,1,0,0,False
22.189,96,PREROUND,1,0,0,,,,MiniBoo,Team Heretics,raze,True,,,0,1,1,0,False,RieNs,Team Heretics,fade,True,,,1,0,1,0,False,Boo,Team Heretics,omen,True,,,0,1,2,0,False,benjyfishy,Team Heretics,deadlock,True,,,1,0,1,0,False,Wo0t,Team Heretics,chamber,True,,,0,6,1,0,False,grubinho,GIANTX,omen,True,,,0,1,2,0,False,ara,GIANTX,raze,True,,,0,0,1,0,False,Cloud,GIANTX,fade,True,,,1,0,1,0,False,Flickless,GIANTX,viper,True,,,0,0,0,0,False,westside,GIANTX,cypher,True,,,0,1,0,0,False
22.422,97,PREROUND,1,0,0,,,,MiniBoo,Team Heretics,raze,True,,,0,1,1,0,False,RieNs,Team Heretics,fade,True,,,1,0,1,0,False,Boo,Team Heretics,omen,True,,,0,1,2,0,False,benjyfishy,Team Heretics,deadlock,True,,,1,0,1,0,False,Wo0t,Team Heretics,chamber,True,,,0,6,1,0,False,grubinho,GIANTX,omen,True,,,0,1,2,0,False,ara,GIANTX,raze,True,,,0,0,1,0,False,Cloud,GIANTX,fade,True,,,1,0,1,0,False,Flickless,GIANTX,viper,True,,,0,0,0,0,False,westside,GIANTX,cypher,True,,,0,1,0,0,False
22.656,98,PREROUND,1,0,0,,,,MiniBoo,Team Heretics,raze,True,,,0,1,1,0,False,RieNs,Team Heretics,fade,True,,,1,0,1,0,False,Boo,Team Heretics,omen,True,,,0,1,2,0,False,benjyfishy,Team Heretics,deadlock,True,,,1,0,1,0,False,Wo0t,Team Heretics,chamber,True,,,0,6,1,0,False,grubinho,GIANTX,omen,True,,,0,1,2,0,False,ara,GIANTX,raze,True,,,0,0,1,0,False,Cloud,GIANTX,fade,True,,,1,0,1,0,False,Flickless,GIANTX,viper,True,,,0,0,0,0,False,westside,GIANTX,cypher,True,,,0,1,0,0,False
22.890,99,PREROUND,1,0,0,,,,MiniBoo,Team Heretics,raze,True,,,0,1,1,0,False,RieNs,Team Heretics,fade,True,,,1,0,1,0,False,Boo,Team Heretics,omen,True,,,0,1,2,0,False,benjyfishy,Team Heretics,deadlock,True,,,1,0,1,0,False,Wo0t,Team Heretics,chamber,True,,,0,6,1,0,False,grubinho,GIANTX,omen,True,,,0,1,2,0,False,ara,GIANTX,raze,True,,,0,0,1,0,False,Cloud,GIANTX,fade,True,,,1,0,1,0,False,Flickless,GIANTX,viper,True,,,0,0,0,0,False,westside,GIANTX,cypher,True,,,0,1,0,0,False
23.123,100,PREROUND,1,0,0,,,,MiniBoo,Team Heretics,raze,True,,,0,1,1,0,False,RieNs,Team Heretics,fade,True,,,1,0,1,0,False,Boo,Team Heretics,omen,True,,,0,1,2,0,False,benjyfishy,Team Heretics,deadlock,True,,,1,0,1,0,False,Wo0t,Team Heretics,chamber,True,,,0,6,1,0,False,grubinho,GIANTX,omen,True,,,0,1,2,0,False,ara,GIANTX,raze,True,,,0,0,1,0,False,Cloud,GIANTX,fade,True,,,1,0,1,0,False,Flickless,GIANTX,viper,True,,,0,0,0,0,False,westside,GIANTX,cypher,True,,,0,1,0,0,False
23.357,101,PREROUND,1,0,0,,,,MiniBoo,Team Heretics,raze,True,,,0,1,1,0,False,RieNs,Team Heretics,fade,True,,,1,0,1,0,False,Boo,Team Heretics,omen,True,,,0,1,2,0,False,benjyfishy,Team Heretics,deadlock,True,,,1,0,1,0,False,Wo0t,Team Heretics,chamber,True,,,0,6,1,0,False,grubinho,GIANTX,omen,True,,,0,1,2,0,False,ara,GIANTX,raze,True,,,0,0,1,0,False,Cloud,GIANTX,fade,True,,,1,0,1,0,False,Flickless,GIANTX,viper,True,,,0,0,0,0,False,westside,GIANTX,cypher,True,,,0,1,0,0,False
23.590,102,PREROUND,1,0,0,,,,MiniBoo,Team Heretics,raze,True,,,0,1,1,0,False,RieNs,Team Heretics,fade,True,,,1,0,1,0,False,Boo,Team Heretics,omen,True,,,0,1,2,0,False,benjyfishy,Team Heretics,deadlock,True,,,1,0,1,0,False,Wo0t,Team Heretics,chamber,True,,,0,6,1,0,False,grubinho,GIANTX,omen,True,,,0,1,2,0,False,ara,GIANTX,raze,True,,,0,0,1,0,False,Cloud,GIANTX,fade,True,,,1,0,1,0,False,Flickless,GIANTX,viper,True,,,0,0,0,0,False,westside,GIANTX,cypher,True,,,0,1,0,0,False
23.824,103,PREROUND,1,0,0,,,,MiniBoo,Team Heretics,raze,True,,,0,1,1,0,False,RieNs,Team Heretics,fade,True,,,1,0,1,0,False,Boo,Team Heretics,omen,True,,,0,1,2,0,False,benjyfishy,Team Heretics,deadlock,True,,,1,0,1,0,False,Wo0t,Team Heretics,chamber,True,,,0,6,1,0,False,grubinho,GIANTX,omen,True,,,0,1,2,0,False,ara,GIANTX,raze,True,,,0,0,1,0,False,Cloud,GIANTX,fade,True,,,1,0,1,0,False,Flickless,GIANTX,viper,True,,,0,0,0,0,False,westside,GIANTX,cypher,True,,,0,1,0,0,False
24.057,104,PREROUND,1,0,0,,,,MiniBoo,Team Heretics,raze,True,,,0,1,1,0,False,RieNs,Team Heretics,fade,True,,,1,0,1,0,False,Boo,Team Heretics,omen,True,,,0,1,2,0,False,benjyfishy,Team Heretics,deadlock,True,,,1,0,1,0,False,Wo0t,Team Heretics,chamber,True,,,0,6,1,0,False,grubinho,GIANTX,omen,True,,,0,1,2,0,False,ara,GIANTX,raze,True,,,0,0,1,0,False,Cloud,GIANTX,fade,True,,,1,0,1,0,False,Flickless,GIANTX,viper,True,,,0,0,0,0,False,westside,GIANTX,cypher,True,,,0,1,0,0,False
24.291,105,PREROUND,1,0,0,,,,MiniBoo,Team Heretics,raze,True,,,0,1,1,0,False,RieNs,Team Heretics,fade,True,,,1,0,1,0,False,Boo,Team Heretics,omen,True,,,0,1,2,0,False,benjyfishy,Team Heretics,deadlock,True,,,1,0,1,0,False,Wo0t,Team Heretics,chamber,True,,,0,6,1,0,False,grubinho,GIANTX,omen,True,,,0,1,2,0,False,ara,GIANTX,raze,True,,,0,0,1,0,False,Cloud,GIANTX,fade,True,,,1,0,1,0,False,Flickless,GIANTX,viper,True,,,0,0,0,0,False,westside,GIANTX,cypher,True,,,0,1,0,0,False
24.524,106,PREROUND,1,0,0,,,,MiniBoo,Team Heretics,raze,True,,,0,1,1,0,False,RieNs,Team Heretics,fade,True,,,1,0,1,0,False,Boo,Team Heretics,omen,True,,,0,1,2,0,False,benjyfishy,Team Heretics,deadlock,True,,,1,0,1,0,False,Wo0t,Team Heretics,chamber,True,,,0,6,1,0,False,grubinho,GIANTX,omen,True,,,0,1,2,0,False,ara,GIANTX,raze,True,,,0,0,1,0,False,Cloud,GIANTX,fade,True,,,1,0,1,0,False,Flickless,GIANTX,viper,True,,,0,0,0,0,False,westside,GIANTX,cypher,True,,,0,1,0,0,False
24.758,107,PREROUND,1,0,0,,,,MiniBoo,Team Heretics,raze,True,,,0,1,1,0,False,RieNs,Team Heretics,fade,True,,,1,0,1,0,False,Boo,Team Heretics,omen,True,,,0,1,2,0,False,benjyfishy,Team Heretics,deadlock,True,,,1,0,1,0,False,Wo0t,Team Heretics,chamber,True,,,0,6,1,0,False,grubinho,GIANTX,omen,True,,,0,1,2,0,False,ara,GIANTX,raze,True,,,0,0,1,0,False,Cloud,GIANTX,fade,True,,,1,0,1,0,False,Flickless,GIANTX,viper,True,,,0,0,0,0,False,westside,GIANTX,cypher,True,,,0,1,0,0,False
24.992,108,PREROUND,1,0,0,,,,MiniBoo,Team Heretics,raze,True,,,0,1,1,0,False,RieNs,Team Heretics,fade,True,,,1,0,1,0,False,Boo,Team Heretics,omen,True,,,0,1,2,0,False,benjyfishy,Team Heretics,deadlock,True,,,1,0,1,0,False,Wo0t,Team Heretics,chamber,True,,,0,6,1,0,False,grubinho,GIANTX,omen,True,,,0,1,2,0,False,ara,GIANTX,raze,True,,,0,0,1,0,False,Cloud,GIANTX,fade,True,,,1,0,1,0,False,Flickless,GIANTX,viper,True,,,0,0,0,0,False,westside,GIANTX,cypher,True,,,0,1,0,0,False
25.225,109,PREROUND,1,0,0,,,,MiniBoo,Team Heretics,raze,True,,,0,1,1,0,False,RieNs,Team Heretics,fade,True,,,1,0,1,0,False,Boo,Team Heretics,omen,True,,,0,1,2,0,False,benjyfishy,Team Heretics,deadlock,True,,,1,0,1,0,False,Wo0t,Team Heretics,chamber,True,,,0,6,1,0,False,grubinho,GIANTX,omen,True,,,0,1,2,0,False,ara,GIANTX,raze,True,,,0,0,1,0,False,Cloud,GIANTX,fade,True,,,1,0,1,0,False,Flickless,GIANTX,viper,True,,,0,0,0,0,False,westside,GIANTX,cypher,True,,,0,1,0,0,False
25.459,110,PREROUND,1,0,0,,,,MiniBoo,Team Heretics,raze,True,,,0,1,1,0,False,RieNs,Team Heretics,fade,True,,,1,0,1,0,False,Boo,Team Heretics,omen,True,,,0,1,2,0,False,benjyfishy,Team Heretics,deadlock,True,,,1,0,1,0,False,Wo0t,Team Heretics,chamber,True,,,0,6,1,0,False,grubinho,GIANTX,omen,True,,,0,1,2,0,False,ara,GIANTX,raze,True,,,0,0,1,0,False,Cloud,GIANTX,fade,True,,,1,0,1,0,False,Flickless,GIANTX,viper,True,,,0,0,0,0,False,westside,GIANTX,cypher,True,,,0,1,0,0,False
25.692,111,PREROUND,1,0,0,,,,MiniBoo,Team Heretics,raze,True,,,0,1,1,0,False,RieNs,Team Heretics,fade,True,,,1,0,1,0,False,Boo,Team Heretics,omen,True,,,0,1,2,0,False,benjyfishy,Team Heretics,deadlock,True,,,1,0,1,0,False,Wo0t,Team Heretics,chamber,True,,,0,6,1,0,False,grubinho,GIANTX,omen,True,,,0,1,2,0,False,ara,GIANTX,raze,True,,,0,0,1,0,False,Cloud,GIANTX,fade,True,,,1,0,1,0,False,Flickless,GIANTX,viper,True,,,0,0,0,0,False,westside,GIANTX,cypher,True,,,0,1,0,0,False
25.926,112,PREROUND,1,0,0,,,,MiniBoo,Team Heretics,raze,True,,,0,1,1,0,False,RieNs,Team Heretics,fade,True,,,1,0,1,0,False,Boo,Team Heretics,omen,True,,,0,1,2,0,False,benjyfishy,Team Heretics,deadlock,True,,,1,0,1,0,False,Wo0t,Team Heretics,chamber,True,,,0,6,1,0,False,grubinho,GIANTX,omen,True,,,0,1,2,0,False,ara,GIANTX,raze,True,,,0,0,1,0,False,Cloud,GIANTX,fade,True,,,1,0,1,0,False,Flickless,GIANTX,viper,True,,,0,0,0,0,False,westside,GIANTX,cypher,True,,,0,1,0,0,False
26.159,113,PREROUND,1,0,0,,,,MiniBoo,Team Heretics,raze,True,,,0,1,1,0,False,RieNs,Team Heretics,fade,True,,,1,0,1,0,False,Boo,Team Heretics,omen,True,,,0,1,2,0,False,benjyfishy,Team Heretics,deadlock,True,,,1,0,1,0,False,Wo0t,Team Heretics,chamber,True,,,0,6,1,0,False,grubinho,GIANTX,omen,True,,,0,1,2,0,False,ara,GIANTX,raze,True,,,0,0,1,0,False,Cloud,GIANTX,fade,True,,,1,0,1,0,False,Flickless,GIANTX,viper,True,,,0,0,0,0,False,westside,GIANTX,cypher,True,,,0,1,0,0,False
26.393,114,PREROUND,1,0,0,,,,MiniBoo,Team Heretics,raze,True,,,0,1,1,0,False,RieNs,Team Heretics,fade,True,,,1,0,1,0,False,Boo,Team Heretics,omen,True,,,0,1,2,0,False,benjyfishy,Team Heretics,deadlock,True,,,1,0,1,0,False,Wo0t,Team Heretics,chamber,True,,,0,6,1,0,False,grubinho,GIANTX,omen,True,,,0,1,2,0,False,ara,GIANTX,raze,True,,,0,0,1,0,False,Cloud,GIANTX,fade,True,,,1,0,1,0,False,Flickless,GIANTX,viper,True,,,0,0,0,0,False,westside,GIANTX,cypher,True,,,0,1,0,0,False
26.627,115,PREROUND,1,0,0,,,,MiniBoo,Team Heretics,raze,True,,,0,1,1,0,False,RieNs,Team Heretics,fade,True,,,1,0,1,0,False,Boo,Team Heretics,omen,True,,,0,1,2,0,False,benjyfishy,Team Heretics,deadlock,True,,,1,0,1,0,False,Wo0t,Team Heretics,chamber,True,,,0,6,1,0,False,grubinho,GIANTX,omen,True,,,0,1,2,0,False,ara,GIANTX,raze,True,,,0,0,1,0,False,Cloud,GIANTX,fade,True,,,1,0,1,0,False,Flickless,GIANTX,viper,True,,,0,0,0,0,False,westside,GIANTX,cypher,True,,,0,1,0,0,False
26.860,116,PREROUND,1,0,0,,,,MiniBoo,Team Heretics,raze,True,,,0,1,1,0,False,RieNs,Team Heretics,fade,True,,,1,0,1,0,False,Boo,Team Heretics,omen,True,,,0,1,2,0,False,benjyfishy,Team Heretics,deadlock,True,,,1,0,1,0,False,Wo0t,Team Heretics,chamber,True,,,0,6,1,0,False,grubinho,GIANTX,omen,True,,,0,1,2,0,False,ara,GIANTX,raze,True,,,0,0,1,0,False,Cloud,GIANTX,fade,True,,,1,0,1,0,False,Flickless,GIANTX,viper,True,,,0,0,0,0,False,westside,GIANTX,cypher,True,,,0,1,0,0,False
27.094,117,PREROUND,1,0,0,,,,MiniBoo,Team Heretics,raze,True,,,0,1,1,0,False,RieNs,Team Heretics,fade,True,,,1,0,1,0,False,Boo,Team Heretics,omen,True,,,0,1,2,0,False,benjyfishy,Team Heretics,deadlock,True,,,1,0,1,0,False,Wo0t,Team Heretics,chamber,True,,,0,6,1,0,False,grubinho,GIANTX,omen,True,,,0,1,2,0,False,ara,GIANTX,raze,True,,,0,0,1,0,False,Cloud,GIANTX,fade,True,,,1,0,1,0,False,Flickless,GIANTX,viper,True,,,0,0,0,0,False,westside,GIANTX,cypher,True,,,0,1,0,0,False
27.327,118,PREROUND,1,0,0,,,,MiniBoo,Team Heretics,raze,True,,,0,1,1,0,False,RieNs,Team Heretics,fade,True,,,1,0,1,0,False,Boo,Team Heretics,omen,True,,,0,1,2,0,False,benjyfishy,Team Heretics,deadlock,True,,,1,0,1,0,False,Wo0t,Team Heretics,chamber,True,,,0,6,1,0,False,grubinho,GIANTX,omen,True,,,0,1,2,0,False,ara,GIANTX,raze,True,,,0,0,1,0,False,Cloud,GIANTX,fade,True,,,1,0,1,0,False,Flickless,GIANTX,viper,True,,,0,0,0,0,False,westside,GIANTX,cypher,True,,,0,1,0,0,False
27.561,119,PREROUND,1,0,0,,,,MiniBoo,Team Heretics,raze,True,,,0,1,1,0,False,RieNs,Team Heretics,fade,True,,,1,0,1,0,False,Boo,Team Heretics,omen,True,,,0,1,2,0,False,benjyfishy,Team Heretics,deadlock,True,,,1,0,1,0,False,Wo0t,Team Heretics,chamber,True,,,0,6,1,0,False,grubinho,GIANTX,omen,True,,,0,1,2,0,False,ara,GIANTX,raze,True,,,0,0,1,0,False,Cloud,GIANTX,fade,True,,,1,0,1,0,False,Flickless,GIANTX,viper,True,,,0,0,0,0,False,westside,GIANTX,cypher,True,,,0,1,0,0,False
27.794,120,PREROUND,1,0,0,,,,MiniBoo,Team Heretics,raze,True,,,0,1,1,0,False,RieNs,Team Heretics,fade,True,,,1,0,1,0,False,Boo,Team Heretics,omen,True,,,0,1,2,0,False,benjyfishy,Team Heretics,deadlock,True,,,1,0,1,0,False,Wo0t,Team Heretics,chamber,True,,,0,6,1,0,False,grubinho,GIANTX,omen,True,,,0,1,2,0,False,ara,GIANTX,raze,True,,,0,0,1,0,False,Cloud,GIANTX,fade,True,,,1,0,1,0,False,Flickless,GIANTX,viper,True,,,0,0,0,0,False,westside,GIANTX,cypher,True,,,0,1,0,0,False
28.028,121,PREROUND,1,0,0,,,,MiniBoo,Team Heretics,raze,True,,,0,1,1,0,False,RieNs,Team Heretics,fade,True,,,1,0,1,0,False,Boo,Team Heretics,omen,True,,,0,1,2,0,False,benjyfishy,Team Heretics,deadlock,True,,,1,0,1,0,False,Wo0t,Team Heretics,chamber,True,,,0,6,1,0,False,grubinho,GIANTX,omen,True,,,0,1,2,0,False,ara,GIANTX,raze,True,,,0,0,1,0,False,Cloud,GIANTX,fade,True,,,1,0,1,0,False,Flickless,GIANTX,viper,True,,,0,0,0,0,False,westside,GIANTX,cypher,True,,,0,1,0,0,False
28.262,122,PREROUND,1,0,0,,,,MiniBoo,Team Heretics,raze,True,,,0,1,1,0,False,RieNs,Team Heretics,fade,True,,,1,0,1,0,False,Boo,Team Heretics,omen,True,,,0,1,2,0,False,benjyfishy,Team Heretics,deadlock,True,,,1,0,1,0,False,Wo0t,Team Heretics,chamber,True,,,0,6,1,0,False,grubinho,GIANTX,omen,True,,,0,1,2,0,False,ara,GIANTX,raze,True,,,0,0,1,0,False,Cloud,GIANTX,fade,True,,,1,0,1,0,False,Flickless,GIANTX,viper,True,,,0,0,0,0,False,westside,GIANTX,cypher,True,,,0,1,0,0,False
28.495,123,PREROUND,1,0,0,,,,MiniBoo,Team Heretics,raze,True,,,0,1,1,0,False,RieNs,Team Heretics,fade,True,,,1,0,1,0,False,Boo,Team Heretics,omen,True,,,0,1,2,0,False,benjyfishy,Team Heretics,deadlock,True,,,1,0,1,0,False,Wo0t,Team Heretics,chamber,True,,,0,6,1,0,False,grubinho,GIANTX,omen,True,,,0,1,2,0,False,ara,GIANTX,raze,True,,,0,0,1,0,False,Cloud,GIANTX,fade,True,,,1,0,1,0,False,Flickless,GIANTX,viper,True,,,0,0,0,0,False,westside,GIANTX,cypher,True,,,0,1,0,0,False
28.729,124,PREROUND,1,0,0,,,,MiniBoo,Team Heretics,raze,True,,,0,1,1,0,False,RieNs,Team Heretics,fade,True,,,1,0,1,0,False,Boo,Team Heretics,omen,True,,,0,1,2,0,False,benjyfishy,Team Heretics,deadlock,True,,,1,0,1,0,False,Wo0t,Team Heretics,chamber,True,,,0,6,1,0,False,grubinho,GIANTX,omen,True,,,0,1,2,0,False,ara,GIANTX,raze,True,,,0,0,1,0,False,Cloud,GIANTX,fade,True,,,1,0,1,0,False,Flickless,GIANTX,viper,True,,,0,0,0,0,False,westside,GIANTX,cypher,True,,,0,1,0,0,False
28.962,125,ACTIVE_ROUND,1,0,0,100.000,,,MiniBoo,Team Heretics,raze,True,,,0,1,1,0,False,RieNs,Team Heretics,fade,True,,,1,0,1,0,False,Boo,Team Heretics,omen,True,,,0,1,2,0,False,benjyfishy,Team Heretics,deadlock,True,,,1,0,1,0,False,Wo0t,Team Heretics,chamber,True,,,0,6,1,0,False,grubinho,GIANTX,omen,True,,,0,1,2,0,False,ara,GIANTX,raze,True,,,0,0,1,0,False,Cloud,GIANTX,fade,True,,,1,0,1,0,False,Flickless,GIANTX,viper,True,,,0,0,0,0,False,westside,GIANTX,cypher,True,,,0,1,0,0,False
29.196,126,ACTIVE_ROUND,1,0,0,99.000,,,MiniBoo,Team Heretics,raze,True,100,,0,1,1,0,False,RieNs,Team Heretics,fade,True,100,,1,0,1,0,False,Boo,Team Heretics,omen,True,100,25,0,1,2,0,False,benjyfishy,Team Heretics,deadlock,True,100,25,1,0,1,0,False,Wo0t,Team Heretics,chamber,True,100,,0,6,1,0,False,grubinho,GIANTX,omen,True,100,25,0,1,2,0,False,ara,GIANTX,raze,True,100,,0,0,1,0,False,Cloud,GIANTX,fade,True,100,,1,0,1,0,False,Flickless,GIANTX,viper,True,100,,0,0,0,0,False,westside,GIANTX,cypher,True,100,,0,1,0,0,False
29.429,127,ACTIVE_ROUND,1,0,0,99.000,,,MiniBoo,Team Heretics,raze,True,100,,0,1,1,0,False,RieNs,Team Heretics,fade,True,100,,1,0,1,0,False,Boo,Team Heretics,omen,True,100,25,0,1,2,0,False,benjyfishy,Team Heretics,deadlock,True,100,25,1,0,1,0,False,Wo0t,Team Heretics,chamber,True,100,,0,6,1,0,False,grubinho,GIANTX,omen,True,100,25,0,1,2,0,False,ara,GIANTX,raze,True,100,,0,0,1,0,False,Cloud,GIANTX,fade,True,100,,1,0,1,0,False,Flickless,GIANTX,viper,True,100,,0,0,0,0,False,westside,GIANTX,cypher,True,100,,0,1,0,0,False
29.663,128,ACTIVE_ROUND,1,0,0,99.000,,,MiniBoo,Team Heretics,raze,True,100,,0,1,1,0,False,RieNs,Team Heretics,fade,True,100,,1,0,1,0,False,Boo,Team Heretics,omen,True,100,25,0,1,2,0,False,benjyfishy,Team Heretics,deadlock,True,100,25,1,0,1,0,False,Wo0t,Team Heretics,chamber,True,100,,0,6,1,0,False,grubinho,GIANTX,omen,True,100,25,0,1,2,0,False,ara,GIANTX,raze,True,100,,0,0,1,0,False,Cloud,GIANTX,fade,True,100,,1,0,1,0,False,Flickless,GIANTX,viper,True,100,,0,0,0,0,False,westside,GIANTX,cypher,True,100,,0,1,0,0,False
29.897,129,ACTIVE_ROUND,1,0,0,98.000,,,MiniBoo,Team Heretics,raze,True,100,,0,1,1,0,False,RieNs,Team Heretics,fade,True,100,,1,0,0,0,False,Boo,Team Heretics,omen,True,100,25,0,1,1,0,False,benjyfishy,Team Heretics,deadlock,True,100,25,1,0,0,0,False,Wo0t,Team Heretics,chamber,True,100,,0,6,1,0,False,grubinho,GIANTX,omen,True,100,25,0,1,2,0,False,ara,GIANTX,raze,True,100,,0,0,1,0,False,Cloud,GIANTX,fade,True,100,,1,0,1,0,False,Flickless,GIANTX,viper,True,100,,0,0,0,0,False,westside,GIANTX,cypher,True,100,,0,1,0,0,False
30.130,130,ACTIVE_ROUND,1,0,0,98.000,,,MiniBoo,Team Heretics,raze,True,100,,0,1,1,0,False,RieNs,Team Heretics,fade,True,100,,1,0,0,0,False,Boo,Team Heretics,omen,True,100,25,0,1,1,0,False,benjyfishy,Team Heretics,deadlock,True,100,25,1,0,0,0,False,Wo0t,Team Heretics,chamber,True,100,,0,6,1,0,False,grubinho,GIANTX,omen,True,100,25,0,1,2,0,False,ara,GIANTX,raze,True,100,,0,0,1,0,False,Cloud,GIANTX,fade,True,100,,1,0,1,0,False,Flickless,GIANTX,viper,True,100,,0,0,0,0,False,westside,GIANTX,cypher,True,100,,0,1,0,0,False
30.364,131,ACTIVE_ROUND,1,0,0,98.000,,,MiniBoo,Team Heretics,raze,True,100,,0,1,1,0,False,RieNs,Team Heretics,fade,True,100,,1,0,0,0,False,Boo,Team Heretics,omen,True,100,25,0,1,1,0,False,benjyfishy,Team Heretics,deadlock,True,100,25,1,0,0,0,False,Wo0t,Team Heretics,chamber,True,100,,0,6,1,0,False,grubinho,GIANTX,omen,True,100,25,0,1,2,0,False,ara,GIANTX,raze,True,100,,0,0,1,0,False,Cloud,GIANTX,fade,True,100,,1,0,1,0,False,Flickless,GIANTX,viper,True,100,,0,0,0,0,False,westside,GIANTX,cypher,True,100,,0,1,0,0,False
30.597,132,ACTIVE_ROUND,1,0,0,98.000,,,MiniBoo,Team Heretics,raze,True,100,,0,1,1,0,False,RieNs,Team Heretics,fade,True,100,,1,0,0,0,False,Boo,Team Heretics,omen,True,100,25,0,1,1,0,False,benjyfishy,Team Heretics,deadlock,True,100,25,1,0,0,0,False,Wo0t,Team Heretics,chamber,True,100,,0,6,1,0,False,grubinho,GIANTX,omen,True,100,25,0,1,2,0,False,ara,GIANTX,raze,True,100,,0,0,1,0,False,Cloud,GIANTX,fade,True,100,,1,0,1,0,False,Flickless,GIANTX,viper,True,100,,0,0,0,0,False,westside,GIANTX,cypher,True,100,,0,1,0,0,False
30.831,133,ACTIVE_ROUND,1,0,0,97.000,,,MiniBoo,Team Heretics,raze,True,100,,0,1,1,0,False,RieNs,Team Heretics,fade,True,100,,1,0,0,0,False,Boo,Team Heretics,omen,True,100,25,0,1,1,0,False,benjyfishy,Team Heretics,deadlock,True,100,25,1,0,0,0,False,Wo0t,Team Heretics,chamber,True,100,,0,6,1,0,False,grubinho,GIANTX,omen,True,100,25,0,1,2,0,False,ara,GIANTX,raze,True,100,,0,0,1,0,False,Cloud,GIANTX,fade,True,100,,1,0,1,0,False,Flickless,GIANTX,viper,True,100,,0,0,0,0,False,westside,GIANTX,cypher,True,100,,0,1,0,0,False
31.064,134,ACTIVE_ROUND,1,0,0,97.000,,,MiniBoo,Team Heretics,raze,True,100,,0,1,1,0,False,RieNs,Team Heretics,fade,True,100,,1,0,0,0,False,Boo,Team Heretics,omen,True,100,25,0,1,1,0,False,benjyfishy,Team Heretics,deadlock,True,100,25,1,0,0,0,False,Wo0t,Team Heretics,chamber,True,100,,0,6,1,0,False,grubinho,GIANTX,omen,True,100,25,0,1,2,0,False,ara,GIANTX,raze,True,100,,0,0,1,0,False,Cloud,GIANTX,fade,True,100,,1,0,1,0,False,Flickless,GIANTX,viper,True,100,,0,0,0,0,False,westside,GIANTX,cypher,True,100,,0,1,0,0,False
31.298,135,ACTIVE_ROUND,1,0,0,97.000,,,MiniBoo,Team Heretics,raze,True,100,,0,1,1,0,False,RieNs,Team Heretics,fade,True,100,,1,0,0,0,False,Boo,Team Heretics,omen,True,100,25,0,1,1,0,False,benjyfishy,Team Heretics,deadlock,True,100,25,1,0,0,0,False,Wo0t,Team Heretics,chamber,True,100,,0,6,1,0,False,grubinho,GIANTX,omen,True,100,25,0,1,2,0,False,ara,GIANTX,raze,True,100,,0,0,1,0,False,Cloud,GIANTX,fade,True,100,,1,0,1,0,False,Flickless,GIANTX,viper,True,100,,0,0,0,0,False,westside,GIANTX,cypher,True,100,,0,1,0,0,False
31.532,136,ACTIVE_ROUND,1,0,0,97.000,,,MiniBoo,Team Heretics,raze,True,100,,0,1,1,0,False,RieNs,Team Heretics,fade,True,100,,1,0,0,0,False,Boo,Team Heretics,omen,True,100,25,0,1,1,0,False,benjyfishy,Team Heretics,deadlock,True,100,25,1,0,0,0,False,Wo0t,Team Heretics,chamber,True,100,,0,6,1,0,False,grubinho,GIANTX,omen,True,100,25,0,1,2,0,False,ara,GIANTX,raze,True,100,,0,0,1,0,False,Cloud,GIANTX,fade,True,100,,1,0,1,0,False,Flickless,GIANTX,viper,True,100,,0,0,0,0,False,westside,GIANTX,cypher,True,100,,0,1,0,0,False
31.765,137,ACTIVE_ROUND,1,0,0,97.000,,,MiniBoo,Team Heretics,raze,True,100,,0,1,1,0,False,RieNs,Team Heretics,fade,True,100,,1,0,0,0,False,Boo,Team Heretics,omen,True,100,25,0,1,1,0,False,benjyfishy,Team Heretics,deadlock,True,100,25,1,0,0,0,False,Wo0t,Team Heretics,chamber,True,100,,0,6,1,0,False,grubinho,GIANTX,omen,True,100,25,0,1,2,0,False,ara,GIANTX,raze,True,100,,0,0,1,0,False,Cloud,GIANTX,fade,True,100,,1,0,1,0,False,Flickless,GIANTX,viper,True,100,,0,0,0,0,False,westside,GIANTX,cypher,True,100,,0,1,0,0,False
31.999,138,ACTIVE_ROUND,1,0,0,96.000,,,MiniBoo,Team Heretics,raze,True,100,,0,1,1,0,False,RieNs,Team Heretics,fade,True,100,,1,0,0,0,False,Boo,Team Heretics,omen,True,100,25,0,1,1,0,False,benjyfishy,Team Heretics,deadlock,True,100,25,1,0,0,0,False,Wo0t,Team Heretics,chamber,True,100,,0,6,1,0,False,grubinho,GIANTX,omen,True,100,25,0,1,2,0,False,ara,GIANTX,raze,True,100,,0,0,1,0,False,Cloud,GIANTX,fade,True,100,,1,0,1,0,False,Flickless,GIANTX,viper,True,100,,0,0,0,0,False,westside,GIANTX,cypher,True,100,,0,1,0,0,False
32.232,139,ACTIVE_ROUND,1,0,0,96.000,,,MiniBoo,Team Heretics,raze,True,100,,0,1,1,0,False,RieNs,Team Heretics,fade,True,100,,1,0,0,0,False,Boo,Team Heretics,omen,True,100,25,0,1,1,0,False,benjyfishy,Team Heretics,deadlock,True,100,25,1,0,0,0,False,Wo0t,Team Heretics,chamber,True,100,,0,6,1,0,False,grubinho,GIANTX,omen,True,100,25,0,1,2,0,False,ara,GIANTX,raze,True,100,,0,0,1,0,False,Cloud,GIANTX,fade,True,100,,1,0,1,0,False,Flickless,GIANTX,viper,True,100,,0,0,0,0,False,westside,GIANTX,cypher,True,100,,0,1,0,0,False
32.466,140,ACTIVE_ROUND,1,0,0,96.000,,,MiniBoo,Team Heretics,raze,True,100,,0,1,1,0,False,RieNs,Team Heretics,fade,True,100,,1,0,0,0,False,Boo,Team Heretics,omen,True,100,25,0,1,1,0,False,benjyfishy,Team Heretics,deadlock,True,100,25,1,0,0,0,False,Wo0t,Team Heretics,chamber,True,100,,0,6,1,0,False,grubinho,GIANTX,omen,True,100,25,0,1,2,0,False,ara,GIANTX,raze,True,100,,0,0,1,0,False,Cloud,GIANTX,fade,True,100,,1,0,1,0,False,Flickless,GIANTX,viper,True,100,,0,0,0,0,False,westside,GIANTX,cypher,True,100,,0,1,0,0,False
32.699,141,ACTIVE_ROUND,1,0,0,96.000,,,MiniBoo,Team Heretics,raze,True,100,,0,1,1,0,False,RieNs,Team Heretics,fade,True,100,,1,0,0,0,False,Boo,Team Heretics,omen,True,100,25,0,1,1,0,False,benjyfishy,Team Heretics,deadlock,True,100,25,1,0,0,0,False,Wo0t,Team Heretics,chamber,True,100,,0,6,1,0,False,grubinho,GIANTX,omen,True,100,25,0,1,2,0,False,ara,GIANTX,raze,True,100,,0,0,1,0,False,Cloud,GIANTX,fade,True,100,,1,0,1,0,False,Flickless,GIANTX,viper,True,100,,0,0,0,0,False,westside,GIANTX,cypher,True,100,,0,1,0,0,False
32.933,142,ACTIVE_ROUND,1,0,0,95.000,,,MiniBoo,Team Heretics,raze,True,100,,0,1,1,0,False,RieNs,Team Heretics,fade,True,100,,1,0,0,0,False,Boo,Team Heretics,omen,True,100,25,0,1,1,0,False,benjyfishy,Team Heretics,deadlock,True,100,25,1,0,0,0,False,Wo0t,Team Heretics,chamber,True,100,,0,6,1,0,False,grubinho,GIANTX,omen,True,100,25,0,1,2,0,False,ara,GIANTX,raze,True,100,,0,0,1,0,False,Cloud,GIANTX,fade,True,100,,1,0,1,0,False,Flickless,GIANTX,viper,True,100,,0,0,0,0,False,westside,GIANTX,cypher,True,100,,0,1,0,0,False
33.166,143,ACTIVE_ROUND,1,0,0,95.000,,,MiniBoo,Team Heretics,raze,True,100,,0,1,1,0,False,RieNs,Team Heretics,fade,True,100,,1,0,0,0,False,Boo,Team Heretics,omen,True,100,25,0,1,1,0,False,benjyfishy,Team Heretics,deadlock,True,100,25,1,0,0,0,False,Wo0t,Team Heretics,chamber,True,100,,0,6,1,0,False,grubinho,GIANTX,omen,True,100,25,0,1,2,0,False,ara,GIANTX,raze,True,100,,0,0,1,0,False,Cloud,GIANTX,fade,True,100,,1,0,1,0,False,Flickless,GIANTX,viper,True,100,,0,0,0,0,False,westside,GIANTX,cypher,True,100,,0,1,0,0,False
33.400,144,ACTIVE_ROUND,1,0,0,95.000,,,MiniBoo,Team Heretics,raze,True,100,,0,1,1,0,False,RieNs,Team Heretics,fade,True,100,,1,0,0,0,False,Boo,Team Heretics,omen,True,100,25,0,1,1,0,False,benjyfishy,Team Heretics,deadlock,True,100,25,1,0,0,0,False,Wo0t,Team Heretics,chamber,True,100,,0,6,1,0,False,grubinho,GIANTX,omen,True,100,25,0,1,2,0,False,ara,GIANTX,raze,True,100,,0,0,1,0,False,Cloud,GIANTX,fade,True,100,,1,0,1,0,False,Flickless,GIANTX,viper,True,100,,0,0,0,0,False,westside,GIANTX,cypher,True,100,,0,1,0,0,False
33.634,145,ACTIVE_ROUND,1,0,0,95.000,,,MiniBoo,Team Heretics,raze,True,100,,0,1,1,0,False,RieNs,Team Heretics,fade,True,100,,1,0,0,0,False,Boo,Team Heretics,omen,True,100,25,0,1,1,0,False,benjyfishy,Team Heretics,deadlock,True,100,25,1,0,0,0,False,Wo0t,Team Heretics,chamber,True,100,,0,6,1,0,False,grubinho,GIANTX,omen,True,100,25,0,1,2,0,False,ara,GIANTX,raze,True,100,,0,0,1,0,False,Cloud,GIANTX,fade,True,100,,1,0,1,0,False,Flickless,GIANTX,viper,True,100,,0,0,0,0,False,westside,GIANTX,cypher,True,100,,0,1,0,0,False
33.867,146,ACTIVE_ROUND,1,0,0,95.000,,,MiniBoo,Team Heretics,raze,True,100,,0,1,1,0,False,RieNs,Team Heretics,fade,True,100,,1,0,0,0,False,Boo,Team Heretics,omen,True,100,25,0,1,1,0,False,benjyfishy,Team Heretics,deadlock,True,100,25,1,0,0,0,False,Wo0t,Team Heretics,chamber,True,100,,0,6,1,0,False,grubinho,GIANTX,omen,True,100,25,0,1,2,0,False,ara,GIANTX,raze,True,100,,0,0,1,0,False,Cloud,GIANTX,fade,True,100,,1,0,1,0,False,Flickless,GIANTX,viper,True,100,,0,0,0,0,False,westside,GIANTX,cypher,True,100,,0,1,0,0,False
34.101,147,ACTIVE_ROUND,1,0,0,94.000,,,MiniBoo,Team Heretics,raze,True,100,,0,1,1,0,False,RieNs,Team Heretics,fade,True,100,,1,0,0,0,False,Boo,Team Heretics,omen,True,100,25,0,1,1,0,False,benjyfishy,Team Heretics,deadlock,True,100,25,1,0,0,0,False,Wo0t,Team Heretics,chamber,True,100,,0,6,1,0,False,grubinho,GIANTX,omen,True,100,25,0,1,2,0,False,ara,GIANTX,raze,True,100,,0,0,1,0,False,Cloud,GIANTX,fade,True,100,,1,0,1,0,False,Flickless,GIANTX,viper,True,100,,0,0,0,0,False,westside,GIANTX,cypher,True,100,,0,1,0,0,False
34.334,148,ACTIVE_ROUND,1,0,0,94.000,,,MiniBoo,Team Heretics,raze,True,100,,0,1,1,0,False,RieNs,Team Heretics,fade,True,100,,1,0,0,0,False,Boo,Team Heretics,omen,True,100,25,0,1,1,0,False,benjyfishy,Team Heretics,deadlock,True,100,25,1,0,0,0,False,Wo0t,Team Heretics,chamber,True,100,,0,6,1,0,False,grubinho,GIANTX,omen,True,100,25,0,1,2,0,False,ara,GIANTX,raze,True,100,,0,0,1,0,False,Cloud,GIANTX,fade,True,100,,1,0,1,0,False,Flickless,GIANTX,viper,True,100,,0,0,0,0,False,westside,GIANTX,cypher,True,100,,0,1,0,0,False
34.568,149,ACTIVE_ROUND,1,0,0,94.000,,,MiniBoo,Team Heretics,raze,True,100,,0,1,1,0,False,RieNs,Team Heretics,fade,True,100,,1,0,0,0,False,Boo,Team Heretics,omen,True,100,25,0,1,1,0,False,benjyfishy,Team Heretics,deadlock,True,100,25,1,0,0,0,False,Wo0t,Team Heretics,chamber,True,100,,0,6,1,0,False,grubinho,GIANTX,omen,True,100,25,0,1,2,0,False,ara,GIANTX,raze,True,100,,0,0,1,0,False,Cloud,GIANTX,fade,True,100,,1,0,1,0,False,Flickless,GIANTX,viper,True,100,,0,0,0,0,False,westside,GIANTX,cypher,True,100,,0,1,0,0,False
34.801,150,ACTIVE_ROUND,1,0,0,94.000,,,MiniBoo,Team Heretics,raze,True,100,,0,1,1,0,False,RieNs,Team Heretics,fade,True,100,,1,0,0,0,False,Boo,Team Heretics,omen,True,100,25,0,1,1,0,False,benjyfishy,Team Heretics,deadlock,True,100,25,0,0,0,0,False,Wo0t,Team Heretics,chamber,True,100,,0,6,1,0,False,grubinho,GIANTX,omen,True,100,25,0,1,2,0,False,ara,GIANTX,raze,True,100,,0,0,1,0,False,Cloud,GIANTX,fade,True,100,,1,0,1,0,False,Flickless,GIANTX,viper,True,100,,0,0,0,0,False,westside,GIANTX,cypher,True,100,,0,1,0,0,False
35.035,151,ACTIVE_ROUND,1,0,0,93.000,,,MiniBoo,Team Heretics,raze,True,100,,0,1,1,0,False,RieNs,Team Heretics,fade,True,100,,1,0,0,0,False,Boo,Team Heretics,omen,True,100,25,0,1,1,0,False,benjyfishy,Team Heretics,deadlock,True,100,25,0,0,0,0,False,Wo0t,Team Heretics,chamber,True,100,,0,6,1,0,False,grubinho,GIANTX,omen,True,100,25,0,1,2,0,False,ara,GIANTX,raze,True,100,,0,0,1,0,False,Cloud,GIANTX,fade,True,100,,1,0,1,0,False,Flickless,GIANTX,viper,True,100,,0,0,0,0,False,westside,GIANTX,cypher,True,100,,0,1,0,0,False
35.269,152,ACTIVE_ROUND,1,0,0,93.000,,,MiniBoo,Team Heretics,raze,True,100,,0,1,1,0,False,RieNs,Team Heretics,fade,True,100,,1,0,0,0,False,Boo,Team Heretics,omen,True,100,25,0,1,1,0,False,benjyfishy,Team Heretics,deadlock,True,100,25,0,0,0,0,False,Wo0t,Team Heretics,chamber,True,100,,0,6,1,0,False,grubinho,GIANTX,omen,True,100,25,0,1,2,0,False,ara,GIANTX,raze,True,100,,0,0,1,0,False,Cloud,GIANTX,fade,True,100,,1,0,1,0,False,Flickless,GIANTX,viper,True,100,,0,0,0,0,False,westside,GIANTX,cypher,True,100,,0,1,0,0,False
35.502,153,ACTIVE_ROUND,1,0,0,93.000,,,MiniBoo,Team Heretics,raze,True,100,,0,1,1,0,False,RieNs,Team Heretics,fade,True,100,,1,0,0,0,False,Boo,Team Heretics,omen,True,100,25,0,1,1,0,False,benjyfishy,Team Heretics,deadlock,True,100,25,0,0,0,0,False,Wo0t,Team Heretics,chamber,True,100,,0,6,1,0,False,grubinho,GIANTX,omen,True,100,25,0,1,2,0,False,ara,GIANTX,raze,True,100,,0,0,1,0,False,Cloud,GIANTX,fade,True,100,,1,0,1,0,False,Flickless,GIANTX,viper,True,100,,0,0,0,0,False,westside,GIANTX,cypher,True,100,,0,1,0,0,False
35.736,154,ACTIVE_ROUND,1,0,0,93.000,,,MiniBoo,Team Heretics,raze,True,100,,0,1,1,0,False,RieNs,Team Heretics,fade,True,100,,1,0,0,0,False,Boo,Team Heretics,omen,True,100,25,0,1,1,0,False,benjyfishy,Team Heretics,deadlock,True,100,25,0,0,0,0,False,Wo0t,Team Heretics,chamber,True,100,,0,6,1,0,False,grubinho,GIANTX,omen,True,100,25,0,1,2,0,False,ara,GIANTX,raze,True,100,,0,0,1,0,False,Cloud,GIANTX,fade,True,100,,1,0,1,0,False,Flickless,GIANTX,viper,True,100,,0,0,0,0,False,westside,GIANTX,cypher,True,100,,0,1,0,0,False
35.969,155,ACTIVE_ROUND,1,0,0,92.000,,,MiniBoo,Team Heretics,raze,True,100,,0,1,1,0,False,RieNs,Team Heretics,fade,True,100,,1,0,0,0,False,Boo,Team Heretics,omen,True,100,25,0,1,1,0,False,benjyfishy,Team Heretics,deadlock,True,100,25,0,0,0,0,False,Wo0t,Team Heretics,chamber,True,100,,0,6,1,0,False,grubinho,GIANTX,omen,True,100,25,0,1,2,0,False,ara,GIANTX,raze,True,100,,0,0,1,0,False,Cloud,GIANTX,fade,True,100,,1,0,1,0,False,Flickless,GIANTX,viper,True,100,,0,0,0,0,False,westside,GIANTX,cypher,True,100,,0,1,0,0,False
36.203,156,ACTIVE_ROUND,1,0,0,92.000,,,MiniBoo,Team Heretics,raze,True,100,,0,1,1,0,False,RieNs,Team Heretics,fade,True,100,,1,0,0,0,False,Boo,Team Heretics,omen,True,100,25,0,1,1,0,False,benjyfishy,Team Heretics,deadlock,True,100,25,0,0,0,0,False,Wo0t,Team Heretics,chamber,True,100,,0,6,1,0,False,grubinho,GIANTX,omen,True,100,25,0,1,2,0,False,ara,GIANTX,raze,True,100,,0,0,1,0,False,Cloud,GIANTX,fade,True,100,,1,0,1,0,False,Flickless,GIANTX,viper,True,100,,0,0,0,0,False,westside,GIANTX,cypher,True,100,,0,1,0,0,False
36.436,157,ACTIVE_ROUND,1,0,0,92.000,,,MiniBoo,Team Heretics,raze,True,100,,0,1,1,0,False,RieNs,Team Heretics,fade,True,100,,1,0,0,0,False,Boo,Team Heretics,omen,True,100,25,0,1,1,0,False,benjyfishy,Team Heretics,deadlock,True,100,25,0,0,0,0,False,Wo0t,Team Heretics,chamber,True,100,,0,6,1,0,False,grubinho,GIANTX,omen,True,100,25,0,1,2,0,False,ara,GIANTX,raze,True,100,,0,0,1,0,False,Cloud,GIANTX,fade,True,100,,1,0,1,0,False,Flickless,GIANTX,viper,True,100,,0,0,0,0,False,westside,GIANTX,cypher,True,100,,0,1,0,0,False
36.670,158,ACTIVE_ROUND,1,0,0,92.000,,,MiniBoo,Team Heretics,raze,True,100,,0,1,1,0,False,RieNs,Team Heretics,fade,True,100,,1,0,0,0,False,Boo,Team Heretics,omen,True,100,25,0,1,1,0,False,benjyfishy,Team Heretics,deadlock,True,100,25,0,0,0,0,False,Wo0t,Team Heretics,chamber,True,100,,0,6,1,0,False,grubinho,GIANTX,omen,True,100,25,0,1,2,0,False,ara,GIANTX,raze,True,100,,0,0,1,0,False,Cloud,GIANTX,fade,True,100,,1,0,1,0,False,Flickless,GIANTX,viper,True,100,,0,0,0,0,False,westside,GIANTX,cypher,True,100,,0,1,0,0,False
36.904,159,ACTIVE_ROUND,1,0,0,91.000,,,MiniBoo,Team Heretics,raze,True,100,,0,1,1,0,False,RieNs,Team Heretics,fade,True,100,,1,0,0,0,False,Boo,Team Heretics,omen,True,100,25,0,1,1,0,False,benjyfishy,Team Heretics,deadlock,True,100,25,0,0,0,0,False,Wo0t,Team Heretics,chamber,True,100,,0,6,1,0,False,grubinho,GIANTX,omen,True,100,25,0,1,2,0,False,ara,GIANTX,raze,True,100,,0,0,1,0,False,Cloud,GIANTX,fade,True,100,,1,0,1,0,False,Flickless,GIANTX,viper,True,100,,0,0,0,0,False,westside,GIANTX,cypher,True,100,,0,1,0,0,False
37.137,160,ACTIVE_ROUND,1,0,0,91.000,,,MiniBoo,Team Heretics,raze,True,100,,0,1,1,0,False,RieNs,Team Heretics,fade,True,100,,1,0,0,0,False,Boo,Team Heretics,omen,True,100,25,0,1,1,0,False,benjyfishy,Team Heretics,deadlock,True,100,25,0,0,0,0,False,Wo0t,Team Heretics,chamber,True,100,,0,6,1,0,False,grubinho,GIANTX,omen,True,100,25,0,1,2,0,False,ara,GIANTX,raze,True,100,,0,0,1,0,False,Cloud,GIANTX,fade,True,100,,1,0,1,0,False,Flickless,GIANTX,viper,True,100,,0,0,0,0,False,westside,GIANTX,cypher,True,100,,0,1,0,0,False
37.371,161,ACTIVE_ROUND,1,0,0,91.000,,,MiniBoo,Team Heretics,raze,True,100,,0,1,1,0,False,RieNs,Team Heretics,fade,True,100,,1,0,0,0,False,Boo,Team Heretics,omen,True,100,25,0,1,1,0,False,benjyfishy,Team Heretics,deadlock,True,100,25,0,0,0,0,False,Wo0t,Team Heretics,chamber,True,100,,0,6,1,0,False,grubinho,GIANTX,omen,True,100,25,0,1,2,0,False,ara,GIANTX,raze,True,100,,0,0,1,0,False,Cloud,GIANTX,fade,True,100,,1,0,1,0,False,Flickless,GIANTX,viper,True,100,,0,0,0,0,False,westside,GIANTX,cypher,True,100,,0,1,0,0,False
37.604,162,ACTIVE_ROUND,1,0,0,91.000,,,MiniBoo,Team Heretics,raze,True,100,,0,1,1,0,False,RieNs,Team Heretics,fade,True,100,,1,0,0,0,False,Boo,Team Heretics,omen,True,100,25,0,1,1,0,False,benjyfishy,Team Heretics,deadlock,True,100,25,0,0,0,0,False,Wo0t,Team Heretics,chamber,True,100,,0,6,1,0,False,grubinho,GIANTX,omen,True,100,25,0,1,2,0,False,ara,GIANTX,raze,True,100,,0,0,1,0,False,Cloud,GIANTX,fade,True,100,,1,0,1,0,False,Flickless,GIANTX,viper,True,100,,0,0,0,0,False,westside,GIANTX,cypher,True,100,,0,1,0,0,False
37.838,163,ACTIVE_ROUND,1,0,0,90.000,,,MiniBoo,Team Heretics,raze,True,100,,0,1,1,1,False,RieNs,Team Heretics,fade,True,100,,1,0,0,0,False,Boo,Team Heretics,omen,True,100,25,0,1,1,0,False,benjyfishy,Team Heretics,deadlock,True,100,25,0,0,0,0,False,Wo0t,Team Heretics,chamber,True,100,,0,6,1,0,False,grubinho,GIANTX,omen,True,100,25,0,1,2,0,False,ara,GIANTX,raze,True,100,,0,0,1,0,False,Cloud,GIANTX,fade,True,100,,1,0,1,0,False,Flickless,GIANTX,viper,True,100,,0,0,0,0,False,westside,GIANTX,cypher,True,100,,0,1,0,0,False
38.071,164,ACTIVE_ROUND,1,0,0,90.000,,,MiniBoo,Team Heretics,raze,True,100,,0,1,1,1,False,RieNs,Team Heretics,fade,True,100,,1,0,0,0,False,Boo,Team Heretics,omen,True,100,25,0,1,1,0,False,benjyfishy,Team Heretics,deadlock,True,100,25,0,0,0,0,False,Wo0t,Team Heretics,chamber,True,100,,0,6,1,0,False,grubinho,GIANTX,omen,True,100,25,0,1,2,0,False,ara,GIANTX,raze,True,100,,0,0,1,0,False,Cloud,GIANTX,fade,True,100,,1,0,1,0,False,Flickless,GIANTX,viper,True,100,,0,0,0,0,False,westside,GIANTX,cypher,True,100,,0,1,0,0,False
38.305,165,ACTIVE_ROUND,1,0,0,90.000,,,MiniBoo,Team Heretics,raze,True,100,,0,1,1,1,False,RieNs,Team Heretics,fade,True,100,,1,0,0,0,False,Boo,Team Heretics,omen,True,100,25,0,1,1,0,False,benjyfishy,Team Heretics,deadlock,True,100,25,0,0,0,0,False,Wo0t,Team Heretics,chamber,True,100,,0,6,1,0,False,grubinho,GIANTX,omen,True,100,25,0,1,2,0,False,ara,GIANTX,raze,True,100,,0,0,1,0,False,Cloud,GIANTX,fade,True,100,,1,0,1,0,False,Flickless,GIANTX,viper,True,100,,0,0,0,0,False,westside,GIANTX,cypher,True,100,,0,1,0,0,False
38.538,166,ACTIVE_ROUND,1,0,0,90.000,,,MiniBoo,Team Heretics,raze,True,100,,0,1,1,1,False,RieNs,Team Heretics,fade,True,100,,1,0,0,0,False,Boo,Team Heretics,omen,True,100,25,0,1,1,0,False,benjyfishy,Team Heretics,deadlock,True,100,25,0,0,0,0,False,Wo0t,Team Heretics,chamber,True,100,,0,6,1,0,False,grubinho,GIANTX,omen,True,100,25,0,1,2,0,False,ara,GIANTX,raze,True,100,,0,0,1,0,False,Cloud,GIANTX,fade,True,100,,1,0,1,0,False,Flickless,GIANTX,viper,True,100,,0,0,0,0,False,westside,GIANTX,cypher,True,100,,0,1,0,0,False
38.772,167,ACTIVE_ROUND,1,0,0,90.000,,,MiniBoo,Team Heretics,raze,True,100,,0,1,1,1,False,RieNs,Team Heretics,fade,True,100,,1,0,0,0,False,Boo,Team Heretics,omen,True,100,25,0,1,1,0,False,benjyfishy,Team Heretics,deadlock,True,100,25,0,0,0,0,False,Wo0t,Team Heretics,chamber,True,100,,0,6,1,0,False,grubinho,GIANTX,omen,True,100,25,0,1,2,0,False,ara,GIANTX,raze,True,100,,0,0,1,0,False,Cloud,GIANTX,fade,True,100,,1,0,1,0,False,Flickless,GIANTX,viper,True,100,,0,0,0,0,False,westside,GIANTX,cypher,True,100,,0,1,0,0,False
39.006,168,ACTIVE_ROUND,1,0,0,89.000,,,MiniBoo,Team Heretics,raze,True,100,,0,1,1,1,False,RieNs,Team Heretics,fade,True,100,,1,0,0,0,False,Boo,Team Heretics,omen,True,100,25,0,1,1,0,False,benjyfishy,Team Heretics,deadlock,True,100,25,0,0,0,0,False,Wo0t,Team Heretics,chamber,True,100,,0,6,1,0,False,grubinho,GIANTX,omen,True,100,25,0,1,2,0,False,ara,GIANTX,raze,True,100,,0,0,1,0,False,Cloud,GIANTX,fade,True,100,,1,0,1,0,False,Flickless,GIANTX,viper,True,100,,0,0,0,0,False,westside,GIANTX,cypher,True,100,,0,1,0,0,False
39.239,169,ACTIVE_ROUND,1,0,0,89.000,,,MiniBoo,Team Heretics,raze,True,100,,0,1,1,1,False,RieNs,Team Heretics,fade,True,100,,1,0,0,0,False,Boo,Team Heretics,omen,True,100,25,0,1,1,0,False,benjyfishy,Team Heretics,deadlock,True,100,25,0,0,0,0,False,Wo0t,Team Heretics,chamber,True,100,,0,6,1,0,False,grubinho,GIANTX,omen,True,100,25,0,1,2,0,False,ara,GIANTX,raze,True,100,,0,0,1,0,False,Cloud,GIANTX,fade,True,100,,1,0,1,0,False,Flickless,GIANTX,viper,True,100,,0,0,0,0,False,westside,GIANTX,cypher,True,100,,0,1,0,0,False
39.473,170,ACTIVE_ROUND,1,0,0,89.000,,,MiniBoo,Team Heretics,raze,True,100,,0,1,1,1,False,RieNs,Team Heretics,fade,True,100,,1,0,0,0,False,Boo,Team Heretics,omen,True,100,25,0,1,1,0,False,benjyfishy,Team Heretics,deadlock,True,100,25,0,0,0,0,False,Wo0t,Team Heretics,chamber,True,100,,0,6,1,0,False,grubinho,GIANTX,omen,True,100,25,0,1,2,0,False,ara,GIANTX,raze,True,100,,0,0,1,0,False,Cloud,GIANTX,fade,True,100,,1,0,1,0,False,Flickless,GIANTX,viper,True,100,,0,0,0,0,False,westside,GIANTX,cypher,True,100,,0,1,0,0,False
39.706,171,ACTIVE_ROUND,1,0,0,89.000,,,MiniBoo,Team Heretics,raze,True,100,,0,1,1,1,False,RieNs,Team Heretics,fade,True,100,,1,0,0,0,False,Boo,Team Heretics,omen,True,100,25,0,1,1,0,False,benjyfishy,Team Heretics,deadlock,True,100,25,0,0,0,0,False,Wo0t,Team Heretics,chamber,True,100,,0,6,1,0,False,grubinho,GIANTX,omen,True,100,25,0,1,2,0,False,ara,GIANTX,raze,True,100,,0,0,1,0,False,Cloud,GIANTX,fade,True,100,,1,0,1,0,False,Flickless,GIANTX,viper,True,100,,0,0,0,0,False,westside,GIANTX,cypher,True,100,,0,1,0,0,False
39.940,172,ACTIVE_ROUND,1,0,0,88.000,,,MiniBoo,Team Heretics,raze,True,100,,0,1,1,1,False,RieNs,Team Heretics,fade,True,100,,1,0,0,0,False,Boo,Team Heretics,omen,True,100,25,0,1,1,0,False,benjyfishy,Team Heretics,deadlock,True,100,25,0,0,0,0,False,Wo0t,Team Heretics,chamber,True,100,,0,6,1,0,False,grubinho,GIANTX,omen,True,100,25,0,1,2,0,False,ara,GIANTX,raze,True,100,,0,0,1,0,False,Cloud,GIANTX,fade,True,100,,1,0,1,0,False,Flickless,GIANTX,viper,True,100,,0,0,0,0,False,westside,GIANTX,cypher,True,100,,0,1,0,0,False
40.173,173,ACTIVE_ROUND,1,0,0,88.000,,,MiniBoo,Team Heretics,raze,True,100,,0,1,1,1,False,RieNs,Team Heretics,fade,True,100,,1,0,0,0,False,Boo,Team Heretics,omen,True,100,25,0,1,1,0,False,benjyfishy,Team Heretics,deadlock,True,100,25,0,0,0,0,False,Wo0t,Team Heretics,chamber,True,100,,0,6,1,0,False,grubinho,GIANTX,omen,True,100,25,0,1,2,0,False,ara,GIANTX,raze,True,100,,0,0,1,0,False,Cloud,GIANTX,fade,True,100,,1,0,1,0,False,Flickless,GIANTX,viper,True,100,,0,0,0,0,False,westside,GIANTX,cypher,True,100,,0,1,0,0,False
40.407,174,ACTIVE_ROUND,1,0,0,88.000,,,MiniBoo,Team Heretics,raze,True,100,,0,1,1,1,False,RieNs,Team Heretics,fade,True,100,,1,0,0,0,False,Boo,Team Heretics,omen,True,100,25,0,1,1,0,False,benjyfishy,Team Heretics,deadlock,True,100,25,0,0,0,0,False,Wo0t,Team Heretics,chamber,True,100,,0,6,1,0,False,grubinho,GIANTX,omen,True,100,25,0,1,2,0,False,ara,GIANTX,raze,True,100,,0,0,1,0,False,Cloud,GIANTX,fade,True,100,,1,0,1,0,False,Flickless,GIANTX,viper,True,100,,0,0,0,0,False,westside,GIANTX,cypher,True,100,,0,1,0,0,False
40.641,175,ACTIVE_ROUND,1,0,0,88.000,,,MiniBoo,Team Heretics,raze,True,100,,0,1,1,1,False,RieNs,Team Heretics,fade,True,100,,1,0,0,0,False,Boo,Team Heretics,omen,True,100,25,0,1,1,0,False,benjyfishy,Team Heretics,deadlock,True,100,25,0,0,0,0,False,Wo0t,Team Heretics,chamber,True,100,,0,6,1,0,False,grubinho,GIANTX,omen,True,100,25,0,1,2,0,False,ara,GIANTX,raze,True,100,,0,0,1,0,False,Cloud,GIANTX,fade,True,100,,1,0,1,0,False,Flickless,GIANTX,viper,True,100,,0,0,0,0,False,westside,GIANTX,cypher,True,100,,0,1,0,0,False
40.874,176,ACTIVE_ROUND,1,0,0,87.000,,,MiniBoo,Team Heretics,raze,True,70,,0,1,1,1,False,RieNs,Team Heretics,fade,True,100,,1,0,0,0,False,Boo,Team Heretics,omen,True,100,25,0,1,1,0,False,benjyfishy,Team Heretics,deadlock,True,100,25,0,0,0,0,False,Wo0t,Team Heretics,chamber,True,100,,0,6,1,0,False,grubinho,GIANTX,omen,True,100,25,0,1,2,0,False,ara,GIANTX,raze,True,100,,0,0,1,0,False,Cloud,GIANTX,fade,True,100,,1,0,1,0,False,Flickless,GIANTX,viper,True,100,,0,0,0,0,False,westside,GIANTX,cypher,True,100,,0,1,0,0,False
41.108,177,ACTIVE_ROUND,1,0,0,87.000,,,MiniBoo,Team Heretics,raze,True,70,,0,1,1,1,False,RieNs,Team Heretics,fade,True,100,,1,0,0,0,False,Boo,Team Heretics,omen,True,100,25,0,1,1,0,False,benjyfishy,Team Heretics,deadlock,True,100,25,0,0,0,0,False,Wo0t,Team Heretics,chamber,True,100,,0,6,1,0,False,grubinho,GIANTX,omen,True,100,25,0,1,2,0,False,ara,GIANTX,raze,True,100,,0,0,1,0,False,Cloud,GIANTX,fade,True,100,,1,0,1,0,False,Flickless,GIANTX,viper,True,100,,0,0,0,0,False,westside,GIANTX,cypher,True,100,,0,1,0,0,False
41.341,178,ACTIVE_ROUND,1,0,0,87.000,,,MiniBoo,Team Heretics,raze,True,70,,0,1,1,1,False,RieNs,Team Heretics,fade,True,100,,1,0,0,0,False,Boo,Team Heretics,omen,True,100,25,0,1,1,0,False,benjyfishy,Team Heretics,deadlock,True,100,25,0,0,0,0,False,Wo0t,Team Heretics,chamber,True,100,,0,6,1,0,False,grubinho,GIANTX,omen,True,100,25,0,1,2,0,False,ara,GIANTX,raze,True,100,,0,0,1,0,False,Cloud,GIANTX,fade,True,100,,1,0,1,0,False,Flickless,GIANTX,viper,True,100,,0,0,0,0,False,westside,GIANTX,cypher,True,100,,0,1,0,0,False
41.575,179,ACTIVE_ROUND,1,0,0,87.000,,,MiniBoo,Team Heretics,raze,True,70,,0,1,1,1,False,RieNs,Team Heretics,fade,True,100,,1,0,0,0,False,Boo,Team Heretics,omen,True,100,25,0,1,1,0,False,benjyfishy,Team Heretics,deadlock,True,100,25,0,0,0,0,False,Wo0t,Team Heretics,chamber,True,100,,0,6,1,0,False,grubinho,GIANTX,omen,True,100,25,0,1,2,0,False,ara,GIANTX,raze,True,100,,0,0,1,0,False,Cloud,GIANTX,fade,True,100,,1,0,1,0,False,Flickless,GIANTX,viper,True,100,,0,0,0,0,False,westside,GIANTX,cypher,True,100,,0,1,0,0,False
41.808,180,ACTIVE_ROUND,1,0,0,87.000,,,MiniBoo,Team Heretics,raze,True,74,,0,1,1,1,False,RieNs,Team Heretics,fade,True,100,,1,0,0,0,False,Boo,Team Heretics,omen,True,100,25,0,1,1,0,False,benjyfishy,Team Heretics,deadlock,True,100,25,0,0,0,0,False,Wo0t,Team Heretics,chamber,True,100,,0,6,1,0,False,grubinho,GIANTX,omen,True,100,25,0,1,2,0,False,ara,GIANTX,raze,True,100,,0,0,1,0,False,Cloud,GIANTX,fade,True,100,,1,0,1,0,False,Flickless,GIANTX,viper,True,100,,0,0,0,0,False,westside,GIANTX,cypher,True,100,,0,1,0,0,False
42.042,181,ACTIVE_ROUND,1,0,0,86.000,,,MiniBoo,Team Heretics,raze,True,74,,0,1,1,1,False,RieNs,Team Heretics,fade,True,100,,1,0,0,0,False,Boo,Team Heretics,omen,True,100,25,0,1,1,0,False,benjyfishy,Team Heretics,deadlock,True,100,25,0,0,0,0,False,Wo0t,Team Heretics,chamber,True,100,,0,6,1,0,False,grubinho,GIANTX,omen,True,100,25,0,1,2,0,False,ara,GIANTX,raze,True,100,,0,0,1,0,False,Cloud,GIANTX,fade,True,100,,1,0,1,0,False,Flickless,GIANTX,viper,True,100,,0,0,0,0,False,westside,GIANTX,cypher,True,100,,0,1,0,0,False
42.276,182,ACTIVE_ROUND,1,0,0,86.000,,,MiniBoo,Team Heretics,raze,True,74,,0,1,1,1,False,RieNs,Team Heretics,fade,True,100,,1,0,0,0,False,Boo,Team Heretics,omen,True,100,25,0,1,1,0,False,benjyfishy,Team Heretics,deadlock,True,100,25,0,0,0,0,False,Wo0t,Team Heretics,chamber,True,100,,0,6,1,0,False,grubinho,GIANTX,omen,True,100,25,0,1,2,0,False,ara,GIANTX,raze,True,100,,0,0,1,0,False,Cloud,GIANTX,fade,True,100,,1,0,1,0,False,Flickless,GIANTX,viper,True,100,,0,0,0,0,False,westside,GIANTX,cypher,True,100,,0,1,0,0,False
42.509,183,ACTIVE_ROUND,1,0,0,86.000,,,MiniBoo,Team Heretics,raze,True,74,,0,1,1,1,False,RieNs,Team Heretics,fade,True,100,,1,0,0,0,False,Boo,Team Heretics,omen,True,100,25,0,1,1,0,False,benjyfishy,Team Heretics,deadlock,True,100,25,0,0,0,0,False,Wo0t,Team Heretics,chamber,True,100,,0,6,1,0,False,grubinho,GIANTX,omen,True,100,25,0,1,2,0,False,ara,GIANTX,raze,True,100,,0,0,1,0,False,Cloud,GIANTX,fade,True,100,,1,0,1,0,False,Flickless,GIANTX,viper,True,100,,0,0,0,0,False,westside,GIANTX,cypher,True,100,,0,1,0,0,False
42.743,184,ACTIVE_ROUND,1,0,0,86.000,,,MiniBoo,Team Heretics,raze,True,74,,0,1,1,1,False,RieNs,Team Heretics,fade,True,100,,1,0,0,0,False,Boo,Team Heretics,omen,True,100,25,0,1,1,0,False,benjyfishy,Team Heretics,deadlock,True,100,25,0,0,0,0,False,Wo0t,Team Heretics,chamber,True,100,,0,6,1,0,False,grubinho,GIANTX,omen,True,100,25,0,1,2,0,False,ara,GIANTX,raze,True,100,,0,0,1,0,False,Cloud,GIANTX,fade,True,100,,1,0,1,0,False,Flickless,GIANTX,viper,True,100,,0,0,0,0,False,westside,GIANTX,cypher,True,100,,0,1,0,0,False
42.976,185,ACTIVE_ROUND,1,0,0,85.000,,,MiniBoo,Team Heretics,raze,True,99,,0,1,1,1,False,RieNs,Team Heretics,fade,True,100,,1,0,0,0,False,Boo,Team Heretics,omen,True,100,25,0,1,1,0,False,benjyfishy,Team Heretics,deadlock,True,100,25,0,0,0,0,False,Wo0t,Team Heretics,chamber,True,100,,0,6,1,0,False,grubinho,GIANTX,omen,True,100,25,0,1,2,0,False,ara,GIANTX,raze,True,100,,0,0,1,0,False,Cloud,GIANTX,fade,True,100,,1,0,1,0,False,Flickless,GIANTX,viper,True,100,,0,0,0,0,False,westside,GIANTX,cypher,True,100,,0,1,0,0,False
43.210,186,ACTIVE_ROUND,1,0,0,85.000,,,MiniBoo,Team Heretics,raze,True,99,,0,1,1,1,False,RieNs,Team Heretics,fade,True,100,,1,0,0,0,False,Boo,Team Heretics,omen,True,100,25,0,1,1,0,False,benjyfishy,Team Heretics,deadlock,True,100,25,0,0,0,0,False,Wo0t,Team Heretics,chamber,True,100,,0,6,1,0,False,grubinho,GIANTX,omen,True,100,25,0,1,2,0,False,ara,GIANTX,raze,True,100,,0,0,1,0,False,Cloud,GIANTX,fade,True,100,,1,0,1,0,False,Flickless,GIANTX,viper,True,100,,0,0,0,0,False,westside,GIANTX,cypher,True,100,,0,1,0,0,False
43.443,187,ACTIVE_ROUND,1,0,0,85.000,,,MiniBoo,Team Heretics,raze,True,99,,0,1,1,1,False,RieNs,Team Heretics,fade,True,100,,1,0,0,0,False,Boo,Team Heretics,omen,True,100,25,0,1,1,0,False,benjyfishy,Team Heretics,deadlock,True,100,25,0,0,0,0,False,Wo0t,Team Heretics,chamber,True,100,,0,6,1,0,False,grubinho,GIANTX,omen,True,100,25,0,1,2,0,False,ara,GIANTX,raze,True,100,,0,0,1,0,False,Cloud,GIANTX,fade,True,100,,1,0,1,0,False,Flickless,GIANTX,viper,True,100,,0,0,0,0,False,westside,GIANTX,cypher,True,100,,0,1,0,0,False
43.677,188,ACTIVE_ROUND,1,0,0,85.000,,,MiniBoo,Team Heretics,raze,True,99,,0,1,1,1,False,RieNs,Team Heretics,fade,True,100,,1,0,0,0,False,Boo,Team Heretics,omen,True,100,25,0,1,1,0,False,benjyfishy,Team Heretics,deadlock,True,100,25,0,0,0,0,False,Wo0t,Team Heretics,chamber,True,100,,0,6,1,0,False,grubinho,GIANTX,omen,True,100,25,0,1,2,0,False,ara,GIANTX,raze,True,100,,0,0,1,0,False,Cloud,GIANTX,fade,True,100,,1,0,1,0,False,Flickless,GIANTX,viper,True,100,,0,0,0,0,False,westside,GIANTX,cypher,True,100,,0,1,0,0,False
43.911,189,ACTIVE_ROUND,1,0,0,84.000,,,MiniBoo,Team Heretics,raze,True,100,,0,1,1,1,False,RieNs,Team Heretics,fade,True,100,,1,0,0,0,False,Boo,Team Heretics,omen,True,100,25,0,1,1,0,False,benjyfishy,Team Heretics,deadlock,True,100,25,0,0,0,0,False,Wo0t,Team Heretics,chamber,True,100,,0,6,1,0,False,grubinho,GIANTX,omen,True,100,25,0,1,2,0,False,ara,GIANTX,raze,True,100,,0,0,1,0,False,Cloud,GIANTX,fade,True,100,,1,0,1,0,False,Flickless,GIANTX,viper,True,100,,0,0,0,0,False,westside,GIANTX,cypher,True,100,,0,1,0,0,False
44.144,190,ACTIVE_ROUND,1,0,0,84.000,,,MiniBoo,Team Heretics,raze,True,100,,0,1,1,1,False,RieNs,Team Heretics,fade,True,100,,1,0,0,0,False,Boo,Team Heretics,omen,True,100,25,0,1,1,0,False,benjyfishy,Team Heretics,deadlock,True,100,25,0,0,0,0,False,Wo0t,Team Heretics,chamber,True,100,,0,6,1,0,False,grubinho,GIANTX,omen,True,100,25,0,1,2,0,False,ara,GIANTX,raze,True,100,,0,0,1,0,False,Cloud,GIANTX,fade,True,100,,1,0,1,0,False,Flickless,GIANTX,viper,True,100,,0,0,0,0,False,westside,GIANTX,cypher,True,100,,0,1,0,0,False
44.378,191,ACTIVE_ROUND,1,0,0,84.000,,,MiniBoo,Team Heretics,raze,True,100,,0,1,1,1,False,RieNs,Team Heretics,fade,True,100,,1,0,0,0,False,Boo,Team Heretics,omen,True,100,25,0,1,1,0,False,benjyfishy,Team Heretics,deadlock,True,100,25,0,0,0,0,False,Wo0t,Team Heretics,chamber,True,100,,0,6,1,0,False,grubinho,GIANTX,omen,True,100,25,0,1,2,0,False,ara,GIANTX,raze,True,100,,0,0,1,0,False,Cloud,GIANTX,fade,True,100,,1,0,1,0,False,Flickless,GIANTX,viper,True,100,,0,0,0,0,False,westside,GIANTX,cypher,True,100,,0,1,0,0,False
44.611,192,ACTIVE_ROUND,1,0,0,84.000,,,MiniBoo,Team Heretics,raze,True,100,,0,1,1,1,False,RieNs,Team Heretics,fade,True,100,,1,0,0,0,False,Boo,Team Heretics,omen,True,100,25,0,1,1,0,False,benjyfishy,Team Heretics,deadlock,True,100,25,0,0,0,0,False,Wo0t,Team Heretics,chamber,True,100,,0,6,1,0,False,grubinho,GIANTX,omen,True,100,25,0,1,2,0,False,ara,GIANTX,raze,True,100,,0,0,1,0,False,Cloud,GIANTX,fade,True,100,,1,0,1,0,False,Flickless,GIANTX,viper,True,100,,0,0,0,0,False,westside,GIANTX,cypher,True,100,,0,1,0,0,False
44.845,193,ACTIVE_ROUND,1,0,0,84.000,,,MiniBoo,Team Heretics,raze,True,100,,0,1,1,1,False,RieNs,Team Heretics,fade,True,100,,1,0,0,0,False,Boo,Team Heretics,omen,True,100,25,0,1,1,0,False,benjyfishy,Team Heretics,deadlock,True,100,25,0,0,0,0,False,Wo0t,Team Heretics,chamber,True,100,,0,6,1,0,False,grubinho,GIANTX,omen,True,100,25,0,1,2,0,False,ara,GIANTX,raze,True,100,,0,0,1,0,False,Cloud,GIANTX,fade,True,100,,1,0,1,0,False,Flickless,GIANTX,viper,True,100,,0,0,0,0,False,westside,GIANTX,cypher,True,100,,0,1,0,0,False
45.078,194,ACTIVE_ROUND,1,0,0,83.000,,,MiniBoo,Team Heretics,raze,True,100,,0,1,1,1,False,RieNs,Team Heretics,fade,True,100,,1,0,0,0,False,Boo,Team Heretics,omen,True,100,25,0,1,1,0,False,benjyfishy,Team Heretics,deadlock,True,100,25,0,0,0,0,False,Wo0t,Team Heretics,chamber,True,100,,0,6,1,0,False,grubinho,GIANTX,omen,True,100,25,0,1,2,0,False,ara,GIANTX,raze,True,100,,0,0,1,0,False,Cloud,GIANTX,fade,True,100,,1,0,1,0,False,Flickless,GIANTX,viper,True,100,,0,0,0,0,False,westside,GIANTX,cypher,True,100,,0,1,0,0,False
45.312,195,ACTIVE_ROUND,1,0,0,83.000,,,MiniBoo,Team Heretics,raze,True,100,,0,1,1,1,False,RieNs,Team Heretics,fade,True,100,,1,0,0,0,False,Boo,Team Heretics,omen,True,100,25,0,1,1,0,False,benjyfishy,Team Heretics,deadlock,True,100,25,0,0,0,0,False,Wo0t,Team Heretics,chamber,True,100,,0,6,1,0,False,grubinho,GIANTX,omen,True,100,25,0,1,2,0,False,ara,GIANTX,raze,True,100,,0,0,1,0,False,Cloud,GIANTX,fade,True,100,,1,0,1,0,False,Flickless,GIANTX,viper,True,100,,0,0,0,0,False,westside,GIANTX,cypher,True,100,,0,1,0,0,False
45.546,196,ACTIVE_ROUND,1,0,0,83.000,,,MiniBoo,Team Heretics,raze,True,100,,0,1,1,1,False,RieNs,Team Heretics,fade,True,100,,1,0,0,0,False,Boo,Team Heretics,omen,True,100,25,0,1,1,0,False,benjyfishy,Team Heretics,deadlock,True,100,25,0,0,0,0,False,Wo0t,Team Heretics,chamber,True,100,,0,6,1,0,False,grubinho,GIANTX,omen,True,100,25,0,1,2,0,False,ara,GIANTX,raze,True,100,,0,0,1,0,False,Cloud,GIANTX,fade,True,100,,1,0,1,0,False,Flickless,GIANTX,viper,True,100,,0,0,0,0,False,westside,GIANTX,cypher,True,100,,0,1,0,0,False
45.779,197,ACTIVE_ROUND,1,0,0,83.000,,,MiniBoo,Team Heretics,raze,True,100,,0,1,1,1,False,RieNs,Team Heretics,fade,True,100,,1,0,0,0,False,Boo,Team Heretics,omen,True,100,25,0,1,1,0,False,benjyfishy,Team Heretics,deadlock,True,100,25,0,0,0,0,False,Wo0t,Team Heretics,chamber,True,100,,0,6,1,0,False,grubinho,GIANTX,omen,True,100,25,0,1,2,0,False,ara,GIANTX,raze,True,100,,0,0,1,0,False,Cloud,GIANTX,fade,True,100,,1,0,1,0,False,Flickless,GIANTX,viper,True,100,,0,0,0,0,False,westside,GIANTX,cypher,True,100,,0,1,0,0,False
46.013,198,ACTIVE_ROUND,1,0,0,82.000,,,MiniBoo,Team Heretics,raze,True,100,,0,1,1,1,False,RieNs,Team Heretics,fade,True,100,,1,0,0,0,False,Boo,Team Heretics,omen,True,100,25,0,1,1,0,False,benjyfishy,Team Heretics,deadlock,True,100,25,0,0,0,0,False,Wo0t,Team Heretics,chamber,True,100,,0,6,1,0,False,grubinho,GIANTX,omen,True,100,25,0,1,2,0,False,ara,GIANTX,raze,True,100,,0,0,1,0,False,Cloud,GIANTX,fade,True,100,,1,0,1,0,False,Flickless,GIANTX,viper,True,100,,0,0,0,0,False,westside,GIANTX,cypher,True,100,,0,1,0,0,False
46.246,199,ACTIVE_ROUND,1,0,0,82.000,,,MiniBoo,Team Heretics,raze,True,100,,0,1,1,1,False,RieNs,Team Heretics,fade,True,100,,1,0,0,0,False,Boo,Team Heretics,omen,True,100,25,0,1,1,0,False,benjyfishy,Team Heretics,deadlock,True,100,25,0,0,0,0,False,Wo0t,Team Heretics,chamber,True,100,,0,6,1,0,False,grubinho,GIANTX,omen,True,100,25,0,1,2,0,False,ara,GIANTX,raze,True,100,,0,0,1,0,False,Cloud,GIANTX,fade,True,100,,1,0,1,0,False,Flickless,GIANTX,viper,True,100,,0,0,0,0,False,westside,GIANTX,cypher,True,100,,0,1,0,0,False
46.480,200,ACTIVE_ROUND,1,0,0,82.000,,,MiniBoo,Team Heretics,raze,True,100,,0,1,1,1,False,RieNs,Team Heretics,fade,True,100,,1,0,0,0,False,Boo,Team Heretics,omen,True,100,25,0,1,1,0,False,benjyfishy,Team Heretics,deadlock,True,100,25,0,0,0,0,False,Wo0t,Team Heretics,chamber,True,100,,0,6,1,0,False,grubinho,GIANTX,omen,True,100,25,0,1,2,0,False,ara,GIANTX,raze,True,100,,0,0,1,0,False,Cloud,GIANTX,fade,True,100,,1,0,1,0,False,Flickless,GIANTX,viper,True,100,,0,0,0,0,False,westside,GIANTX,cypher,True,100,,0,1,0,0,False
46.713,201,ACTIVE_ROUND,1,0,0,82.000,,,MiniBoo,Team Heretics,raze,True,100,,0,1,1,1,False,RieNs,Team Heretics,fade,True,100,,1,0,0,0,False,Boo,Team Heretics,omen,True,100,25,0,1,1,0,False,benjyfishy,Team Heretics,deadlock,True,100,25,0,0,0,0,False,Wo0t,Team Heretics,chamber,True,100,,0,6,1,0,False,grubinho,GIANTX,omen,True,100,25,0,1,2,0,False,ara,GIANTX,raze,True,100,,0,0,1,0,False,Cloud,GIANTX,fade,True,100,,1,0,1,0,False,Flickless,GIANTX,viper,True,100,,0,0,0,0,False,westside,GIANTX,cypher,True,100,,0,1,0,0,False
46.947,202,ACTIVE_ROUND,1,0,0,81.000,,,MiniBoo,Team Heretics,raze,True,100,,0,1,1,1,False,RieNs,Team Heretics,fade,True,100,,1,0,0,0,False,Boo,Team Heretics,omen,True,100,25,0,1,1,0,False,benjyfishy,Team Heretics,deadlock,True,100,25,0,0,0,0,False,Wo0t,Team Heretics,chamber,True,100,,0,6,1,0,False,grubinho,GIANTX,omen,True,100,25,0,1,2,0,False,ara,GIANTX,raze,True,100,,0,0,1,0,False,Cloud,GIANTX,fade,True,100,,1,0,1,0,False,Flickless,GIANTX,viper,True,100,,0,0,0,0,False,westside,GIANTX,cypher,True,100,,0,1,0,0,False
47.180,203,ACTIVE_ROUND,1,0,0,81.000,,,MiniBoo,Team Heretics,raze,True,100,,0,1,1,1,False,RieNs,Team Heretics,fade,True,100,,1,0,0,0,False,Boo,Team Heretics,omen,True,100,25,0,1,1,0,False,benjyfishy,Team Heretics,deadlock,True,100,25,0,0,0,0,False,Wo0t,Team Heretics,chamber,True,100,,0,6,1,0,False,grubinho,GIANTX,omen,True,100,25,0,1,2,0,False,ara,GIANTX,raze,True,100,,0,0,1,0,False,Cloud,GIANTX,fade,True,100,,1,0,1,0,False,Flickless,GIANTX,viper,True,100,,0,0,0,0,False,westside,GIANTX,cypher,True,100,,0,1,0,0,False
47.414,204,ACTIVE_ROUND,1,0,0,81.000,,,MiniBoo,Team Heretics,raze,True,100,,0,1,1,1,False,RieNs,Team Heretics,fade,True,100,,1,0,0,0,False,Boo,Team Heretics,omen,True,100,25,0,1,1,0,False,benjyfishy,Team Heretics,deadlock,True,100,25,0,0,0,0,False,Wo0t,Team Heretics,chamber,True,100,,0,6,1,0,False,grubinho,GIANTX,omen,True,100,25,0,1,2,0,False,ara,GIANTX,raze,True,100,,0,0,1,0,False,Cloud,GIANTX,fade,True,100,,1,0,1,0,False,Flickless,GIANTX,viper,True,100,,0,0,0,0,False,westside,GIANTX,cypher,True,100,,0,1,0,0,False
47.648,205,ACTIVE_ROUND,1,0,0,81.000,,,MiniBoo,Team Heretics,raze,True,100,,0,1,1,1,False,RieNs,Team Heretics,fade,True,100,,1,0,0,0,False,Boo,Team Heretics,omen,True,100,25,0,1,1,0,False,benjyfishy,Team Heretics,deadlock,True,100,25,0,0,0,0,False,Wo0t,Team Heretics,chamber,True,100,,0,6,1,0,False,grubinho,GIANTX,omen,True,100,25,0,1,2,0,False,ara,GIANTX,raze,True,100,,0,0,1,0,False,Cloud,GIANTX,fade,True,100,,1,0,1,0,False,Flickless,GIANTX,viper,True,100,,0,0,0,0,False,westside,GIANTX,cypher,True,100,,0,1,0,0,False
47.881,206,ACTIVE_ROUND,1,0,0,80.000,,,MiniBoo,Team Heretics,raze,True,100,,0,1,1,1,False,RieNs,Team Heretics,fade,True,100,,1,0,0,0,False,Boo,Team Heretics,omen,True,100,25,0,1,1,0,False,benjyfishy,Team Heretics,deadlock,True,100,25,0,0,0,0,False,Wo0t,Team Heretics,chamber,True,100,,0,6,1,0,False,grubinho,GIANTX,omen,True,100,25,0,1,2,0,False,ara,GIANTX,raze,True,100,,0,0,1,0,False,Cloud,GIANTX,fade,True,100,,1,0,1,0,False,Flickless,GIANTX,viper,True,100,,0,0,0,0,False,westside,GIANTX,cypher,True,100,,0,1,0,0,False
48.115,207,ACTIVE_ROUND,1,0,0,80.000,,,MiniBoo,Team Heretics,raze,True,100,,0,1,1,1,False,RieNs,Team Heretics,fade,True,100,,1,0,0,0,False,Boo,Team Heretics,omen,True,100,25,0,1,1,0,False,benjyfishy,Team Heretics,deadlock,True,100,25,0,0,0,0,False,Wo0t,Team Heretics,chamber,True,100,,0,6,1,0,False,grubinho,GIANTX,omen,True,100,25,0,1,2,0,False,ara,GIANTX,raze,True,100,,0,0,1,0,False,Cloud,GIANTX,fade,True,100,,1,0,1,0,False,Flickless,GIANTX,viper,True,100,,0,0,0,0,False,westside,GIANTX,cypher,True,100,,0,1,0,0,False
48.348,208,ACTIVE_ROUND,1,0,0,80.000,,,MiniBoo,Team Heretics,raze,True,100,,0,1,1,1,False,RieNs,Team Heretics,fade,True,100,,1,0,0,0,False,Boo,Team Heretics,omen,True,100,25,0,1,1,0,False,benjyfishy,Team Heretics,deadlock,True,100,25,0,0,0,0,False,Wo0t,Team Heretics,chamber,True,100,,0,6,1,0,False,grubinho,GIANTX,omen,True,100,25,0,1,2,0,False,ara,GIANTX,raze,True,100,,0,0,1,0,False,Cloud,GIANTX,fade,True,100,,1,0,1,0,False,Flickless,GIANTX,viper,True,100,,0,0,0,0,False,westside,GIANTX,cypher,True,100,,0,1,0,0,False
48.582,209,ACTIVE_ROUND,1,0,0,80.000,,,MiniBoo,Team Heretics,raze,True,100,,0,1,1,1,False,RieNs,Team Heretics,fade,True,100,,1,0,0,0,False,Boo,Team Heretics,omen,True,100,25,0,1,1,0,False,benjyfishy,Team Heretics,deadlock,True,100,25,0,0,0,0,False,Wo0t,Team Heretics,chamber,True,100,,0,6,1,0,False,grubinho,GIANTX,omen,True,100,25,0,1,2,0,False,ara,GIANTX,raze,True,100,,0,0,1,0,False,Cloud,GIANTX,fade,True,100,,1,0,1,0,False,Flickless,GIANTX,viper,True,100,,0,0,0,0,False,westside,GIANTX,cypher,True,100,,0,1,0,0,False
48.815,210,ACTIVE_ROUND,1,0,0,80.000,,,MiniBoo,Team Heretics,raze,True,100,,0,1,1,1,False,RieNs,Team Heretics,fade,True,100,,1,0,0,0,False,Boo,Team Heretics,omen,True,100,25,0,1,1,0,False,benjyfishy,Team Heretics,deadlock,True,100,25,0,0,0,0,False,Wo0t,Team Heretics,chamber,True,100,,0,6,1,0,False,grubinho,GIANTX,omen,True,100,25,0,1,2,0,False,ara,GIANTX,raze,True,100,,0,0,1,0,False,Cloud,GIANTX,fade,True,100,,1,0,1,0,False,Flickless,GIANTX,viper,True,100,,0,0,0,0,False,westside,GIANTX,cypher,True,100,,0,1,0,0,False
49.049,211,ACTIVE_ROUND,1,0,0,79.000,,,MiniBoo,Team Heretics,raze,True,100,,0,1,1,1,False,RieNs,Team Heretics,fade,True,100,,1,0,0,0,False,Boo,Team Heretics,omen,True,100,25,0,1,1,0,False,benjyfishy,Team Heretics,deadlock,True,100,25,0,0,0,0,False,Wo0t,Team Heretics,chamber,True,100,,0,6,1,0,False,grubinho,GIANTX,omen,True,100,25,0,1,2,0,False,ara,GIANTX,raze,True,100,,0,0,1,0,False,Cloud,GIANTX,fade,True,100,,1,0,1,0,False,Flickless,GIANTX,viper,True,100,,0,0,0,0,False,westside,GIANTX,cypher,True,100,,0,1,0,0,False
49.283,212,ACTIVE_ROUND,1,0,0,79.000,,,MiniBoo,Team Heretics,raze,True,100,4,0,1,1,1,False,RieNs,Team Heretics,fade,True,100,,1,0,0,0,False,Boo,Team Heretics,omen,True,100,25,0,1,1,0,False,benjyfishy,Team Heretics,deadlock,True,100,25,0,0,0,0,False,Wo0t,Team Heretics,chamber,True,100,,0,6,1,0,False,grubinho,GIANTX,omen,True,100,25,0,1,2,0,False,ara,GIANTX,raze,True,100,,0,0,1,0,False,Cloud,GIANTX,fade,True,100,,1,0,1,0,False,Flickless,GIANTX,viper,True,100,,0,0,0,0,False,westside,GIANTX,cypher,True,100,,0,1,0,0,False
49.516,213,ACTIVE_ROUND,1,0,0,79.000,,,MiniBoo,Team Heretics,raze,True,100,4,0,1,1,1,False,RieNs,Team Heretics,fade,True,100,,1,0,0,0,False,Boo,Team Heretics,omen,True,100,25,0,1,1,0,False,benjyfishy,Team Heretics,deadlock,True,100,25,0,0,0,0,False,Wo0t,Team Heretics,chamber,True,100,,0,6,1,0,False,grubinho,GIANTX,omen,True,100,25,0,1,2,0,False,ara,GIANTX,raze,True,100,,0,0,1,0,False,Cloud,GIANTX,fade,True,100,,1,0,1,0,False,Flickless,GIANTX,viper,True,100,,0,0,0,0,False,westside,GIANTX,cypher,True,100,,0,1,0,0,False
49.750,214,ACTIVE_ROUND,1,0,0,79.000,,,MiniBoo,Team Heretics,raze,True,100,4,0,1,1,1,False,RieNs,Team Heretics,fade,True,100,,1,0,0,0,False,Boo,Team Heretics,omen,True,100,25,0,1,1,0,False,benjyfishy,Team Heretics,deadlock,True,100,25,0,0,0,0,False,Wo0t,Team Heretics,chamber,True,100,,0,6,1,0,False,grubinho,GIANTX,omen,True,100,25,0,1,2,0,False,ara,GIANTX,raze,True,100,,0,0,1,0,False,Cloud,GIANTX,fade,True,100,,1,0,1,0,False,Flickless,GIANTX,viper,True,100,,0,0,0,0,False,westside,GIANTX,cypher,True,100,,0,1,0,0,False
49.983,215,ACTIVE_ROUND,1,0,0,78.000,,,MiniBoo,Team Heretics,raze,True,100,4,0,1,1,1,False,RieNs,Team Heretics,fade,True,100,,1,0,0,0,False,Boo,Team Heretics,omen,True,100,25,0,1,1,0,False,benjyfishy,Team Heretics,deadlock,True,100,25,0,0,0,0,False,Wo0t,Team Heretics,chamber,True,100,,0,6,1,0,False,grubinho,GIANTX,omen,True,100,25,0,1,2,0,False,ara,GIANTX,raze,True,100,,0,0,1,0,False,Cloud,GIANTX,fade,True,100,,1,0,1,0,False,Flickless,GIANTX,viper,True,100,,0,0,0,0,False,westside,GIANTX,cypher,True,100,,0,1,0,0,False
50.217,216,ACTIVE_ROUND,1,0,0,78.000,,,MiniBoo,Team Heretics,raze,True,100,4,0,1,1,1,False,RieNs,Team Heretics,fade,True,100,,1,0,0,0,False,Boo,Team Heretics,omen,True,100,25,0,1,1,0,False,benjyfishy,Team Heretics,deadlock,True,100,25,0,0,0,0,False,Wo0t,Team Heretics,chamber,True,100,,0,6,1,0,False,grubinho,GIANTX,omen,True,100,25,0,1,2,0,False,ara,GIANTX,raze,True,100,,0,0,1,0,False,Cloud,GIANTX,fade,True,100,,1,0,1,0,False,Flickless,GIANTX,viper,True,100,,0,0,0,0,False,westside,GIANTX,cypher,True,100,,0,1,0,0,False
50.450,217,ACTIVE_ROUND,1,0,0,78.000,,,MiniBoo,Team Heretics,raze,True,100,4,0,1,1,1,False,RieNs,Team Heretics,fade,True,100,,1,0,0,0,False,Boo,Team Heretics,omen,True,100,25,0,1,1,0,False,benjyfishy,Team Heretics,deadlock,True,100,25,0,0,0,0,False,Wo0t,Team Heretics,chamber,True,100,,0,6,1,0,False,grubinho,GIANTX,omen,True,100,25,0,1,2,0,False,ara,GIANTX,raze,True,100,,0,0,1,0,False,Cloud,GIANTX,fade,True,100,,1,0,1,0,False,Flickless,GIANTX,viper,True,100,,0,0,0,0,False,westside,GIANTX,cypher,True,100,,0,1,0,0,False
50.684,218,ACTIVE_ROUND,1,0,0,78.000,,,MiniBoo,Team Heretics,raze,True,100,4,0,1,1,1,False,RieNs,Team Heretics,fade,True,100,,1,0,0,0,False,Boo,Team Heretics,omen,True,100,25,0,1,1,0,False,benjyfishy,Team Heretics,deadlock,True,100,25,0,0,0,0,False,Wo0t,Team Heretics,chamber,True,100,,0,6,1,0,False,grubinho,GIANTX,omen,True,100,25,0,1,2,0,False,ara,GIANTX,raze,True,100,,0,0,1,0,False,Cloud,GIANTX,fade,True,100,,1,0,1,0,False,Flickless,GIANTX,viper,True,100,,0,0,0,0,False,westside,GIANTX,cypher,True,100,,0,1,0,0,False
50.918,219,ACTIVE_ROUND,1,0,0,77.000,,,MiniBoo,Team Heretics,raze,True,100,4,0,1,1,1,False,RieNs,Team Heretics,fade,True,100,,1,0,0,0,False,Boo,Team Heretics,omen,True,100,25,0,1,1,0,False,benjyfishy,Team Heretics,deadlock,True,100,25,0,0,0,0,False,Wo0t,Team Heretics,chamber,True,100,,0,6,1,0,False,grubinho,GIANTX,omen,True,100,25,0,1,2,0,False,ara,GIANTX,raze,True,100,,0,0,1,0,False,Cloud,GIANTX,fade,True,100,,1,0,1,0,False,Flickless,GIANTX,viper,True,100,,0,0,0,0,False,westside,GIANTX,cypher,True,100,,0,1,0,0,False
51.151,220,ACTIVE_ROUND,1,0,0,77.000,,,MiniBoo,Team Heretics,raze,True,100,4,0,1,1,1,False,RieNs,Team Heretics,fade,True,100,,1,0,0,0,False,Boo,Team Heretics,omen,True,100,25,0,1,1,0,False,benjyfishy,Team Heretics,deadlock,True,100,25,0,0,0,0,False,Wo0t,Team Heretics,chamber,True,100,,0,6,1,0,False,grubinho,GIANTX,omen,True,100,25,0,1,2,0,False,ara,GIANTX,raze,True,100,,0,0,1,0,False,Cloud,GIANTX,fade,True,100,,1,0,1,0,False,Flickless,GIANTX,viper,True,100,,0,0,0,0,False,westside,GIANTX,cypher,True,100,,0,1,0,0,False
51.385,221,ACTIVE_ROUND,1,0,0,77.000,,,MiniBoo,Team Heretics,raze,True,100,4,0,1,1,1,False,RieNs,Team Heretics,fade,True,100,,1,0,0,0,False,Boo,Team Heretics,omen,True,100,25,0,1,1,0,False,benjyfishy,Team Heretics,deadlock,True,100,25,0,0,0,0,False,Wo0t,Team Heretics,chamber,True,100,,0,6,1,0,False,grubinho,GIANTX,omen,True,100,25,0,1,2,0,False,ara,GIANTX,raze,True,100,,0,0,1,0,False,Cloud,GIANTX,fade,True,100,,1,0,1,0,False,Flickless,GIANTX,viper,True,100,,0,0,0,0,False,westside,GIANTX,cypher,True,100,,0,1,0,0,False
51.618,222,ACTIVE_ROUND,1,0,0,77.000,,,MiniBoo,Team Heretics,raze,True,100,4,0,1,1,1,False,RieNs,Team Heretics,fade,True,100,,1,0,0,0,False,Boo,Team Heretics,omen,True,100,25,0,1,1,0,False,benjyfishy,Team Heretics,deadlock,True,100,25,0,0,0,0,False,Wo0t,Team Heretics,chamber,True,100,,0,6,1,0,False,grubinho,GIANTX,omen,True,100,25,0,1,2,0,False,ara,GIANTX,raze,True,100,,0,0,1,0,False,Cloud,GIANTX,fade,True,100,,1,0,1,0,False,Flickless,GIANTX,viper,True,100,,0,0,0,0,False,westside,GIANTX,cypher,True,100,,0,1,0,0,False
51.852,223,ACTIVE_ROUND,1,0,0,77.000,,,MiniBoo,Team Heretics,raze,True,100,4,0,1,1,1,False,RieNs,Team Heretics,fade,True,100,,1,0,0,0,False,Boo,Team Heretics,omen,True,100,25,0,1,1,0,False,benjyfishy,Team Heretics,deadlock,True,100,25,0,0,0,0,False,Wo0t,Team Heretics,chamber,True,100,,0,6,1,0,False,grubinho,GIANTX,omen,True,100,25,0,1,2,0,False,ara,GIANTX,raze,True,100,,0,0,1,0,False,Cloud,GIANTX,fade,True,100,,1,0,0,0,False,Flickless,GIANTX,viper,True,100,,0,0,0,0,False,westside,GIANTX,cypher,True,100,,0,1,0,0,False
52.085,224,ACTIVE_ROUND,1,0,0,76.000,,,MiniBoo,Team Heretics,raze,True,100,4,0,1,1,1,False,RieNs,Team Heretics,fade,True,100,,1,0,0,0,False,Boo,Team Heretics,omen,True,100,25,0,1,1,0,False,benjyfishy,Team Heretics,deadlock,True,100,25,0,0,0,0,False,Wo0t,Team Heretics,chamber,True,100,,0,6,1,0,False,grubinho,GIANTX,omen,True,100,25,0,1,2,0,False,ara,GIANTX,raze,True,100,,0,0,1,0,False,Cloud,GIANTX,fade,True,100,,1,0,0,0,False,Flickless,GIANTX,viper,True,100,,0,0,0,0,False,westside,GIANTX,cypher,True,100,,0,1,0,0,False
52.319,225,ACTIVE_ROUND,1,0,0,76.000,,,MiniBoo,Team Heretics,raze,True,100,4,0,1,1,1,False,RieNs,Team Heretics,fade,True,100,,1,0,0,0,False,Boo,Team Heretics,omen,True,100,25,0,1,1,0,False,benjyfishy,Team Heretics,deadlock,True,100,25,0,0,0,0,False,Wo0t,Team Heretics,chamber,True,100,,0,6,1,0,False,grubinho,GIANTX,omen,True,100,25,0,1,2,0,False,ara,GIANTX,raze,True,100,,0,0,1,0,False,Cloud,GIANTX,fade,True,100,,1,0,0,0,False,Flickless,GIANTX,viper,True,100,,0,0,0,0,False,westside,GIANTX,cypher,True,100,,0,1,0,0,False
52.553,226,ACTIVE_ROUND,1,0,0,76.000,,,MiniBoo,Team Heretics,raze,True,100,4,0,1,1,1,False,RieNs,Team Heretics,fade,True,100,,1,0,0,0,False,Boo,Team Heretics,omen,True,100,25,0,1,1,0,False,benjyfishy,Team Heretics,deadlock,True,100,25,0,0,0,0,False,Wo0t,Team Heretics,chamber,True,100,,0,6,1,0,False,grubinho,GIANTX,omen,True,100,25,0,1,2,0,False,ara,GIANTX,raze,True,100,,0,0,1,0,False,Cloud,GIANTX,fade,True,100,,1,0,0,0,False,Flickless,GIANTX,viper,True,100,,0,0,0,0,False,westside,GIANTX,cypher,True,100,,0,1,0,0,False
52.786,227,ACTIVE_ROUND,1,0,0,76.000,,,MiniBoo,Team Heretics,raze,True,100,4,0,1,1,1,False,RieNs,Team Heretics,fade,True,100,4,1,0,0,0,False,Boo,Team Heretics,omen,True,100,25,0,1,1,0,False,benjyfishy,Team Heretics,deadlock,True,100,25,0,0,0,0,False,Wo0t,Team Heretics,chamber,True,100,,0,6,1,0,False,grubinho,GIANTX,omen,True,100,25,0,1,2,0,False,ara,GIANTX,raze,True,100,,0,0,1,0,False,Cloud,GIANTX,fade,True,100,,1,0,0,0,False,Flickless,GIANTX,viper,True,100,,0,0,0,0,False,westside,GIANTX,cypher,True,100,,0,1,0,0,False
53.020,228,ACTIVE_ROUND,1,0,0,75.000,,,MiniBoo,Team Heretics,raze,True,100,4,0,1,1,1,False,RieNs,Team Heretics,fade,True,100,4,1,0,0,0,False,Boo,Team Heretics,omen,True,100,25,0,1,1,0,False,benjyfishy,Team Heretics,deadlock,True,100,25,0,0,0,0,False,Wo0t,Team Heretics,chamber,True,100,,0,6,1,0,False,grubinho,GIANTX,omen,True,100,25,0,1,2,0,False,ara,GIANTX,raze,True,100,,0,0,1,0,False,Cloud,GIANTX,fade,True,100,,1,0,0,0,False,Flickless,GIANTX,viper,True,100,,0,0,0,0,False,westside,GIANTX,cypher,True,100,,0,1,0,0,False
53.253,229,ACTIVE_ROUND,1,0,0,75.000,,,MiniBoo,Team Heretics,raze,True,100,4,0,1,1,1,False,RieNs,Team Heretics,fade,True,100,4,1,0,0,0,False,Boo,Team Heretics,omen,True,100,25,0,1,1,0,False,benjyfishy,Team Heretics,deadlock,True,100,25,0,0,0,0,False,Wo0t,Team Heretics,chamber,True,100,,0,6,1,0,False,grubinho,GIANTX,omen,True,100,25,0,1,2,0,False,ara,GIANTX,raze,True,100,,0,0,1,0,False,Cloud,GIANTX,fade,True,100,,1,0,0,0,False,Flickless,GIANTX,viper,True,100,,0,0,0,0,False,westside,GIANTX,cypher,True,100,,0,1,0,0,False
53.487,230,ACTIVE_ROUND,1,0,0,75.000,,,MiniBoo,Team Heretics,raze,True,100,4,0,1,1,1,False,RieNs,Team Heretics,fade,True,100,4,1,0,0,0,False,Boo,Team Heretics,omen,True,100,25,0,1,1,0,False,benjyfishy,Team Heretics,deadlock,True,100,25,0,0,0,0,False,Wo0t,Team Heretics,chamber,True,100,,0,6,1,0,False,grubinho,GIANTX,omen,True,100,25,0,1,2,0,False,ara,GIANTX,raze,True,100,,0,0,1,0,False,Cloud,GIANTX,fade,True,100,,1,0,0,0,False,Flickless,GIANTX,viper,True,100,,0,0,0,0,False,westside,GIANTX,cypher,True,100,,0,1,0,0,False
53.720,231,ACTIVE_ROUND,1,0,0,75.000,,,MiniBoo,Team Heretics,raze,True,100,4,0,1,1,1,False,RieNs,Team Heretics,fade,True,100,4,1,0,0,0,False,Boo,Team Heretics,omen,True,100,25,0,1,1,0,False,benjyfishy,Team Heretics,deadlock,True,100,25,0,0,0,0,False,Wo0t,Team Heretics,chamber,True,100,,0,6,1,0,False,grubinho,GIANTX,omen,True,100,25,0,1,2,0,False,ara,GIANTX,raze,True,100,,0,0,1,0,False,Cloud,GIANTX,fade,True,100,,1,0,0,0,False,Flickless,GIANTX,viper,True,100,,0,0,0,0,False,westside,GIANTX,cypher,True,100,,0,1,0,0,False
53.954,232,ACTIVE_ROUND,1,0,0,74.000,,,MiniBoo,Team Heretics,raze,True,100,4,0,1,1,1,False,RieNs,Team Heretics,fade,True,100,4,1,0,0,0,False,Boo,Team Heretics,omen,True,100,25,0,1,1,0,False,benjyfishy,Team Heretics,deadlock,True,100,25,0,0,0,0,False,Wo0t,Team Heretics,chamber,True,100,,0,6,1,0,False,grubinho,GIANTX,omen,True,100,25,0,1,2,0,False,ara,GIANTX,raze,True,100,,0,0,1,0,False,Cloud,GIANTX,fade,True,100,,1,0,0,0,False,Flickless,GIANTX,viper,True,100,,0,0,0,0,False,westside,GIANTX,cypher,True,100,,0,1,0,0,False
54.187,233,ACTIVE_ROUND,1,0,0,74.000,,,MiniBoo,Team Heretics,raze,True,100,4,0,1,1,1,False,RieNs,Team Heretics,fade,True,100,4,1,0,0,0,False,Boo,Team Heretics,omen,True,100,25,0,1,1,0,False,benjyfishy,Team Heretics,deadlock,True,100,25,0,0,0,0,False,Wo0t,Team Heretics,chamber,True,100,,0,6,1,0,False,grubinho,GIANTX,omen,True,100,25,0,1,2,0,False,ara,GIANTX,raze,True,100,,0,0,1,0,False,Cloud,GIANTX,fade,True,100,,1,0,0,0,False,Flickless,GIANTX,viper,True,100,,0,0,0,0,False,westside,GIANTX,cypher,True,100,,0,1,0,0,False
54.421,234,ACTIVE_ROUND,1,0,0,74.000,,,MiniBoo,Team Heretics,raze,True,100,4,0,1,1,1,False,RieNs,Team Heretics,fade,True,100,4,1,0,0,0,False,Boo,Team Heretics,omen,True,100,25,0,1,1,0,False,benjyfishy,Team Heretics,deadlock,True,100,25,0,0,0,0,False,Wo0t,Team Heretics,chamber,True,100,,0,6,1,0,False,grubinho,GIANTX,omen,True,100,25,0,1,2,0,False,ara,GIANTX,raze,True,100,,0,0,1,0,False,Cloud,GIANTX,fade,True,100,,1,0,0,0,False,Flickless,GIANTX,viper,True,100,,0,0,0,0,False,westside,GIANTX,cypher,True,100,,0,1,0,0,False
54.655,235,ACTIVE_ROUND,1,0,0,74.000,,,MiniBoo,Team Heretics,raze,True,100,4,0,1,1,1,False,RieNs,Team Heretics,fade,True,100,4,1,0,0,0,False,Boo,Team Heretics,omen,True,100,25,0,1,1,0,False,benjyfishy,Team Heretics,deadlock,True,100,25,0,0,0,0,False,Wo0t,Team Heretics,chamber,True,100,,0,6,1,0,False,grubinho,GIANTX,omen,True,100,25,0,1,2,0,False,ara,GIANTX,raze,True,100,,0,0,1,0,False,Cloud,GIANTX,fade,True,100,,1,0,0,0,False,Flickless,GIANTX,viper,True,100,,0,0,0,0,False,westside,GIANTX,cypher,True,100,,0,1,0,0,False
54.888,236,ACTIVE_ROUND,1,0,0,73.000,,,MiniBoo,Team Heretics,raze,True,100,4,0,1,1,1,False,RieNs,Team Heretics,fade,True,100,4,1,0,0,0,False,Boo,Team Heretics,omen,True,100,25,0,1,1,0,False,benjyfishy,Team Heretics,deadlock,True,100,25,0,0,0,0,False,Wo0t,Team Heretics,chamber,True,100,,0,6,1,0,False,grubinho,GIANTX,omen,True,100,25,0,0,2,0,False,ara,GIANTX,raze,True,100,,0,0,1,0,False,Cloud,GIANTX,fade,True,100,,1,0,0,0,False,Flickless,GIANTX,viper,True,100,,0,0,0,0,False,westside,GIANTX,cypher,True,100,,0,1,0,0,False
55.122,237,ACTIVE_ROUND,1,0,0,73.000,,,MiniBoo,Team Heretics,raze,True,100,4,0,1,1,1,False,RieNs,Team Heretics,fade,True,100,4,1,0,0,0,False,Boo,Team Heretics,omen,True,100,25,0,1,1,0,False,benjyfishy,Team Heretics,deadlock,True,100,25,0,0,0,0,False,Wo0t,Team Heretics,chamber,True,100,,0,6,1,0,False,grubinho,GIANTX,omen,True,100,25,0,0,2,0,False,ara,GIANTX,raze,True,100,,0,0,1,0,False,Cloud,GIANTX,fade,True,100,,1,0,0,0,False,Flickless,GIANTX,viper,True,100,,0,0,0,0,False,westside,GIANTX,cypher,True,100,,0,1,0,0,False
55.355,238,ACTIVE_ROUND,1,0,0,73.000,,,MiniBoo,Team Heretics,raze,True,100,4,0,1,1,1,False,RieNs,Team Heretics,fade,True,100,4,1,0,0,0,False,Boo,Team Heretics,omen,True,100,25,0,1,1,0,False,benjyfishy,Team Heretics,deadlock,True,100,25,0,0,0,0,False,Wo0t,Team Heretics,chamber,True,100,,0,6,1,0,False,grubinho,GIANTX,omen,True,100,25,0,0,2,0,False,ara,GIANTX,raze,True,100,,0,0,1,0,False,Cloud,GIANTX,fade,True,100,,1,0,0,0,False,Flickless,GIANTX,viper,True,100,,0,0,0,0,False,westside,GIANTX,cypher,True,100,,0,1,0,0,False
55.589,239,ACTIVE_ROUND,1,0,0,73.000,,,MiniBoo,Team Heretics,raze,True,100,4,0,1,1,1,False,RieNs,Team Heretics,fade,True,100,4,1,0,0,0,False,Boo,Team Heretics,omen,True,100,25,0,1,1,0,False,benjyfishy,Team Heretics,deadlock,True,100,25,0,0,0,0,False,Wo0t,Team Heretics,chamber,True,100,,0,6,1,0,False,grubinho,GIANTX,omen,True,100,25,0,0,2,0,False,ara,GIANTX,raze,True,100,,0,0,1,0,False,Cloud,GIANTX,fade,True,100,,1,0,0,0,False,Flickless,GIANTX,viper,True,100,,0,0,0,0,False,westside,GIANTX,cypher,True,100,,0,1,0,0,False
55.822,240,ACTIVE_ROUND,1,0,0,73.000,,,MiniBoo,Team Heretics,raze,True,100,4,0,1,1,1,False,RieNs,Team Heretics,fade,True,100,4,1,0,0,0,False,Boo,Team Heretics,omen,True,100,25,0,1,1,0,False,benjyfishy,Team Heretics,deadlock,True,100,25,0,0,0,0,False,Wo0t,Team Heretics,chamber,True,83,,0,6,1,0,False,grubinho,GIANTX,omen,True,100,25,0,0,2,0,False,ara,GIANTX,raze,True,100,,0,0,1,0,False,Cloud,GIANTX,fade,True,100,,1,0,0,0,False,Flickless,GIANTX,viper,True,100,,0,0,0,0,False,westside,GIANTX,cypher,True,100,,0,1,0,0,False
56.056,241,ACTIVE_ROUND,1,0,0,72.000,,,MiniBoo,Team Heretics,raze,True,100,4,0,1,1,1,False,RieNs,Team Heretics,fade,True,100,4,1,0,0,0,False,Boo,Team Heretics,omen,True,100,25,0,1,1,0,False,benjyfishy,Team Heretics,deadlock,True,100,25,0,0,0,0,False,Wo0t,Team Heretics,chamber,True,83,,0,0,0,0,False,grubinho,GIANTX,omen,True,100,25,0,0,2,0,False,ara,GIANTX,raze,True,100,,0,0,1,0,False,Cloud,GIANTX,fade,True,100,,1,0,0,0,False,Flickless,GIANTX,viper,True,100,,0,0,0,0,False,westside,GIANTX,cypher,True,100,,0,1,0,0,False
56.290,242,ACTIVE_ROUND,1,0,0,72.000,,,MiniBoo,Team Heretics,raze,True,100,4,0,1,1,1,False,RieNs,Team Heretics,fade,True,100,4,1,0,0,0,False,Boo,Team Heretics,omen,True,100,25,0,1,1,0,False,benjyfishy,Team Heretics,deadlock,True,100,25,0,0,0,0,False,Wo0t,Team Heretics,chamber,False,,,0,0,0,0,False,grubinho,GIANTX,omen,True,100,25,0,0,2,0,False,ara,GIANTX,raze,True,100,,0,0,1,0,False,Cloud,GIANTX,fade,True,100,,1,0,0,0,False,Flickless,GIANTX,viper,True,100,,0,0,0,0,False,westside,GIANTX,cypher,True,100,,0,1,0,0,False
56.523,243,ACTIVE_ROUND,1,0,0,72.000,,,MiniBoo,Team Heretics,raze,True,100,4,0,1,1,1,False,RieNs,Team Heretics,fade,True,100,4,1,0,0,0,False,Boo,Team Heretics,omen,True,100,25,0,1,1,0,False,benjyfishy,Team Heretics,deadlock,True,100,25,0,0,0,0,False,Wo0t,Team Heretics,chamber,False,,,0,0,0,0,False,grubinho,GIANTX,omen,True,100,25,0,0,2,0,False,ara,GIANTX,raze,True,100,,0,0,1,0,False,Cloud,GIANTX,fade,True,100,,1,0,0,0,False,Flickless,GIANTX,viper,True,100,,0,0,0,0,False,westside,GIANTX,cypher,True,100,,0,1,0,0,False
56.757,244,ACTIVE_ROUND,1,0,0,72.000,,,MiniBoo,Team Heretics,raze,True,100,4,0,1,1,1,False,RieNs,Team Heretics,fade,True,100,4,1,0,0,0,False,Boo,Team Heretics,omen,True,100,25,0,1,1,0,False,benjyfishy,Team Heretics,deadlock,True,100,25,0,0,0,0,False,Wo0t,Team Heretics,chamber,False,,,0,0,0,0,False,grubinho,GIANTX,omen,True,100,25,0,0,2,0,False,ara,GIANTX,raze,True,100,,0,0,1,0,False,Cloud,GIANTX,fade,True,100,,1,0,0,0,False,Flickless,GIANTX,viper,True,100,,0,0,0,0,False,westside,GIANTX,cypher,True,100,,0,1,0,0,False
56.990,245,ACTIVE_ROUND,1,0,0,71.000,,,MiniBoo,Team Heretics,raze,True,100,4,0,1,1,1,False,RieNs,Team Heretics,fade,True,100,4,1,0,0,0,False,Boo,Team Heretics,omen,True,100,25,0,1,1,0,False,benjyfishy,Team Heretics,deadlock,True,100,25,0,0,0,0,False,Wo0t,Team Heretics,chamber,False,,,0,0,0,0,False,grubinho,GIANTX,omen,True,100,25,0,0,2,0,False,ara,GIANTX,raze,True,100,,0,0,1,0,False,Cloud,GIANTX,fade,True,100,,1,0,0,1,False,Flickless,GIANTX,viper,True,100,,0,0,0,0,False,westside,GIANTX,cypher,True,100,,0,1,0,0,False
57.224,246,ACTIVE_ROUND,1,0,0,71.000,,,MiniBoo,Team Heretics,raze,True,100,4,0,1,1,1,False,RieNs,Team Heretics,fade,True,100,4,1,0,0,0,False,Boo,Team Heretics,omen,True,100,25,0,1,1,0,False,benjyfishy,Team Heretics,deadlock,True,100,25,0,0,0,0,False,Wo0t,Team Heretics,chamber,False,,,0,0,0,0,False,grubinho,GIANTX,omen,True,100,25,0,0,2,0,False,ara,GIANTX,raze,True,100,,0,0,1,0,False,Cloud,GIANTX,fade,True,100,,1,0,0,1,False,Flickless,GIANTX,viper,True,100,,0,0,0,0,False,westside,GIANTX,cypher,True,100,,0,1,0,0,False
57.457,247,ACTIVE_ROUND,1,0,0,71.000,,,MiniBoo,Team Heretics,raze,True,100,4,0,1,1,1,False,RieNs,Team Heretics,fade,True,100,4,1,0,0,0,False,Boo,Team Heretics,omen,True,100,25,0,1,1,0,False,benjyfishy,Team Heretics,deadlock,True,100,25,0,0,0,0,False,Wo0t,Team Heretics,chamber,False,,,0,0,0,0,False,grubinho,GIANTX,omen,True,100,25,0,0,2,0,False,ara,GIANTX,raze,True,100,,0,0,1,0,False,Cloud,GIANTX,fade,True,100,,1,0,0,1,False,Flickless,GIANTX,viper,True,100,,0,0,0,0,False,westside,GIANTX,cypher,True,100,,0,1,0,0,False
57.691,248,ACTIVE_ROUND,1,0,0,71.000,,,MiniBoo,Team Heretics,raze,True,100,4,0,1,1,1,False,RieNs,Team Heretics,fade,True,100,4,1,0,0,0,False,Boo,Team Heretics,omen,True,100,25,0,1,1,0,False,benjyfishy,Team Heretics,deadlock,True,100,25,0,0,0,0,False,Wo0t,Team Heretics,chamber,False,,,0,0,0,0,False,grubinho,GIANTX,omen,True,100,25,0,0,2,0,False,ara,GIANTX,raze,True,100,,0,0,1,0,False,Cloud,GIANTX,fade,True,100,,1,0,0,1,False,Flickless,GIANTX,viper,True,100,,0,0,0,0,False,westside,GIANTX,cypher,True,100,,0,1,0,0,False
57.925,249,ACTIVE_ROUND,1,0,0,70.000,,,MiniBoo,Team Heretics,raze,True,100,4,0,1,1,1,False,RieNs,Team Heretics,fade,True,100,4,1,0,0,0,False,Boo,Team Heretics,omen,True,100,25,0,1,0,0,False,benjyfishy,Team Heretics,deadlock,True,100,25,0,0,0,0,False,Wo0t,Team Heretics,chamber,False,,,0,0,0,0,False,grubinho,GIANTX,omen,True,100,25,0,0,2,0,False,ara,GIANTX,raze,True,100,,0,0,1,0,False,Cloud,GIANTX,fade,True,100,,1,0,0,1,False,Flickless,GIANTX,viper,True,100,,0,0,0,0,False,westside,GIANTX,cypher,True,100,,0,1,0,0,False
58.158,250,ACTIVE_ROUND,1,0,0,70.000,,,MiniBoo,Team Heretics,raze,True,100,4,0,1,1,1,False,RieNs,Team Heretics,fade,True,100,4,1,0,0,0,False,Boo,Team Heretics,omen,True,100,25,0,1,0,0,False,benjyfishy,Team Heretics,deadlock,True,100,25,0,0,0,0,False,Wo0t,Team Heretics,chamber,False,,,0,0,0,0,False,grubinho,GIANTX,omen,True,100,25,0,0,2,0,False,ara,GIANTX,raze,True,100,,0,0,1,0,False,Cloud,GIANTX,fade,True,100,,1,0,0,1,False,Flickless,GIANTX,viper,True,100,,0,0,0,0,False,westside,GIANTX,cypher,True,100,,0,1,0,0,False
58.392,251,ACTIVE_ROUND,1,0,0,70.000,,,MiniBoo,Team Heretics,raze,True,100,4,0,1,1,1,False,RieNs,Team Heretics,fade,True,100,4,1,0,0,0,False,Boo,Team Heretics,omen,True,100,25,0,1,0,0,False,benjyfishy,Team Heretics,deadlock,True,100,25,0,0,0,0,False,Wo0t,Team Heretics,chamber,False,,,0,0,0,0,False,grubinho,GIANTX,omen,True,100,25,0,0,2,0,False,ara,GIANTX,raze,True,100,,0,0,1,0,False,Cloud,GIANTX,fade,True,100,,1,0,0,1,False,Flickless,GIANTX,viper,True,100,,0,0,0,0,False,westside,GIANTX,cypher,True,100,,0,1,0,0,False
58.625,252,ACTIVE_ROUND,1,0,0,70.000,,,MiniBoo,Team Heretics,raze,True,100,4,0,1,1,1,False,RieNs,Team Heretics,fade,True,100,4,1,0,0,0,False,Boo,Team Heretics,omen,True,100,25,0,1,0,0,False,benjyfishy,Team Heretics,deadlock,True,100,25,0,0,0,0,False,Wo0t,Team Heretics,chamber,False,,,0,0,0,0,False,grubinho,GIANTX,omen,True,100,25,0,0,2,0,False,ara,GIANTX,raze,True,100,,0,0,1,0,False,Cloud,GIANTX,fade,True,100,,1,0,0,1,False,Flickless,GIANTX,viper,True,100,,0,0,0,0,False,westside,GIANTX,cypher,True,100,,0,1,0,0,False
58.859,253,ACTIVE_ROUND,1,0,0,70.000,,,MiniBoo,Team Heretics,raze,True,100,4,0,1,1,1,False,RieNs,Team Heretics,fade,True,100,4,1,0,0,0,False,Boo,Team Heretics,omen,True,100,25,0,1,0,0,False,benjyfishy,Team Heretics,deadlock,True,100,25,0,0,0,0,False,Wo0t,Team Heretics,chamber,False,,,0,0,0,0,False,grubinho,GIANTX,omen,True,100,25,0,0,2,0,False,ara,GIANTX,raze,True,100,,0,0,1,0,False,Cloud,GIANTX,fade,True,100,,1,0,0,1,False,Flickless,GIANTX,viper,True,100,,0,0,0,0,False,westside,GIANTX,cypher,True,100,,0,1,0,0,False
59.092,254,ACTIVE_ROUND,1,0,0,69.000,,,MiniBoo,Team Heretics,raze,True,100,4,0,1,1,1,False,RieNs,Team Heretics,fade,True,100,4,1,0,0,0,False,Boo,Team Heretics,omen,True,100,25,0,1,0,0,False,benjyfishy,Team Heretics,deadlock,True,100,25,0,0,0,0,False,Wo0t,Team Heretics,chamber,False,,,0,0,0,0,False,grubinho,GIANTX,omen,True,100,25,0,0,2,0,False,ara,GIANTX,raze,True,100,,0,0,1,0,False,Cloud,GIANTX,fade,True,100,,1,0,0,1,False,Flickless,GIANTX,viper,True,100,,0,0,0,0,False,westside,GIANTX,cypher,True,100,,0,1,0,0,False
59.326,255,ACTIVE_ROUND,1,0,0,69.000,,,MiniBoo,Team Heretics,raze,True,100,4,0,1,1,1,False,RieNs,Team Heretics,fade,True,100,4,1,0,0,0,False,Boo,Team Heretics,omen,True,100,25,0,1,0,0,False,benjyfishy,Team Heretics,deadlock,True,100,25,0,0,0,0,False,Wo0t,Team Heretics,chamber,False,,,0,0,0,0,False,grubinho,GIANTX,omen,True,100,25,0,0,2,0,False,ara,GIANTX,raze,True,100,,0,0,1,0,False,Cloud,GIANTX,fade,True,100,,1,0,0,1,False,Flickless,GIANTX,viper,True,100,,0,0,0,0,False,westside,GIANTX,cypher,True,100,,0,1,0,0,False
59.559,256,ACTIVE_ROUND,1,0,0,69.000,,,MiniBoo,Team Heretics,raze,True,100,4,0,1,1,1,False,RieNs,Team Heretics,fade,True,100,4,1,0,0,0,False,Boo,Team Heretics,omen,True,100,25,0,1,0,0,False,benjyfishy,Team Heretics,deadlock,True,100,25,0,0,0,0,False,Wo0t,Team Heretics,chamber,False,,,0,0,0,0,False,grubinho,GIANTX,omen,True,100,25,0,0,2,0,False,ara,GIANTX,raze,True,100,,0,0,1,0,False,Cloud,GIANTX,fade,True,100,,1,0,0,1,False,Flickless,GIANTX,viper,True,100,,0,0,0,0,False,westside,GIANTX,cypher,True,100,,0,1,0,0,False
59.793,257,ACTIVE_ROUND,1,0,0,69.000,,,MiniBoo,Team Heretics,raze,True,100,4,0,1,1,1,False,RieNs,Team Heretics,fade,True,100,4,1,0,0,0,False,Boo,Team Heretics,omen,True,100,25,0,1,1,0,False,benjyfishy,Team Heretics,deadlock,True,100,25,0,0,0,0,False,Wo0t,Team Heretics,chamber,False,,,0,0,0,0,False,grubinho,GIANTX,omen,True,100,25,0,0,2,0,False,ara,GIANTX,raze,True,100,,0,0,1,0,False,Cloud,GIANTX,fade,True,100,,1,0,0,1,False,Flickless,GIANTX,viper,True,100,,0,0,0,0,False,westside,GIANTX,cypher,True,100,,0,1,0,0,False
60.027,258,ACTIVE_ROUND,1,0,0,68.000,,,MiniBoo,Team Heretics,raze,True,100,4,0,1,1,1,False,RieNs,Team Heretics,fade,True,100,4,1,0,0,0,False,Boo,Team Heretics,omen,True,100,25,0,1,1,0,False,benjyfishy,Team Heretics,deadlock,True,100,25,0,0,0,0,False,Wo0t,Team Heretics,chamber,False,,,0,0,0,0,False,grubinho,GIANTX,omen,True,100,25,0,0,2,0,False,ara,GIANTX,raze,True,100,,0,0,1,0,False,Cloud,GIANTX,fade,True,100,,1,0,0,1,False,Flickless,GIANTX,viper,True,100,,0,0,0,0,False,westside,GIANTX,cypher,True,100,,0,1,0,0,False
60.260,259,ACTIVE_ROUND,1,0,0,68.000,,,MiniBoo,Team Heretics,raze,True,100,4,0,1,1,1,False,RieNs,Team Heretics,fade,True,100,4,1,0,0,0,False,Boo,Team Heretics,omen,True,100,25,0,1,1,0,False,benjyfishy,Team Heretics,deadlock,True,100,25,0,0,0,0,False,Wo0t,Team Heretics,chamber,False,,,0,0,0,0,False,grubinho,GIANTX,omen,True,100,25,0,0,2,0,False,ara,GIANTX,raze,True,100,,0,0,1,0,False,Cloud,GIANTX,fade,True,100,,1,0,0,1,False,Flickless,GIANTX,viper,True,100,,0,0,0,0,False,westside,GIANTX,cypher,True,100,,0,1,0,0,False
60.494,260,ACTIVE_ROUND,1,0,0,68.000,,,MiniBoo,Team Heretics,raze,True,100,4,0,1,1,1,False,RieNs,Team Heretics,fade,True,100,4,1,0,0,0,False,Boo,Team Heretics,omen,True,100,25,0,1,1,0,False,benjyfishy,Team Heretics,deadlock,True,100,25,0,0,0,0,False,Wo0t,Team Heretics,chamber,False,,,0,0,0,0,False,grubinho,GIANTX,omen,True,100,25,0,0,2,0,False,ara,GIANTX,raze,True,100,,0,0,1,0,False,Cloud,GIANTX,fade,True,100,,1,0,0,1,False,Flickless,GIANTX,viper,True,100,,0,0,0,0,False,westside,GIANTX,cypher,True,100,,0,1,0,0,False
60.727,261,ACTIVE_ROUND,1,0,0,68.000,,,MiniBoo,Team Heretics,raze,True,100,4,0,1,1,1,False,RieNs,Team Heretics,fade,True,100,4,1,0,0,0,False,Boo,Team Heretics,omen,True,100,25,0,1,1,0,False,benjyfishy,Team Heretics,deadlock,True,100,25,0,0,0,0,False,Wo0t,Team Heretics,chamber,False,,,0,0,0,0,False,grubinho,GIANTX,omen,True,100,25,0,0,2,0,False,ara,GIANTX,raze,True,100,,0,0,1,0,False,Cloud,GIANTX,fade,True,100,,1,0,0,1,False,Flickless,GIANTX,viper,True,100,,0,0,0,0,False,westside,GIANTX,cypher,True,100,,0,1,0,0,False
60.961,262,ACTIVE_ROUND,1,0,0,67.000,,,MiniBoo,Team Heretics,raze,True,100,4,0,1,1,1,False,RieNs,Team Heretics,fade,True,100,4,1,0,0,0,False,Boo,Team Heretics,omen,True,100,25,0,1,1,0,False,benjyfishy,Team Heretics,deadlock,True,100,25,0,0,0,0,False,Wo0t,Team Heretics,chamber,False,,,0,0,0,0,False,grubinho,GIANTX,omen,True,100,25,0,0,2,0,False,ara,GIANTX,raze,True,100,,0,0,1,0,False,Cloud,GIANTX,fade,True,100,,1,0,0,1,False,Flickless,GIANTX,viper,True,100,,0,0,0,0,False,westside,GIANTX,cypher,True,100,,0,1,0,0,False
61.194,263,ACTIVE_ROUND,1,0,0,67.000,,,MiniBoo,Team Heretics,raze,True,100,4,0,1,1,1,False,RieNs,Team Heretics,fade,True,100,4,1,0,0,0,False,Boo,Team Heretics,omen,True,100,25,0,1,1,0,False,benjyfishy,Team Heretics,deadlock,True,100,25,0,0,0,0,False,Wo0t,Team Heretics,chamber,False,,,0,0,0,0,False,grubinho,GIANTX,omen,True,100,25,0,0,2,0,False,ara,GIANTX,raze,True,100,,0,0,1,0,False,Cloud,GIANTX,fade,True,100,,1,0,0,1,False,Flickless,GIANTX,viper,True,100,,0,0,0,0,False,westside,GIANTX,cypher,True,100,,0,1,0,0,False
61.428,264,ACTIVE_ROUND,1,0,0,67.000,,,MiniBoo,Team Heretics,raze,True,100,4,0,1,1,1,False,RieNs,Team Heretics,fade,True,100,4,1,0,0,0,False,Boo,Team Heretics,omen,True,100,25,0,1,1,0,False,benjyfishy,Team Heretics,deadlock,True,100,25,0,0,0,0,False,Wo0t,Team Heretics,chamber,False,,,0,0,0,0,False,grubinho,GIANTX,omen,True,100,25,0,0,2,0,False,ara,GIANTX,raze,True,100,,0,0,1,0,False,Cloud,GIANTX,fade,True,100,,1,0,0,1,False,Flickless,GIANTX,viper,True,100,,0,0,0,0,False,westside,GIANTX,cypher,True,100,,0,1,0,0,False
61.662,265,ACTIVE_ROUND,1,0,0,67.000,,,MiniBoo,Team Heretics,raze,True,100,4,0,1,1,1,False,RieNs,Team Heretics,fade,True,100,4,1,0,0,0,False,Boo,Team Heretics,omen,True,100,25,0,1,1,0,False,benjyfishy,Team Heretics,deadlock,True,100,25,0,0,0,0,False,Wo0t,Team Heretics,chamber,False,,,0,0,0,0,False,grubinho,GIANTX,omen,True,100,25,0,0,2,0,False,ara,GIANTX,raze,True,100,,0,0,1,0,False,Cloud,GIANTX,fade,True,100,,1,0,0,1,False,Flickless,GIANTX,viper,True,100,,0,0,0,0,False,westside,GIANTX,cypher,True,100,,0,1,0,0,False
61.895,266,ACTIVE_ROUND,1,0,0,66.000,,,MiniBoo,Team Heretics,raze,True,100,4,0,1,1,1,False,RieNs,Team Heretics,fade,True,100,4,1,0,0,0,False,Boo,Team Heretics,omen,True,100,25,0,1,1,0,False,benjyfishy,Team Heretics,deadlock,True,100,25,0,0,0,0,False,Wo0t,Team Heretics,chamber,False,,,0,0,0,0,False,grubinho,GIANTX,omen,True,100,25,0,0,2,0,False,ara,GIANTX,raze,True,100,,0,0,1,0,False,Cloud,GIANTX,fade,True,100,,1,0,0,1,False,Flickless,GIANTX,viper,True,100,,0,0,0,0,False,westside,GIANTX,cypher,True,100,,0,1,0,0,False
62.129,267,ACTIVE_ROUND,1,0,0,66.000,,,MiniBoo,Team Heretics,raze,True,100,4,0,1,1,1,False,RieNs,Team Heretics,fade,True,100,4,1,0,0,0,False,Boo,Team Heretics,omen,True,100,25,0,1,1,0,False,benjyfishy,Team Heretics,deadlock,True,100,25,0,0,0,0,False,Wo0t,Team Heretics,chamber,False,,,0,0,0,0,False,grubinho,GIANTX,omen,True,100,25,0,0,2,0,False,ara,GIANTX,raze,True,100,,0,0,1,0,False,Cloud,GIANTX,fade,True,100,,1,0,0,1,False,Flickless,GIANTX,viper,True,100,,0,0,0,0,False,westside,GIANTX,cypher,True,100,,0,1,0,0,False
62.362,268,ACTIVE_ROUND,1,0,0,66.000,,,MiniBoo,Team Heretics,raze,True,100,4,0,1,1,1,False,RieNs,Team Heretics,fade,True,100,4,1,0,0,0,False,Boo,Team Heretics,omen,True,100,25,0,1,1,0,False,benjyfishy,Team Heretics,deadlock,True,100,25,0,0,0,0,False,Wo0t,Team Heretics,chamber,False,,,0,0,0,0,False,grubinho,GIANTX,omen,True,100,25,0,0,2,0,False,ara,GIANTX,raze,True,100,,0,0,1,0,False,Cloud,GIANTX,fade,True,100,,1,0,0,1,False,Flickless,GIANTX,viper,True,100,,0,0,0,0,False,westside,GIANTX,cypher,True,100,,0,1,0,0,False
62.596,269,ACTIVE_ROUND,1,0,0,66.000,,,MiniBoo,Team Heretics,raze,True,100,4,0,1,1,1,False,RieNs,Team Heretics,fade,True,100,4,1,0,0,0,False,Boo,Team Heretics,omen,True,100,25,0,1,1,0,False,benjyfishy,Team Heretics,deadlock,True,100,25,0,0,0,0,False,Wo0t,Team Heretics,chamber,False,,,0,0,0,0,False,grubinho,GIANTX,omen,True,100,25,0,0,2,0,False,ara,GIANTX,raze,True,100,,0,0,1,0,False,Cloud,GIANTX,fade,True,100,,1,0,0,1,False,Flickless,GIANTX,viper,True,100,,0,0,0,0,False,westside,GIANTX,cypher,True,100,,0,1,0,0,False
62.829,270,ACTIVE_ROUND,1,0,0,66.000,,,MiniBoo,Team Heretics,raze,True,100,4,0,1,1,1,False,RieNs,Team Heretics,fade,True,100,4,1,0,0,0,False,Boo,Team Heretics,omen,True,100,25,0,1,1,0,False,benjyfishy,Team Heretics,deadlock,True,100,25,0,0,0,0,False,Wo0t,Team Heretics,chamber,False,,,0,0,0,0,False,grubinho,GIANTX,omen,True,100,25,0,0,2,0,False,ara,GIANTX,raze,True,100,,0,0,1,0,False,Cloud,GIANTX,fade,True,100,,1,0,0,1,False,Flickless,GIANTX,viper,True,100,,0,0,0,0,False,westside,GIANTX,cypher,True,100,,0,1,0,0,False
63.063,271,ACTIVE_ROUND,1,0,0,65.000,,,MiniBoo,Team Heretics,raze,True,100,4,0,1,1,1,False,RieNs,Team Heretics,fade,True,100,4,1,0,0,0,False,Boo,Team Heretics,omen,True,100,25,0,1,1,0,False,benjyfishy,Team Heretics,deadlock,True,100,25,0,0,0,0,False,Wo0t,Team Heretics,chamber,False,,,0,0,0,0,False,grubinho,GIANTX,omen,True,100,25,0,0,2,0,False,ara,GIANTX,raze,True,100,,0,0,1,0,False,Cloud,GIANTX,fade,True,100,,1,0,0,1,False,Flickless,GIANTX,viper,True,100,,0,0,0,0,False,westside,GIANTX,cypher,True,100,,0,1,0,0,False
63.297,272,ACTIVE_ROUND,1,0,0,65.000,,,MiniBoo,Team Heretics,raze,True,100,4,0,1,1,1,False,RieNs,Team Heretics,fade,True,100,4,1,0,0,0,False,Boo,Team Heretics,omen,True,100,25,0,1,1,0,False,benjyfishy,Team Heretics,deadlock,True,100,25,0,0,0,0,False,Wo0t,Team Heretics,chamber,False,,,0,0,0,0,False,grubinho,GIANTX,omen,True,100,25,0,0,2,0,False,ara,GIANTX,raze,True,100,,0,0,1,0,False,Cloud,GIANTX,fade,True,100,,1,0,0,1,False,Flickless,GIANTX,viper,True,100,,0,0,0,0,False,westside,GIANTX,cypher,True,100,,0,1,0,0,False
63.530,273,ACTIVE_ROUND,1,0,0,65.000,,,MiniBoo,Team Heretics,raze,True,100,4,0,1,1,1,False,RieNs,Team Heretics,fade,True,100,4,1,0,0,0,False,Boo,Team Heretics,omen,True,100,25,0,1,1,0,False,benjyfishy,Team Heretics,deadlock,True,100,25,0,0,0,0,False,Wo0t,Team Heretics,chamber,False,,,0,0,0,0,False,grubinho,GIANTX,omen,True,100,25,0,0,2,0,False,ara,GIANTX,raze,True,100,,0,0,1,0,False,Cloud,GIANTX,fade,True,100,,1,0,0,1,False,Flickless,GIANTX,viper,True,100,,0,0,0,0,False,westside,GIANTX,cypher,True,100,,0,1,0,0,False
63.764,274,ACTIVE_ROUND,1,0,0,65.000,,,MiniBoo,Team Heretics,raze,True,100,4,0,1,1,1,False,RieNs,Team Heretics,fade,True,100,4,1,0,0,0,False,Boo,Team Heretics,omen,True,100,25,0,1,1,0,False,benjyfishy,Team Heretics,deadlock,True,100,25,0,0,0,0,False,Wo0t,Team Heretics,chamber,False,,,0,0,0,0,False,grubinho,GIANTX,omen,True,100,25,0,0,2,0,False,ara,GIANTX,raze,True,100,,0,0,1,0,False,Cloud,GIANTX,fade,True,100,,1,0,0,1,False,Flickless,GIANTX,viper,True,100,,0,0,0,0,False,westside,GIANTX,cypher,True,100,,0,1,0,0,False
63.997,275,ACTIVE_ROUND,1,0,0,64.000,,,MiniBoo,Team Heretics,raze,True,100,4,0,1,1,1,False,RieNs,Team Heretics,fade,True,100,4,1,0,0,0,False,Boo,Team Heretics,omen,True,100,25,0,1,1,0,False,benjyfishy,Team Heretics,deadlock,True,100,25,0,0,0,0,False,Wo0t,Team Heretics,chamber,False,,,0,0,0,0,False,grubinho,GIANTX,omen,True,100,25,0,0,2,0,False,ara,GIANTX,raze,True,100,,0,0,1,0,False,Cloud,GIANTX,fade,True,100,,1,0,0,1,False,Flickless,GIANTX,viper,True,100,,0,0,0,0,False,westside,GIANTX,cypher,True,100,,0,1,0,0,False
64.231,276,ACTIVE_ROUND,1,0,0,64.000,,,MiniBoo,Team Heretics,raze,True,100,4,0,1,1,1,False,RieNs,Team Heretics,fade,True,100,4,1,0,0,0,False,Boo,Team Heretics,omen,True,100,25,0,1,1,0,False,benjyfishy,Team Heretics,deadlock,True,100,25,0,0,0,0,False,Wo0t,Team Heretics,chamber,False,,,0,0,0,0,False,grubinho,GIANTX,omen,True,100,25,0,0,2,0,False,ara,GIANTX,raze,True,100,,0,0,1,0,False,Cloud,GIANTX,fade,True,100,,1,0,0,1,False,Flickless,GIANTX,viper,True,100,,0,0,0,0,False,westside,GIANTX,cypher,True,100,,0,1,0,0,False
64.464,277,ACTIVE_ROUND,1,0,0,64.000,,,MiniBoo,Team Heretics,raze,True,100,4,0,1,1,1,False,RieNs,Team Heretics,fade,True,100,4,1,0,0,0,False,Boo,Team Heretics,omen,True,100,25,0,1,1,0,False,benjyfishy,Team Heretics,deadlock,True,100,25,0,0,0,0,False,Wo0t,Team Heretics,chamber,False,,,0,0,0,0,False,grubinho,GIANTX,omen,True,100,25,0,0,2,0,False,ara,GIANTX,raze,True,100,,0,0,1,0,False,Cloud,GIANTX,fade,True,100,,1,0,0,1,False,Flickless,GIANTX,viper,True,100,,0,0,0,0,False,westside,GIANTX,cypher,True,100,,0,1,0,0,False
64.698,278,ACTIVE_ROUND,1,0,0,64.000,,,MiniBoo,Team Heretics,raze,True,100,4,0,1,1,1,False,RieNs,Team Heretics,fade,True,100,4,1,0,0,0,False,Boo,Team Heretics,omen,True,100,25,0,1,1,0,False,benjyfishy,Team Heretics,deadlock,True,100,25,0,0,0,0,False,Wo0t,Team Heretics,chamber,False,,,0,0,0,0,False,grubinho,GIANTX,omen,True,100,25,0,0,2,0,False,ara,GIANTX,raze,True,100,,0,0,1,0,False,Cloud,GIANTX,fade,True,100,,1,0,0,1,False,Flickless,GIANTX,viper,True,100,,0,0,0,0,False,westside,GIANTX,cypher,True,100,,0,1,0,0,False
64.932,279,ACTIVE_ROUND,1,0,0,63.000,,,MiniBoo,Team Heretics,raze,True,100,4,0,1,1,1,False,RieNs,Team Heretics,fade,True,100,4,1,0,0,0,False,Boo,Team Heretics,omen,True,100,25,0,1,1,0,False,benjyfishy,Team Heretics,deadlock,True,100,25,0,0,0,0,False,Wo0t,Team Heretics,chamber,False,,,0,0,0,0,False,grubinho,GIANTX,omen,True,100,25,0,0,2,0,False,ara,GIANTX,raze,True,100,,0,0,1,0,False,Cloud,GIANTX,fade,True,100,,1,0,0,1,False,Flickless,GIANTX,viper,True,100,,0,0,0,0,False,westside,GIANTX,cypher,True,100,,0,1,0,0,False
65.165,280,ACTIVE_ROUND,1,0,0,63.000,,,MiniBoo,Team Heretics,raze,True,100,4,0,1,1,1,False,RieNs,Team Heretics,fade,True,100,4,1,0,0,0,False,Boo,Team Heretics,omen,True,100,25,0,1,1,0,False,benjyfishy,Team Heretics,deadlock,True,100,25,0,0,0,0,False,Wo0t,Team Heretics,chamber,False,,,0,0,0,0,False,grubinho,GIANTX,omen,True,100,25,0,0,2,0,False,ara,GIANTX,raze,True,100,,0,0,1,0,False,Cloud,GIANTX,fade,True,100,,1,0,0,1,False,Flickless,GIANTX,viper,True,100,,0,0,0,0,False,westside,GIANTX,cypher,True,100,,0,1,0,0,False
65.399,281,ACTIVE_ROUND,1,0,0,63.000,,,MiniBoo,Team Heretics,raze,True,100,4,0,1,1,1,False,RieNs,Team Heretics,fade,True,100,4,1,0,0,0,False,Boo,Team Heretics,omen,True,100,25,0,1,1,0,False,benjyfishy,Team Heretics,deadlock,True,100,25,0,0,0,0,False,Wo0t,Team Heretics,chamber,False,,,0,0,0,0,False,grubinho,GIANTX,omen,True,100,25,0,0,2,0,False,ara,GIANTX,raze,True,100,,0,0,1,0,False,Cloud,GIANTX,fade,True,100,,1,0,0,1,False,Flickless,GIANTX,viper,True,100,,0,0,0,0,False,westside,GIANTX,cypher,True,100,,0,1,0,0,False
65.632,282,ACTIVE_ROUND,1,0,0,63.000,,,MiniBoo,Team Heretics,raze,True,100,4,0,1,1,1,False,RieNs,Team Heretics,fade,True,100,4,1,0,0,0,False,Boo,Team Heretics,omen,True,100,25,0,1,1,0,False,benjyfishy,Team Heretics,deadlock,True,100,25,0,0,0,0,False,Wo0t,Team Heretics,chamber,False,,,0,0,0,0,False,grubinho,GIANTX,omen,True,100,25,0,0,2,0,False,ara,GIANTX,raze,True,100,,0,0,1,0,False,Cloud,GIANTX,fade,True,100,,1,0,0,1,False,Flickless,GIANTX,viper,True,100,,0,0,0,0,False,westside,GIANTX,cypher,True,100,,0,1,0,0,False
65.866,283,ACTIVE_ROUND,1,0,0,63.000,,,MiniBoo,Team Heretics,raze,True,100,4,0,1,1,1,False,RieNs,Team Heretics,fade,True,100,4,1,0,0,0,False,Boo,Team Heretics,omen,True,100,25,0,1,1,0,False,benjyfishy,Team Heretics,deadlock,True,100,25,0,0,0,0,False,Wo0t,Team Heretics,chamber,False,,,0,0,0,0,False,grubinho,GIANTX,omen,True,100,25,0,0,2,0,False,ara,GIANTX,raze,True,100,,0,0,1,0,False,Cloud,GIANTX,fade,True,100,,1,0,0,1,False,Flickless,GIANTX,viper,True,100,,0,0,0,0,False,westside,GIANTX,cypher,True,100,,0,1,0,0,False
66.099,284,ACTIVE_ROUND,1,0,0,62.000,,,MiniBoo,Team Heretics,raze,True,100,4,0,1,1,1,False,RieNs,Team Heretics,fade,True,100,4,1,0,0,0,False,Boo,Team Heretics,omen,True,100,25,0,1,1,0,False,benjyfishy,Team Heretics,deadlock,True,100,25,0,0,0,0,False,Wo0t,Team Heretics,chamber,False,,,0,0,0,0,False,grubinho,GIANTX,omen,True,100,25,0,0,2,0,False,ara,GIANTX,raze,True,100,,0,0,1,0,False,Cloud,GIANTX,fade,True,100,,1,0,0,1,False,Flickless,GIANTX,viper,True,100,,0,0,0,0,False,westside,GIANTX,cypher,True,100,,0,1,0,0,False
66.333,285,ACTIVE_ROUND,1,0,0,62.000,,,MiniBoo,Team Heretics,raze,True,100,4,0,1,1,1,False,RieNs,Team Heretics,fade,True,100,4,1,0,0,0,False,Boo,Team Heretics,omen,True,100,25,0,1,1,0,False,benjyfishy,Team Heretics,deadlock,True,100,25,0,0,0,0,False,Wo0t,Team Heretics,chamber,False,,,0,0,0,0,False,grubinho,GIANTX,omen,True,100,25,0,0,2,0,False,ara,GIANTX,raze,True,100,,0,0,1,0,False,Cloud,GIANTX,fade,True,100,,1,0,0,1,False,Flickless,GIANTX,viper,True,100,,0,0,0,0,False,westside,GIANTX,cypher,True,100,,0,1,0,0,False
66.567,286,ACTIVE_ROUND,1,0,0,62.000,,,MiniBoo,Team Heretics,raze,True,100,4,0,1,1,1,False,RieNs,Team Heretics,fade,True,100,4,1,0,0,0,False,Boo,Team Heretics,omen,True,100,25,0,1,1,0,False,benjyfishy,Team Heretics,deadlock,True,100,25,0,0,0,0,False,Wo0t,Team Heretics,chamber,False,,,0,0,0,0,False,grubinho,GIANTX,omen,True,100,25,0,0,2,0,False,ara,GIANTX,raze,True,100,,0,0,1,0,False,Cloud,GIANTX,fade,True,100,,1,0,0,1,False,Flickless,GIANTX,viper,True,100,,0,0,0,0,False,westside,GIANTX,cypher,True,100,,0,1,0,0,False
66.800,287,ACTIVE_ROUND,1,0,0,62.000,,,MiniBoo,Team Heretics,raze,True,100,4,0,1,1,1,False,RieNs,Team Heretics,fade,True,100,4,1,0,0,0,False,Boo,Team Heretics,omen,True,100,25,0,1,1,0,False,benjyfishy,Team Heretics,deadlock,True,100,25,0,0,0,0,False,Wo0t,Team Heretics,chamber,False,,,0,0,0,0,False,grubinho,GIANTX,omen,True,100,25,0,0,2,0,False,ara,GIANTX,raze,True,100,,0,0,1,0,False,Cloud,GIANTX,fade,True,100,,1,0,0,1,False,Flickless,GIANTX,viper,True,100,,0,0,0,0,False,westside,GIANTX,cypher,True,100,,0,1,0,0,False
67.034,288,ACTIVE_ROUND,1,0,0,61.000,,,MiniBoo,Team Heretics,raze,True,100,4,0,1,1,1,False,RieNs,Team Heretics,fade,True,100,4,1,0,0,0,False,Boo,Team Heretics,omen,True,100,25,0,1,1,0,False,benjyfishy,Team Heretics,deadlock,True,100,25,0,0,0,0,False,Wo0t,Team Heretics,chamber,False,,,0,0,0,0,False,grubinho,GIANTX,omen,True,100,25,0,0,2,0,False,ara,GIANTX,raze,True,100,,0,0,1,0,False,Cloud,GIANTX,fade,True,100,,1,0,0,1,False,Flickless,GIANTX,viper,True,100,,0,0,0,0,False,westside,GIANTX,cypher,True,100,,0,1,0,0,False
67.267,289,ACTIVE_ROUND,1,0,0,61.000,,,MiniBoo,Team Heretics,raze,True,100,4,0,1,1,1,False,RieNs,Team Heretics,fade,True,100,4,1,0,0,0,False,Boo,Team Heretics,omen,True,100,25,0,1,1,0,False,benjyfishy,Team Heretics,deadlock,True,100,25,0,0,0,0,False,Wo0t,Team Heretics,chamber,False,,,0,0,0,0,False,grubinho,GIANTX,omen,True,100,25,0,0,2,0,False,ara,GIANTX,raze,True,100,,0,0,1,0,False,Cloud,GIANTX,fade,True,100,,1,0,0,1,False,Flickless,GIANTX,viper,True,100,,0,0,0,0,False,westside,GIANTX,cypher,True,100,,0,1,0,0,False
67.501,290,ACTIVE_ROUND,1,0,0,61.000,,,MiniBoo,Team Heretics,raze,True,100,4,0,1,1,1,False,RieNs,Team Heretics,fade,True,100,4,1,0,0,0,False,Boo,Team Heretics,omen,True,100,25,0,1,1,0,False,benjyfishy,Team Heretics,deadlock,True,100,25,0,0,0,0,False,Wo0t,Team Heretics,chamber,False,,,0,0,0,0,False,grubinho,GIANTX,omen,True,100,25,0,0,2,0,False,ara,GIANTX,raze,True,100,,0,0,1,0,False,Cloud,GIANTX,fade,True,100,,1,0,0,1,False,Flickless,GIANTX,viper,True,100,,0,0,0,0,False,westside,GIANTX,cypher,True,100,,0,1,0,0,False
67.734,291,ACTIVE_ROUND,1,0,0,61.000,,,MiniBoo,Team Heretics,raze,True,100,4,0,1,1,1,False,RieNs,Team Heretics,fade,True,100,4,1,0,0,0,False,Boo,Team Heretics,omen,True,100,25,0,1,1,0,False,benjyfishy,Team Heretics,deadlock,True,100,25,0,0,0,0,False,Wo0t,Team Heretics,chamber,False,,,0,0,0,0,False,grubinho,GIANTX,omen,True,100,25,0,0,2,0,False,ara,GIANTX,raze,True,100,,0,0,1,0,False,Cloud,GIANTX,fade,True,100,,1,0,0,1,False,Flickless,GIANTX,viper,True,100,,0,0,0,0,False,westside,GIANTX,cypher,True,100,,0,1,0,0,False
67.968,292,ACTIVE_ROUND,1,0,0,60.000,,,MiniBoo,Team Heretics,raze,True,100,4,0,1,1,1,False,RieNs,Team Heretics,fade,True,100,4,1,0,0,0,False,Boo,Team Heretics,omen,True,100,25,0,1,1,0,False,benjyfishy,Team Heretics,deadlock,True,100,25,0,0,0,0,False,Wo0t,Team Heretics,chamber,False,,,0,0,0,0,False,grubinho,GIANTX,omen,True,100,25,0,0,2,0,False,ara,GIANTX,raze,True,100,,0,0,1,0,False,Cloud,GIANTX,fade,True,100,,1,0,0,1,False,Flickless,GIANTX,viper,True,100,,0,0,0,0,False,westside,GIANTX,cypher,True,100,,0,1,0,0,False
68.201,293,ACTIVE_ROUND,1,0,0,60.000,,,MiniBoo,Team Heretics,raze,True,100,4,0,1,1,1,False,RieNs,Team Heretics,fade,True,100,4,1,0,0,0,False,Boo,Team Heretics,omen,True,100,25,0,1,1,0,False,benjyfishy,Team Heretics,deadlock,True,100,25,0,0,0,0,False,Wo0t,Team Heretics,chamber,False,,,0,0,0,0,False,grubinho,GIANTX,omen,True,100,25,0,0,2,0,False,ara,GIANTX,raze,True,100,,0,0,1,0,False,Cloud,GIANTX,fade,True,100,,1,0,0,1,False,Flickless,GIANTX,viper,True,100,,0,0,0,0,False,westside,GIANTX,cypher,True,100,,0,1,0,0,False
68.435,294,ACTIVE_ROUND,1,0,0,60.000,,,MiniBoo,Team Heretics,raze,True,100,4,0,1,1,1,False,RieNs,Team Heretics,fade,True,100,4,1,0,0,0,False,Boo,Team Heretics,omen,True,100,25,0,1,1,0,False,benjyfishy,Team Heretics,deadlock,True,100,25,0,0,0,0,False,Wo0t,Team Heretics,chamber,False,,,0,0,0,0,False,grubinho,GIANTX,omen,True,100,25,0,0,2,0,False,ara,GIANTX,raze,True,100,,0,0,1,0,False,Cloud,GIANTX,fade,True,100,,1,0,0,1,False,Flickless,GIANTX,viper,True,100,,0,0,0,0,False,westside,GIANTX,cypher,True,100,,0,1,0,0,False
68.669,295,ACTIVE_ROUND,1,0,0,60.000,,,MiniBoo,Team Heretics,raze,True,100,4,0,1,1,1,False,RieNs,Team Heretics,fade,True,100,4,1,0,0,0,False,Boo,Team Heretics,omen,True,100,25,0,1,1,0,False,benjyfishy,Team Heretics,deadlock,True,100,25,0,0,0,0,False,Wo0t,Team Heretics,chamber,False,,,0,0,0,0,False,grubinho,GIANTX,omen,True,100,25,0,0,2,0,False,ara,GIANTX,raze,True,100,,0,0,1,0,False,Cloud,GIANTX,fade,True,100,,1,0,0,1,False,Flickless,GIANTX,viper,True,100,,0,0,0,0,False,westside,GIANTX,cypher,True,100,,0,1,0,0,False
68.902,296,ACTIVE_ROUND,1,0,0,59.000,,,MiniBoo,Team Heretics,raze,True,100,4,0,1,1,1,False,RieNs,Team Heretics,fade,True,100,4,1,0,0,0,False,Boo,Team Heretics,omen,True,100,25,0,1,1,0,False,benjyfishy,Team Heretics,deadlock,True,100,25,0,0,0,0,False,Wo0t,Team Heretics,chamber,False,,,0,0,0,0,False,grubinho,GIANTX,omen,True,100,25,0,0,2,0,False,ara,GIANTX,raze,True,100,,0,0,1,0,False,Cloud,GIANTX,fade,True,100,,1,0,0,1,False,Flickless,GIANTX,viper,True,100,,0,0,0,0,False,westside,GIANTX,cypher,True,100,,0,1,0,0,False
69.136,297,ACTIVE_ROUND,1,0,0,59.000,,,MiniBoo,Team Heretics,raze,True,100,4,0,1,1,1,False,RieNs,Team Heretics,fade,True,100,4,1,0,0,0,False,Boo,Team Heretics,omen,True,100,25,0,1,1,0,False,benjyfishy,Team Heretics,deadlock,True,100,25,0,0,0,0,False,Wo0t,Team Heretics,chamber,False,,,0,0,0,0,False,grubinho,GIANTX,omen,True,100,25,0,0,2,0,False,ara,GIANTX,raze,True,100,,0,0,1,0,False,Cloud,GIANTX,fade,True,100,,1,0,0,1,False,Flickless,GIANTX,viper,True,100,,0,0,0,0,False,westside,GIANTX,cypher,True,100,,0,1,0,0,False
69.369,298,ACTIVE_ROUND,1,0,0,59.000,,,MiniBoo,Team Heretics,raze,True,100,4,0,1,1,1,False,RieNs,Team Heretics,fade,True,100,4,1,0,0,0,False,Boo,Team Heretics,omen,True,100,25,0,1,1,0,False,benjyfishy,Team Heretics,deadlock,True,100,25,0,0,0,0,False,Wo0t,Team Heretics,chamber,False,,,0,0,0,0,False,grubinho,GIANTX,omen,True,100,25,0,0,2,0,False,ara,GIANTX,raze,True,100,,0,0,1,0,False,Cloud,GIANTX,fade,True,100,,1,0,0,1,False,Flickless,GIANTX,viper,True,100,,0,0,0,0,False,westside,GIANTX,cypher,True,100,,0,1,0,0,False
69.603,299,ACTIVE_ROUND,1,0,0,59.000,,,MiniBoo,Team Heretics,raze,True,100,4,0,1,1,1,False,RieNs,Team Heretics,fade,True,100,4,1,0,0,0,False,Boo,Team Heretics,omen,True,100,25,0,1,1,0,False,benjyfishy,Team Heretics,deadlock,True,100,25,0,0,0,0,False,Wo0t,Team Heretics,chamber,False,,,0,0,0,0,False,grubinho,GIANTX,omen,True,100,25,0,0,2,0,False,ara,GIANTX,raze,True,100,,0,0,1,0,False,Cloud,GIANTX,fade,True,100,,1,0,0,1,False,Flickless,GIANTX,viper,True,100,,0,0,0,0,False,westside,GIANTX,cypher,True,100,,0,1,0,0,False
69.836,300,ACTIVE_ROUND,1,0,0,59.000,,,MiniBoo,Team Heretics,raze,True,100,4,0,1,1,1,False,RieNs,Team Heretics,fade,True,100,4,1,0,1,0,False,Boo,Team Heretics,omen,True,100,25,0,1,1,0,False,benjyfishy,Team Heretics,deadlock,True,100,25,0,0,1,0,False,Wo0t,Team Heretics,chamber,False,,,0,0,0,0,False,grubinho,GIANTX,omen,True,100,25,0,0,2,0,False,ara,GIANTX,raze,True,100,,0,0,1,0,False,Cloud,GIANTX,fade,True,100,,1,0,0,1,False,Flickless,GIANTX,viper,True,100,,0,0,0,0,False,westside,GIANTX,cypher,True,100,,0,1,0,0,False
70.070,301,ACTIVE_ROUND,1,0,0,58.000,,,MiniBoo,Team Heretics,raze,True,100,4,0,1,1,1,False,RieNs,Team Heretics,fade,True,100,4,1,0,1,0,False,Boo,Team Heretics,omen,True,100,25,0,1,1,0,False,benjyfishy,Team Heretics,deadlock,True,100,25,0,0,1,0,False,Wo0t,Team Heretics,chamber,False,,,0,0,0,0,False,grubinho,GIANTX,omen,True,100,25,0,0,2,0,False,ara,GIANTX,raze,True,100,,0,0,1,0,False,Cloud,GIANTX,fade,True,100,,1,0,0,1,False,Flickless,GIANTX,viper,True,100,,0,0,0,0,False,westside,GIANTX,cypher,True,100,,0,1,0,0,False
70.304,302,ACTIVE_ROUND,1,0,0,58.000,,,MiniBoo,Team Heretics,raze,True,100,4,0,1,1,1,False,RieNs,Team Heretics,fade,True,100,4,1,0,1,0,False,Boo,Team Heretics,omen,True,100,25,0,1,1,0,False,benjyfishy,Team Heretics,deadlock,True,100,25,0,0,1,0,False,Wo0t,Team Heretics,chamber,False,,,0,0,0,0,False,grubinho,GIANTX,omen,True,100,25,0,0,2,0,False,ara,GIANTX,raze,True,100,,0,0,1,0,False,Cloud,GIANTX,fade,True,100,,1,0,0,1,False,Flickless,GIANTX,viper,True,100,,0,0,0,0,False,westside,GIANTX,cypher,True,100,,0,1,0,0,False
70.537,303,ACTIVE_ROUND,1,0,0,58.000,,,MiniBoo,Team Heretics,raze,True,100,4,0,1,1,1,False,RieNs,Team Heretics,fade,True,100,4,1,0,1,0,False,Boo,Team Heretics,omen,True,100,25,0,1,1,0,False,benjyfishy,Team Heretics,deadlock,True,100,25,0,0,1,0,False,Wo0t,Team Heretics,chamber,False,,,0,0,0,0,False,grubinho,GIANTX,omen,True,100,25,0,0,2,0,False,ara,GIANTX,raze,True,100,,0,0,1,0,False,Cloud,GIANTX,fade,True,100,,1,0,0,1,False,Flickless,GIANTX,viper,True,100,,0,0,0,0,False,westside,GIANTX,cypher,True,100,,0,1,0,0,False
70.771,304,ACTIVE_ROUND,1,0,0,58.000,,,MiniBoo,Team Heretics,raze,True,100,4,0,1,1,1,False,RieNs,Team Heretics,fade,True,100,4,1,0,1,0,False,Boo,Team Heretics,omen,True,100,25,0,1,1,0,False,benjyfishy,Team Heretics,deadlock,True,100,25,0,0,1,0,False,Wo0t,Team Heretics,chamber,False,,,0,0,0,0,False,grubinho,GIANTX,omen,True,100,25,0,0,2,0,False,ara,GIANTX,raze,True,100,,0,0,1,0,False,Cloud,GIANTX,fade,True,100,,1,0,0,1,False,Flickless,GIANTX,viper,True,100,,0,0,0,0,False,westside,GIANTX,cypher,True,100,,0,1,0,0,False
71.004,305,ACTIVE_ROUND,1,0,0,57.000,,,MiniBoo,Team Heretics,raze,True,100,4,0,1,1,1,False,RieNs,Team Heretics,fade,True,100,4,1,0,1,0,False,Boo,Team Heretics,omen,True,100,25,0,1,1,0,False,benjyfishy,Team Heretics,deadlock,True,100,25,0,0,1,0,False,Wo0t,Team Heretics,chamber,False,,,0,0,0,0,False,grubinho,GIANTX,omen,True,100,25,0,0,2,0,False,ara,GIANTX,raze,True,100,,0,0,1,0,False,Cloud,GIANTX,fade,True,100,,1,0,0,1,False,Flickless,GIANTX,viper,True,100,,0,0,0,0,False,westside,GIANTX,cypher,True,100,,0,1,0,0,False
71.238,306,ACTIVE_ROUND,1,0,0,57.000,,,MiniBoo,Team Heretics,raze,True,100,4,0,1,1,1,False,RieNs,Team Heretics,fade,True,100,4,1,0,1,0,False,Boo,Team Heretics,omen,True,100,25,0,1,1,0,False,benjyfishy,Team Heretics,deadlock,True,100,25,0,0,1,0,False,Wo0t,Team Heretics,chamber,False,,,0,0,0,0,False,grubinho,GIANTX,omen,True,100,25,0,0,2,0,False,ara,GIANTX,raze,True,100,,0,0,1,0,False,Cloud,GIANTX,fade,True,100,,1,0,0,1,False,Flickless,GIANTX,viper,True,100,,0,0,0,0,False,westside,GIANTX,cypher,True,100,,0,1,0,0,False
71.471,307,ACTIVE_ROUND,1,0,0,57.000,,,MiniBoo,Team Heretics,raze,True,100,4,0,1,1,1,False,RieNs,Team Heretics,fade,True,100,4,1,0,1,0,False,Boo,Team Heretics,omen,True,100,25,0,1,1,0,False,benjyfishy,Team Heretics,deadlock,True,100,25,0,0,1,0,False,Wo0t,Team Heretics,chamber,False,,,0,0,0,0,False,grubinho,GIANTX,omen,True,100,25,0,0,2,0,False,ara,GIANTX,raze,True,100,,0,0,1,0,False,Cloud,GIANTX,fade,True,100,,1,0,0,1,False,Flickless,GIANTX,viper,True,100,,0,0,0,0,False,westside,GIANTX,cypher,True,100,,0,1,0,0,False
71.705,308,ACTIVE_ROUND,1,0,0,57.000,,,MiniBoo,Team Heretics,raze,True,100,4,0,1,1,1,False,RieNs,Team Heretics,fade,True,100,4,1,0,1,0,False,Boo,Team Heretics,omen,True,100,25,0,1,1,0,False,benjyfishy,Team Heretics,deadlock,True,100,25,0,0,1,0,False,Wo0t,Team Heretics,chamber,False,,,0,0,0,0,False,grubinho,GIANTX,omen,True,100,25,0,0,2,0,False,ara,GIANTX,raze,True,100,,0,0,1,0,False,Cloud,GIANTX,fade,True,100,,1,0,0,1,False,Flickless,GIANTX,viper,True,100,,0,0,0,0,False,westside,GIANTX,cypher,True,100,,0,1,0,0,False
71.939,309,ACTIVE_ROUND,1,0,0,56.000,,,MiniBoo,Team Heretics,raze,True,100,4,0,1,1,1,False,RieNs,Team Heretics,fade,True,100,4,1,0,1,0,False,Boo,Team Heretics,omen,True,100,25,0,1,1,0,False,benjyfishy,Team Heretics,deadlock,True,100,25,0,0,1,0,False,Wo0t,Team Heretics,chamber,False,,,0,0,0,0,False,grubinho,GIANTX,omen,True,100,25,0,0,2,0,False,ara,GIANTX,raze,True,100,,0,0,1,0,False,Cloud,GIANTX,fade,True,100,,1,0,0,1,False,Flickless,GIANTX,viper,True,100,,0,0,0,0,False,westside,GIANTX,cypher,True,100,,0,1,0,0,False
72.172,310,ACTIVE_ROUND,1,0,0,56.000,,,MiniBoo,Team Heretics,raze,True,100,4,0,1,1,1,False,RieNs,Team Heretics,fade,True,100,4,1,0,1,0,False,Boo,Team Heretics,omen,True,100,25,0,1,1,0,False,benjyfishy,Team Heretics,deadlock,True,100,25,0,0,1,0,False,Wo0t,Team Heretics,chamber,False,,,0,0,0,0,False,grubinho,GIANTX,omen,True,100,25,0,0,2,0,False,ara,GIANTX,raze,True,100,,0,0,1,0,False,Cloud,GIANTX,fade,True,100,,1,0,0,1,False,Flickless,GIANTX,viper,True,100,,0,0,0,0,False,westside,GIANTX,cypher,True,100,,0,1,0,0,False
72.406,311,ACTIVE_ROUND,1,0,0,56.000,,,MiniBoo,Team Heretics,raze,True,100,4,0,1,1,1,False,RieNs,Team Heretics,fade,True,100,4,1,0,1,0,False,Boo,Team Heretics,omen,True,100,25,0,1,1,0,False,benjyfishy,Team Heretics,deadlock,True,100,25,0,0,1,0,False,Wo0t,Team Heretics,chamber,False,,,0,0,0,0,False,grubinho,GIANTX,omen,True,100,25,0,0,2,0,False,ara,GIANTX,raze,True,100,,0,0,1,0,False,Cloud,GIANTX,fade,True,100,,1,0,0,1,False,Flickless,GIANTX,viper,True,100,,0,0,0,0,False,westside,GIANTX,cypher,True,100,,0,1,0,0,False
72.639,312,ACTIVE_ROUND,1,0,0,56.000,,,MiniBoo,Team Heretics,raze,True,100,4,0,1,1,1,False,RieNs,Team Heretics,fade,True,100,4,1,0,1,0,False,Boo,Team Heretics,omen,True,100,25,0,1,1,0,False,benjyfishy,Team Heretics,deadlock,True,100,25,0,0,1,0,False,Wo0t,Team Heretics,chamber,False,,,0,0,0,0,False,grubinho,GIANTX,omen,True,100,25,0,0,2,0,False,ara,GIANTX,raze,True,100,,0,0,1,0,False,Cloud,GIANTX,fade,True,100,,1,0,0,1,False,Flickless,GIANTX,viper,True,100,,0,0,0,0,False,westside,GIANTX,cypher,True,100,,0,1,0,0,False
72.873,313,ACTIVE_ROUND,1,0,0,55.000,,,MiniBoo,Team Heretics,raze,True,100,4,0,1,1,1,False,RieNs,Team Heretics,fade,True,100,4,1,0,1,0,False,Boo,Team Heretics,omen,True,100,25,0,1,1,0,False,benjyfishy,Team Heretics,deadlock,True,100,25,0,0,1,0,False,Wo0t,Team Heretics,chamber,False,,,0,0,0,0,False,grubinho,GIANTX,omen,True,100,25,0,0,2,0,False,ara,GIANTX,raze,True,100,,0,0,1,0,False,Cloud,GIANTX,fade,True,100,,1,0,0,1,False,Flickless,GIANTX,viper,True,100,,0,0,0,0,False,westside,GIANTX,cypher,True,100,,0,1,0,0,False
73.106,314,ACTIVE_ROUND,1,0,0,55.000,,,MiniBoo,Team Heretics,raze,True,100,4,0,1,1,1,False,RieNs,Team Heretics,fade,True,100,4,1,0,1,0,False,Boo,Team Heretics,omen,True,100,25,0,1,1,0,False,benjyfishy,Team Heretics,deadlock,True,100,25,0,0,1,0,False,Wo0t,Team Heretics,chamber,False,,,0,0,0,0,False,grubinho,GIANTX,omen,True,100,25,0,0,2,0,False,ara,GIANTX,raze,True,100,,0,0,1,0,False,Cloud,GIANTX,fade,True,100,,1,0,0,1,False,Flickless,GIANTX,viper,True,100,,0,0,0,0,False,westside,GIANTX,cypher,True,100,,0,1,0,0,False
73.340,315,ACTIVE_ROUND,1,0,0,55.000,,,MiniBoo,Team Heretics,raze,True,100,4,0,1,1,1,False,RieNs,Team Heretics,fade,True,100,4,1,0,1,0,False,Boo,Team Heretics,omen,True,100,25,0,1,1,0,False,benjyfishy,Team Heretics,deadlock,True,100,25,0,0,1,0,False,Wo0t,Team Heretics,chamber,False,,,0,0,0,0,False,grubinho,GIANTX,omen,True,100,25,0,0,2,0,False,ara,GIANTX,raze,True,100,,0,0,1,0,False,Cloud,GIANTX,fade,True,100,,1,0,0,1,False,Flickless,GIANTX,viper,True,100,,0,0,0,0,False,westside,GIANTX,cypher,True,100,,0,1,0,0,False
73.573,316,ACTIVE_ROUND,1,0,0,55.000,,,MiniBoo,Team Heretics,raze,True,100,4,0,1,1,1,False,RieNs,Team Heretics,fade,True,100,4,1,0,1,0,False,Boo,Team Heretics,omen,True,100,25,0,1,1,0,False,benjyfishy,Team Heretics,deadlock,True,100,25,0,0,1,0,False,Wo0t,Team Heretics,chamber,False,,,0,0,0,0,False,grubinho,GIANTX,omen,True,100,25,0,0,2,0,False,ara,GIANTX,raze,True,100,,0,0,1,0,False,Cloud,GIANTX,fade,True,100,,1,0,0,1,False,Flickless,GIANTX,viper,True,100,,0,0,0,0,False,westside,GIANTX,cypher,True,100,,0,1,0,0,False
73.807,317,ACTIVE_ROUND,1,0,0,55.000,,,MiniBoo,Team Heretics,raze,True,100,4,0,1,1,1,False,RieNs,Team Heretics,fade,True,100,4,1,0,1,0,False,Boo,Team Heretics,omen,True,100,25,0,1,1,0,False,benjyfishy,Team Heretics,deadlock,True,100,25,0,0,1,0,False,Wo0t,Team Heretics,chamber,False,,,0,0,0,0,False,grubinho,GIANTX,omen,True,100,25,0,0,2,0,False,ara,GIANTX,raze,True,100,,0,0,1,0,False,Cloud,GIANTX,fade,True,100,,1,0,0,1,False,Flickless,GIANTX,viper,True,100,,0,0,0,0,False,westside,GIANTX,cypher,True,100,,0,1,0,0,False
74.041,318,ACTIVE_ROUND,1,0,0,54.000,,,MiniBoo,Team Heretics,raze,True,100,4,0,1,1,1,False,RieNs,Team Heretics,fade,True,100,4,1,0,1,0,False,Boo,Team Heretics,omen,True,100,25,0,1,1,0,False,benjyfishy,Team Heretics,deadlock,True,100,25,0,0,1,0,False,Wo0t,Team Heretics,chamber,False,,,0,0,0,0,False,grubinho,GIANTX,omen,True,100,25,0,0,2,0,False,ara,GIANTX,raze,True,100,,0,0,1,0,False,Cloud,GIANTX,fade,True,100,,1,0,0,1,False,Flickless,GIANTX,viper,True,100,,0,0,0,0,False,westside,GIANTX,cypher,True,100,,0,1,0,0,False
74.274,319,ACTIVE_ROUND,1,0,0,54.000,,,MiniBoo,Team Heretics,raze,True,100,4,0,1,1,1,False,RieNs,Team Heretics,fade,True,100,4,1,0,1,0,False,Boo,Team Heretics,omen,True,100,25,0,1,1,0,False,benjyfishy,Team Heretics,deadlock,True,100,25,0,0,1,0,False,Wo0t,Team Heretics,chamber,False,,,0,0,0,0,False,grubinho,GIANTX,omen,True,100,25,0,0,2,0,False,ara,GIANTX,raze,True,100,,0,0,1,0,False,Cloud,GIANTX,fade,True,100,,1,0,0,1,False,Flickless,GIANTX,viper,True,100,,0,0,0,0,False,westside,GIANTX,cypher,True,100,,0,1,0,0,False
74.508,320,ACTIVE_ROUND,1,0,0,54.000,,,MiniBoo,Team Heretics,raze,True,100,4,0,1,1,1,False,RieNs,Team Heretics,fade,True,100,4,1,0,1,0,False,Boo,Team Heretics,omen,True,100,25,0,1,1,0,False,benjyfishy,Team Heretics,deadlock,True,100,25,0,0,1,0,False,Wo0t,Team Heretics,chamber,False,,,0,0,0,0,False,grubinho,GIANTX,omen,True,100,25,0,0,2,0,False,ara,GIANTX,raze,True,100,,0,0,1,0,False,Cloud,GIANTX,fade,True,100,,1,0,0,1,False,Flickless,GIANTX,viper,True,100,,0,0,0,0,False,westside,GIANTX,cypher,True,100,,0,1,0,0,False
74.741,321,ACTIVE_ROUND,1,0,0,54.000,,,MiniBoo,Team Heretics,raze,True,100,4,0,1,1,1,False,RieNs,Team Heretics,fade,True,100,4,1,0,1,0,False,Boo,Team Heretics,omen,True,100,25,0,1,1,0,False,benjyfishy,Team Heretics,deadlock,True,100,25,0,0,1,0,False,Wo0t,Team Heretics,chamber,False,,,0,0,0,0,False,grubinho,GIANTX,omen,True,100,25,0,0,2,0,False,ara,GIANTX,raze,True,100,,0,0,1,0,False,Cloud,GIANTX,fade,True,100,,1,0,0,1,False,Flickless,GIANTX,viper,True,100,,0,0,0,0,False,westside,GIANTX,cypher,True,100,,0,1,0,0,False
74.975,322,ACTIVE_ROUND,1,0,0,53.000,,,MiniBoo,Team Heretics,raze,True,100,4,0,1,1,1,False,RieNs,Team Heretics,fade,True,100,4,1,0,1,0,False,Boo,Team Heretics,omen,True,100,25,0,1,1,0,False,benjyfishy,Team Heretics,deadlock,True,100,25,0,0,1,0,False,Wo0t,Team Heretics,chamber,False,,,0,0,0,0,False,grubinho,GIANTX,omen,True,100,25,0,0,2,0,False,ara,GIANTX,raze,True,100,,0,0,1,0,False,Cloud,GIANTX,fade,True,100,,1,0,0,1,False,Flickless,GIANTX,viper,True,100,,0,0,0,0,False,westside,GIANTX,cypher,True,100,,0,1,0,0,False
75.208,323,ACTIVE_ROUND,1,0,0,53.000,,,MiniBoo,Team Heretics,raze,True,100,4,0,1,1,1,False,RieNs,Team Heretics,fade,True,100,4,1,0,1,0,False,Boo,Team Heretics,omen,True,100,25,0,1,1,0,False,benjyfishy,Team Heretics,deadlock,True,100,25,0,0,1,0,False,Wo0t,Team Heretics,chamber,False,,,0,0,0,0,False,grubinho,GIANTX,omen,True,100,25,0,0,2,0,False,ara,GIANTX,raze,True,100,,0,0,1,0,False,Cloud,GIANTX,fade,True,100,,1,0,0,1,False,Flickless,GIANTX,viper,True,100,,0,0,0,0,False,westside,GIANTX,cypher,True,100,,0,1,0,0,False
75.442,324,ACTIVE_ROUND,1,0,0,53.000,,,MiniBoo,Team Heretics,raze,True,100,4,0,1,1,1,False,RieNs,Team Heretics,fade,True,100,4,1,0,1,0,False,Boo,Team Heretics,omen,True,100,25,0,1,1,0,False,benjyfishy,Team Heretics,deadlock,True,100,25,0,0,1,0,False,Wo0t,Team Heretics,chamber,False,,,0,0,0,0,False,grubinho,GIANTX,omen,True,100,25,0,0,2,0,False,ara,GIANTX,raze,True,100,,0,0,1,0,False,Cloud,GIANTX,fade,True,100,,1,0,0,1,False,Flickless,GIANTX,viper,True,100,,0,0,0,0,False,westside,GIANTX,cypher,True,100,,0,1,0,0,False
75.676,325,ACTIVE_ROUND,1,0,0,53.000,,,MiniBoo,Team Heretics,raze,True,100,4,0,1,1,1,False,RieNs,Team Heretics,fade,True,100,4,1,0,1,0,False,Boo,Team Heretics,omen,True,100,25,0,1,1,0,False,benjyfishy,Team Heretics,deadlock,True,100,25,0,0,1,0,False,Wo0t,Team Heretics,chamber,False,,,0,0,0,0,False,grubinho,GIANTX,omen,True,100,25,0,0,2,0,False,ara,GIANTX,raze,True,100,,0,0,1,0,False,Cloud,GIANTX,fade,True,100,,1,0,0,1,False,Flickless,GIANTX,viper,True,100,,0,0,0,0,False,westside,GIANTX,cypher,True,100,,0,1,0,0,False
75.909,326,ACTIVE_ROUND,1,0,0,52.000,,,MiniBoo,Team Heretics,raze,True,100,4,0,1,1,1,False,RieNs,Team Heretics,fade,True,100,4,1,0,0,0,False,Boo,Team Heretics,omen,True,100,25,0,1,1,0,False,benjyfishy,Team Heretics,deadlock,True,100,25,0,0,1,0,False,Wo0t,Team Heretics,chamber,False,,,0,0,0,0,False,grubinho,GIANTX,omen,True,100,25,0,0,2,0,False,ara,GIANTX,raze,True,100,,0,0,1,0,False,Cloud,GIANTX,fade,True,100,,1,0,0,1,False,Flickless,GIANTX,viper,True,100,,0,0,0,0,False,westside,GIANTX,cypher,True,100,,0,1,0,0,False
76.143,327,ACTIVE_ROUND,1,0,0,52.000,,,MiniBoo,Team Heretics,raze,True,100,4,0,1,1,1,False,RieNs,Team Heretics,fade,True,100,4,1,0,0,0,False,Boo,Team Heretics,omen,True,100,25,0,1,1,0,False,benjyfishy,Team Heretics,deadlock,True,100,25,0,0,1,0,False,Wo0t,Team Heretics,chamber,False,,,0,0,0,0,False,grubinho,GIANTX,omen,True,100,25,0,0,2,0,False,ara,GIANTX,raze,True,100,,0,0,1,0,False,Cloud,GIANTX,fade,True,100,,1,0,0,1,False,Flickless,GIANTX,viper,True,100,,0,0,0,0,False,westside,GIANTX,cypher,True,100,,0,1,0,0,False
76.376,328,ACTIVE_ROUND,1,0,0,52.000,,,MiniBoo,Team Heretics,raze,True,100,4,0,1,1,1,False,RieNs,Team Heretics,fade,True,100,4,1,0,0,0,False,Boo,Team Heretics,omen,True,100,25,0,1,1,0,False,benjyfishy,Team Heretics,deadlock,True,100,25,0,0,1,0,False,Wo0t,Team Heretics,chamber,False,,,0,0,0,0,False,grubinho,GIANTX,omen,True,100,25,0,0,2,0,False,ara,GIANTX,raze,True,100,,0,0,1,0,False,Cloud,GIANTX,fade,True,100,,1,0,0,1,False,Flickless,GIANTX,viper,True,100,,0,0,0,0,False,westside,GIANTX,cypher,True,100,,0,1,0,0,False
76.610,329,ACTIVE_ROUND,1,0,0,52.000,,,MiniBoo,Team Heretics,raze,True,100,4,0,1,1,1,False,RieNs,Team Heretics,fade,True,100,4,1,0,0,0,False,Boo,Team Heretics,omen,True,100,25,0,1,1,0,False,benjyfishy,Team Heretics,deadlock,True,100,25,0,0,1,0,False,Wo0t,Team Heretics,chamber,False,,,0,0,0,0,False,grubinho,GIANTX,omen,True,100,25,0,0,2,0,False,ara,GIANTX,raze,True,100,,0,0,1,0,False,Cloud,GIANTX,fade,True,100,,1,0,0,1,False,Flickless,GIANTX,viper,True,100,,0,0,0,0,False,westside,GIANTX,cypher,True,100,,0,1,0,0,False
76.843,330,ACTIVE_ROUND,1,0,0,52.000,,,MiniBoo,Team Heretics,raze,True,100,4,0,1,1,1,False,RieNs,Team Heretics,fade,True,100,4,1,0,0,0,False,Boo,Team Heretics,omen,True,100,25,0,1,1,0,False,benjyfishy,Team Heretics,deadlock,True,100,25,0,0,1,0,False,Wo0t,Team Heretics,chamber,False,,,0,0,0,0,False,grubinho,GIANTX,omen,True,100,25,0,0,1,0,False,ara,GIANTX,raze,True,100,,0,0,1,0,False,Cloud,GIANTX,fade,True,100,,0,0,0,1,False,Flickless,GIANTX,viper,True,100,,0,0,0,0,False,westside,GIANTX,cypher,True,100,,0,1,0,0,False
77.077,331,ACTIVE_ROUND,1,0,0,51.000,,,MiniBoo,Team Heretics,raze,True,100,4,0,1,1,1,False,RieNs,Team Heretics,fade,True,100,4,1,0,0,0,False,Boo,Team Heretics,omen,True,100,25,0,1,1,0,False,benjyfishy,Team Heretics,deadlock,True,100,25,0,0,1,0,False,Wo0t,Team Heretics,chamber,False,,,0,0,0,0,False,grubinho,GIANTX,omen,True,100,25,0,0,1,0,False,ara,GIANTX,raze,True,100,,0,0,1,0,False,Cloud,GIANTX,fade,True,100,,0,0,0,1,False,Flickless,GIANTX,viper,True,100,,0,0,0,0,False,westside,GIANTX,cypher,True,100,,0,1,0,0,False
77.311,332,ACTIVE_ROUND,1,0,0,51.000,,,MiniBoo,Team Heretics,raze,True,100,4,0,1,1,1,False,RieNs,Team Heretics,fade,True,100,4,1,0,0,0,False,Boo,Team Heretics,omen,True,100,25,0,1,1,0,False,benjyfishy,Team Heretics,deadlock,True,100,25,0,0,1,0,False,Wo0t,Team Heretics,chamber,False,,,0,0,0,0,False,grubinho,GIANTX,omen,True,100,25,0,0,1,0,False,ara,GIANTX,raze,True,100,,0,0,1,0,False,Cloud,GIANTX,fade,True,100,,0,0,0,1,False,Flickless,GIANTX,viper,True,100,,0,0,0,0,False,westside,GIANTX,cypher,True,100,,0,1,0,0,False
77.544,333,ACTIVE_ROUND,1,0,0,51.000,,,MiniBoo,Team Heretics,raze,True,100,4,0,1,1,1,False,RieNs,Team Heretics,fade,True,100,4,1,0,0,0,False,Boo,Team Heretics,omen,True,100,25,0,1,1,0,False,benjyfishy,Team Heretics,deadlock,True,100,25,0,0,1,0,False,Wo0t,Team Heretics,chamber,False,,,0,0,0,0,False,grubinho,GIANTX,omen,True,100,25,0,0,1,0,False,ara,GIANTX,raze,True,100,,0,0,1,0,False,Cloud,GIANTX,fade,True,100,,0,0,0,1,False,Flickless,GIANTX,viper,True,100,,0,0,0,0,False,westside,GIANTX,cypher,True,100,,0,1,0,0,False
77.778,334,ACTIVE_ROUND,1,0,0,51.000,,,MiniBoo,Team Heretics,raze,True,100,4,0,1,1,1,False,RieNs,Team Heretics,fade,True,100,4,1,0,0,0,False,Boo,Team Heretics,omen,True,100,25,0,1,1,0,False,benjyfishy,Team Heretics,deadlock,True,100,25,0,0,1,0,False,Wo0t,Team Heretics,chamber,False,,,0,0,0,0,False,grubinho,GIANTX,omen,True,100,25,0,0,1,0,False,ara,GIANTX,raze,True,100,,0,0,1,0,False,Cloud,GIANTX,fade,True,100,,0,0,0,1,False,Flickless,GIANTX,viper,True,100,,0,0,0,0,False,westside,GIANTX,cypher,True,100,,0,1,0,0,False
78.011,335,ACTIVE_ROUND,1,0,0,50.000,,,MiniBoo,Team Heretics,raze,True,100,4,0,1,1,1,False,RieNs,Team Heretics,fade,True,100,4,1,0,0,0,False,Boo,Team Heretics,omen,True,92,1,0,1,1,0,False,benjyfishy,Team Heretics,deadlock,True,100,25,0,0,1,0,False,Wo0t,Team Heretics,chamber,False,,,0,0,0,0,False,grubinho,GIANTX,omen,True,100,25,0,0,1,0,False,ara,GIANTX,raze,True,100,,0,0,1,0,False,Cloud,GIANTX,fade,True,100,,0,0,0,1,False,Flickless,GIANTX,viper,True,100,,0,0,0,0,False,westside,GIANTX,cypher,True,100,,0,1,0,0,False
78.245,336,ACTIVE_ROUND,1,0,0,50.000,,,MiniBoo,Team Heretics,raze,True,100,4,0,1,1,1,False,RieNs,Team Heretics,fade,True,100,4,1,0,0,0,False,Boo,Team Heretics,omen,True,92,1,0,1,1,0,False,benjyfishy,Team Heretics,deadlock,True,100,25,0,0,1,0,False,Wo0t,Team Heretics,chamber,False,,,0,0,0,0,False,grubinho,GIANTX,omen,True,100,25,0,0,1,0,False,ara,GIANTX,raze,True,100,,0,0,1,0,False,Cloud,GIANTX,fade,True,100,,0,0,0,1,False,Flickless,GIANTX,viper,True,100,,0,0,0,0,False,westside,GIANTX,cypher,True,100,,0,1,0,0,False
78.478,337,ACTIVE_ROUND,1,0,0,50.000,,,MiniBoo,Team Heretics,raze,True,100,4,0,1,1,1,False,RieNs,Team Heretics,fade,True,100,4,1,0,0,0,False,Boo,Team Heretics,omen,True,92,1,0,1,1,0,False,benjyfishy,Team Heretics,deadlock,True,100,25,0,0,1,0,False,Wo0t,Team Heretics,chamber,False,,,0,0,0,0,False,grubinho,GIANTX,omen,True,100,25,0,0,1,0,False,ara,GIANTX,raze,True,100,,0,0,1,0,False,Cloud,GIANTX,fade,True,100,,0,0,0,1,False,Flickless,GIANTX,viper,True,100,,0,0,0,0,False,westside,GIANTX,cypher,True,100,,0,1,0,0,False
78.712,338,ACTIVE_ROUND,1,0,0,50.000,,,MiniBoo,Team Heretics,raze,True,100,4,0,1,1,1,False,RieNs,Team Heretics,fade,True,100,4,1,0,0,0,False,Boo,Team Heretics,omen,True,92,1,0,1,1,0,False,benjyfishy,Team Heretics,deadlock,True,100,25,0,0,1,0,False,Wo0t,Team Heretics,chamber,False,,,0,0,0,0,False,grubinho,GIANTX,omen,True,100,25,0,0,1,0,False,ara,GIANTX,raze,True,100,,0,0,1,0,False,Cloud,GIANTX,fade,True,100,,0,0,0,1,False,Flickless,GIANTX,viper,True,100,,0,0,0,0,False,westside,GIANTX,cypher,True,100,,0,1,0,0,False
78.946,339,ACTIVE_ROUND,1,0,0,49.000,,,MiniBoo,Team Heretics,raze,True,100,4,0,1,1,1,False,RieNs,Team Heretics,fade,True,100,4,1,0,0,0,False,Boo,Team Heretics,omen,True,92,1,0,1,1,0,False,benjyfishy,Team Heretics,deadlock,True,100,25,0,0,1,0,False,Wo0t,Team Heretics,chamber,False,,,0,0,0,0,False,grubinho,GIANTX,omen,True,100,25,0,0,0,0,False,ara,GIANTX,raze,True,100,,0,0,1,0,False,Cloud,GIANTX,fade,True,100,,0,0,0,1,False,Flickless,GIANTX,viper,True,100,,0,0,0,0,False,westside,GIANTX,cypher,True,100,,0,1,0,0,False
79.179,340,ACTIVE_ROUND,1,0,0,49.000,,,MiniBoo,Team Heretics,raze,True,100,4,0,1,1,1,False,RieNs,Team Heretics,fade,True,100,4,1,0,0,0,False,Boo,Team Heretics,omen,True,92,1,0,1,1,0,False,benjyfishy,Team Heretics,deadlock,True,100,25,0,0,1,0,False,Wo0t,Team Heretics,chamber,False,,,0,0,0,0,False,grubinho,GIANTX,omen,True,100,25,0,0,0,0,False,ara,GIANTX,raze,True,100,,0,0,1,0,False,Cloud,GIANTX,fade,True,100,,0,0,0,1,False,Flickless,GIANTX,viper,True,100,,0,0,0,0,False,westside,GIANTX,cypher,True,100,,0,1,0,0,False
79.413,341,ACTIVE_ROUND,1,0,0,49.000,,,MiniBoo,Team Heretics,raze,True,100,4,0,1,1,1,False,RieNs,Team Heretics,fade,True,100,4,1,0,0,0,False,Boo,Team Heretics,omen,True,92,1,0,1,1,0,False,benjyfishy,Team Heretics,deadlock,True,100,25,0,0,1,0,False,Wo0t,Team Heretics,chamber,False,,,0,0,0,0,False,grubinho,GIANTX,omen,True,100,25,0,0,0,0,False,ara,GIANTX,raze,True,100,,0,0,1,0,False,Cloud,GIANTX,fade,True,100,,0,0,0,1,False,Flickless,GIANTX,viper,True,100,,0,0,0,0,False,westside,GIANTX,cypher,True,100,,0,1,0,0,False
79.646,342,ACTIVE_ROUND,1,0,0,49.000,,,MiniBoo,Team Heretics,raze,True,100,4,0,1,1,1,False,RieNs,Team Heretics,fade,True,100,4,1,0,0,0,False,Boo,Team Heretics,omen,True,92,1,0,1,1,0,False,benjyfishy,Team Heretics,deadlock,True,100,25,0,0,1,0,False,Wo0t,Team Heretics,chamber,False,,,0,0,0,0,False,grubinho,GIANTX,omen,True,100,25,0,0,0,0,False,ara,GIANTX,raze,True,100,,0,0,1,0,False,Cloud,GIANTX,fade,True,100,,0,0,0,1,False,Flickless,GIANTX,viper,True,100,,0,0,0,0,False,westside,GIANTX,cypher,True,100,,0,1,0,0,False
79.880,343,ACTIVE_ROUND,1,0,0,48.000,,,MiniBoo,Team Heretics,raze,True,100,4,0,1,1,1,False,RieNs,Team Heretics,fade,True,100,4,1,0,0,0,False,Boo,Team Heretics,omen,True,100,14,0,1,1,0,False,benjyfishy,Team Heretics,deadlock,True,100,25,0,0,0,0,False,Wo0t,Team Heretics,chamber,False,,,0,0,0,0,False,grubinho,GIANTX,omen,True,100,25,0,0,0,0,False,ara,GIANTX,raze,True,100,,0,0,0,0,False,Cloud,GIANTX,fade,True,100,,0,0,0,1,False,Flickless,GIANTX,viper,True,100,,0,0,0,0,False,westside,GIANTX,cypher,True,100,,0,1,0,0,False
80.113,344,ACTIVE_ROUND,1,0,0,48.000,,,MiniBoo,Team Heretics,raze,True,100,4,0,1,1,1,False,RieNs,Team Heretics,fade,True,100,4,1,0,0,0,False,Boo,Team Heretics,omen,True,100,14,0,1,1,0,False,benjyfishy,Team Heretics,deadlock,True,100,25,0,0,0,0,False,Wo0t,Team Heretics,chamber,False,,,0,0,0,0,False,grubinho,GIANTX,omen,True,100,25,0,0,0,0,False,ara,GIANTX,raze,True,100,,0,0,0,0,False,Cloud,GIANTX,fade,True,100,,0,0,0,1,False,Flickless,GIANTX,viper,True,100,,0,0,0,0,False,westside,GIANTX,cypher,True,100,,0,1,0,0,False
80.347,345,ACTIVE_ROUND,1,0,0,48.000,,,MiniBoo,Team Heretics,raze,True,100,4,0,1,1,1,False,RieNs,Team Heretics,fade,True,100,4,1,0,0,0,False,Boo,Team Heretics,omen,True,100,14,0,1,1,0,False,benjyfishy,Team Heretics,deadlock,True,100,25,0,0,0,0,False,Wo0t,Team Heretics,chamber,False,,,0,0,0,0,False,grubinho,GIANTX,omen,True,100,25,0,0,0,0,False,ara,GIANTX,raze,True,100,,0,0,0,0,False,Cloud,GIANTX,fade,True,100,,0,0,0,1,False,Flickless,GIANTX,viper,True,100,,0,0,0,0,False,westside,GIANTX,cypher,True,100,,0,1,0,0,False
80.581,346,ACTIVE_ROUND,1,0,0,48.000,,,MiniBoo,Team Heretics,raze,True,100,4,0,1,1,1,False,RieNs,Team Heretics,fade,True,100,4,1,0,0,0,False,Boo,Team Heretics,omen,True,100,14,0,1,1,0,False,benjyfishy,Team Heretics,deadlock,True,100,25,0,0,0,0,False,Wo0t,Team Heretics,chamber,False,,,0,0,0,0,False,grubinho,GIANTX,omen,True,100,25,0,0,0,0,False,ara,GIANTX,raze,True,100,,0,0,0,0,False,Cloud,GIANTX,fade,True,100,,0,0,0,1,False,Flickless,GIANTX,viper,True,100,,0,0,0,0,False,westside,GIANTX,cypher,True,100,,0,1,0,0,False
80.814,347,ACTIVE_ROUND,1,0,0,48.000,,,MiniBoo,Team Heretics,raze,True,100,4,0,1,1,1,False,RieNs,Team Heretics,fade,True,100,4,1,0,0,0,False,Boo,Team Heretics,omen,True,100,25,0,1,1,0,False,benjyfishy,Team Heretics,deadlock,True,100,25,0,0,0,0,False,Wo0t,Team Heretics,chamber,False,,,0,0,0,0,False,grubinho,GIANTX,omen,True,100,25,0,0,0,0,False,ara,GIANTX,raze,True,100,,0,0,0,0,False,Cloud,GIANTX,fade,True,100,,0,0,0,1,False,Flickless,GIANTX,viper,True,100,,0,0,0,0,False,westside,GIANTX,cypher,True,100,,0,1,0,0,False
81.048,348,ACTIVE_ROUND,1,0,0,47.000,,,MiniBoo,Team Heretics,raze,True,100,4,0,1,1,1,False,RieNs,Team Heretics,fade,True,100,4,1,0,0,0,False,Boo,Team Heretics,omen,True,100,25,0,1,1,0,False,benjyfishy,Team Heretics,deadlock,True,100,25,0,0,0,0,False,Wo0t,Team Heretics,chamber,False,,,0,0,0,0,False,grubinho,GIANTX,omen,True,100,25,0,0,0,0,False,ara,GIANTX,raze,True,100,,0,0,0,0,False,Cloud,GIANTX,fade,True,100,,0,0,0,1,False,Flickless,GIANTX,viper,True,100,,0,0,0,0,False,westside,GIANTX,cypher,True,100,,0,1,0,0,False
81.281,349,ACTIVE_ROUND,1,0,0,47.000,,,MiniBoo,Team Heretics,raze,True,100,4,0,1,1,1,False,RieNs,Team Heretics,fade,True,100,4,1,0,0,0,False,Boo,Team Heretics,omen,True,100,25,0,1,1,0,False,benjyfishy,Team Heretics,deadlock,True,100,25,0,0,0,0,False,Wo0t,Team Heretics,chamber,False,,,0,0,0,0,False,grubinho,GIANTX,omen,True,100,25,0,0,0,0,False,ara,GIANTX,raze,True,100,,0,0,0,0,False,Cloud,GIANTX,fade,True,100,,0,0,0,1,False,Flickless,GIANTX,viper,True,100,,0,0,0,0,False,westside,GIANTX,cypher,True,100,,0,1,0,0,False
81.515,350,ACTIVE_ROUND,1,0,0,47.000,,,MiniBoo,Team Heretics,raze,True,100,4,0,1,1,1,False,RieNs,Team Heretics,fade,True,100,4,1,0,0,0,False,Boo,Team Heretics,omen,True,100,25,0,1,1,0,False,benjyfishy,Team Heretics,deadlock,True,100,25,0,0,0,0,False,Wo0t,Team Heretics,chamber,False,,,0,0,0,0,False,grubinho,GIANTX,omen,True,100,25,0,0,0,0,False,ara,GIANTX,raze,True,100,,0,0,0,0,False,Cloud,GIANTX,fade,True,100,,0,0,0,1,False,Flickless,GIANTX,viper,True,100,,0,0,0,0,False,westside,GIANTX,cypher,True,100,,0,1,0,0,False
81.748,351,ACTIVE_ROUND,1,0,0,47.000,,,MiniBoo,Team Heretics,raze,True,100,4,0,1,1,1,False,RieNs,Team Heretics,fade,True,100,4,1,0,0,0,False,Boo,Team Heretics,omen,True,100,25,0,1,1,0,False,benjyfishy,Team Heretics,deadlock,True,100,25,0,0,0,0,False,Wo0t,Team Heretics,chamber,False,,,0,0,0,0,False,grubinho,GIANTX,omen,True,100,25,0,0,0,0,False,ara,GIANTX,raze,True,100,,0,0,0,0,False,Cloud,GIANTX,fade,True,100,,0,0,0,1,False,Flickless,GIANTX,viper,True,100,,0,0,0,0,False,westside,GIANTX,cypher,True,100,,0,1,0,0,False
81.982,352,ACTIVE_ROUND,1,0,0,46.000,,,MiniBoo,Team Heretics,raze,True,100,4,0,1,1,1,False,RieNs,Team Heretics,fade,True,100,4,1,0,0,0,False,Boo,Team Heretics,omen,True,100,25,0,1,1,0,False,benjyfishy,Team Heretics,deadlock,True,100,25,0,0,0,0,False,Wo0t,Team Heretics,chamber,False,,,0,0,0,0,False,grubinho,GIANTX,omen,True,100,25,0,0,0,0,False,ara,GIANTX,raze,True,100,,0,0,0,0,False,Cloud,GIANTX,fade,True,100,,0,0,0,1,False,Flickless,GIANTX,viper,True,100,,0,0,0,0,False,westside,GIANTX,cypher,True,100,,0,1,0,0,False
82.215,353,ACTIVE_ROUND,1,0,0,46.000,,,MiniBoo,Team Heretics,raze,True,100,4,0,1,1,1,False,RieNs,Team Heretics,fade,True,100,4,1,0,0,0,False,Boo,Team Heretics,omen,True,100,25,0,1,1,0,False,benjyfishy,Team Heretics,deadlock,True,100,25,0,0,0,0,False,Wo0t,Team Heretics,chamber,False,,,0,0,0,0,False,grubinho,GIANTX,omen,True,100,25,0,0,0,0,False,ara,GIANTX,raze,True,100,,0,0,0,0,False,Cloud,GIANTX,fade,True,100,,0,0,0,1,False,Flickless,GIANTX,viper,True,100,,0,0,0,0,False,westside,GIANTX,cypher,True,100,,0,1,0,0,False
82.449,354,ACTIVE_ROUND,1,0,0,46.000,,,MiniBoo,Team Heretics,raze,True,100,4,0,1,1,1,False,RieNs,Team Heretics,fade,True,100,4,1,0,0,0,False,Boo,Team Heretics,omen,True,100,25,0,1,1,0,False,benjyfishy,Team Heretics,deadlock,True,100,25,0,0,0,0,False,Wo0t,Team Heretics,chamber,False,,,0,0,0,0,False,grubinho,GIANTX,omen,True,100,25,0,0,0,0,False,ara,GIANTX,raze,True,100,,0,0,0,0,False,Cloud,GIANTX,fade,True,100,,0,0,0,1,False,Flickless,GIANTX,viper,True,100,,0,0,0,0,False,westside,GIANTX,cypher,True,100,,0,1,0,0,False
82.683,355,ACTIVE_ROUND,1,0,0,46.000,,,MiniBoo,Team Heretics,raze,True,100,4,0,1,1,1,False,RieNs,Team Heretics,fade,True,100,4,1,0,0,0,False,Boo,Team Heretics,omen,True,100,25,0,1,1,0,False,benjyfishy,Team Heretics,deadlock,True,100,25,0,0,0,0,False,Wo0t,Team Heretics,chamber,False,,,0,0,0,0,False,grubinho,GIANTX,omen,True,100,25,0,0,0,0,False,ara,GIANTX,raze,True,100,,0,0,0,0,False,Cloud,GIANTX,fade,True,100,,0,0,0,1,False,Flickless,GIANTX,viper,True,100,,0,0,0,0,False,westside,GIANTX,cypher,True,100,,0,1,0,0,False
82.916,356,ACTIVE_ROUND,1,0,0,45.000,,,MiniBoo,Team Heretics,raze,True,100,4,0,1,1,1,False,RieNs,Team Heretics,fade,True,100,4,1,0,0,0,False,Boo,Team Heretics,omen,True,100,25,0,1,1,0,False,benjyfishy,Team Heretics,deadlock,True,100,25,0,0,0,0,False,Wo0t,Team Heretics,chamber,False,,,0,0,0,0,False,grubinho,GIANTX,omen,True,100,25,0,0,0,0,False,ara,GIANTX,raze,True,100,,0,0,0,0,False,Cloud,GIANTX,fade,True,100,,0,0,0,1,False,Flickless,GIANTX,viper,True,100,,0,0,0,0,False,westside,GIANTX,cypher,True,100,,0,1,0,0,False
83.150,357,ACTIVE_ROUND,1,0,0,45.000,,,MiniBoo,Team Heretics,raze,True,100,4,0,1,1,1,False,RieNs,Team Heretics,fade,True,100,4,1,0,0,0,False,Boo,Team Heretics,omen,True,100,25,0,1,1,0,False,benjyfishy,Team Heretics,deadlock,True,100,25,0,0,0,0,False,Wo0t,Team Heretics,chamber,False,,,0,0,0,0,False,grubinho,GIANTX,omen,True,100,25,0,0,0,0,False,ara,GIANTX,raze,True,100,,0,0,0,0,False,Cloud,GIANTX,fade,True,100,,0,0,0,1,False,Flickless,GIANTX,viper,True,100,,0,0,0,0,False,westside,GIANTX,cypher,True,100,,0,1,0,0,False
83.383,358,ACTIVE_ROUND,1,0,0,45.000,,,MiniBoo,Team Heretics,raze,True,100,4,0,1,1,1,False,RieNs,Team Heretics,fade,True,100,4,1,0,0,0,False,Boo,Team Heretics,omen,True,100,25,0,1,1,0,False,benjyfishy,Team Heretics,deadlock,True,100,25,0,0,0,0,False,Wo0t,Team Heretics,chamber,False,,,0,0,0,0,False,grubinho,GIANTX,omen,True,100,25,0,0,0,0,False,ara,GIANTX,raze,True,100,,0,0,0,0,False,Cloud,GIANTX,fade,True,100,,0,0,0,1,False,Flickless,GIANTX,viper,True,100,,0,0,0,0,False,westside,GIANTX,cypher,True,100,,0,1,0,0,False
83.617,359,ACTIVE_ROUND,1,0,0,45.000,,,MiniBoo,Team Heretics,raze,True,100,4,0,1,1,1,False,RieNs,Team Heretics,fade,True,100,4,1,0,0,0,False,Boo,Team Heretics,omen,True,100,25,0,1,1,0,False,benjyfishy,Team Heretics,deadlock,True,100,25,0,0,0,0,False,Wo0t,Team Heretics,chamber,False,,,0,0,0,0,False,grubinho,GIANTX,omen,True,100,25,0,0,0,0,False,ara,GIANTX,raze,True,100,,0,0,0,0,False,Cloud,GIANTX,fade,True,100,,0,0,0,1,False,Flickless,GIANTX,viper,True,100,,0,0,0,0,False,westside,GIANTX,cypher,True,100,,0,1,0,0,False
83.850,360,ACTIVE_ROUND,1,0,0,45.000,,,MiniBoo,Team Heretics,raze,True,100,4,0,1,1,1,False,RieNs,Team Heretics,fade,True,100,4,1,0,0,0,False,Boo,Team Heretics,omen,True,100,25,0,1,0,0,False,benjyfishy,Team Heretics,deadlock,True,100,25,0,0,0,0,False,Wo0t,Team Heretics,chamber,False,,,0,0,0,0,False,grubinho,GIANTX,omen,True,100,25,0,0,0,0,False,ara,GIANTX,raze,True,100,,0,0,0,0,False,Cloud,GIANTX,fade,True,100,,0,0,0,1,False,Flickless,GIANTX,viper,True,100,,0,0,0,0,False,westside,GIANTX,cypher,True,100,,0,1,0,0,False
84.084,361,ACTIVE_ROUND,1,0,0,44.000,,,MiniBoo,Team Heretics,raze,True,100,4,0,1,1,1,False,RieNs,Team Heretics,fade,True,100,4,1,0,0,0,False,Boo,Team Heretics,omen,True,100,25,0,1,0,0,False,benjyfishy,Team Heretics,deadlock,True,100,25,0,0,0,0,False,Wo0t,Team Heretics,chamber,False,,,0,0,0,0,False,grubinho,GIANTX,omen,True,100,25,0,0,0,0,False,ara,GIANTX,raze,True,100,,0,0,0,0,False,Cloud,GIANTX,fade,True,100,,0,0,0,1,False,Flickless,GIANTX,viper,True,100,,0,0,0,0,False,westside,GIANTX,cypher,True,100,,0,1,0,0,False
84.318,362,ACTIVE_ROUND,1,0,0,44.000,,,MiniBoo,Team Heretics,raze,True,100,4,0,1,1,1,False,RieNs,Team Heretics,fade,True,100,4,1,0,0,0,False,Boo,Team Heretics,omen,True,100,25,0,1,0,0,False,benjyfishy,Team Heretics,deadlock,True,100,25,0,0,0,0,False,Wo0t,Team Heretics,chamber,False,,,0,0,0,0,False,grubinho,GIANTX,omen,True,100,25,0,0,0,0,False,ara,GIANTX,raze,True,100,,0,0,0,0,False,Cloud,GIANTX,fade,True,100,,0,0,0,1,False,Flickless,GIANTX,viper,True,100,,0,0,0,0,False,westside,GIANTX,cypher,True,100,,0,1,0,0,False
84.551,363,ACTIVE_ROUND,1,0,0,44.000,,,MiniBoo,Team Heretics,raze,True,100,4,0,1,1,1,False,RieNs,Team Heretics,fade,True,100,4,1,0,0,0,False,Boo,Team Heretics,omen,True,100,25,0,1,0,0,False,benjyfishy,Team Heretics,deadlock,True,100,25,0,0,0,0,False,Wo0t,Team Heretics,chamber,False,,,0,0,0,0,False,grubinho,GIANTX,omen,True,100,25,0,0,0,0,False,ara,GIANTX,raze,True,100,,0,0,0,0,False,Cloud,GIANTX,fade,True,100,,0,0,0,1,False,Flickless,GIANTX,viper,True,100,,0,0,0,0,False,westside,GIANTX,cypher,True,100,,0,1,0,0,False
84.785,364,ACTIVE_ROUND,1,0,0,44.000,,,MiniBoo,Team Heretics,raze,True,100,4,0,1,1,1,False,RieNs,Team Heretics,fade,True,100,4,1,0,0,0,False,Boo,Team Heretics,omen,True,100,25,0,1,0,0,False,benjyfishy,Team Heretics,deadlock,True,100,25,0,0,0,0,False,Wo0t,Team Heretics,chamber,False,,,0,0,0,0,False,grubinho,GIANTX,omen,True,100,25,0,0,0,0,False,ara,GIANTX,raze,True,100,,0,0,0,0,False,Cloud,GIANTX,fade,True,100,,0,0,0,1,False,Flickless,GIANTX,viper,True,100,,0,0,0,0,False,westside,GIANTX,cypher,True,100,,0,1,0,0,False
85.018,365,ACTIVE_ROUND,1,0,0,43.000,,,MiniBoo,Team Heretics,raze,True,100,4,0,1,0,1,False,RieNs,Team Heretics,fade,True,100,4,1,0,0,0,False,Boo,Team Heretics,omen,True,100,25,0,1,0,0,False,benjyfishy,Team Heretics,deadlock,True,100,25,0,0,0,0,False,Wo0t,Team Heretics,chamber,False,,,0,0,0,0,False,grubinho,GIANTX,omen,True,100,25,0,0,0,0,False,ara,GIANTX,raze,True,100,,0,0,0,0,False,Cloud,GIANTX,fade,True,100,,0,0,0,1,False,Flickless,GIANTX,viper,True,100,,0,0,0,0,False,westside,GIANTX,cypher,True,100,,0,0,0,0,False
85.252,366,ACTIVE_ROUND,1,0,0,43.000,,,MiniBoo,Team Heretics,raze,True,100,4,0,1,0,1,False,RieNs,Team Heretics,fade,True,100,4,1,0,0,0,False,Boo,Team Heretics,omen,True,100,25,0,1,0,0,False,benjyfishy,Team Heretics,deadlock,True,100,25,0,0,0,0,False,Wo0t,Team Heretics,chamber,False,,,0,0,0,0,False,grubinho,GIANTX,omen,True,100,25,0,0,0,0,False,ara,GIANTX,raze,True,100,,0,0,0,0,False,Cloud,GIANTX,fade,True,100,,0,0,0,1,False,Flickless,GIANTX,viper,True,100,,0,0,0,0,False,westside,GIANTX,cypher,True,100,,0,0,0,0,False
85.485,367,ACTIVE_ROUND,1,0,0,43.000,,,MiniBoo,Team Heretics,raze,True,100,4,0,1,0,1,False,RieNs,Team Heretics,fade,True,100,4,1,0,0,0,False,Boo,Team Heretics,omen,True,100,25,0,1,0,0,False,benjyfishy,Team Heretics,deadlock,True,100,25,0,0,0,0,False,Wo0t,Team Heretics,chamber,False,,,0,0,0,0,False,grubinho,GIANTX,omen,True,100,25,0,0,0,0,False,ara,GIANTX,raze,True,100,,0,0,0,0,False,Cloud,GIANTX,fade,True,100,,0,0,0,1,False,Flickless,GIANTX,viper,True,100,,0,0,0,0,False,westside,GIANTX,cypher,True,100,,0,0,0,0,False
85.719,368,ACTIVE_ROUND,1,0,0,43.000,,,MiniBoo,Team Heretics,raze,True,100,4,0,1,0,1,False,RieNs,Team Heretics,fade,True,100,4,1,0,0,0,False,Boo,Team Heretics,omen,True,100,25,0,1,0,0,False,benjyfishy,Team Heretics,deadlock,True,100,25,0,0,0,0,False,Wo0t,Team Heretics,chamber,False,,,0,0,0,0,False,grubinho,GIANTX,omen,True,100,25,0,0,0,0,False,ara,GIANTX,raze,True,100,,0,0,0,0,False,Cloud,GIANTX,fade,True,100,,0,0,0,1,False,Flickless,GIANTX,viper,True,100,,0,0,0,0,False,westside,GIANTX,cypher,True,100,,0,0,0,0,False
85.953,369,ACTIVE_ROUND,1,0,0,42.000,,,MiniBoo,Team Heretics,raze,True,100,4,0,1,0,1,False,RieNs,Team Heretics,fade,True,100,4,1,0,0,0,False,Boo,Team Heretics,omen,True,100,25,0,0,0,0,False,benjyfishy,Team Heretics,deadlock,True,100,25,0,0,0,0,False,Wo0t,Team Heretics,chamber,False,,,0,0,0,0,False,grubinho,GIANTX,omen,True,100,25,0,0,0,0,False,ara,GIANTX,raze,True,100,,0,0,0,0,False,Cloud,GIANTX,fade,True,100,,0,0,0,1,False,Flickless,GIANTX,viper,True,100,,0,0,0,0,False,westside,GIANTX,cypher,True,100,,0,0,0,0,False
86.186,370,ACTIVE_ROUND,1,0,0,42.000,,,MiniBoo,Team Heretics,raze,True,100,4,0,1,0,1,False,RieNs,Team Heretics,fade,True,100,4,1,0,0,0,False,Boo,Team Heretics,omen,True,100,25,0,0,0,0,False,benjyfishy,Team Heretics,deadlock,True,100,25,0,0,0,0,False,Wo0t,Team Heretics,chamber,False,,,0,0,0,0,False,grubinho,GIANTX,omen,True,100,25,0,0,0,0,False,ara,GIANTX,raze,True,100,,0,0,0,0,False,Cloud,GIANTX,fade,True,100,,0,0,0,1,False,Flickless,GIANTX,viper,True,100,,0,0,0,0,False,westside,GIANTX,cypher,True,100,,0,0,0,0,False
86.420,371,ACTIVE_ROUND,1,0,0,42.000,,,MiniBoo,Team Heretics,raze,True,100,4,0,1,0,1,False,RieNs,Team Heretics,fade,True,100,4,1,0,0,0,False,Boo,Team Heretics,omen,True,100,25,0,0,0,0,False,benjyfishy,Team Heretics,deadlock,True,100,25,0,0,0,0,False,Wo0t,Team Heretics,chamber,False,,,0,0,0,0,False,grubinho,GIANTX,omen,True,100,25,0,0,0,0,False,ara,GIANTX,raze,True,100,,0,0,0,0,False,Cloud,GIANTX,fade,True,100,,0,0,0,1,False,Flickless,GIANTX,viper,True,100,,0,0,0,0,False,westside,GIANTX,cypher,True,100,,0,0,0,0,False
86.653,372,ACTIVE_ROUND,1,0,0,42.000,,,MiniBoo,Team Heretics,raze,True,100,4,0,1,0,1,False,RieNs,Team Heretics,fade,True,100,4,1,0,0,0,False,Boo,Team Heretics,omen,True,100,25,0,0,0,0,False,benjyfishy,Team Heretics,deadlock,True,100,25,0,0,0,0,False,Wo0t,Team Heretics,chamber,False,,,0,0,0,0,False,grubinho,GIANTX,omen,True,100,25,0,0,0,0,False,ara,GIANTX,raze,True,100,,0,0,0,0,False,Cloud,GIANTX,fade,True,100,,0,0,0,1,False,Flickless,GIANTX,viper,True,100,,0,0,0,0,False,westside,GIANTX,cypher,True,100,,0,0,0,0,False
86.887,373,ACTIVE_ROUND,1,0,0,41.000,,,MiniBoo,Team Heretics,raze,True,100,4,0,0,0,1,False,RieNs,Team Heretics,fade,True,100,4,0,0,0,0,False,Boo,Team Heretics,omen,True,100,25,0,0,0,0,False,benjyfishy,Team Heretics,deadlock,True,100,25,0,0,0,0,False,Wo0t,Team Heretics,chamber,False,,,0,0,0,0,False,grubinho,GIANTX,omen,True,100,25,0,0,0,0,False,ara,GIANTX,raze,True,100,,0,0,0,0,False,Cloud,GIANTX,fade,True,100,,0,0,0,1,False,Flickless,GIANTX,viper,True,100,,0,0,0,0,False,westside,GIANTX,cypher,True,100,,0,0,0,0,False
87.120,374,ACTIVE_ROUND,1,0,0,41.000,,,MiniBoo,Team Heretics,raze,True,100,4,0,0,0,1,False,RieNs,Team Heretics,fade,True,100,4,0,0,0,0,False,Boo,Team Heretics,omen,True,100,25,0,0,0,0,False,benjyfishy,Team Heretics,deadlock,True,100,25,0,0,0,0,False,Wo0t,Team Heretics,chamber,False,,,0,0,0,0,False,grubinho,GIANTX,omen,True,100,25,0,0,0,0,False,ara,GIANTX,raze,True,100,,0,0,0,0,False,Cloud,GIANTX,fade,True,100,,0,0,0,1,False,Flickless,GIANTX,viper,True,100,,0,0,0,0,False,westside,GIANTX,cypher,True,100,,0,0,0,0,False
87.354,375,ACTIVE_ROUND,1,0,0,41.000,,,MiniBoo,Team Heretics,raze,True,100,4,0,0,0,1,False,RieNs,Team Heretics,fade,True,100,4,0,0,0,0,False,Boo,Team Heretics,omen,True,100,25,0,0,0,0,False,benjyfishy,Team Heretics,deadlock,True,100,25,0,0,0,0,False,Wo0t,Team Heretics,chamber,False,,,0,0,0,0,False,grubinho,GIANTX,omen,True,100,25,0,0,0,0,False,ara,GIANTX,raze,True,100,,0,0,0,0,False,Cloud,GIANTX,fade,True,100,,0,0,0,1,False,Flickless,GIANTX,viper,True,100,,0,0,0,0,False,westside,GIANTX,cypher,True,100,,0,0,0,0,False
87.588,376,ACTIVE_ROUND,1,0,0,41.000,,,MiniBoo,Team Heretics,raze,True,100,4,0,0,0,1,False,RieNs,Team Heretics,fade,True,100,4,0,0,0,0,False,Boo,Team Heretics,omen,True,100,25,0,0,0,0,False,benjyfishy,Team Heretics,deadlock,True,100,25,0,0,0,0,False,Wo0t,Team Heretics,chamber,False,,,0,0,0,0,False,grubinho,GIANTX,omen,True,100,25,0,0,0,0,False,ara,GIANTX,raze,True,100,,0,0,0,0,False,Cloud,GIANTX,fade,True,100,,0,0,0,1,False,Flickless,GIANTX,viper,True,100,,0,0,0,0,False,westside,GIANTX,cypher,True,100,,0,0,0,0,False
87.821,377,ACTIVE_ROUND,1,0,0,41.000,,,MiniBoo,Team Heretics,raze,True,100,4,0,0,0,1,False,RieNs,Team Heretics,fade,True,100,4,0,0,0,0,False,Boo,Team Heretics,omen,True,20,25,0,0,0,0,False,benjyfishy,Team Heretics,deadlock,True,100,25,0,0,0,0,False,Wo0t,Team Heretics,chamber,False,,,0,0,0,0,False,grubinho,GIANTX,omen,True,100,25,0,0,0,0,False,ara,GIANTX,raze,True,100,,0,0,0,0,False,Cloud,GIANTX,fade,True,100,,0,0,0,1,False,Flickless,GIANTX,viper,True,100,,0,0,0,0,False,westside,GIANTX,cypher,True,100,,0,0,0,0,False
88.055,378,ACTIVE_ROUND,1,0,0,40.000,,,MiniBoo,Team Heretics,raze,True,100,4,0,0,0,1,False,RieNs,Team Heretics,fade,True,100,4,0,0,0,0,False,Boo,Team Heretics,omen,True,20,25,0,0,0,0,False,benjyfishy,Team Heretics,deadlock,True,100,25,0,0,0,0,False,Wo0t,Team Heretics,chamber,False,,,0,0,0,0,False,grubinho,GIANTX,omen,True,100,25,0,0,0,0,False,ara,GIANTX,raze,True,100,,0,0,0,0,False,Cloud,GIANTX,fade,True,100,,0,0,0,1,False,Flickless,GIANTX,viper,True,100,,0,0,0,0,False,westside,GIANTX,cypher,True,100,,0,0,0,0,False
88.288,379,ACTIVE_ROUND,1,0,0,40.000,,,MiniBoo,Team Heretics,raze,True,100,4,0,0,0,1,False,RieNs,Team Heretics,fade,True,100,4,0,0,0,0,False,Boo,Team Heretics,omen,False,,25,0,0,0,0,False,benjyfishy,Team Heretics,deadlock,True,100,25,0,0,0,0,False,Wo0t,Team Heretics,chamber,False,,,0,0,0,0,False,grubinho,GIANTX,omen,True,100,25,0,0,0,0,False,ara,GIANTX,raze,True,100,,0,0,0,0,False,Cloud,GIANTX,fade,True,100,,0,0,0,1,False,Flickless,GIANTX,viper,True,100,,0,0,0,0,False,westside,GIANTX,cypher,False,,,0,0,0,0,False
88.522,380,ACTIVE_ROUND,1,0,0,40.000,,,MiniBoo,Team Heretics,raze,False,,4,0,0,0,1,False,RieNs,Team Heretics,fade,True,100,4,0,0,0,0,False,Boo,Team Heretics,omen,False,,25,0,0,0,0,False,benjyfishy,Team Heretics,deadlock,True,100,25,0,0,0,0,False,Wo0t,Team Heretics,chamber,False,,,0,0,0,0,False,grubinho,GIANTX,omen,True,100,25,0,0,0,0,False,ara,GIANTX,raze,False,,,0,0,0,0,False,Cloud,GIANTX,fade,True,100,,0,0,0,1,False,Flickless,GIANTX,viper,True,100,,0,0,0,0,False,westside,GIANTX,cypher,False,,,0,0,0,0,False
88.755,381,ACTIVE_ROUND,1,0,0,40.000,,,MiniBoo,Team Heretics,raze,False,,4,0,0,0,1,False,RieNs,Team Heretics,fade,True,100,4,0,0,0,0,False,Boo,Team Heretics,omen,False,,25,0,0,0,0,False,benjyfishy,Team Heretics,deadlock,True,100,25,0,0,0,0,False,Wo0t,Team Heretics,chamber,False,,,0,0,0,0,False,grubinho,GIANTX,omen,True,100,25,0,0,0,0,False,ara,GIANTX,raze,False,,,0,0,0,0,False,Cloud,GIANTX,fade,True,100,,0,0,0,1,False,Flickless,GIANTX,viper,True,100,,0,0,0,0,False,westside,GIANTX,cypher,False,,,0,0,0,0,False
88.989,382,ACTIVE_ROUND,1,0,0,39.000,,,MiniBoo,Team Heretics,raze,False,,4,0,0,0,1,False,RieNs,Team Heretics,fade,True,100,4,0,0,0,1,False,Boo,Team Heretics,omen,False,,25,0,0,0,0,False,benjyfishy,Team Heretics,deadlock,True,20,25,0,0,0,0,False,Wo0t,Team Heretics,chamber,False,,,0,0,0,0,False,grubinho,GIANTX,omen,True,100,25,0,0,0,1,False,ara,GIANTX,raze,False,,,0,0,0,0,False,Cloud,GIANTX,fade,True,22,,0,0,0,2,False,Flickless,GIANTX,viper,True,100,,0,0,0,0,False,westside,GIANTX,cypher,False,,,0,0,0,0,False
89.222,383,ACTIVE_ROUND,1,0,0,39.000,,,MiniBoo,Team Heretics,raze,False,,4,0,0,0,1,False,RieNs,Team Heretics,fade,True,100,4,0,0,0,1,False,Boo,Team Heretics,omen,False,,25,0,0,0,0,False,benjyfishy,Team Heretics,deadlock,True,20,25,0,0,0,0,False,Wo0t,Team Heretics,chamber,False,,,0,0,0,0,False,grubinho,GIANTX,omen,True,100,25,0,0,0,1,False,ara,GIANTX,raze,False,,,0,0,0,0,False,Cloud,GIANTX,fade,True,22,,0,0,0,2,False,Flickless,GIANTX,viper,True,100,,0,0,0,0,False,westside,GIANTX,cypher,False,,,0,0,0,0,False
89.456,384,ACTIVE_ROUND,1,0,0,39.000,,,MiniBoo,Team Heretics,raze,False,,4,0,0,0,1,False,RieNs,Team Heretics,fade,True,100,4,0,0,0,1,False,Boo,Team Heretics,omen,False,,25,0,0,0,0,False,benjyfishy,Team Heretics,deadlock,True,20,25,0,0,0,0,False,Wo0t,Team Heretics,chamber,False,,,0,0,0,0,False,grubinho,GIANTX,omen,True,100,25,0,0,0,1,False,ara,GIANTX,raze,False,,,0,0,0,0,False,Cloud,GIANTX,fade,False,,,0,0,0,2,False,Flickless,GIANTX,viper,True,100,,0,0,0,0,False,westside,GIANTX,cypher,False,,,0,0,0,0,False
89.690,385,ACTIVE_ROUND,1,0,0,39.000,,,MiniBoo,Team Heretics,raze,False,,4,0,0,0,1,False,RieNs,Team Heretics,fade,True,100,4,0,0,0,1,False,Boo,Team Heretics,omen,False,,25,0,0,0,0,False,benjyfishy,Team Heretics,deadlock,True,20,25,0,0,0,0,False,Wo0t,Team Heretics,chamber,False,,,0,0,0,0,False,grubinho,GIANTX,omen,True,100,25,0,0,0,1,False,ara,GIANTX,raze,False,,,0,0,0,0,False,Cloud,GIANTX,fade,False,,,0,0,0,2,False,Flickless,GIANTX,viper,True,100,,0,0,0,0,False,westside,GIANTX,cypher,False,,,0,0,0,0,False
89.923,386,ACTIVE_ROUND,1,0,0,38.000,,,MiniBoo,Team Heretics,raze,False,,4,0,0,0,1,False,RieNs,Team Heretics,fade,True,100,4,0,0,0,1,False,Boo,Team Heretics,omen,False,,25,0,0,0,0,False,benjyfishy,Team Heretics,deadlock,True,20,25,0,0,0,1,False,Wo0t,Team Heretics,chamber,False,,,0,0,0,0,False,grubinho,GIANTX,omen,True,100,25,0,0,0,1,False,ara,GIANTX,raze,False,,,0,0,0,0,False,Cloud,GIANTX,fade,False,,,0,0,0,2,False,Flickless,GIANTX,viper,True,100,,0,0,0,0,False,westside,GIANTX,cypher,False,,,0,0,0,0,False
90.157,387,ACTIVE_ROUND,1,0,0,38.000,,,MiniBoo,Team Heretics,raze,False,,4,0,0,0,1,False,RieNs,Team Heretics,fade,True,100,4,0,0,0,1,False,Boo,Team Heretics,omen,False,,25,0,0,0,0,False,benjyfishy,Team Heretics,deadlock,True,20,25,0,0,0,1,False,Wo0t,Team Heretics,chamber,False,,,0,0,0,0,False,grubinho,GIANTX,omen,True,100,25,0,0,0,1,False,ara,GIANTX,raze,False,,,0,0,0,0,False,Cloud,GIANTX,fade,False,,,0,0,0,2,False,Flickless,GIANTX,viper,True,100,,0,0,0,0,False,westside,GIANTX,cypher,False,,,0,0,0,0,False
90.390,388,ACTIVE_ROUND,1,0,0,38.000,,,MiniBoo,Team Heretics,raze,False,,4,0,0,0,1,False,RieNs,Team Heretics,fade,True,100,4,0,0,0,1,False,Boo,Team Heretics,omen,False,,25,0,0,0,0,False,benjyfishy,Team Heretics,deadlock,True,20,25,0,0,0,1,False,Wo0t,Team Heretics,chamber,False,,,0,0,0,0,False,grubinho,GIANTX,omen,True,100,25,0,0,0,1,False,ara,GIANTX,raze,False,,,0,0,0,0,False,Cloud,GIANTX,fade,False,,,0,0,0,2,False,Flickless,GIANTX,viper,True,100,,0,0,0,0,False,westside,GIANTX,cypher,False,,,0,0,0,0,False
90.624,389,ACTIVE_ROUND,1,0,0,38.000,,,MiniBoo,Team Heretics,raze,False,,4,0,0,0,1,False,RieNs,Team Heretics,fade,True,100,4,0,0,0,1,False,Boo,Team Heretics,omen,False,,25,0,0,0,0,False,benjyfishy,Team Heretics,deadlock,True,20,25,0,0,0,1,False,Wo0t,Team Heretics,chamber,False,,,0,0,0,0,False,grubinho,GIANTX,omen,True,100,25,0,0,0,1,False,ara,GIANTX,raze,False,,,0,0,0,0,False,Cloud,GIANTX,fade,False,,,0,0,0,2,False,Flickless,GIANTX,viper,True,100,,0,0,0,0,False,westside,GIANTX,cypher,False,,,0,0,0,0,False
90.857,390,ACTIVE_ROUND,1,0,0,38.000,,,MiniBoo,Team Heretics,raze,False,,4,0,0,0,1,False,RieNs,Team Heretics,fade,True,100,4,0,0,0,1,False,Boo,Team Heretics,omen,False,,25,0,0,0,0,False,benjyfishy,Team Heretics,deadlock,True,20,25,0,0,0,1,False,Wo0t,Team Heretics,chamber,False,,,0,0,0,0,False,grubinho,GIANTX,omen,True,100,25,0,0,0,1,False,ara,GIANTX,raze,False,,,0,0,0,0,False,Cloud,GIANTX,fade,False,,,0,0,0,2,False,Flickless,GIANTX,viper,True,100,,0,0,0,0,False,westside,GIANTX,cypher,False,,,0,0,0,0,False
91.091,391,ACTIVE_ROUND,1,0,0,37.000,,,MiniBoo,Team Heretics,raze,False,,4,0,0,0,1,False,RieNs,Team Heretics,fade,True,100,4,0,0,0,1,False,Boo,Team Heretics,omen,False,,25,0,0,0,0,False,benjyfishy,Team Heretics,deadlock,True,20,25,0,0,0,1,False,Wo0t,Team Heretics,chamber,False,,,0,0,0,0,False,grubinho,GIANTX,omen,True,100,25,0,0,0,1,False,ara,GIANTX,raze,False,,,0,0,0,0,False,Cloud,GIANTX,fade,False,,,0,0,0,2,False,Flickless,GIANTX,viper,True,100,,0,0,0,0,False,westside,GIANTX,cypher,False,,,0,0,0,0,False
91.325,392,ACTIVE_ROUND,1,0,0,37.000,,,MiniBoo,Team Heretics,raze,False,,4,0,0,0,1,False,RieNs,Team Heretics,fade,True,100,4,0,0,0,1,False,Boo,Team Heretics,omen,False,,25,0,0,0,0,False,benjyfishy,Team Heretics,deadlock,False,,25,0,0,0,1,False,Wo0t,Team Heretics,chamber,False,,,0,0,0,0,False,grubinho,GIANTX,omen,True,100,25,0,0,0,1,False,ara,GIANTX,raze,False,,,0,0,0,0,False,Cloud,GIANTX,fade,False,,,0,0,0,2,False,Flickless,GIANTX,viper,True,100,,0,0,0,0,False,westside,GIANTX,cypher,False,,,0,0,0,0,False
91.558,393,ACTIVE_ROUND,1,0,0,37.000,,,MiniBoo,Team Heretics,raze,False,,4,0,0,0,1,False,RieNs,Team Heretics,fade,True,100,4,0,0,0,1,False,Boo,Team Heretics,omen,False,,25,0,0,0,0,False,benjyfishy,Team Heretics,deadlock,False,,25,0,0,0,1,False,Wo0t,Team Heretics,chamber,False,,,0,0,0,0,False,grubinho,GIANTX,omen,True,100,25,0,0,0,1,False,ara,GIANTX,raze,False,,,0,0,0,0,False,Cloud,GIANTX,fade,False,,,0,0,0,2,False,Flickless,GIANTX,viper,True,100,,0,0,0,0,False,westside,GIANTX,cypher,False,,,0,0,0,0,False
91.792,394,ACTIVE_ROUND,1,0,0,37.000,,,MiniBoo,Team Heretics,raze,False,,4,0,0,0,1,False,RieNs,Team Heretics,fade,True,100,4,0,0,0,1,False,Boo,Team Heretics,omen,False,,25,0,0,0,0,False,benjyfishy,Team Heretics,deadlock,False,,25,0,0,0,1,False,Wo0t,Team Heretics,chamber,False,,,0,0,0,0,False,grubinho,GIANTX,omen,True,100,25,0,0,0,1,False,ara,GIANTX,raze,False,,,0,0,0,0,False,Cloud,GIANTX,fade,False,,,0,0,0,2,False,Flickless,GIANTX,viper,True,100,,0,0,0,0,False,westside,GIANTX,cypher,False,,,0,0,0,0,False
92.025,395,ACTIVE_ROUND,1,0,0,36.000,,,MiniBoo,Team Heretics,raze,False,,4,0,0,0,1,False,RieNs,Team Heretics,fade,True,100,4,0,0,0,1,False,Boo,Team Heretics,omen,False,,25,0,0,0,0,False,benjyfishy,Team Heretics,deadlock,False,,25,0,0,0,1,False,Wo0t,Team Heretics,chamber,False,,,0,0,0,0,False,grubinho,GIANTX,omen,True,20,25,0,0,0,2,False,ara,GIANTX,raze,False,,,0,0,0,0,False,Cloud,GIANTX,fade,False,,,0,0,0,2,False,Flickless,GIANTX,viper,True,100,,0,0,0,0,False,westside,GIANTX,cypher,False,,,0,0,0,0,False
92.259,396,ACTIVE_ROUND,1,0,0,36.000,,,MiniBoo,Team Heretics,raze,False,,4,0,0,0,1,False,RieNs,Team Heretics,fade,True,100,4,0,0,0,1,False,Boo,Team Heretics,omen,False,,25,0,0,0,0,False,benjyfishy,Team Heretics,deadlock,False,,25,0,0,0,1,False,Wo0t,Team Heretics,chamber,False,,,0,0,0,0,False,grubinho,GIANTX,omen,True,20,25,0,0,0,2,False,ara,GIANTX,raze,False,,,0,0,0,0,False,Cloud,GIANTX,fade,False,,,0,0,0,2,False,Flickless,GIANTX,viper,True,100,,0,0,0,0,False,westside,GIANTX,cypher,False,,,0,0,0,0,False
92.492,397,ACTIVE_ROUND,1,0,0,36.000,,,MiniBoo,Team Heretics,raze,False,,4,0,0,0,1,False,RieNs,Team Heretics,fade,True,100,4,0,0,0,1,False,Boo,Team Heretics,omen,False,,25,0,0,0,0,False,benjyfishy,Team Heretics,deadlock,False,,25,0,0,0,1,False,Wo0t,Team Heretics,chamber,False,,,0,0,0,0,False,grubinho,GIANTX,omen,True,20,25,0,0,0,2,False,ara,GIANTX,raze,False,,,0,0,0,0,False,Cloud,GIANTX,fade,False,,,0,0,0,2,False,Flickless,GIANTX,viper,True,100,,0,0,0,0,False,westside,GIANTX,cypher,False,,,0,0,0,0,False
92.726,398,ACTIVE_ROUND,1,0,0,36.000,,,MiniBoo,Team Heretics,raze,False,,4,0,0,0,1,False,RieNs,Team Heretics,fade,True,100,4,0,0,0,1,False,Boo,Team Heretics,omen,False,,25,0,0,0,0,False,benjyfishy,Team Heretics,deadlock,False,,25,0,0,0,1,False,Wo0t,Team Heretics,chamber,False,,,0,0,0,0,False,grubinho,GIANTX,omen,False,,25,0,0,0,2,False,ara,GIANTX,raze,False,,,0,0,0,0,False,Cloud,GIANTX,fade,False,,,0,0,0,2,False,Flickless,GIANTX,viper,True,100,,0,0,0,0,False,westside,GIANTX,cypher,False,,,0,0,0,0,False
92.960,399,ACTIVE_ROUND,1,0,0,35.000,,,MiniBoo,Team Heretics,raze,False,,4,0,0,0,1,False,RieNs,Team Heretics,fade,True,74,4,0,0,0,2,False,Boo,Team Heretics,omen,False,,25,0,0,0,0,False,benjyfishy,Team Heretics,deadlock,False,,25,0,0,0,1,False,Wo0t,Team Heretics,chamber,False,,,0,0,0,0,False,grubinho,GIANTX,omen,False,,25,0,0,0,2,False,ara,GIANTX,raze,False,,,0,0,0,0,False,Cloud,GIANTX,fade,False,,,0,0,0,2,False,Flickless,GIANTX,viper,True,100,,0,0,0,0,False,westside,GIANTX,cypher,False,,,0,0,0,0,False
93.193,400,ACTIVE_ROUND,1,0,0,35.000,,,MiniBoo,Team Heretics,raze,False,,4,0,0,0,1,False,RieNs,Team Heretics,fade,True,74,4,0,0,0,2,False,Boo,Team Heretics,omen,False,,25,0,0,0,0,False,benjyfishy,Team Heretics,deadlock,False,,25,0,0,0,1,False,Wo0t,Team Heretics,chamber,False,,,0,0,0,0,False,grubinho,GIANTX,omen,False,,25,0,0,0,2,False,ara,GIANTX,raze,False,,,0,0,0,0,False,Cloud,GIANTX,fade,False,,,0,0,0,2,False,Flickless,GIANTX,viper,True,100,,0,0,0,0,False,westside,GIANTX,cypher,False,,,0,0,0,0,False
93.427,401,ACTIVE_ROUND,1,0,0,35.000,,,MiniBoo,Team Heretics,raze,False,,4,0,0,0,1,False,RieNs,Team Heretics,fade,True,74,4,0,0,0,2,False,Boo,Team Heretics,omen,False,,25,0,0,0,0,False,benjyfishy,Team Heretics,deadlock,False,,25,0,0,0,1,False,Wo0t,Team Heretics,chamber,False,,,0,0,0,0,False,grubinho,GIANTX,omen,False,,25,0,0,0,2,False,ara,GIANTX,raze,False,,,0,0,0,0,False,Cloud,GIANTX,fade,False,,,0,0,0,2,False,Flickless,GIANTX,viper,True,100,,0,0,0,0,False,westside,GIANTX,cypher,False,,,0,0,0,0,False
93.660,402,ACTIVE_ROUND,1,0,0,35.000,,,MiniBoo,Team Heretics,raze,False,,4,0,0,0,1,False,RieNs,Team Heretics,fade,True,74,4,0,0,0,2,False,Boo,Team Heretics,omen,False,,25,0,0,0,0,False,benjyfishy,Team Heretics,deadlock,False,,25,0,0,0,1,False,Wo0t,Team Heretics,chamber,False,,,0,0,0,0,False,grubinho,GIANTX,omen,False,,25,0,0,0,2,False,ara,GIANTX,raze,False,,,0,0,0,0,False,Cloud,GIANTX,fade,False,,,0,0,0,2,False,Flickless,GIANTX,viper,True,100,,0,0,0,0,False,westside,GIANTX,cypher,False,,,0,0,0,0,False
93.894,403,ACTIVE_ROUND,1,0,0,34.000,,,MiniBoo,Team Heretics,raze,False,,4,0,0,0,1,False,RieNs,Team Heretics,fade,True,74,4,0,0,0,2,False,Boo,Team Heretics,omen,False,,25,0,0,0,0,False,benjyfishy,Team Heretics,deadlock,False,,25,0,0,0,1,False,Wo0t,Team Heretics,chamber,False,,,0,0,0,0,False,grubinho,GIANTX,omen,False,,25,0,0,0,2,False,ara,GIANTX,raze,False,,,0,0,0,0,False,Cloud,GIANTX,fade,False,,,0,0,0,2,False,Flickless,GIANTX,viper,True,100,,0,0,0,0,False,westside,GIANTX,cypher,False,,,0,0,0,0,False
94.127,404,ACTIVE_ROUND,1,0,0,34.000,,,MiniBoo,Team Heretics,raze,False,,4,0,0,0,1,False,RieNs,Team Heretics,fade,True,74,4,0,0,0,2,False,Boo,Team Heretics,omen,False,,25,0,0,0,0,False,benjyfishy,Team Heretics,deadlock,False,,25,0,0,0,1,False,Wo0t,Team Heretics,chamber,False,,,0,0,0,0,False,grubinho,GIANTX,omen,False,,25,0,0,0,2,False,ara,GIANTX,raze,False,,,0,0,0,0,False,Cloud,GIANTX,fade,False,,,0,0,0,2,False,Flickless,GIANTX,viper,True,100,,0,0,0,0,False,westside,GIANTX,cypher,False,,,0,0,0,0,False
94.361,405,ACTIVE_ROUND,1,0,0,34.000,,,MiniBoo,Team Heretics,raze,False,,4,0,0,0,1,False,RieNs,Team Heretics,fade,True,74,4,0,0,0,2,False,Boo,Team Heretics,omen,False,,25,0,0,0,0,False,benjyfishy,Team Heretics,deadlock,False,,25,0,0,0,1,False,Wo0t,Team Heretics,chamber,False,,,0,0,0,0,False,grubinho,GIANTX,omen,False,,25,0,0,0,2,False,ara,GIANTX,raze,False,,,0,0,0,0,False,Cloud,GIANTX,fade,False,,,0,0,0,2,False,Flickless,GIANTX,viper,True,100,,0,0,0,0,False,westside,GIANTX,cypher,False,,,0,0,0,0,False
94.594,406,ACTIVE_ROUND,1,0,0,34.000,,,MiniBoo,Team Heretics,raze,False,,4,0,0,0,1,False,RieNs,Team Heretics,fade,True,74,4,0,0,0,2,False,Boo,Team Heretics,omen,False,,25,0,0,0,0,False,benjyfishy,Team Heretics,deadlock,False,,25,0,0,0,1,False,Wo0t,Team Heretics,chamber,False,,,0,0,0,0,False,grubinho,GIANTX,omen,False,,25,0,0,0,2,False,ara,GIANTX,raze,False,,,0,0,0,0,False,Cloud,GIANTX,fade,False,,,0,0,0,2,False,Flickless,GIANTX,viper,True,100,,0,0,0,0,False,westside,GIANTX,cypher,False,,,0,0,0,0,False
94.828,407,ACTIVE_ROUND,1,0,0,34.000,,,MiniBoo,Team Heretics,raze,False,,4,0,0,0,1,False,RieNs,Team Heretics,fade,True,74,4,0,0,0,2,False,Boo,Team Heretics,omen,False,,25,0,0,0,0,False,benjyfishy,Team Heretics,deadlock,False,,25,0,0,0,1,False,Wo0t,Team Heretics,chamber,False,,,0,0,0,0,False,grubinho,GIANTX,omen,False,,25,0,0,0,2,False,ara,GIANTX,raze,False,,,0,0,0,0,False,Cloud,GIANTX,fade,False,,,0,0,0,2,False,Flickless,GIANTX,viper,True,100,,0,0,0,0,False,westside,GIANTX,cypher,False,,,0,0,0,0,False
95.062,408,ACTIVE_ROUND,1,0,0,33.000,,,MiniBoo,Team Heretics,raze,False,,4,0,0,0,1,False,RieNs,Team Heretics,fade,True,74,4,0,0,0,2,False,Boo,Team Heretics,omen,False,,25,0,0,0,0,False,benjyfishy,Team Heretics,deadlock,False,,25,0,0,0,1,False,Wo0t,Team Heretics,chamber,False,,,0,0,0,0,False,grubinho,GIANTX,omen,False,,25,0,0,0,2,False,ara,GIANTX,raze,False,,,0,0,0,0,False,Cloud,GIANTX,fade,False,,,0,0,0,2,False,Flickless,GIANTX,viper,True,100,,0,0,0,0,False,westside,GIANTX,cypher,False,,,0,0,0,0,False
95.295,409,ACTIVE_ROUND,1,0,0,33.000,,,MiniBoo,Team Heretics,raze,False,,4,0,0,0,1,False,RieNs,Team Heretics,fade,True,74,4,0,0,0,2,False,Boo,Team Heretics,omen,False,,25,0,0,0,0,False,benjyfishy,Team Heretics,deadlock,False,,25,0,0,0,1,False,Wo0t,Team Heretics,chamber,False,,,0,0,0,0,False,grubinho,GIANTX,omen,False,,25,0,0,0,2,False,ara,GIANTX,raze,False,,,0,0,0,0,False,Cloud,GIANTX,fade,False,,,0,0,0,2,False,Flickless,GIANTX,viper,True,100,,0,0,0,0,False,westside,GIANTX,cypher,False,,,0,0,0,0,False
95.529,410,ACTIVE_ROUND,1,0,0,33.000,,,MiniBoo,Team Heretics,raze,False,,4,0,0,0,1,False,RieNs,Team Heretics,fade,True,74,4,0,0,0,2,False,Boo,Team Heretics,omen,False,,25,0,0,0,0,False,benjyfishy,Team Heretics,deadlock,False,,25,0,0,0,1,False,Wo0t,Team Heretics,chamber,False,,,0,0,0,0,False,grubinho,GIANTX,omen,False,,25,0,0,0,2,False,ara,GIANTX,raze,False,,,0,0,0,0,False,Cloud,GIANTX,fade,False,,,0,0,0,2,False,Flickless,GIANTX,viper,True,100,,0,0,0,0,False,westside,GIANTX,cypher,False,,,0,0,0,0,False
95.762,411,ACTIVE_ROUND,1,0,0,33.000,,,MiniBoo,Team Heretics,raze,False,,4,0,0,0,1,False,RieNs,Team Heretics,fade,True,74,4,0,0,0,2,False,Boo,Team Heretics,omen,False,,25,0,0,0,0,False,benjyfishy,Team Heretics,deadlock,False,,25,0,0,0,1,False,Wo0t,Team Heretics,chamber,False,,,0,0,0,0,False,grubinho,GIANTX,omen,False,,25,0,0,0,2,False,ara,GIANTX,raze,False,,,0,0,0,0,False,Cloud,GIANTX,fade,False,,,0,0,0,2,False,Flickless,GIANTX,viper,True,100,,0,0,0,0,False,westside,GIANTX,cypher,False,,,0,0,0,0,False
95.996,412,ACTIVE_ROUND,1,0,0,32.000,,,MiniBoo,Team Heretics,raze,False,,4,0,0,0,1,False,RieNs,Team Heretics,fade,True,74,4,0,0,0,2,False,Boo,Team Heretics,omen,False,,25,0,0,0,0,False,benjyfishy,Team Heretics,deadlock,False,,25,0,0,0,1,False,Wo0t,Team Heretics,chamber,False,,,0,0,0,0,False,grubinho,GIANTX,omen,False,,25,0,0,0,2,False,ara,GIANTX,raze,False,,,0,0,0,0,False,Cloud,GIANTX,fade,False,,,0,0,0,2,False,Flickless,GIANTX,viper,True,100,,0,0,0,0,False,westside,GIANTX,cypher,False,,,0,0,0,0,False
96.229,413,ACTIVE_ROUND,1,0,0,32.000,,,MiniBoo,Team Heretics,raze,False,,4,0,0,0,1,False,RieNs,Team Heretics,fade,True,74,4,0,0,0,2,False,Boo,Team Heretics,omen,False,,25,0,0,0,0,False,benjyfishy,Team Heretics,deadlock,False,,25,0,0,0,1,False,Wo0t,Team Heretics,chamber,False,,,0,0,0,0,False,grubinho,GIANTX,omen,False,,25,0,0,0,2,False,ara,GIANTX,raze,False,,,0,0,0,0,False,Cloud,GIANTX,fade,False,,,0,0,0,2,False,Flickless,GIANTX,viper,True,100,,0,0,0,0,False,westside,GIANTX,cypher,False,,,0,0,0,0,False
96.463,414,ACTIVE_ROUND,1,0,0,32.000,,,MiniBoo,Team Heretics,raze,False,,4,0,0,0,1,False,RieNs,Team Heretics,fade,True,74,4,0,0,0,2,False,Boo,Team Heretics,omen,False,,25,0,0,0,0,False,benjyfishy,Team Heretics,deadlock,False,,25,0,0,0,1,False,Wo0t,Team Heretics,chamber,False,,,0,0,0,0,False,grubinho,GIANTX,omen,False,,25,0,0,0,2,False,ara,GIANTX,raze,False,,,0,0,0,0,False,Cloud,GIANTX,fade,False,,,0,0,0,2,False,Flickless,GIANTX,viper,True,100,,0,0,0,0,False,westside,GIANTX,cypher,False,,,0,0,0,0,False
96.697,415,ACTIVE_ROUND,1,0,0,32.000,,,MiniBoo,Team Heretics,raze,False,,4,0,0,0,1,False,RieNs,Team Heretics,fade,True,74,4,0,0,0,2,False,Boo,Team Heretics,omen,False,,25,0,0,0,0,False,benjyfishy,Team Heretics,deadlock,False,,25,0,0,0,1,False,Wo0t,Team Heretics,chamber,False,,,0,0,0,0,False,grubinho,GIANTX,omen,False,,25,0,0,0,2,False,ara,GIANTX,raze,False,,,0,0,0,0,False,Cloud,GIANTX,fade,False,,,0,0,0,2,False,Flickless,GIANTX,viper,True,100,,0,0,0,0,False,westside,GIANTX,cypher,False,,,0,0,0,0,False
96.930,416,ACTIVE_ROUND,1,0,0,31.000,,,MiniBoo,Team Heretics,raze,False,,4,0,0,0,1,False,RieNs,Team Heretics,fade,True,74,4,0,0,0,2,False,Boo,Team Heretics,omen,False,,25,0,0,0,0,False,benjyfishy,Team Heretics,deadlock,False,,25,0,0,0,1,False,Wo0t,Team Heretics,chamber,False,,,0,0,0,0,False,grubinho,GIANTX,omen,False,,25,0,0,0,2,False,ara,GIANTX,raze,False,,,0,0,0,0,False,Cloud,GIANTX,fade,False,,,0,0,0,2,False,Flickless,GIANTX,viper,True,100,,0,0,0,0,False,westside,GIANTX,cypher,False,,,0,0,0,0,False
97.164,417,ACTIVE_ROUND,1,0,0,31.000,,,MiniBoo,Team Heretics,raze,False,,4,0,0,0,1,False,RieNs,Team Heretics,fade,True,74,4,0,0,0,2,False,Boo,Team Heretics,omen,False,,25,0,0,0,0,False,benjyfishy,Team Heretics,deadlock,False,,25,0,0,0,1,False,Wo0t,Team Heretics,chamber,False,,,0,0,0,0,False,grubinho,GIANTX,omen,False,,25,0,0,0,2,False,ara,GIANTX,raze,False,,,0,0,0,0,False,Cloud,GIANTX,fade,False,,,0,0,0,2,False,Flickless,GIANTX,viper,True,100,,0,0,0,0,False,westside,GIANTX,cypher,False,,,0,0,0,0,False
97.397,418,ACTIVE_ROUND,1,0,0,31.000,,,MiniBoo,Team Heretics,raze,False,,4,0,0,0,1,False,RieNs,Team Heretics,fade,True,74,4,0,0,0,2,False,Boo,Team Heretics,omen,False,,25,0,0,0,0,False,benjyfishy,Team Heretics,deadlock,False,,25,0,0,0,1,False,Wo0t,Team Heretics,chamber,False,,,0,0,0,0,False,grubinho,GIANTX,omen,False,,25,0,0,0,2,False,ara,GIANTX,raze,False,,,0,0,0,0,False,Cloud,GIANTX,fade,False,,,0,0,0,2,False,Flickless,GIANTX,viper,True,100,,0,0,0,0,False,westside,GIANTX,cypher,False,,,0,0,0,0,False
97.631,419,ACTIVE_ROUND,1,0,0,31.000,,,MiniBoo,Team Heretics,raze,False,,4,0,0,0,1,False,RieNs,Team Heretics,fade,True,74,4,0,0,0,2,False,Boo,Team Heretics,omen,False,,25,0,0,0,0,False,benjyfishy,Team Heretics,deadlock,False,,25,0,0,0,1,False,Wo0t,Team Heretics,chamber,False,,,0,0,0,0,False,grubinho,GIANTX,omen,False,,25,0,0,0,2,False,ara,GIANTX,raze,False,,,0,0,0,0,False,Cloud,GIANTX,fade,False,,,0,0,0,2,False,Flickless,GIANTX,viper,True,100,,0,0,0,0,False,westside,GIANTX,cypher,False,,,0,0,0,0,False
97.864,420,ACTIVE_ROUND,1,0,0,31.000,,,MiniBoo,Team Heretics,raze,False,,4,0,0,0,1,False,RieNs,Team Heretics,fade,True,74,4,0,0,0,2,False,Boo,Team Heretics,omen,False,,25,0,0,0,0,False,benjyfishy,Team Heretics,deadlock,False,,25,0,0,0,1,False,Wo0t,Team Heretics,chamber,False,,,0,0,0,0,False,grubinho,GIANTX,omen,False,,25,0,0,0,2,False,ara,GIANTX,raze,False,,,0,0,0,0,False,Cloud,GIANTX,fade,False,,,0,0,0,2,False,Flickless,GIANTX,viper,True,100,,0,0,0,0,False,westside,GIANTX,cypher,False,,,0,0,0,0,False
98.098,421,ACTIVE_ROUND,1,0,0,30.000,,,MiniBoo,Team Heretics,raze,False,,4,0,0,0,1,False,RieNs,Team Heretics,fade,True,74,4,0,0,0,2,False,Boo,Team Heretics,omen,False,,25,0,0,0,0,False,benjyfishy,Team Heretics,deadlock,False,,25,0,0,0,1,False,Wo0t,Team Heretics,chamber,False,,,0,0,0,0,False,grubinho,GIANTX,omen,False,,25,0,0,0,2,False,ara,GIANTX,raze,False,,,0,0,0,0,False,Cloud,GIANTX,fade,False,,,0,0,0,2,False,Flickless,GIANTX,viper,True,100,,0,0,0,0,False,westside,GIANTX,cypher,False,,,0,0,0,0,False
98.332,422,ACTIVE_ROUND,1,0,0,30.000,,,MiniBoo,Team Heretics,raze,False,,4,0,0,0,1,False,RieNs,Team Heretics,fade,True,74,4,0,0,0,2,False,Boo,Team Heretics,omen,False,,25,0,0,0,0,False,benjyfishy,Team Heretics,deadlock,False,,25,0,0,0,1,False,Wo0t,Team Heretics,chamber,False,,,0,0,0,0,False,grubinho,GIANTX,omen,False,,25,0,0,0,2,False,ara,GIANTX,raze,False,,,0,0,0,0,False,Cloud,GIANTX,fade,False,,,0,0,0,2,False,Flickless,GIANTX,viper,True,100,,0,0,0,0,False,westside,GIANTX,cypher,False,,,0,0,0,0,False
98.565,423,ACTIVE_ROUND,1,0,0,30.000,,,MiniBoo,Team Heretics,raze,False,,4,0,0,0,1,False,RieNs,Team Heretics,fade,True,74,4,0,0,0,2,False,Boo,Team Heretics,omen,False,,25,0,0,0,0,False,benjyfishy,Team Heretics,deadlock,False,,25,0,0,0,1,False,Wo0t,Team Heretics,chamber,False,,,0,0,0,0,False,grubinho,GIANTX,omen,False,,25,0,0,0,2,False,ara,GIANTX,raze,False,,,0,0,0,0,False,Cloud,GIANTX,fade,False,,,0,0,0,2,False,Flickless,GIANTX,viper,True,100,,0,0,0,0,False,westside,GIANTX,cypher,False,,,0,0,0,0,False
98.799,424,ACTIVE_ROUND,1,0,0,30.000,,,MiniBoo,Team Heretics,raze,False,,4,0,0,0,1,False,RieNs,Team Heretics,fade,True,74,4,0,0,0,2,False,Boo,Team Heretics,omen,False,,25,0,0,0,0,False,benjyfishy,Team Heretics,deadlock,False,,25,0,0,0,1,False,Wo0t,Team Heretics,chamber,False,,,0,0,0,0,False,grubinho,GIANTX,omen,False,,25,0,0,0,2,False,ara,GIANTX,raze,False,,,0,0,0,0,False,Cloud,GIANTX,fade,False,,,0,0,0,2,False,Flickless,GIANTX,viper,True,100,,0,0,0,0,False,westside,GIANTX,cypher,False,,,0,0,0,0,False
99.032,425,ACTIVE_ROUND,1,0,0,29.000,,,MiniBoo,Team Heretics,raze,False,,4,0,0,0,1,False,RieNs,Team Heretics,fade,True,74,4,0,0,0,2,False,Boo,Team Heretics,omen,False,,25,0,0,0,0,False,benjyfishy,Team Heretics,deadlock,False,,25,0,0,0,1,False,Wo0t,Team Heretics,chamber,False,,,0,0,0,0,False,grubinho,GIANTX,omen,False,,25,0,0,0,2,False,ara,GIANTX,raze,False,,,0,0,0,0,False,Cloud,GIANTX,fade,False,,,0,0,0,2,False,Flickless,GIANTX,viper,True,100,,0,0,0,0,False,westside,GIANTX,cypher,False,,,0,0,0,0,False
99.266,426,ACTIVE_ROUND,1,0,0,29.000,,,MiniBoo,Team Heretics,raze,False,,4,0,0,0,1,False,RieNs,Team Heretics,fade,True,74,4,0,0,0,2,False,Boo,Team Heretics,omen,False,,25,0,0,0,0,False,benjyfishy,Team Heretics,deadlock,False,,25,0,0,0,1,False,Wo0t,Team Heretics,chamber,False,,,0,0,0,0,False,grubinho,GIANTX,omen,False,,25,0,0,0,2,False,ara,GIANTX,raze,False,,,0,0,0,0,False,Cloud,GIANTX,fade,False,,,0,0,0,2,False,Flickless,GIANTX,viper,True,100,,0,0,0,0,False,westside,GIANTX,cypher,False,,,0,0,0,0,False
99.499,427,ACTIVE_ROUND,1,0,0,29.000,,,MiniBoo,Team Heretics,raze,False,,4,0,0,0,1,False,RieNs,Team Heretics,fade,True,74,4,0,0,0,2,False,Boo,Team Heretics,omen,False,,25,0,0,0,0,False,benjyfishy,Team Heretics,deadlock,False,,25,0,0,0,1,False,Wo0t,Team Heretics,chamber,False,,,0,0,0,0,False,grubinho,GIANTX,omen,False,,25,0,0,0,2,False,ara,GIANTX,raze,False,,,0,0,0,0,False,Cloud,GIANTX,fade,False,,,0,0,0,2,False,Flickless,GIANTX,viper,True,100,,0,0,0,0,False,westside,GIANTX,cypher,False,,,0,0,0,0,False
99.733,428,ACTIVE_ROUND,1,0,0,29.000,,,MiniBoo,Team Heretics,raze,False,,4,0,0,0,1,False,RieNs,Team Heretics,fade,True,74,4,0,0,0,2,False,Boo,Team Heretics,omen,False,,25,0,0,0,0,False,benjyfishy,Team Heretics,deadlock,False,,25,0,0,0,1,False,Wo0t,Team Heretics,chamber,False,,,0,0,0,0,False,grubinho,GIANTX,omen,False,,25,0,0,0,2,False,ara,GIANTX,raze,False,,,0,0,0,0,False,Cloud,GIANTX,fade,False,,,0,0,0,2,False,Flickless,GIANTX,viper,True,100,,0,0,0,0,False,westside,GIANTX,cypher,False,,,0,0,0,0,False
99.967,429,ACTIVE_ROUND,1,0,0,28.000,,,MiniBoo,Team Heretics,raze,False,,4,0,0,0,1,False,RieNs,Team Heretics,fade,True,74,4,0,0,0,2,False,Boo,Team Heretics,omen,False,,25,0,0,0,0,False,benjyfishy,Team Heretics,deadlock,False,,25,0,0,0,1,False,Wo0t,Team Heretics,chamber,False,,,0,0,0,0,False,grubinho,GIANTX,omen,False,,25,0,0,0,2,False,ara,GIANTX,raze,False,,,0,0,0,0,False,Cloud,GIANTX,fade,False,,,0,0,0,2,False,Flickless,GIANTX,viper,True,100,,0,0,0,0,False,westside,GIANTX,cypher,False,,,0,0,0,0,False
100.200,430,ACTIVE_ROUND,1,0,0,28.000,,,MiniBoo,Team Heretics,raze,False,,4,0,0,0,1,False,RieNs,Team Heretics,fade,True,74,4,0,0,0,2,False,Boo,Team Heretics,omen,False,,25,0,0,0,0,False,benjyfishy,Team Heretics,deadlock,False,,25,0,0,0,1,False,Wo0t,Team Heretics,chamber,False,,,0,0,0,0,False,grubinho,GIANTX,omen,False,,25,0,0,0,2,False,ara,GIANTX,raze,False,,,0,0,0,0,False,Cloud,GIANTX,fade,False,,,0,0,0,2,False,Flickless,GIANTX,viper,True,100,,0,0,0,0,False,westside,GIANTX,cypher,False,,,0,0,0,0,False
100.434,431,ACTIVE_ROUND,1,0,0,28.000,,,MiniBoo,Team Heretics,raze,False,,4,0,0,0,1,False,RieNs,Team Heretics,fade,True,74,4,0,0,0,2,False,Boo,Team Heretics,omen,False,,25,0,0,0,0,False,benjyfishy,Team Heretics,deadlock,False,,25,0,0,0,1,False,Wo0t,Team Heretics,chamber,False,,,0,0,0,0,False,grubinho,GIANTX,omen,False,,25,0,0,0,2,False,ara,GIANTX,raze,False,,,0,0,0,0,False,Cloud,GIANTX,fade,False,,,0,0,0,2,False,Flickless,GIANTX,viper,True,100,,0,0,0,0,False,westside,GIANTX,cypher,False,,,0,0,0,0,False
100.667,432,ACTIVE_ROUND,1,0,0,28.000,,,MiniBoo,Team Heretics,raze,False,,4,0,0,0,1,False,RieNs,Team Heretics,fade,True,74,4,0,0,0,2,False,Boo,Team Heretics,omen,False,,25,0,0,0,0,False,benjyfishy,Team Heretics,deadlock,False,,25,0,0,0,1,False,Wo0t,Team Heretics,chamber,False,,,0,0,0,0,False,grubinho,GIANTX,omen,False,,25,0,0,0,2,False,ara,GIANTX,raze,False,,,0,0,0,0,False,Cloud,GIANTX,fade,False,,,0,0,0,2,False,Flickless,GIANTX,viper,True,100,,0,0,0,0,False,westside,GIANTX,cypher,False,,,0,0,0,0,False
100.901,433,ACTIVE_ROUND,1,0,0,27.000,,,MiniBoo,Team Heretics,raze,False,,4,0,0,0,1,False,RieNs,Team Heretics,fade,True,74,4,0,0,0,2,False,Boo,Team Heretics,omen,False,,25,0,0,0,0,False,benjyfishy,Team Heretics,deadlock,False,,25,0,0,0,1,False,Wo0t,Team Heretics,chamber,False,,,0,0,0,0,False,grubinho,GIANTX,omen,False,,25,0,0,0,2,False,ara,GIANTX,raze,False,,,0,0,0,0,False,Cloud,GIANTX,fade,False,,,0,0,0,2,False,Flickless,GIANTX,viper,True,100,,0,0,0,0,False,westside,GIANTX,cypher,False,,,0,0,0,0,False
101.134,434,ACTIVE_ROUND,1,0,0,27.000,,,MiniBoo,Team Heretics,raze,False,,4,0,0,0,1,False,RieNs,Team Heretics,fade,True,74,4,0,0,0,2,False,Boo,Team Heretics,omen,False,,25,0,0,0,0,False,benjyfishy,Team Heretics,deadlock,False,,25,0,0,0,1,False,Wo0t,Team Heretics,chamber,False,,,0,0,0,0,False,grubinho,GIANTX,omen,False,,25,0,0,0,2,False,ara,GIANTX,raze,False,,,0,0,0,0,False,Cloud,GIANTX,fade,False,,,0,0,0,2,False,Flickless,GIANTX,viper,True,100,,0,0,0,0,False,westside,GIANTX,cypher,False,,,0,0,0,0,False
101.368,435,ACTIVE_ROUND,1,0,0,27.000,,,MiniBoo,Team Heretics,raze,False,,4,0,0,0,1,False,RieNs,Team Heretics,fade,True,74,4,0,0,0,2,False,Boo,Team Heretics,omen,False,,25,0,0,0,0,False,benjyfishy,Team Heretics,deadlock,False,,25,0,0,0,1,False,Wo0t,Team Heretics,chamber,False,,,0,0,0,0,False,grubinho,GIANTX,omen,False,,25,0,0,0,2,False,ara,GIANTX,raze,False,,,0,0,0,0,False,Cloud,GIANTX,fade,False,,,0,0,0,2,False,Flickless,GIANTX,viper,True,100,,0,0,0,0,False,westside,GIANTX,cypher,False,,,0,0,0,0,False
101.602,436,ACTIVE_ROUND,1,0,0,27.000,,,MiniBoo,Team Heretics,raze,False,,4,0,0,0,1,False,RieNs,Team Heretics,fade,True,74,4,0,0,0,2,False,Boo,Team Heretics,omen,False,,25,0,0,0,0,False,benjyfishy,Team Heretics,deadlock,False,,25,0,0,0,1,False,Wo0t,Team Heretics,chamber,False,,,0,0,0,0,False,grubinho,GIANTX,omen,False,,25,0,0,0,2,False,ara,GIANTX,raze,False,,,0,0,0,0,False,Cloud,GIANTX,fade,False,,,0,0,0,2,False,Flickless,GIANTX,viper,True,100,,0,0,0,0,False,westside,GIANTX,cypher,False,,,0,0,0,0,False
101.835,437,ACTIVE_ROUND,1,0,0,27.000,,,MiniBoo,Team Heretics,raze,False,,4,0,0,0,1,False,RieNs,Team Heretics,fade,True,74,4,0,0,0,2,False,Boo,Team Heretics,omen,False,,25,0,0,0,0,False,benjyfishy,Team Heretics,deadlock,False,,25,0,0,0,1,False,Wo0t,Team Heretics,chamber,False,,,0,0,0,0,False,grubinho,GIANTX,omen,False,,25,0,0,0,2,False,ara,GIANTX,raze,False,,,0,0,0,0,False,Cloud,GIANTX,fade,False,,,0,0,0,2,False,Flickless,GIANTX,viper,True,100,,0,0,0,0,False,westside,GIANTX,cypher,False,,,0,0,0,0,False
102.069,438,ACTIVE_ROUND,1,0,0,26.000,,,MiniBoo,Team Heretics,raze,False,,4,0,0,0,1,False,RieNs,Team Heretics,fade,True,74,4,0,0,0,2,False,Boo,Team Heretics,omen,False,,25,0,0,0,0,False,benjyfishy,Team Heretics,deadlock,False,,25,0,0,0,1,False,Wo0t,Team Heretics,chamber,False,,,0,0,0,0,False,grubinho,GIANTX,omen,False,,25,0,0,0,2,False,ara,GIANTX,raze,False,,,0,0,0,0,False,Cloud,GIANTX,fade,False,,,0,0,0,2,False,Flickless,GIANTX,viper,True,100,,0,0,0,0,False,westside,GIANTX,cypher,False,,,0,0,0,0,False
102.302,439,ACTIVE_ROUND,1,0,0,26.000,,,MiniBoo,Team Heretics,raze,False,,4,0,0,0,1,False,RieNs,Team Heretics,fade,True,74,4,0,0,0,2,False,Boo,Team Heretics,omen,False,,25,0,0,0,0,False,benjyfishy,Team Heretics,deadlock,False,,25,0,0,0,1,False,Wo0t,Team Heretics,chamber,False,,,0,0,0,0,False,grubinho,GIANTX,omen,False,,25,0,0,0,2,False,ara,GIANTX,raze,False,,,0,0,0,0,False,Cloud,GIANTX,fade,False,,,0,0,0,2,False,Flickless,GIANTX,viper,True,100,,0,0,0,0,False,westside,GIANTX,cypher,False,,,0,0,0,0,False
102.536,440,ACTIVE_ROUND,1,0,0,26.000,,,MiniBoo,Team Heretics,raze,False,,4,0,0,0,1,False,RieNs,Team Heretics,fade,True,74,4,0,0,0,2,False,Boo,Team Heretics,omen,False,,25,0,0,0,0,False,benjyfishy,Team Heretics,deadlock,False,,25,0,0,0,1,False,Wo0t,Team Heretics,chamber,False,,,0,0,0,0,False,grubinho,GIANTX,omen,False,,25,0,0,0,2,False,ara,GIANTX,raze,False,,,0,0,0,0,False,Cloud,GIANTX,fade,False,,,0,0,0,2,False,Flickless,GIANTX,viper,True,100,,0,0,0,0,False,westside,GIANTX,cypher,False,,,0,0,0,0,False
102.769,441,ACTIVE_ROUND,1,0,0,26.000,,,MiniBoo,Team Heretics,raze,False,,4,0,0,0,1,False,RieNs,Team Heretics,fade,True,74,4,0,0,0,2,False,Boo,Team Heretics,omen,False,,25,0,0,0,0,False,benjyfishy,Team Heretics,deadlock,False,,25,0,0,0,1,False,Wo0t,Team Heretics,chamber,False,,,0,0,0,0,False,grubinho,GIANTX,omen,False,,25,0,0,0,2,False,ara,GIANTX,raze,False,,,0,0,0,0,False,Cloud,GIANTX,fade,False,,,0,0,0,2,False,Flickless,GIANTX,viper,True,100,,0,0,0,0,False,westside,GIANTX,cypher,False,,,0,0,0,0,False
103.003,442,ACTIVE_ROUND,1,0,0,25.000,,,MiniBoo,Team Heretics,raze,False,,4,0,0,0,1,False,RieNs,Team Heretics,fade,True,74,4,0,0,0,2,False,Boo,Team Heretics,omen,False,,25,0,0,0,0,False,benjyfishy,Team Heretics,deadlock,False,,25,0,0,0,1,False,Wo0t,Team Heretics,chamber,False,,,0,0,0,0,False,grubinho,GIANTX,omen,False,,25,0,0,0,2,False,ara,GIANTX,raze,False,,,0,0,0,0,False,Cloud,GIANTX,fade,False,,,0,0,0,2,False,Flickless,GIANTX,viper,True,100,,0,0,0,0,False,westside,GIANTX,cypher,False,,,0,0,0,0,False
103.236,443,ACTIVE_ROUND,1,0,0,25.000,,,MiniBoo,Team Heretics,raze,False,,4,0,0,0,1,False,RieNs,Team Heretics,fade,True,74,4,0,0,0,2,False,Boo,Team Heretics,omen,False,,25,0,0,0,0,False,benjyfishy,Team Heretics,deadlock,False,,25,0,0,0,1,False,Wo0t,Team Heretics,chamber,False,,,0,0,0,0,False,grubinho,GIANTX,omen,False,,25,0,0,0,2,False,ara,GIANTX,raze,False,,,0,0,0,0,False,Cloud,GIANTX,fade,False,,,0,0,0,2,False,Flickless,GIANTX,viper,True,100,,0,0,0,0,False,westside,GIANTX,cypher,False,,,0,0,0,0,False
103.470,444,ACTIVE_ROUND,1,0,0,25.000,,,MiniBoo,Team Heretics,raze,False,,4,0,0,0,1,False,RieNs,Team Heretics,fade,True,74,4,0,0,0,2,False,Boo,Team Heretics,omen,False,,25,0,0,0,0,False,benjyfishy,Team Heretics,deadlock,False,,25,0,0,0,1,False,Wo0t,Team Heretics,chamber,False,,,0,0,0,0,False,grubinho,GIANTX,omen,False,,25,0,0,0,2,False,ara,GIANTX,raze,False,,,0,0,0,0,False,Cloud,GIANTX,fade,False,,,0,0,0,2,False,Flickless,GIANTX,viper,True,100,,0,0,0,0,False,westside,GIANTX,cypher,False,,,0,0,0,0,False
103.704,445,ACTIVE_ROUND,1,0,0,25.000,,,MiniBoo,Team Heretics,raze,False,,4,0,0,0,1,False,RieNs,Team Heretics,fade,True,74,4,0,0,0,2,False,Boo,Team Heretics,omen,False,,25,0,0,0,0,False,benjyfishy,Team Heretics,deadlock,False,,25,0,0,0,1,False,Wo0t,Team Heretics,chamber,False,,,0,0,0,0,False,grubinho,GIANTX,omen,False,,25,0,0,0,2,False,ara,GIANTX,raze,False,,,0,0,0,0,False,Cloud,GIANTX,fade,False,,,0,0,0,2,False,Flickless,GIANTX,viper,True,100,,0,0,0,0,False,westside,GIANTX,cypher,False,,,0,0,0,0,False
103.937,446,ACTIVE_ROUND,1,0,0,24.000,,,MiniBoo,Team Heretics,raze,False,,4,0,0,0,1,False,RieNs,Team Heretics,fade,True,74,4,0,0,0,2,False,Boo,Team Heretics,omen,False,,25,0,0,0,0,False,benjyfishy,Team Heretics,deadlock,False,,25,0,0,0,1,False,Wo0t,Team Heretics,chamber,False,,,0,0,0,0,False,grubinho,GIANTX,omen,False,,25,0,0,0,2,False,ara,GIANTX,raze,False,,,0,0,0,0,False,Cloud,GIANTX,fade,False,,,0,0,0,2,False,Flickless,GIANTX,viper,True,100,,0,0,0,0,False,westside,GIANTX,cypher,False,,,0,0,0,0,False
104.171,447,ACTIVE_ROUND,1,0,0,24.000,,,MiniBoo,Team Heretics,raze,False,,4,0,0,0,1,False,RieNs,Team Heretics,fade,True,74,4,0,0,0,2,False,Boo,Team Heretics,omen,False,,25,0,0,0,0,False,benjyfishy,Team Heretics,deadlock,False,,25,0,0,0,1,False,Wo0t,Team Heretics,chamber,False,,,0,0,0,0,False,grubinho,GIANTX,omen,False,,25,0,0,0,2,False,ara,GIANTX,raze,False,,,0,0,0,0,False,Cloud,GIANTX,fade,False,,,0,0,0,2,False,Flickless,GIANTX,viper,True,100,,0,0,0,0,False,westside,GIANTX,cypher,False,,,0,0,0,0,False
104.404,448,ACTIVE_ROUND,1,0,0,24.000,,,MiniBoo,Team Heretics,raze,False,,4,0,0,0,1,False,RieNs,Team Heretics,fade,True,74,4,0,0,0,2,False,Boo,Team Heretics,omen,False,,25,0,0,0,0,False,benjyfishy,Team Heretics,deadlock,False,,25,0,0,0,1,False,Wo0t,Team Heretics,chamber,False,,,0,0,0,0,False,grubinho,GIANTX,omen,False,,25,0,0,0,2,False,ara,GIANTX,raze,False,,,0,0,0,0,False,Cloud,GIANTX,fade,False,,,0,0,0,2,False,Flickless,GIANTX,viper,True,100,,0,0,0,0,False,westside,GIANTX,cypher,False,,,0,0,0,0,False
104.638,449,ACTIVE_ROUND,1,0,0,24.000,,,MiniBoo,Team Heretics,raze,False,,4,0,0,0,1,False,RieNs,Team Heretics,fade,True,74,4,0,0,0,2,False,Boo,Team Heretics,omen,False,,25,0,0,0,0,False,benjyfishy,Team Heretics,deadlock,False,,25,0,0,0,1,False,Wo0t,Team Heretics,chamber,False,,,0,0,0,0,False,grubinho,GIANTX,omen,False,,25,0,0,0,2,False,ara,GIANTX,raze,False,,,0,0,0,0,False,Cloud,GIANTX,fade,False,,,0,0,0,2,False,Flickless,GIANTX,viper,True,100,,0,0,0,0,False,westside,GIANTX,cypher,False,,,0,0,0,0,False
104.871,450,ACTIVE_ROUND,1,0,0,23.000,,,MiniBoo,Team Heretics,raze,False,,4,0,0,0,1,False,RieNs,Team Heretics,fade,True,74,4,0,0,0,2,False,Boo,Team Heretics,omen,False,,25,0,0,0,0,False,benjyfishy,Team Heretics,deadlock,False,,25,0,0,0,1,False,Wo0t,Team Heretics,chamber,False,,,0,0,0,0,False,grubinho,GIANTX,omen,False,,25,0,0,0,2,False,ara,GIANTX,raze,False,,,0,0,0,0,False,Cloud,GIANTX,fade,False,,,0,0,0,2,False,Flickless,GIANTX,viper,True,100,,0,0,0,0,False,westside,GIANTX,cypher,False,,,0,0,0,0,False
105.105,451,ACTIVE_ROUND,1,0,0,23.000,,,MiniBoo,Team Heretics,raze,False,,4,0,0,0,1,False,RieNs,Team Heretics,fade,True,74,4,0,0,0,2,False,Boo,Team Heretics,omen,False,,25,0,0,0,0,False,benjyfishy,Team Heretics,deadlock,False,,25,0,0,0,1,False,Wo0t,Team Heretics,chamber,False,,,0,0,0,0,False,grubinho,GIANTX,omen,False,,25,0,0,0,2,False,ara,GIANTX,raze,False,,,0,0,0,0,False,Cloud,GIANTX,fade,False,,,0,0,0,2,False,Flickless,GIANTX,viper,True,100,,0,0,0,0,False,westside,GIANTX,cypher,False,,,0,0,0,0,False
105.339,452,ACTIVE_ROUND,1,0,0,23.000,,,MiniBoo,Team Heretics,raze,False,,4,0,0,0,1,False,RieNs,Team Heretics,fade,True,74,4,0,0,0,2,False,Boo,Team Heretics,omen,False,,25,0,0,0,0,False,benjyfishy,Team Heretics,deadlock,False,,25,0,0,0,1,False,Wo0t,Team Heretics,chamber,False,,,0,0,0,0,False,grubinho,GIANTX,omen,False,,25,0,0,0,2,False,ara,GIANTX,raze,False,,,0,0,0,0,False,Cloud,GIANTX,fade,False,,,0,0,0,2,False,Flickless,GIANTX,viper,True,100,,0,0,0,0,False,westside,GIANTX,cypher,False,,,0,0,0,0,False
105.572,453,ACTIVE_ROUND,1,0,0,23.000,,,MiniBoo,Team Heretics,raze,False,,4,0,0,0,1,False,RieNs,Team Heretics,fade,True,74,4,0,0,0,2,False,Boo,Team Heretics,omen,False,,25,0,0,0,0,False,benjyfishy,Team Heretics,deadlock,False,,25,0,0,0,1,False,Wo0t,Team Heretics,chamber,False,,,0,0,0,0,False,grubinho,GIANTX,omen,False,,25,0,0,0,2,False,ara,GIANTX,raze,False,,,0,0,0,0,False,Cloud,GIANTX,fade,False,,,0,0,0,2,False,Flickless,GIANTX,viper,True,100,,0,0,0,0,False,westside,GIANTX,cypher,False,,,0,0,0,0,False
105.806,454,ACTIVE_ROUND,1,0,0,23.000,,,MiniBoo,Team Heretics,raze,False,,4,0,0,0,1,False,RieNs,Team Heretics,fade,True,74,4,0,0,0,2,False,Boo,Team Heretics,omen,False,,25,0,0,0,0,False,benjyfishy,Team Heretics,deadlock,False,,25,0,0,0,1,False,Wo0t,Team Heretics,chamber,False,,,0,0,0,0,False,grubinho,GIANTX,omen,False,,25,0,0,0,2,False,ara,GIANTX,raze,False,,,0,0,0,0,False,Cloud,GIANTX,fade,False,,,0,0,0,2,False,Flickless,GIANTX,viper,True,100,,0,0,0,0,False,westside,GIANTX,cypher,False,,,0,0,0,0,False
106.039,455,ACTIVE_ROUND,1,0,0,22.000,,,MiniBoo,Team Heretics,raze,False,,4,0,0,0,1,False,RieNs,Team Heretics,fade,True,74,4,0,0,0,2,False,Boo,Team Heretics,omen,False,,25,0,0,0,0,False,benjyfishy,Team Heretics,deadlock,False,,25,0,0,0,1,False,Wo0t,Team Heretics,chamber,False,,,0,0,0,0,False,grubinho,GIANTX,omen,False,,25,0,0,0,2,False,ara,GIANTX,raze,False,,,0,0,0,0,False,Cloud,GIANTX,fade,False,,,0,0,0,2,False,Flickless,GIANTX,viper,True,100,,0,0,0,0,False,westside,GIANTX,cypher,False,,,0,0,0,0,False
106.273,456,ACTIVE_ROUND,1,0,0,22.000,,,MiniBoo,Team Heretics,raze,False,,4,0,0,0,1,False,RieNs,Team Heretics,fade,True,74,4,0,0,0,2,False,Boo,Team Heretics,omen,False,,25,0,0,0,0,False,benjyfishy,Team Heretics,deadlock,False,,25,0,0,0,1,False,Wo0t,Team Heretics,chamber,False,,,0,0,0,0,False,grubinho,GIANTX,omen,False,,25,0,0,0,2,False,ara,GIANTX,raze,False,,,0,0,0,0,False,Cloud,GIANTX,fade,False,,,0,0,0,2,False,Flickless,GIANTX,viper,True,100,,0,0,0,0,False,westside,GIANTX,cypher,False,,,0,0,0,0,False
106.506,457,ACTIVE_ROUND,1,0,0,22.000,,,MiniBoo,Team Heretics,raze,False,,4,0,0,0,1,False,RieNs,Team Heretics,fade,True,74,4,0,0,0,2,False,Boo,Team Heretics,omen,False,,25,0,0,0,0,False,benjyfishy,Team Heretics,deadlock,False,,25,0,0,0,1,False,Wo0t,Team Heretics,chamber,False,,,0,0,0,0,False,grubinho,GIANTX,omen,False,,25,0,0,0,2,False,ara,GIANTX,raze,False,,,0,0,0,0,False,Cloud,GIANTX,fade,False,,,0,0,0,2,False,Flickless,GIANTX,viper,True,100,,0,0,0,0,False,westside,GIANTX,cypher,False,,,0,0,0,0,False
106.740,458,ACTIVE_ROUND,1,0,0,22.000,,,MiniBoo,Team Heretics,raze,False,,4,0,0,0,1,False,RieNs,Team Heretics,fade,True,74,4,0,0,0,2,False,Boo,Team Heretics,omen,False,,25,0,0,0,0,False,benjyfishy,Team Heretics,deadlock,False,,25,0,0,0,1,False,Wo0t,Team Heretics,chamber,False,,,0,0,0,0,False,grubinho,GIANTX,omen,False,,25,0,0,0,2,False,ara,GIANTX,raze,False,,,0,0,0,0,False,Cloud,GIANTX,fade,False,,,0,0,0,2,False,Flickless,GIANTX,viper,True,100,,0,0,0,0,False,westside,GIANTX,cypher,False,,,0,0,0,0,False
106.974,459,ACTIVE_ROUND,1,0,0,21.000,,,MiniBoo,Team Heretics,raze,False,,4,0,0,0,1,False,RieNs,Team Heretics,fade,True,74,4,0,0,0,2,False,Boo,Team Heretics,omen,False,,25,0,0,0,0,False,benjyfishy,Team Heretics,deadlock,False,,25,0,0,0,1,False,Wo0t,Team Heretics,chamber,False,,,0,0,0,0,False,grubinho,GIANTX,omen,False,,25,0,0,0,2,False,ara,GIANTX,raze,False,,,0,0,0,0,False,Cloud,GIANTX,fade,False,,,0,0,0,2,False,Flickless,GIANTX,viper,True,100,,0,0,0,0,False,westside,GIANTX,cypher,False,,,0,0,0,0,False
107.207,460,ACTIVE_ROUND,1,0,0,21.000,,,MiniBoo,Team Heretics,raze,False,,4,0,0,0,1,False,RieNs,Team Heretics,fade,True,74,4,0,0,0,2,False,Boo,Team Heretics,omen,False,,25,0,0,0,0,False,benjyfishy,Team Heretics,deadlock,False,,25,0,0,0,1,False,Wo0t,Team Heretics,chamber,False,,,0,0,0,0,False,grubinho,GIANTX,omen,False,,25,0,0,0,2,False,ara,GIANTX,raze,False,,,0,0,0,0,False,Cloud,GIANTX,fade,False,,,0,0,0,2,False,Flickless,GIANTX,viper,True,100,,0,0,0,0,False,westside,GIANTX,cypher,False,,,0,0,0,0,False
107.441,461,ACTIVE_ROUND,1,0,0,21.000,,,MiniBoo,Team Heretics,raze,False,,4,0,0,0,1,False,RieNs,Team Heretics,fade,True,74,4,0,0,0,2,False,Boo,Team Heretics,omen,False,,25,0,0,0,0,False,benjyfishy,Team Heretics,deadlock,False,,25,0,0,0,1,False,Wo0t,Team Heretics,chamber,False,,,0,0,0,0,False,grubinho,GIANTX,omen,False,,25,0,0,0,2,False,ara,GIANTX,raze,False,,,0,0,0,0,False,Cloud,GIANTX,fade,False,,,0,0,0,2,False,Flickless,GIANTX,viper,True,100,,0,0,0,0,False,westside,GIANTX,cypher,False,,,0,0,0,0,False
107.674,462,ACTIVE_ROUND,1,0,0,21.000,,,MiniBoo,Team Heretics,raze,False,,4,0,0,0,1,False,RieNs,Team Heretics,fade,True,74,4,0,0,0,2,False,Boo,Team Heretics,omen,False,,25,0,0,0,0,False,benjyfishy,Team Heretics,deadlock,False,,25,0,0,0,1,False,Wo0t,Team Heretics,chamber,False,,,0,0,0,0,False,grubinho,GIANTX,omen,False,,25,0,0,0,2,False,ara,GIANTX,raze,False,,,0,0,0,0,False,Cloud,GIANTX,fade,False,,,0,0,0,2,False,Flickless,GIANTX,viper,True,100,,0,0,0,0,False,westside,GIANTX,cypher,False,,,0,0,0,0,False
107.908,463,ACTIVE_ROUND,1,0,0,20.000,,,MiniBoo,Team Heretics,raze,False,,4,0,0,0,1,False,RieNs,Team Heretics,fade,True,74,4,0,0,0,2,False,Boo,Team Heretics,omen,False,,25,0,0,0,0,False,benjyfishy,Team Heretics,deadlock,False,,25,0,0,0,1,False,Wo0t,Team Heretics,chamber,False,,,0,0,0,0,False,grubinho,GIANTX,omen,False,,25,0,0,0,2,False,ara,GIANTX,raze,False,,,0,0,0,0,False,Cloud,GIANTX,fade,False,,,0,0,0,2,False,Flickless,GIANTX,viper,True,100,,0,0,0,0,False,westside,GIANTX,cypher,False,,,0,0,0,0,False
108.141,464,ACTIVE_ROUND,1,0,0,20.000,,,MiniBoo,Team Heretics,raze,False,,4,0,0,0,1,False,RieNs,Team Heretics,fade,True,74,4,0,0,0,2,False,Boo,Team Heretics,omen,False,,25,0,0,0,0,False,benjyfishy,Team Heretics,deadlock,False,,25,0,0,0,1,False,Wo0t,Team Heretics,chamber,False,,,0,0,0,0,False,grubinho,GIANTX,omen,False,,25,0,0,0,2,False,ara,GIANTX,raze,False,,,0,0,0,0,False,Cloud,GIANTX,fade,False,,,0,0,0,2,False,Flickless,GIANTX,viper,True,100,,0,0,0,0,False,westside,GIANTX,cypher,False,,,0,0,0,0,False
108.375,465,ACTIVE_ROUND,1,0,0,20.000,,,MiniBoo,Team Heretics,raze,False,,4,0,0,0,1,False,RieNs,Team Heretics,fade,True,74,4,0,0,0,2,False,Boo,Team Heretics,omen,False,,25,0,0,0,0,False,benjyfishy,Team Heretics,deadlock,False,,25,0,0,0,1,False,Wo0t,Team Heretics,chamber,False,,,0,0,0,0,False,grubinho,GIANTX,omen,False,,25,0,0,0,2,False,ara,GIANTX,raze,False,,,0,0,0,0,False,Cloud,GIANTX,fade,False,,,0,0,0,2,False,Flickless,GIANTX,viper,True,100,,0,0,0,0,False,westside,GIANTX,cypher,False,,,0,0,0,0,False
108.609,466,ACTIVE_ROUND,1,0,0,20.000,,,MiniBoo,Team Heretics,raze,False,,4,0,0,0,1,False,RieNs,Team Heretics,fade,True,74,4,0,0,0,2,False,Boo,Team Heretics,omen,False,,25,0,0,0,0,False,benjyfishy,Team Heretics,deadlock,False,,25,0,0,0,1,False,Wo0t,Team Heretics,chamber,False,,,0,0,0,0,False,grubinho,GIANTX,omen,False,,25,0,0,0,2,False,ara,GIANTX,raze,False,,,0,0,0,0,False,Cloud,GIANTX,fade,False,,,0,0,0,2,False,Flickless,GIANTX,viper,True,100,,0,0,0,0,False,westside,GIANTX,cypher,False,,,0,0,0,0,False
108.842,467,ACTIVE_ROUND,1,0,0,19.000,,,MiniBoo,Team Heretics,raze,False,,4,0,0,0,1,False,RieNs,Team Heretics,fade,True,74,4,0,0,0,2,False,Boo,Team Heretics,omen,False,,25,0,0,0,0,False,benjyfishy,Team Heretics,deadlock,False,,25,0,0,0,1,False,Wo0t,Team Heretics,chamber,False,,,0,0,0,0,False,grubinho,GIANTX,omen,False,,25,0,0,0,2,False,ara,GIANTX,raze,False,,,0,0,0,0,False,Cloud,GIANTX,fade,False,,,0,0,0,2,False,Flickless,GIANTX,viper,True,100,,0,0,0,0,False,westside,GIANTX,cypher,False,,,0,0,0,0,False
109.076,468,ACTIVE_ROUND,1,0,0,19.000,,,MiniBoo,Team Heretics,raze,False,,4,0,0,0,1,False,RieNs,Team Heretics,fade,True,74,4,0,0,0,2,False,Boo,Team Heretics,omen,False,,25,0,0,0,0,False,benjyfishy,Team Heretics,deadlock,False,,25,0,0,0,1,False,Wo0t,Team Heretics,chamber,False,,,0,0,0,0,False,grubinho,GIANTX,omen,False,,25,0,0,0,2,False,ara,GIANTX,raze,False,,,0,0,0,0,False,Cloud,GIANTX,fade,False,,,0,0,0,2,False,Flickless,GIANTX,viper,True,100,,0,0,0,0,False,westside,GIANTX,cypher,False,,,0,0,0,0,False
109.309,469,ACTIVE_ROUND,1,0,0,19.000,,,MiniBoo,Team Heretics,raze,False,,4,0,0,0,1,False,RieNs,Team Heretics,fade,True,74,4,0,0,0,2,False,Boo,Team Heretics,omen,False,,25,0,0,0,0,False,benjyfishy,Team Heretics,deadlock,False,,25,0,0,0,1,False,Wo0t,Team Heretics,chamber,False,,,0,0,0,0,False,grubinho,GIANTX,omen,False,,25,0,0,0,2,False,ara,GIANTX,raze,False,,,0,0,0,0,False,Cloud,GIANTX,fade,False,,,0,0,0,2,False,Flickless,GIANTX,viper,True,100,,0,0,0,0,False,westside,GIANTX,cypher,False,,,0,0,0,0,False
109.543,470,ACTIVE_ROUND,1,0,0,19.000,,,MiniBoo,Team Heretics,raze,False,,4,0,0,0,1,False,RieNs,Team Heretics,fade,True,74,4,0,0,0,2,False,Boo,Team Heretics,omen,False,,25,0,0,0,0,False,benjyfishy,Team Heretics,deadlock,False,,25,0,0,0,1,False,Wo0t,Team Heretics,chamber,False,,,0,0,0,0,False,grubinho,GIANTX,omen,False,,25,0,0,0,2,False,ara,GIANTX,raze,False,,,0,0,0,0,False,Cloud,GIANTX,fade,False,,,0,0,0,2,False,Flickless,GIANTX,viper,True,100,,0,0,0,0,False,westside,GIANTX,cypher,False,,,0,0,0,0,False
109.776,471,ACTIVE_ROUND,1,0,0,19.000,,,MiniBoo,Team Heretics,raze,False,,4,0,0,0,1,False,RieNs,Team Heretics,fade,True,74,4,0,0,0,2,False,Boo,Team Heretics,omen,False,,25,0,0,0,0,False,benjyfishy,Team Heretics,deadlock,False,,25,0,0,0,1,False,Wo0t,Team Heretics,chamber,False,,,0,0,0,0,False,grubinho,GIANTX,omen,False,,25,0,0,0,2,False,ara,GIANTX,raze,False,,,0,0,0,0,False,Cloud,GIANTX,fade,False,,,0,0,0,2,False,Flickless,GIANTX,viper,True,100,,0,0,0,0,False,westside,GIANTX,cypher,False,,,0,0,0,0,False
110.010,472,ACTIVE_ROUND,1,0,0,18.000,,,MiniBoo,Team Heretics,raze,False,,4,0,0,0,1,False,RieNs,Team Heretics,fade,True,74,4,0,0,0,2,False,Boo,Team Heretics,omen,False,,25,0,0,0,0,False,benjyfishy,Team Heretics,deadlock,False,,25,0,0,0,1,False,Wo0t,Team Heretics,chamber,False,,,0,0,0,0,False,grubinho,GIANTX,omen,False,,25,0,0,0,2,False,ara,GIANTX,raze,False,,,0,0,0,0,False,Cloud,GIANTX,fade,False,,,0,0,0,2,False,Flickless,GIANTX,viper,True,100,,0,0,0,0,False,westside,GIANTX,cypher,False,,,0,0,0,0,False
110.243,473,ACTIVE_ROUND,1,0,0,18.000,,,MiniBoo,Team Heretics,raze,False,,4,0,0,0,1,False,RieNs,Team Heretics,fade,True,74,4,0,0,0,2,False,Boo,Team Heretics,omen,False,,25,0,0,0,0,False,benjyfishy,Team Heretics,deadlock,False,,25,0,0,0,1,False,Wo0t,Team Heretics,chamber,False,,,0,0,0,0,False,grubinho,GIANTX,omen,False,,25,0,0,0,2,False,ara,GIANTX,raze,False,,,0,0,0,0,False,Cloud,GIANTX,fade,False,,,0,0,0,2,False,Flickless,GIANTX,viper,True,100,,0,0,0,0,False,westside,GIANTX,cypher,False,,,0,0,0,0,False
110.477,474,ACTIVE_ROUND,1,0,0,18.000,,,MiniBoo,Team Heretics,raze,False,,4,0,0,0,1,False,RieNs,Team Heretics,fade,True,74,4,0,0,0,2,False,Boo,Team Heretics,omen,False,,25,0,0,0,0,False,benjyfishy,Team Heretics,deadlock,False,,25,0,0,0,1,False,Wo0t,Team Heretics,chamber,False,,,0,0,0,0,False,grubinho,GIANTX,omen,False,,25,0,0,0,2,False,ara,GIANTX,raze,False,,,0,0,0,0,False,Cloud,GIANTX,fade,False,,,0,0,0,2,False,Flickless,GIANTX,viper,True,100,,0,0,0,0,False,westside,GIANTX,cypher,False,,,0,0,0,0,False
110.711,475,ACTIVE_ROUND,1,0,0,18.000,,,MiniBoo,Team Heretics,raze,False,,4,0,0,0,1,False,RieNs,Team Heretics,fade,True,74,4,0,0,0,2,False,Boo,Team Heretics,omen,False,,25,0,0,0,0,False,benjyfishy,Team Heretics,deadlock,False,,25,0,0,0,1,False,Wo0t,Team Heretics,chamber,False,,,0,0,0,0,False,grubinho,GIANTX,omen,False,,25,0,0,0,2,False,ara,GIANTX,raze,False,,,0,0,0,0,False,Cloud,GIANTX,fade,False,,,0,0,0,2,False,Flickless,GIANTX,viper,True,100,,0,0,0,0,False,westside,GIANTX,cypher,False,,,0,0,0,0,False
110.944,476,ACTIVE_ROUND,1,0,0,17.000,,,MiniBoo,Team Heretics,raze,False,,4,0,0,0,1,False,RieNs,Team Heretics,fade,True,74,4,0,0,0,2,False,Boo,Team Heretics,omen,False,,25,0,0,0,0,False,benjyfishy,Team Heretics,deadlock,False,,25,0,0,0,1,False,Wo0t,Team Heretics,chamber,False,,,0,0,0,0,False,grubinho,GIANTX,omen,False,,25,0,0,0,2,False,ara,GIANTX,raze,False,,,0,0,0,0,False,Cloud,GIANTX,fade,False,,,0,0,0,2,False,Flickless,GIANTX,viper,True,100,,0,0,0,0,False,westside,GIANTX,cypher,False,,,0,0,0,0,False
111.178,477,ACTIVE_ROUND,1,0,0,17.000,,,MiniBoo,Team Heretics,raze,False,,4,0,0,0,1,False,RieNs,Team Heretics,fade,True,74,4,0,0,0,2,False,Boo,Team Heretics,omen,False,,25,0,0,0,0,False,benjyfishy,Team Heretics,deadlock,False,,25,0,0,0,1,False,Wo0t,Team Heretics,chamber,False,,,0,0,0,0,False,grubinho,GIANTX,omen,False,,25,0,0,0,2,False,ara,GIANTX,raze,False,,,0,0,0,0,False,Cloud,GIANTX,fade,False,,,0,0,0,2,False,Flickless,GIANTX,viper,True,100,,0,0,0,0,False,westside,GIANTX,cypher,False,,,0,0,0,0,False
111.411,478,ACTIVE_ROUND,1,0,0,17.000,,,MiniBoo,Team Heretics,raze,False,,4,0,0,0,1,False,RieNs,Team Heretics,fade,True,74,4,0,0,0,2,False,Boo,Team Heretics,omen,False,,25,0,0,0,0,False,benjyfishy,Team Heretics,deadlock,False,,25,0,0,0,1,False,Wo0t,Team Heretics,chamber,False,,,0,0,0,0,False,grubinho,GIANTX,omen,False,,25,0,0,0,2,False,ara,GIANTX,raze,False,,,0,0,0,0,False,Cloud,GIANTX,fade,False,,,0,0,0,2,False,Flickless,GIANTX,viper,True,100,,0,0,0,0,False,westside,GIANTX,cypher,False,,,0,0,0,0,False
111.645,479,ACTIVE_ROUND,1,0,0,17.000,,,MiniBoo,Team Heretics,raze,False,,4,0,0,0,1,False,RieNs,Team Heretics,fade,True,74,4,0,0,0,2,False,Boo,Team Heretics,omen,False,,25,0,0,0,0,False,benjyfishy,Team Heretics,deadlock,False,,25,0,0,0,1,False,Wo0t,Team Heretics,chamber,False,,,0,0,0,0,False,grubinho,GIANTX,omen,False,,25,0,0,0,2,False,ara,GIANTX,raze,False,,,0,0,0,0,False,Cloud,GIANTX,fade,False,,,0,0,0,2,False,Flickless,GIANTX,viper,True,100,,0,0,0,0,False,westside,GIANTX,cypher,False,,,0,0,0,0,False
111.878,480,ACTIVE_ROUND,1,0,0,16.000,,,MiniBoo,Team Heretics,raze,False,,4,0,0,0,1,False,RieNs,Team Heretics,fade,True,74,4,0,0,0,2,False,Boo,Team Heretics,omen,False,,25,0,0,0,0,False,benjyfishy,Team Heretics,deadlock,False,,25,0,0,0,1,False,Wo0t,Team Heretics,chamber,False,,,0,0,0,0,False,grubinho,GIANTX,omen,False,,25,0,0,0,2,False,ara,GIANTX,raze,False,,,0,0,0,0,False,Cloud,GIANTX,fade,False,,,0,0,0,2,False,Flickless,GIANTX,viper,True,100,,0,0,0,0,False,westside,GIANTX,cypher,False,,,0,0,0,0,False
112.112,481,ACTIVE_ROUND,1,0,0,16.000,,,MiniBoo,Team Heretics,raze,False,,4,0,0,0,1,False,RieNs,Team Heretics,fade,True,74,4,0,0,0,2,False,Boo,Team Heretics,omen,False,,25,0,0,0,0,False,benjyfishy,Team Heretics,deadlock,False,,25,0,0,0,1,False,Wo0t,Team Heretics,chamber,False,,,0,0,0,0,False,grubinho,GIANTX,omen,False,,25,0,0,0,2,False,ara,GIANTX,raze,False,,,0,0,0,0,False,Cloud,GIANTX,fade,False,,,0,0,0,2,False,Flickless,GIANTX,viper,True,100,,0,0,0,0,False,westside,GIANTX,cypher,False,,,0,0,0,0,False
112.346,482,ACTIVE_ROUND,1,0,0,16.000,,,MiniBoo,Team Heretics,raze,False,,4,0,0,0,1,False,RieNs,Team Heretics,fade,True,74,4,0,0,0,2,False,Boo,Team Heretics,omen,False,,25,0,0,0,0,False,benjyfishy,Team Heretics,deadlock,False,,25,0,0,0,1,False,Wo0t,Team Heretics,chamber,False,,,0,0,0,0,False,grubinho,GIANTX,omen,False,,25,0,0,0,2,False,ara,GIANTX,raze,False,,,0,0,0,0,False,Cloud,GIANTX,fade,False,,,0,0,0,2,False,Flickless,GIANTX,viper,True,100,,0,0,0,0,False,westside,GIANTX,cypher,False,,,0,0,0,0,False
112.579,483,ACTIVE_ROUND,1,0,0,16.000,,,MiniBoo,Team Heretics,raze,False,,4,0,0,0,1,False,RieNs,Team Heretics,fade,True,74,4,0,0,0,2,False,Boo,Team Heretics,omen,False,,25,0,0,0,0,False,benjyfishy,Team Heretics,deadlock,False,,25,0,0,0,1,False,Wo0t,Team Heretics,chamber,False,,,0,0,0,0,False,grubinho,GIANTX,omen,False,,25,0,0,0,2,False,ara,GIANTX,raze,False,,,0,0,0,0,False,Cloud,GIANTX,fade,False,,,0,0,0,2,False,Flickless,GIANTX,viper,True,100,,0,0,0,0,False,westside,GIANTX,cypher,False,,,0,0,0,0,False
112.813,484,ACTIVE_ROUND,1,0,0,16.000,,,MiniBoo,Team Heretics,raze,False,,4,0,0,0,1,False,RieNs,Team Heretics,fade,True,74,4,0,0,0,2,False,Boo,Team Heretics,omen,False,,25,0,0,0,0,False,benjyfishy,Team Heretics,deadlock,False,,25,0,0,0,1,False,Wo0t,Team Heretics,chamber,False,,,0,0,0,0,False,grubinho,GIANTX,omen,False,,25,0,0,0,2,False,ara,GIANTX,raze,False,,,0,0,0,0,False,Cloud,GIANTX,fade,False,,,0,0,0,2,False,Flickless,GIANTX,viper,True,100,,0,0,0,0,False,westside,GIANTX,cypher,False,,,0,0,0,0,False
113.046,485,ACTIVE_ROUND,1,0,0,15.000,,,MiniBoo,Team Heretics,raze,False,,4,0,0,0,1,False,RieNs,Team Heretics,fade,True,74,4,0,0,0,2,False,Boo,Team Heretics,omen,False,,25,0,0,0,0,False,benjyfishy,Team Heretics,deadlock,False,,25,0,0,0,1,False,Wo0t,Team Heretics,chamber,False,,,0,0,0,0,False,grubinho,GIANTX,omen,False,,25,0,0,0,2,False,ara,GIANTX,raze,False,,,0,0,0,0,False,Cloud,GIANTX,fade,False,,,0,0,0,2,False,Flickless,GIANTX,viper,True,100,,0,0,0,0,False,westside,GIANTX,cypher,False,,,0,0,0,0,False
113.280,486,ACTIVE_ROUND,1,0,0,15.000,,,MiniBoo,Team Heretics,raze,False,,4,0,0,0,1,False,RieNs,Team Heretics,fade,True,74,4,0,0,0,2,False,Boo,Team Heretics,omen,False,,25,0,0,0,0,False,benjyfishy,Team Heretics,deadlock,False,,25,0,0,0,1,False,Wo0t,Team Heretics,chamber,False,,,0,0,0,0,False,grubinho,GIANTX,omen,False,,25,0,0,0,2,False,ara,GIANTX,raze,False,,,0,0,0,0,False,Cloud,GIANTX,fade,False,,,0,0,0,2,False,Flickless,GIANTX,viper,True,100,,0,0,0,0,False,westside,GIANTX,cypher,False,,,0,0,0,0,False
113.513,487,ACTIVE_ROUND,1,0,0,15.000,,,MiniBoo,Team Heretics,raze,False,,4,0,0,0,1,False,RieNs,Team Heretics,fade,True,74,4,0,0,0,2,False,Boo,Team Heretics,omen,False,,25,0,0,0,0,False,benjyfishy,Team Heretics,deadlock,False,,25,0,0,0,1,False,Wo0t,Team Heretics,chamber,False,,,0,0,0,0,False,grubinho,GIANTX,omen,False,,25,0,0,0,2,False,ara,GIANTX,raze,False,,,0,0,0,0,False,Cloud,GIANTX,fade,False,,,0,0,0,2,False,Flickless,GIANTX,viper,True,100,,0,0,0,0,False,westside,GIANTX,cypher,False,,,0,0,0,0,False
113.747,488,ACTIVE_ROUND,1,0,0,15.000,,,MiniBoo,Team Heretics,raze,False,,4,0,0,0,1,False,RieNs,Team Heretics,fade,True,74,4,0,0,0,2,False,Boo,Team Heretics,omen,False,,25,0,0,0,0,False,benjyfishy,Team Heretics,deadlock,False,,25,0,0,0,1,False,Wo0t,Team Heretics,chamber,False,,,0,0,0,0,False,grubinho,GIANTX,omen,False,,25,0,0,0,2,False,ara,GIANTX,raze,False,,,0,0,0,0,False,Cloud,GIANTX,fade,False,,,0,0,0,2,False,Flickless,GIANTX,viper,True,100,,0,0,0,0,False,westside,GIANTX,cypher,False,,,0,0,0,0,False
113.981,489,ACTIVE_ROUND,1,0,0,14.880,,,MiniBoo,Team Heretics,raze,False,,4,0,0,0,1,False,RieNs,Team Heretics,fade,True,74,4,0,0,0,2,False,Boo,Team Heretics,omen,False,,25,0,0,0,0,False,benjyfishy,Team Heretics,deadlock,False,,25,0,0,0,1,False,Wo0t,Team Heretics,chamber,False,,,0,0,0,0,False,grubinho,GIANTX,omen,False,,25,0,0,0,2,False,ara,GIANTX,raze,False,,,0,0,0,0,False,Cloud,GIANTX,fade,False,,,0,0,0,2,False,Flickless,GIANTX,viper,True,100,,0,0,0,0,False,westside,GIANTX,cypher,False,,,0,0,0,0,False
114.214,490,ACTIVE_ROUND,1,0,0,14.650,,,MiniBoo,Team Heretics,raze,False,,4,0,0,0,1,False,RieNs,Team Heretics,fade,True,74,4,0,0,0,2,False,Boo,Team Heretics,omen,False,,25,0,0,0,0,False,benjyfishy,Team Heretics,deadlock,False,,25,0,0,0,1,False,Wo0t,Team Heretics,chamber,False,,,0,0,0,0,False,grubinho,GIANTX,omen,False,,25,0,0,0,2,False,ara,GIANTX,raze,False,,,0,0,0,0,False,Cloud,GIANTX,fade,False,,,0,0,0,2,False,Flickless,GIANTX,viper,True,100,,0,0,0,0,False,westside,GIANTX,cypher,False,,,0,0,0,0,False
114.448,491,ACTIVE_ROUND,1,0,0,14.420,,,MiniBoo,Team Heretics,raze,False,,4,0,0,0,1,False,RieNs,Team Heretics,fade,True,74,4,0,0,0,2,False,Boo,Team Heretics,omen,False,,25,0,0,0,0,False,benjyfishy,Team Heretics,deadlock,False,,25,0,0,0,1,False,Wo0t,Team Heretics,chamber,False,,,0,0,0,0,False,grubinho,GIANTX,omen,False,,25,0,0,0,2,False,ara,GIANTX,raze,False,,,0,0,0,0,False,Cloud,GIANTX,fade,False,,,0,0,0,2,False,Flickless,GIANTX,viper,True,100,,0,0,0,0,False,westside,GIANTX,cypher,False,,,0,0,0,0,False
114.681,492,ACTIVE_ROUND,1,0,0,14.190,,,MiniBoo,Team Heretics,raze,False,,4,0,0,0,1,False,RieNs,Team Heretics,fade,True,74,4,0,0,0,2,False,Boo,Team Heretics,omen,False,,25,0,0,0,0,False,benjyfishy,Team Heretics,deadlock,False,,25,0,0,0,1,False,Wo0t,Team Heretics,chamber,False,,,0,0,0,0,False,grubinho,GIANTX,omen,False,,25,0,0,0,2,False,ara,GIANTX,raze,False,,,0,0,0,0,False,Cloud,GIANTX,fade,False,,,0,0,0,2,False,Flickless,GIANTX,viper,True,100,,0,0,0,0,False,westside,GIANTX,cypher,False,,,0,0,0,0,False
114.915,493,ACTIVE_ROUND,1,0,0,13.950,,,MiniBoo,Team Heretics,raze,False,,4,0,0,0,1,False,RieNs,Team Heretics,fade,True,74,4,0,0,0,2,False,Boo,Team Heretics,omen,False,,25,0,0,0,0,False,benjyfishy,Team Heretics,deadlock,False,,25,0,0,0,1,False,Wo0t,Team Heretics,chamber,False,,,0,0,0,0,False,grubinho,GIANTX,omen,False,,25,0,0,0,2,False,ara,GIANTX,raze,False,,,0,0,0,0,False,Cloud,GIANTX,fade,False,,,0,0,0,2,False,Flickless,GIANTX,viper,True,70,,0,0,0,0,False,westside,GIANTX,cypher,False,,,0,0,0,0,False
115.148,494,ACTIVE_ROUND,1,0,0,13.720,,,MiniBoo,Team Heretics,raze,False,,4,0,0,0,1,False,RieNs,Team Heretics,fade,True,74,4,0,0,0,2,False,Boo,Team Heretics,omen,False,,25,0,0,0,0,False,benjyfishy,Team Heretics,deadlock,False,,25,0,0,0,1,False,Wo0t,Team Heretics,chamber,False,,,0,0,0,0,False,grubinho,GIANTX,omen,False,,25,0,0,0,2,False,ara,GIANTX,raze,False,,,0,0,0,0,False,Cloud,GIANTX,fade,False,,,0,0,0,2,False,Flickless,GIANTX,viper,True,70,,0,0,0,0,False,westside,GIANTX,cypher,False,,,0,0,0,0,False
115.382,495,ACTIVE_ROUND,1,0,0,13.480,,,MiniBoo,Team Heretics,raze,False,,4,0,0,0,1,False,RieNs,Team Heretics,fade,True,74,4,0,0,0,2,False,Boo,Team Heretics,omen,False,,25,0,0,0,0,False,benjyfishy,Team Heretics,deadlock,False,,25,0,0,0,1,False,Wo0t,Team Heretics,chamber,False,,,0,0,0,0,False,grubinho,GIANTX,omen,False,,25,0,0,0,2,False,ara,GIANTX,raze,False,,,0,0,0,0,False,Cloud,GIANTX,fade,False,,,0,0,0,2,False,Flickless,GIANTX,viper,True,70,,0,0,0,0,False,westside,GIANTX,cypher,False,,,0,0,0,0,False
115.615,496,ACTIVE_ROUND,1,0,0,13.250,,,MiniBoo,Team Heretics,raze,False,,4,0,0,0,1,False,RieNs,Team Heretics,fade,True,74,4,0,0,0,2,False,Boo,Team Heretics,omen,False,,25,0,0,0,0,False,benjyfishy,Team Heretics,deadlock,False,,25,0,0,0,1,False,Wo0t,Team Heretics,chamber,False,,,0,0,0,0,False,grubinho,GIANTX,omen,False,,25,0,0,0,2,False,ara,GIANTX,raze,False,,,0,0,0,0,False,Cloud,GIANTX,fade,False,,,0,0,0,2,False,Flickless,GIANTX,viper,True,70,,0,0,0,0,False,westside,GIANTX,cypher,False,,,0,0,0,0,False
115.849,497,ACTIVE_ROUND,1,0,0,13.020,,,MiniBoo,Team Heretics,raze,False,,4,0,0,0,1,False,RieNs,Team Heretics,fade,True,19,4,0,0,1,2,False,Boo,Team Heretics,omen,False,,25,0,0,0,0,False,benjyfishy,Team Heretics,deadlock,False,,25,0,0,0,1,False,Wo0t,Team Heretics,chamber,False,,,0,0,0,0,False,grubinho,GIANTX,omen,False,,25,0,0,0,2,False,ara,GIANTX,raze,False,,,0,0,0,0,False,Cloud,GIANTX,fade,False,,,0,0,0,2,False,Flickless,GIANTX,viper,True,70,,0,0,0,0,False,westside,GIANTX,cypher,False,,,0,0,0,0,False
116.083,498,ACTIVE_ROUND,1,0,0,12.790,,,MiniBoo,Team Heretics,raze,False,,4,0,0,0,1,False,RieNs,Team Heretics,fade,True,19,4,0,0,1,2,False,Boo,Team Heretics,omen,False,,25,0,0,0,0,False,benjyfishy,Team Heretics,deadlock,False,,25,0,0,0,1,False,Wo0t,Team Heretics,chamber,False,,,0,0,0,0,False,grubinho,GIANTX,omen,False,,25,0,0,0,2,False,ara,GIANTX,raze,False,,,0,0,0,0,False,Cloud,GIANTX,fade,False,,,0,0,0,2,False,Flickless,GIANTX,viper,True,70,,0,0,0,0,False,westside,GIANTX,cypher,False,,,0,0,0,0,False
116.316,499,POST_ROUND,1,0,1,,,0.000,MiniBoo,Team Heretics,raze,False,,4,0,0,0,1,False,RieNs,Team Heretics,fade,True,19,4,0,0,0,2,False,Boo,Team Heretics,omen,False,,25,0,0,0,0,False,benjyfishy,Team Heretics,deadlock,False,,25,0,0,0,1,False,Wo0t,Team Heretics,chamber,False,,,0,0,0,0,False,grubinho,GIANTX,omen,False,,25,0,0,0,2,False,ara,GIANTX,raze,False,,,0,0,0,0,False,Cloud,GIANTX,fade,False,,,0,0,0,2,False,Flickless,GIANTX,viper,True,70,,0,0,0,0,False,westside,GIANTX,cypher,False,,,0,0,0,0,False
116.550,500,POST_ROUND,1,0,1,,,0.234,MiniBoo,Team Heretics,raze,False,,4,0,0,0,1,False,RieNs,Team Heretics,fade,False,,4,0,0,0,2,False,Boo,Team Heretics,omen,False,,25,0,0,0,0,False,benjyfishy,Team Heretics,deadlock,False,,25,0,0,0,1,False,Wo0t,Team Heretics,chamber,False,,,0,0,0,0,False,grubinho,GIANTX,omen,False,,25,0,0,0,2,False,ara,GIANTX,raze,False,,,0,0,0,0,False,Cloud,GIANTX,fade,False,,,0,0,0,2,False,Flickless,GIANTX,viper,True,70,,0,0,0,0,False,westside,GIANTX,cypher,False,,,0,0,0,0,False
116.783,501,POST_ROUND,1,0,1,,,0.467,MiniBoo,Team Heretics,raze,False,,4,0,0,0,1,False,RieNs,Team Heretics,fade,False,,4,0,0,0,2,False,Boo,Team Heretics,omen,False,,25,0,0,0,0,False,benjyfishy,Team Heretics,deadlock,False,,25,0,0,0,1,False,Wo0t,Team Heretics,chamber,False,,,0,0,0,0,False,grubinho,GIANTX,omen,False,,25,0,0,0,2,False,ara,GIANTX,raze,False,,,0,0,0,0,False,Cloud,GIANTX,fade,False,,,0,0,0,2,False,Flickless,GIANTX,viper,True,70,,0,0,0,1,False,westside,GIANTX,cypher,False,,,0,0,0,0,False
117.017,502,POST_ROUND,1,0,1,,,0.701,MiniBoo,Team Heretics,raze,False,,4,0,0,0,1,False,RieNs,Team Heretics,fade,False,,4,0,0,0,2,False,Boo,Team Heretics,omen,False,,25,0,0,0,0,False,benjyfishy,Team Heretics,deadlock,False,,25,0,0,0,1,False,Wo0t,Team Heretics,chamber,False,,,0,0,0,0,False,grubinho,GIANTX,omen,False,,25,0,0,0,2,False,ara,GIANTX,raze,False,,,0,0,0,0,False,Cloud,GIANTX,fade,False,,,0,0,0,2,False,Flickless,GIANTX,viper,True,70,,0,0,0,1,False,westside,GIANTX,cypher,False,,,0,0,0,0,False
117.250,503,POST_ROUND,1,0,1,,,0.934,MiniBoo,Team Heretics,raze,False,,4,0,0,0,1,False,RieNs,Team Heretics,fade,False,,4,0,0,0,2,False,Boo,Team Heretics,omen,False,,25,0,0,0,0,False,benjyfishy,Team Heretics,deadlock,False,,25,0,0,0,1,False,Wo0t,Team Heretics,chamber,False,,,0,0,0,0,False,grubinho,GIANTX,omen,False,,25,0,0,0,2,False,ara,GIANTX,raze,False,,,0,0,0,0,False,Cloud,GIANTX,fade,False,,,0,0,0,2,False,Flickless,GIANTX,viper,True,70,,0,0,0,1,False,westside,GIANTX,cypher,False,,,0,0,0,0,False
117.484,504,POST_ROUND,1,0,1,,,1.168,MiniBoo,Team Heretics,raze,False,,4,0,0,0,1,False,RieNs,Team Heretics,fade,False,,4,0,0,0,2,False,Boo,Team Heretics,omen,False,,25,0,0,0,0,False,benjyfishy,Team Heretics,deadlock,False,,25,0,0,0,1,False,Wo0t,Team Heretics,chamber,False,,,0,0,0,0,False,grubinho,GIANTX,omen,False,,25,0,0,0,2,False,ara,GIANTX,raze,False,,,0,0,0,0,False,Cloud,GIANTX,fade,False,,,0,0,0,2,False,Flickless,GIANTX,viper,True,70,,0,0,0,1,False,westside,GIANTX,cypher,False,,,0,0,0,0,False
117.718,505,POST_ROUND,1,0,1,,,1.401,MiniBoo,Team Heretics,raze,False,,4,0,0,0,1,False,RieNs,Team Heretics,fade,False,,4,0,0,0,2,False,Boo,Team Heretics,omen,False,,25,0,0,0,0,False,benjyfishy,Team Heretics,deadlock,False,,25,0,0,0,1,False,Wo0t,Team Heretics,chamber,False,,,0,0,0,0,False,grubinho,GIANTX,omen,False,,25,0,0,0,2,False,ara,GIANTX,raze,False,,,0,0,0,0,False,Cloud,GIANTX,fade,False,,,0,0,0,2,False,Flickless,GIANTX,viper,True,70,,0,0,0,1,False,westside,GIANTX,cypher,False,,,0,0,0,0,False
117.951,506,POST_ROUND,1,0,1,,,1.635,MiniBoo,Team Heretics,raze,False,,4,0,0,0,1,False,RieNs,Team Heretics,fade,False,,4,0,0,0,2,False,Boo,Team Heretics,omen,False,,25,0,0,0,0,False,benjyfishy,Team Heretics,deadlock,False,,25,0,0,0,1,False,Wo0t,Team Heretics,chamber,False,,,0,0,0,0,False,grubinho,GIANTX,omen,False,,25,0,0,0,2,False,ara,GIANTX,raze,False,,,0,0,0,0,False,Cloud,GIANTX,fade,False,,,0,0,0,2,False,Flickless,GIANTX,viper,True,70,,0,0,0,1,False,westside,GIANTX,cypher,False,,,0,0,0,0,False
118.185,507,POST_ROUND,1,0,1,,,1.869,MiniBoo,Team Heretics,raze,False,,4,0,0,0,1,False,RieNs,Team Heretics,fade,False,,4,0,0,0,2,False,Boo,Team Heretics,omen,False,,25,0,0,0,0,False,benjyfishy,Team Heretics,deadlock,False,,25,0,0,0,1,False,Wo0t,Team Heretics,chamber,False,,,0,0,0,0,False,grubinho,GIANTX,omen,False,,25,0,0,0,2,False,ara,GIANTX,raze,False,,,0,0,0,0,False,Cloud,GIANTX,fade,False,,,0,0,0,2,False,Flickless,GIANTX,viper,True,70,,0,0,0,1,False,westside,GIANTX,cypher,False,,,0,0,0,0,False
118.418,508,POST_ROUND,1,0,1,,,2.102,MiniBoo,Team Heretics,raze,False,,4,0,0,0,1,False,RieNs,Team Heretics,fade,False,,4,0,0,0,2,False,Boo,Team Heretics,omen,False,,25,0,0,0,0,False,benjyfishy,Team Heretics,deadlock,False,,25,0,0,0,1,False,Wo0t,Team Heretics,chamber,False,,,0,0,0,0,False,grubinho,GIANTX,omen,False,,25,0,0,0,2,False,ara,GIANTX,raze,False,,,0,0,0,0,False,Cloud,GIANTX,fade,False,,,0,0,0,2,False,Flickless,GIANTX,viper,True,70,,0,0,0,1,False,westside,GIANTX,cypher,False,,,0,0,0,0,False
118.652,509,POST_ROUND,1,0,1,,,2.336,MiniBoo,Team Heretics,raze,False,,4,0,0,0,1,False,RieNs,Team Heretics,fade,False,,4,0,0,0,2,False,Boo,Team Heretics,omen,False,,25,0,0,0,0,False,benjyfishy,Team Heretics,deadlock,False,,25,0,0,0,1,False,Wo0t,Team Heretics,chamber,False,,,0,0,0,0,False,grubinho,GIANTX,omen,False,,25,0,0,0,2,False,ara,GIANTX,raze,False,,,0,0,0,0,False,Cloud,GIANTX,fade,False,,,0,0,0,2,False,Flickless,GIANTX,viper,True,70,,0,0,0,1,False,westside,GIANTX,cypher,False,,,0,0,0,0,False
118.885,510,POST_ROUND,1,0,1,,,2.569,MiniBoo,Team Heretics,raze,False,,4,0,0,0,1,False,RieNs,Team Heretics,fade,False,,4,0,0,0,2,False,Boo,Team Heretics,omen,False,,25,0,0,0,0,False,benjyfishy,Team Heretics,deadlock,False,,25,0,0,0,1,False,Wo0t,Team Heretics,chamber,False,,,0,0,0,0,False,grubinho,GIANTX,omen,False,,25,0,0,0,2,False,ara,GIANTX,raze,False,,,0,0,0,0,False,Cloud,GIANTX,fade,False,,,0,0,0,2,False,Flickless,GIANTX,viper,True,70,,0,0,0,1,False,westside,GIANTX,cypher,False,,,0,0,0,0,False
119.119,511,POST_ROUND,1,0,1,,,2.803,MiniBoo,Team Heretics,raze,False,,4,0,0,0,1,False,RieNs,Team Heretics,fade,False,,4,0,0,0,2,False,Boo,Team Heretics,omen,False,,25,0,0,0,0,False,benjyfishy,Team Heretics,deadlock,False,,25,0,0,0,1,False,Wo0t,Team Heretics,chamber,False,,,0,0,0,0,False,grubinho,GIANTX,omen,False,,25,0,0,0,2,False,ara,GIANTX,raze,False,,,0,0,0,0,False,Cloud,GIANTX,fade,False,,,0,0,0,2,False,Flickless,GIANTX,viper,True,70,,0,0,0,1,False,westside,GIANTX,cypher,False,,,0,0,0,0,False
119.353,512,POST_ROUND,1,0,1,,,3.036,MiniBoo,Team Heretics,raze,False,,4,0,0,0,1,False,RieNs,Team Heretics,fade,False,,4,0,0,0,2,False,Boo,Team Heretics,omen,False,,25,0,0,0,0,False,benjyfishy,Team Heretics,deadlock,False,,25,0,0,0,1,False,Wo0t,Team Heretics,chamber,False,,,0,0,0,0,False,grubinho,GIANTX,omen,False,,25,0,0,0,2,False,ara,GIANTX,raze,False,,,0,0,0,0,False,Cloud,GIANTX,fade,False,,,0,0,0,2,False,Flickless,GIANTX,viper,True,70,,0,0,0,1,False,westside,GIANTX,cypher,False,,,0,0,0,0,False
119.586,513,POST_ROUND,1,0,1,,,3.270,MiniBoo,Team Heretics,raze,False,,4,0,0,0,1,False,RieNs,Team Heretics,fade,False,,4,0,0,0,2,False,Boo,Team Heretics,omen,False,,25,0,0,0,0,False,benjyfishy,Team Heretics,deadlock,False,,25,0,0,0,1,False,Wo0t,Team Heretics,chamber,False,,,0,0,0,0,False,grubinho,GIANTX,omen,False,,25,0,0,0,2,False,ara,GIANTX,raze,False,,,0,0,0,0,False,Cloud,GIANTX,fade,False,,,0,0,0,2,False,Flickless,GIANTX,viper,True,70,,0,0,0,1,False,westside,GIANTX,cypher,False,,,0,0,0,0,False
119.820,514,POST_ROUND,1,0,1,,,3.503,MiniBoo,Team Heretics,raze,False,,4,0,0,0,1,False,RieNs,Team Heretics,fade,False,,4,0,0,0,2,False,Boo,Team Heretics,omen,False,,25,0,0,0,0,False,benjyfishy,Team Heretics,deadlock,False,,25,0,0,0,1,False,Wo0t,Team Heretics,chamber,False,,,0,0,0,0,False,grubinho,GIANTX,omen,False,,25,0,0,0,2,False,ara,GIANTX,raze,False,,,0,0,0,0,False,Cloud,GIANTX,fade,False,,,0,0,0,2,False,Flickless,GIANTX,viper,True,70,,0,0,0,1,False,westside,GIANTX,cypher,False,,,0,0,0,0,False
120.053,515,POST_ROUND,1,0,1,,,3.737,MiniBoo,Team Heretics,raze,False,,4,0,0,0,1,False,RieNs,Team Heretics,fade,False,,4,0,0,0,2,False,Boo,Team Heretics,omen,False,,25,0,0,0,0,False,benjyfishy,Team Heretics,deadlock,False,,25,0,0,0,1,False,Wo0t,Team Heretics,chamber,False,,,0,0,0,0,False,grubinho,GIANTX,omen,False,,25,0,0,0,2,False,ara,GIANTX,raze,False,,,0,0,0,0,False,Cloud,GIANTX,fade,False,,,0,0,0,2,False,Flickless,GIANTX,viper,True,70,,0,0,0,1,False,westside,GIANTX,cypher,False,,,0,0,0,0,False
142.476,611,PREROUND,2,0,1,,,,MiniBoo,Team Heretics,raze,True,,,0,0,1,3,False,RieNs,Team Heretics,fade,True,,,0,0,1,3,False,Boo,Team Heretics,omen,True,,,2,1,2,1,False,benjyfishy,Team Heretics,deadlock,True,,,0,0,1,2,False,Wo0t,Team Heretics,chamber,True,,,0,7,1,1,False,grubinho,GIANTX,omen,True,,,2,1,2,3,False,ara,GIANTX,raze,True,,,1,1,1,1,False,Cloud,GIANTX,fade,True,,,2,1,1,3,False,Flickless,GIANTX,viper,True,,,1,1,0,1,False,westside,GIANTX,cypher,True,,,0,1,1,1,False
142.709,612,PREROUND,2,0,1,,,,MiniBoo,Team Heretics,raze,True,,,0,0,1,3,False,RieNs,Team Heretics,fade,True,,,0,0,1,3,False,Boo,Team Heretics,omen,True,,,2,1,2,1,False,benjyfishy,Team Heretics,deadlock,True,,,0,0,1,2,False,Wo0t,Team Heretics,chamber,True,,,0,7,1,1,False,grubinho,GIANTX,omen,True,,,2,1,2,3,False,ara,GIANTX,raze,True,,,1,1,1,1,False,Cloud,GIANTX,fade,True,,,2,1,1,3,False,Flickless,GIANTX,viper,True,,,1,1,0,1,False,westside,GIANTX,cypher,True,,,0,1,1,1,False
142.943,613,PREROUND,2,0,1,,,,MiniBoo,Team Heretics,raze,True,,,0,0,1,3,False,RieNs,Team Heretics,fade,True,,,0,0,1,3,False,Boo,Team Heretics,omen,True,,,2,1,2,1,False,benjyfishy,Team Heretics,deadlock,True,,,1,0,1,2,False,Wo0t,Team Heretics,chamber,True,,,0,7,1,1,False,grubinho,GIANTX,omen,True,,,2,1,2,3,False,ara,GIANTX,raze,True,,,1,1,1,1,False,Cloud,GIANTX,fade,True,,,2,1,1,3,False,Flickless,GIANTX,viper,True,,,1,1,0,1,False,westside,GIANTX,cypher,True,,,0,1,1,1,False
143.176,614,PREROUND,2,0,1,,,,MiniBoo,Team Heretics,raze,True,,,0,0,1,3,False,RieNs,Team Heretics,fade,True,,,0,0,1,3,False,Boo,Team Heretics,omen,True,,,2,1,2,1,False,benjyfishy,Team Heretics,deadlock,True,,,1,0,1,2,False,Wo0t,Team Heretics,chamber,True,,,0,7,1,1,False,grubinho,GIANTX,omen,True,,,2,1,2,3,False,ara,GIANTX,raze,True,,,1,1,1,1,False,Cloud,GIANTX,fade,True,,,2,1,1,3,False,Flickless,GIANTX,viper,True,,,1,1,0,1,False,westside,GIANTX,cypher,True,,,0,1,1,1,False
143.410,615,PREROUND,2,0,1,,,,MiniBoo,Team Heretics,raze,True,,,0,0,1,3,False,RieNs,Team Heretics,fade,True,,,0,0,1,3,False,Boo,Team Heretics,omen,True,,,2,1,2,1,False,benjyfishy,Team Heretics,deadlock,True,,,1,0,1,2,False,Wo0t,Team Heretics,chamber,True,,,0,7,1,1,False,grubinho,GIANTX,omen,True,,,2,1,2,3,False,ara,GIANTX,raze,True,,,1,1,1,1,False,Cloud,GIANTX,fade,True,,,2,1,1,3,False,Flickless,GIANTX,viper,True,,,1,1,0,1,False,westside,GIANTX,cypher,True,,,0,1,1,1,False
143.643,616,PREROUND,2,0,1,,,,MiniBoo,Team Heretics,raze,True,,,0,0,1,3,False,RieNs,Team Heretics,fade,True,,,0,0,1,3,False,Boo,Team Heretics,omen,True,,,2,1,2,1,False,benjyfishy,Team Heretics,deadlock,True,,,1,0,1,2,False,Wo0t,Team Heretics,chamber,True,,,0,7,1,1,False,grubinho,GIANTX,omen,True,,,2,1,2,3,False,ara,GIANTX,raze,True,,,1,1,1,1,False,Cloud,GIANTX,fade,True,,,2,1,1,3,False,Flickless,GIANTX,viper,True,,,1,1,0,1,False,westside,GIANTX,cypher,True,,,0,1,1,1,False
143.877,617,PREROUND,2,0,1,,,,MiniBoo,Team Heretics,raze,True,,,0,0,1,3,False,RieNs,Team Heretics,fade,True,,,0,0,1,3,False,Boo,Team Heretics,omen,True,,,2,1,2,1,False,benjyfishy,Team Heretics,deadlock,True,,,1,0,1,2,False,Wo0t,Team Heretics,chamber,True,,,0,7,1,1,False,grubinho,GIANTX,omen,True,,,2,1,2,3,False,ara,GIANTX,raze,True,,,1,1,1,1,False,Cloud,GIANTX,fade,True,,,2,1,1,3,False,Flickless,GIANTX,viper,True,,,1,1,0,1,False,westside,GIANTX,cypher,True,,,0,1,1,1,False
144.111,618,PREROUND,2,0,1,,,,MiniBoo,Team Heretics,raze,True,,,0,0,1,3,False,RieNs,Team Heretics,fade,True,,,0,0,1,3,False,Boo,Team Heretics,omen,True,,,2,1,2,1,False,benjyfishy,Team Heretics,deadlock,True,,,1,0,1,2,False,Wo0t,Team Heretics,chamber,True,,,0,7,1,1,False,grubinho,GIANTX,omen,True,,,2,1,2,3,False,ara,GIANTX,raze,True,,,1,1,1,1,False,Cloud,GIANTX,fade,True,,,2,1,1,3,False,Flickless,GIANTX,viper,True,,,1,1,0,1,False,westside,GIANTX,cypher,True,,,0,1,1,1,False
144.344,619,PREROUND,2,0,1,,,,MiniBoo,Team Heretics,raze,True,,,0,0,1,3,False,RieNs,Team Heretics,fade,True,,,0,0,1,3,False,Boo,Team Heretics,omen,True,,,2,1,2,1,False,benjyfishy,Team Heretics,deadlock,True,,,1,0,1,2,False,Wo0t,Team Heretics,chamber,True,,,0,7,1,1,False,grubinho,GIANTX,omen,True,,,2,1,2,3,False,ara,GIANTX,raze,True,,,1,1,1,1,False,Cloud,GIANTX,fade,True,,,2,1,1,3,False,Flickless,GIANTX,viper,True,,,1,1,0,1,False,westside,GIANTX,cypher,True,,,0,1,1,1,False
144.578,620,PREROUND,2,0,1,,,,MiniBoo,Team Heretics,raze,True,,,0,0,1,3,False,RieNs,Team Heretics,fade,True,,,0,0,1,3,False,Boo,Team Heretics,omen,True,,,2,1,2,1,False,benjyfishy,Team Heretics,deadlock,True,,,1,0,1,2,False,Wo0t,Team Heretics,chamber,True,,,0,7,1,1,False,grubinho,GIANTX,omen,True,,,2,1,2,3,False,ara,GIANTX,raze,True,,,1,1,1,1,False,Cloud,GIANTX,fade,True,,,2,1,1,3,False,Flickless,GIANTX,viper,True,,,1,1,0,1,False,westside,GIANTX,cypher,True,,,0,1,1,1,False
144.811,621,PREROUND,2,0,1,,,,MiniBoo,Team Heretics,raze,True,,,0,0,1,3,False,RieNs,Team Heretics,fade,True,,,0,0,1,3,False,Boo,Team Heretics,omen,True,,,2,1,2,1,False,benjyfishy,Team Heretics,deadlock,True,,,1,0,1,2,False,Wo0t,Team Heretics,chamber,True,,,0,7,1,1,False,grubinho,GIANTX,omen,True,,,2,1,2,3,False,ara,GIANTX,raze,True,,,1,1,1,1,False,Cloud,GIANTX,fade,True,,,2,1,1,3,False,Flickless,GIANTX,viper,True,,,1,1,0,1,False,westside,GIANTX,cypher,True,,,0,1,1,1,False
145.045,622,PREROUND,2,0,1,,,,MiniBoo,Team Heretics,raze,True,,,0,0,1,3,False,RieNs,Team Heretics,fade,True,,,0,0,1,3,False,Boo,Team Heretics,omen,True,,,2,1,2,1,False,benjyfishy,Team Heretics,deadlock,True,,,1,0,1,2,False,Wo0t,Team Heretics,chamber,True,,,0,7,1,1,False,grubinho,GIANTX,omen,True,,,2,1,2,3,False,ara,GIANTX,raze,True,,,1,1,1,1,False,Cloud,GIANTX,fade,True,,,2,1,1,3,False,Flickless,GIANTX,viper,True,,,1,1,0,1,False,westside,GIANTX,cypher,True,,,0,1,1,1,False
145.278,623,PREROUND,2,0,1,,,,MiniBoo,Team Heretics,raze,True,,,0,0,1,3,False,RieNs,Team Heretics,fade,True,,,0,0,1,3,False,Boo,Team Heretics,omen,True,,,2,1,2,1,False,benjyfishy,Team Heretics,deadlock,True,,,1,0,1,2,False,Wo0t,Team Heretics,chamber,True,,,0,7,1,1,False,grubinho,GIANTX,omen,True,,,2,1,2,3,False,ara,GIANTX,raze,True,,,1,1,1,1,False,Cloud,GIANTX,fade,True,,,2,1,1,3,False,Flickless,GIANTX,viper,True,,,1,1,0,1,False,westside,GIANTX,cypher,True,,,0,1,1,1,False
145.512,624,PREROUND,2,0,1,,,,MiniBoo,Team Heretics,raze,True,,,0,0,1,3,False,RieNs,Team Heretics,fade,True,,,0,0,1,3,False,Boo,Team Heretics,omen,True,,,2,1,2,1,False,benjyfishy,Team Heretics,deadlock,True,,,1,0,1,2,False,Wo0t,Team Heretics,chamber,True,,,0,7,1,1,False,grubinho,GIANTX,omen,True,,,2,1,2,3,False,ara,GIANTX,raze,True,,,1,1,1,1,False,Cloud,GIANTX,fade,True,,,2,1,1,3,False,Flickless,GIANTX,viper,True,,,1,1,0,1,False,westside,GIANTX,cypher,True,,,0,1,1,1,False
145.746,625,PREROUND,2,0,1,,,,MiniBoo,Team Heretics,raze,True,,,0,0,1,3,False,RieNs,Team Heretics,fade,True,,,0,0,1,3,False,Boo,Team Heretics,omen,True,,,2,1,2,1,False,benjyfishy,Team Heretics,deadlock,True,,,1,0,1,2,False,Wo0t,Team Heretics,chamber,True,,,0,7,1,1,False,grubinho,GIANTX,omen,True,,,2,1,2,3,False,ara,GIANTX,raze,True,,,1,1,1,1,False,Cloud,GIANTX,fade,True,,,2,1,1,3,False,Flickless,GIANTX,viper,True,,,1,1,0,1,False,westside,GIANTX,cypher,True,,,0,1,1,1,False
145.979,626,PREROUND,2,0,1,,,,MiniBoo,Team Heretics,raze,True,,,0,0,1,3,False,RieNs,Team Heretics,fade,True,,,0,0,1,3,False,Boo,Team Heretics,omen,True,,,2,1,2,1,False,benjyfishy,Team Heretics,deadlock,True,,,1,0,1,2,False,Wo0t,Team Heretics,chamber,True,,,0,7,1,1,False,grubinho,GIANTX,omen,True,,,2,1,2,3,False,ara,GIANTX,raze,True,,,1,1,1,1,False,Cloud,GIANTX,fade,True,,,2,1,1,3,False,Flickless,GIANTX,viper,True,,,1,1,0,1,False,westside,GIANTX,cypher,True,,,0,1,1,1,False
146.213,627,PREROUND,2,0,1,,,,MiniBoo,Team Heretics,raze,True,,,0,0,1,3,False,RieNs,Team Heretics,fade,True,,,0,0,1,3,False,Boo,Team Heretics,omen,True,,,2,1,2,1,False,benjyfishy,Team Heretics,deadlock,True,,,1,0,1,2,False,Wo0t,Team Heretics,chamber,True,,,0,7,1,1,False,grubinho,GIANTX,omen,True,,,2,1,2,3,False,ara,GIANTX,raze,True,,,1,1,1,1,False,Cloud,GIANTX,fade,True,,,2,1,1,3,False,Flickless,GIANTX,viper,True,,,1,1,0,1,False,westside,GIANTX,cypher,True,,,0,1,1,1,False
146.446,628,PREROUND,2,0,1,,,,MiniBoo,Team Heretics,raze,True,,,0,0,1,3,False,RieNs,Team Heretics,fade,True,,,0,0,1,3,False,Boo,Team Heretics,omen,True,,,2,1,2,1,False,benjyfishy,Team Heretics,deadlock,True,,,1,0,1,2,False,Wo0t,Team Heretics,chamber,True,,,0,7,1,1,False,grubinho,GIANTX,omen,True,,,2,1,2,3,False,ara,GIANTX,raze,True,,,1,1,1,1,False,Cloud,GIANTX,fade,True,,,2,1,1,3,False,Flickless,GIANTX,viper,True,,,1,1,0,1,False,westside,GIANTX,cypher,True,,,0,1,1,1,False
146.680,629,PREROUND,2,0,1,,,,MiniBoo,Team Heretics,raze,True,,,0,0,1,3,False,RieNs,Team Heretics,fade,True,,,0,0,1,3,False,Boo,Team Heretics,omen,True,,,2,1,2,1,False,benjyfishy,Team Heretics,deadlock,True,,,1,0,1,2,False,Wo0t,Team Heretics,chamber,True,,,0,7,1,1,False,grubinho,GIANTX,omen,True,,,2,1,2,3,False,ara,GIANTX,raze,True,,,1,1,1,1,False,Cloud,GIANTX,fade,True,,,2,1,1,3,False,Flickless,GIANTX,viper,True,,,1,1,0,1,False,westside,GIANTX,cypher,True,,,0,1,1,1,False
146.913,630,PREROUND,2,0,1,,,,MiniBoo,Team Heretics,raze,True,,,0,0,1,3,False,RieNs,Team Heretics,fade,True,,,0,0,1,3,False,Boo,Team Heretics,omen,True,,,2,1,2,1,False,benjyfishy,Team Heretics,deadlock,True,,,1,0,1,2,False,Wo0t,Team Heretics,chamber,True,,,0,7,1,1,False,grubinho,GIANTX,omen,True,,,2,1,2,3,False,ara,GIANTX,raze,True,,,1,1,1,1,False,Cloud,GIANTX,fade,True,,,2,1,1,3,False,Flickless,GIANTX,viper,True,,,1,1,0,1,False,westside,GIANTX,cypher,True,,,0,1,1,1,False
147.147,631,PREROUND,2,0,1,,,,MiniBoo,Team Heretics,raze,True,,,0,0,1,3,False,RieNs,Team Heretics,fade,True,,,0,0,1,3,False,Boo,Team Heretics,omen,True,,,2,1,2,1,False,benjyfishy,Team Heretics,deadlock,True,,,1,0,1,2,False,Wo0t,Team Heretics,chamber,True,,,0,7,1,1,False,grubinho,GIANTX,omen,True,,,2,1,2,3,False,ara,GIANTX,raze,True,,,1,1,1,1,False,Cloud,GIANTX,fade,True,,,2,1,1,3,False,Flickless,GIANTX,viper,True,,,1,1,0,1,False,westside,GIANTX,cypher,True,,,0,1,1,1,False
147.381,632,PREROUND,2,0,1,,,,MiniBoo,Team Heretics,raze,True,,,0,0,1,3,False,RieNs,Team Heretics,fade,True,,,0,0,1,3,False,Boo,Team Heretics,omen,True,,,2,1,2,1,False,benjyfishy,Team Heretics,deadlock,True,,,1,0,1,2,False,Wo0t,Team Heretics,chamber,True,,,0,7,1,1,False,grubinho,GIANTX,omen,True,,,2,1,2,3,False,ara,GIANTX,raze,True,,,1,1,1,1,False,Cloud,GIANTX,fade,True,,,2,1,1,3,False,Flickless,GIANTX,viper,True,,,1,1,0,1,False,westside,GIANTX,cypher,True,,,0,1,1,1,False
147.614,633,PREROUND,2,0,1,,,,MiniBoo,Team Heretics,raze,True,,,0,0,1,3,False,RieNs,Team Heretics,fade,True,,,0,0,1,3,False,Boo,Team Heretics,omen,True,,,2,1,2,1,False,benjyfishy,Team Heretics,deadlock,True,,,1,0,1,2,False,Wo0t,Team Heretics,chamber,True,,,0,7,1,1,False,grubinho,GIANTX,omen,True,,,2,1,2,3,False,ara,GIANTX,raze,True,,,1,1,1,1,False,Cloud,GIANTX,fade,True,,,2,1,1,3,False,Flickless,GIANTX,viper,True,,,1,1,0,1,False,westside,GIANTX,cypher,True,,,0,1,1,1,False
147.848,634,PREROUND,2,0,1,,,,MiniBoo,Team Heretics,raze,True,,,0,0,1,3,False,RieNs,Team Heretics,fade,True,,,0,0,1,3,False,Boo,Team Heretics,omen,True,,,2,1,2,1,False,benjyfishy,Team Heretics,deadlock,True,,,1,0,1,2,False,Wo0t,Team Heretics,chamber,True,,,0,7,1,1,False,grubinho,GIANTX,omen,True,,,2,1,2,3,False,ara,GIANTX,raze,True,,,1,1,1,1,False,Cloud,GIANTX,fade,True,,,2,1,1,3,False,Flickless,GIANTX,viper,True,,,1,1,0,1,False,westside,GIANTX,cypher,True,,,0,1,1,1,False
148.081,635,PREROUND,2,0,1,,,,MiniBoo,Team Heretics,raze,True,,,0,0,1,3,False,RieNs,Team Heretics,fade,True,,,0,0,1,3,False,Boo,Team Heretics,omen,True,,,2,1,2,1,False,benjyfishy,Team Heretics,deadlock,True,,,1,0,1,2,False,Wo0t,Team Heretics,chamber,True,,,0,7,1,1,False,grubinho,GIANTX,omen,True,,,2,1,2,3,False,ara,GIANTX,raze,True,,,1,1,1,1,False,Cloud,GIANTX,fade,True,,,2,1,1,3,False,Flickless,GIANTX,viper,True,,,1,1,0,1,False,westside,GIANTX,cypher,True,,,0,1,1,1,False
148.315,636,PREROUND,2,0,1,,,,MiniBoo,Team Heretics,raze,True,,,0,0,1,3,False,RieNs,Team Heretics,fade,True,,,0,0,1,3,False,Boo,Team Heretics,omen,True,,,2,1,2,1,False,benjyfishy,Team Heretics,deadlock,True,,,1,0,1,2,False,Wo0t,Team Heretics,chamber,True,,,0,7,1,1,False,grubinho,GIANTX,omen,True,,,2,1,2,3,False,ara,GIANTX,raze,True,,,1,1,1,1,False,Cloud,GIANTX,fade,True,,,2,1,1,3,False,Flickless,GIANTX,viper,True,,,1,1,0,1,False,westside,GIANTX,cypher,True,,,0,1,1,1,False
148.548,637,PREROUND,2,0,1,,,,MiniBoo,Team Heretics,raze,True,,,0,0,1,3,False,RieNs,Team Heretics,fade,True,,,0,0,1,3,False,Boo,Team Heretics,omen,True,,,2,1,2,1,False,benjyfishy,Team Heretics,deadlock,True,,,1,0,1,2,False,Wo0t,Team Heretics,chamber,True,,,0,7,1,1,False,grubinho,GIANTX,omen,True,,,2,1,2,3,False,ara,GIANTX,raze,True,,,1,1,1,1,False,Cloud,GIANTX,fade,True,,,2,1,1,3,False,Flickless,GIANTX,viper,True,,,1,1,0,1,False,westside,GIANTX,cypher,True,,,0,1,1,1,False
148.782,638,PREROUND,2,0,1,,,,MiniBoo,Team Heretics,raze,True,,,0,0,1,3,False,RieNs,Team Heretics,fade,True,,,0,0,1,3,False,Boo,Team Heretics,omen,True,,,2,1,2,1,False,benjyfishy,Team Heretics,deadlock,True,,,1,0,1,2,False,Wo0t,Team Heretics,chamber,True,,,0,7,1,1,False,grubinho,GIANTX,omen,True,,,2,1,2,3,False,ara,GIANTX,raze,True,,,1,1,1,1,False,Cloud,GIANTX,fade,True,,,2,1,1,3,False,Flickless,GIANTX,viper,True,,,1,1,0,1,False,westside,GIANTX,cypher,True,,,0,1,1,1,False
149.016,639,PREROUND,2,0,1,,,,MiniBoo,Team Heretics,raze,True,,,0,0,1,3,False,RieNs,Team Heretics,fade,True,,,0,0,1,3,False,Boo,Team Heretics,omen,True,,,2,1,2,1,False,benjyfishy,Team Heretics,deadlock,True,,,1,0,1,2,False,Wo0t,Team Heretics,chamber,True,,,0,7,1,1,False,grubinho,GIANTX,omen,True,,,2,1,2,3,False,ara,GIANTX,raze,True,,,1,1,1,1,False,Cloud,GIANTX,fade,True,,,2,1,1,3,False,Flickless,GIANTX,viper,True,,,1,1,0,1,False,westside,GIANTX,cypher,True,,,0,1,1,1,False
149.249,640,PREROUND,2,0,1,,,,MiniBoo,Team Heretics,raze,True,,,0,0,1,3,False,RieNs,Team Heretics,fade,True,,,0,0,1,3,False,Boo,Team Heretics,omen,True,,,2,1,2,1,False,benjyfishy,Team Heretics,deadlock,True,,,1,0,1,2,False,Wo0t,Team Heretics,chamber,True,,,0,7,1,1,False,grubinho,GIANTX,omen,True,,,2,1,2,3,False,ara,GIANTX,raze,True,,,1,1,1,1,False,Cloud,GIANTX,fade,True,,,2,1,1,3,False,Flickless,GIANTX,viper,True,,,1,1,0,1,False,westside,GIANTX,cypher,True,,,0,1,1,1,False
149.483,641,PREROUND,2,0,1,,,,MiniBoo,Team Heretics,raze,True,,,0,0,1,3,False,RieNs,Team Heretics,fade,True,,,0,0,1,3,False,Boo,Team Heretics,omen,True,,,2,1,2,1,False,benjyfishy,Team Heretics,deadlock,True,,,1,0,1,2,False,Wo0t,Team Heretics,chamber,True,,,0,7,1,1,False,grubinho,GIANTX,omen,True,,,2,1,2,3,False,ara,GIANTX,raze,True,,,1,1,1,1,False,Cloud,GIANTX,fade,True,,,2,1,1,3,False,Flickless,GIANTX,viper,True,,,1,1,0,1,False,westside,GIANTX,cypher,True,,,0,1,1,1,False
149.716,642,PREROUND,2,0,1,,,,MiniBoo,Team Heretics,raze,True,,,0,0,1,3,False,RieNs,Team Heretics,fade,True,,,0,0,1,3,False,Boo,Team Heretics,omen,True,,,2,1,2,1,False,benjyfishy,Team Heretics,deadlock,True,,,1,0,1,2,False,Wo0t,Team Heretics,chamber,True,,,0,7,1,1,False,grubinho,GIANTX,omen,True,,,2,1,2,3,False,ara,GIANTX,raze,True,,,1,1,1,1,False,Cloud,GIANTX,fade,True,,,2,1,1,3,False,Flickless,GIANTX,viper,True,,,1,1,0,1,False,westside,GIANTX,cypher,True,,,0,1,1,1,False
149.950,643,PREROUND,2,0,1,,,,MiniBoo,Team Heretics,raze,True,,,0,0,1,3,False,RieNs,Team Heretics,fade,True,,,0,0,1,3,False,Boo,Team Heretics,omen,True,,,2,1,2,1,False,benjyfishy,Team Heretics,deadlock,True,,,1,0,1,2,False,Wo0t,Team Heretics,chamber,True,,,0,7,1,1,False,grubinho,GIANTX,omen,True,,,2,1,2,3,False,ara,GIANTX,raze,True,,,1,1,1,1,False,Cloud,GIANTX,fade,True,,,2,1,1,3,False,Flickless,GIANTX,viper,True,,,1,1,0,1,False,westside,GIANTX,cypher,True,,,0,1,1,1,False
150.183,644,PREROUND,2,0,1,,,,MiniBoo,Team Heretics,raze,True,,,0,0,1,3,False,RieNs,Team Heretics,fade,True,,,0,0,1,3,False,Boo,Team Heretics,omen,True,,,2,1,2,1,False,benjyfishy,Team Heretics,deadlock,True,,,1,0,1,2,False,Wo0t,Team Heretics,chamber,True,,,0,7,1,1,False,grubinho,GIANTX,omen,True,,,2,1,2,3,False,ara,GIANTX,raze,True,,,1,1,1,1,False,Cloud,GIANTX,fade,True,,,2,1,1,3,False,Flickless,GIANTX,viper,True,,,1,1,0,1,False,westside,GIANTX,cypher,True,,,0,1,1,1,False
150.417,645,PREROUND,2,0,1,,,,MiniBoo,Team Heretics,raze,True,,,0,0,1,3,False,RieNs,Team Heretics,fade,True,,,0,0,1,3,False,Boo,Team Heretics,omen,True,,,2,1,2,1,False,benjyfishy,Team Heretics,deadlock,True,,,1,0,1,2,False,Wo0t,Team Heretics,chamber,True,,,0,7,1,1,False,grubinho,GIANTX,omen,True,,,2,1,2,3,False,ara,GIANTX,raze,True,,,1,1,1,1,False,Cloud,GIANTX,fade,True,,,2,1,1,3,False,Flickless,GIANTX,viper,True,,,1,1,0,1,False,westside,GIANTX,cypher,True,,,0,1,1,1,False
150.650,646,PREROUND,2,0,1,,,,MiniBoo,Team Heretics,raze,True,,,0,0,1,3,False,RieNs,Team Heretics,fade,True,,,0,0,1,3,False,Boo,Team Heretics,omen,True,,,2,1,2,1,False,benjyfishy,Team Heretics,deadlock,True,,,1,0,1,2,False,Wo0t,Team Heretics,chamber,True,,,0,7,1,1,False,grubinho,GIANTX,omen,True,,,2,1,2,3,False,ara,GIANTX,raze,True,,,1,1,1,1,False,Cloud,GIANTX,fade,True,,,2,1,1,3,False,Flickless,GIANTX,viper,True,,,1,1,0,1,False,westside,GIANTX,cypher,True,,,0,1,1,1,False
150.884,647,PREROUND,2,0,1,,,,MiniBoo,Team Heretics,raze,True,,,0,0,1,3,False,RieNs,Team Heretics,fade,True,,,0,0,1,3,False,Boo,Team Heretics,omen,True,,,2,1,2,1,False,benjyfishy,Team Heretics,deadlock,True,,,1,0,1,2,False,Wo0t,Team Heretics,chamber,True,,,0,7,1,1,False,grubinho,GIANTX,omen,True,,,2,1,2,3,False,ara,GIANTX,raze,True,,,1,1,1,1,False,Cloud,GIANTX,fade,True,,,2,1,1,3,False,Flickless,GIANTX,viper,True,,,1,1,0,1,False,westside,GIANTX,cypher,True,,,0,1,1,1,False
151.118,648,PREROUND,2,0,1,,,,MiniBoo,Team Heretics,raze,True,,,0,0,1,3,False,RieNs,Team Heretics,fade,True,,,0,0,1,3,False,Boo,Team Heretics,omen,True,,,2,1,2,1,False,benjyfishy,Team Heretics,deadlock,True,,,1,0,1,2,False,Wo0t,Team Heretics,chamber,True,,,0,7,1,1,False,grubinho,GIANTX,omen,True,,,2,1,2,3,False,ara,GIANTX,raze,True,,,1,1,1,1,False,Cloud,GIANTX,fade,True,,,2,1,1,3,False,Flickless,GIANTX,viper,True,,,1,1,0,1,False,westside,GIANTX,cypher,True,,,0,1,1,1,False
151.351,649,PREROUND,2,0,1,,,,MiniBoo,Team Heretics,raze,True,,,0,0,1,3,False,RieNs,Team Heretics,fade,True,,,0,0,1,3,False,Boo,Team Heretics,omen,True,,,2,1,2,1,False,benjyfishy,Team Heretics,deadlock,True,,,1,0,1,2,False,Wo0t,Team Heretics,chamber,True,,,0,7,1,1,False,grubinho,GIANTX,omen,True,,,2,1,2,3,False,ara,GIANTX,raze,True,,,1,1,1,1,False,Cloud,GIANTX,fade,True,,,2,1,1,3,False,Flickless,GIANTX,viper,True,,,1,1,0,1,False,westside,GIANTX,cypher,True,,,0,1,1,1,False
151.585,650,PREROUND,2,0,1,,,,MiniBoo,Team Heretics,raze,True,,,0,0,1,3,False,RieNs,Team Heretics,fade,True,,,0,0,1,3,False,Boo,Team Heretics,omen,True,,,2,1,2,1,False,benjyfishy,Team Heretics,deadlock,True,,,1,0,1,2,False,Wo0t,Team Heretics,chamber,True,,,0,7,1,1,False,grubinho,GIANTX,omen,True,,,2,1,2,3,False,ara,GIANTX,raze,True,,,1,1,1,1,False,Cloud,GIANTX,fade,True,,,2,1,1,3,False,Flickless,GIANTX,viper,True,,,1,1,0,1,False,westside,GIANTX,cypher,True,,,0,1,1,1,False
151.818,651,PREROUND,2,0,1,,,,MiniBoo,Team Heretics,raze,True,,,0,0,1,3,False,RieNs,Team Heretics,fade,True,,,0,0,1,3,False,Boo,Team Heretics,omen,True,,,2,1,2,1,False,benjyfishy,Team Heretics,deadlock,True,,,1,0,1,2,False,Wo0t,Team Heretics,chamber,True,,,0,7,1,1,False,grubinho,GIANTX,omen,True,,,2,1,2,3,False,ara,GIANTX,raze,True,,,1,1,1,1,False,Cloud,GIANTX,fade,True,,,2,1,1,3,False,Flickless,GIANTX,viper,True,,,1,1,0,1,False,westside,GIANTX,cypher,True,,,0,1,1,1,False
152.052,652,PREROUND,2,0,1,,,,MiniBoo,Team Heretics,raze,True,,,0,0,1,3,False,RieNs,Team Heretics,fade,True,,,0,0,1,3,False,Boo,Team Heretics,omen,True,,,2,1,2,1,False,benjyfishy,Team Heretics,deadlock,True,,,1,0,1,2,False,Wo0t,Team Heretics,chamber,True,,,0,7,1,1,False,grubinho,GIANTX,omen,True,,,2,1,2,3,False,ara,GIANTX,raze,True,,,1,1,1,1,False,Cloud,GIANTX,fade,True,,,2,1,1,3,False,Flickless,GIANTX,viper,True,,,1,1,0,1,False,westside,GIANTX,cypher,True,,,0,1,1,1,False
152.285,653,PREROUND,2,0,1,,,,MiniBoo,Team Heretics,raze,True,,,0,0,1,3,False,RieNs,Team Heretics,fade,True,,,0,0,1,3,False,Boo,Team Heretics,omen,True,,,2,1,2,1,False,benjyfishy,Team Heretics,deadlock,True,,,1,0,1,2,False,Wo0t,Team Heretics,chamber,True,,,0,7,1,1,False,grubinho,GIANTX,omen,True,,,2,1,2,3,False,ara,GIANTX,raze,True,,,1,1,1,1,False,Cloud,GIANTX,fade,True,,,2,1,1,3,False,Flickless,GIANTX,viper,True,,,1,1,0,1,False,westside,GIANTX,cypher,True,,,0,1,1,1,False
152.519,654,PREROUND,2,0,1,,,,MiniBoo,Team Heretics,raze,True,,,0,0,1,3,False,RieNs,Team Heretics,fade,True,,,0,0,1,3,False,Boo,Team Heretics,omen,True,,,2,1,2,1,False,benjyfishy,Team Heretics,deadlock,True,,,1,0,1,2,False,Wo0t,Team Heretics,chamber,True,,,0,7,1,1,False,grubinho,GIANTX,omen,True,,,2,1,2,3,False,ara,GIANTX,raze,True,,,1,1,1,1,False,Cloud,GIANTX,fade,True,,,2,1,1,3,False,Flickless,GIANTX,viper,True,,,1,1,0,1,False,westside,GIANTX,cypher,True,,,0,1,1,1,False
152.753,655,PREROUND,2,0,1,,,,MiniBoo,Team Heretics,raze,True,,,0,0,1,3,False,RieNs,Team Heretics,fade,True,,,0,0,1,3,False,Boo,Team Heretics,omen,True,,,2,1,2,1,False,benjyfishy,Team Heretics,deadlock,True,,,1,0,1,2,False,Wo0t,Team Heretics,chamber,True,,,0,7,1,1,False,grubinho,GIANTX,omen,True,,,2,1,2,3,False,ara,GIANTX,raze,True,,,1,1,1,1,False,Cloud,GIANTX,fade,True,,,2,1,1,3,False,Flickless,GIANTX,viper,True,,,1,1,0,1,False,westside,GIANTX,cypher,True,,,0,1,1,1,False
152.986,656,PREROUND,2,0,1,,,,MiniBoo,Team Heretics,raze,True,,,0,0,1,3,False,RieNs,Team Heretics,fade,True,,,0,0,1,3,False,Boo,Team Heretics,omen,True,,,2,1,2,1,False,benjyfishy,Team Heretics,deadlock,True,,,1,0,1,2,False,Wo0t,Team Heretics,chamber,True,,,0,7,1,1,False,grubinho,GIANTX,omen,True,,,2,1,2,3,False,ara,GIANTX,raze,True,,,1,1,1,1,False,Cloud,GIANTX,fade,True,,,2,1,1,3,False,Flickless,GIANTX,viper,True,,,1,1,0,1,False,westside,GIANTX,cypher,True,,,0,1,1,1,False
153.220,657,PREROUND,2,0,1,,,,MiniBoo,Team Heretics,raze,True,,,0,0,1,3,False,RieNs,Team Heretics,fade,True,,,0,0,1,3,False,Boo,Team Heretics,omen,True,,,2,1,2,1,False,benjyfishy,Team Heretics,deadlock,True,,,1,0,1,2,False,Wo0t,Team Heretics,chamber,True,,,0,7,1,1,False,grubinho,GIANTX,omen,True,,,2,1,2,3,False,ara,GIANTX,raze,True,,,1,1,1,1,False,Cloud,GIANTX,fade,True,,,2,1,1,3,False,Flickless,GIANTX,viper,True,,,1,1,0,1,False,westside,GIANTX,cypher,True,,,0,1,1,1,False
153.453,658,ACTIVE_ROUND,2,0,1,99.000,,,MiniBoo,Team Heretics,raze,True,,,0,0,1,3,False,RieNs,Team Heretics,fade,True,,,0,0,1,3,False,Boo,Team Heretics,omen,True,,,2,1,2,1,False,benjyfishy,Team Heretics,deadlock,True,,,1,0,1,2,False,Wo0t,Team Heretics,chamber,True,,,0,7,1,1,False,grubinho,GIANTX,omen,True,,,2,1,2,3,False,ara,GIANTX,raze,True,,,1,1,1,1,False,Cloud,GIANTX,fade,True,,,2,1,1,3,False,Flickless,GIANTX,viper,True,,,1,1,0,1,False,westside,GIANTX,cypher,True,,,0,1,1,1,False
153.687,659,ACTIVE_ROUND,2,0,1,99.000,,,MiniBoo,Team Heretics,raze,True,100,,0,0,1,3,False,RieNs,Team Heretics,fade,True,100,,0,0,1,3,False,Boo,Team Heretics,omen,True,100,,2,1,2,1,False,benjyfishy,Team Heretics,deadlock,True,100,,1,0,1,2,False,Wo0t,Team Heretics,chamber,True,100,,0,7,1,1,False,grubinho,GIANTX,omen,True,100,25,2,1,2,3,False,ara,GIANTX,raze,True,100,25,1,1,1,1,False,Cloud,GIANTX,fade,True,100,25,2,1,1,3,False,Flickless,GIANTX,viper,True,100,25,1,1,0,1,False,westside,GIANTX,cypher,True,100,25,0,1,1,1,False
153.920,660,ACTIVE_ROUND,2,0,1,99.000,,,MiniBoo,Team Heretics,raze,True,100,,0,0,1,3,False,RieNs,Team Heretics,fade,True,100,,0,0,1,3,False,Boo,Team Heretics,omen,True,100,,2,1,2,1,False,benjyfishy,Team Heretics,deadlock,True,100,,1,0,1,2,False,Wo0t,Team Heretics,chamber,True,100,,0,7,1,1,False,grubinho,GIANTX,omen,True,100,25,2,1,1,3,False,ara,GIANTX,raze,True,100,25,1,1,1,1,False,Cloud,GIANTX,fade,True,100,25,2,1,1,3,False,Flickless,GIANTX,viper,True,100,25,1,1,0,1,False,westside,GIANTX,cypher,True,100,25,0,1,0,1,False
154.154,661,ACTIVE_ROUND,2,0,1,99.000,,,MiniBoo,Team Heretics,raze,True,100,,0,0,1,3,False,RieNs,Team Heretics,fade,True,100,,0,0,1,3,False,Boo,Team Heretics,omen,True,100,,2,1,2,1,False,benjyfishy,Team Heretics,deadlock,True,100,,1,0,1,2,False,Wo0t,Team Heretics,chamber,True,100,,0,7,1,1,False,grubinho,GIANTX,omen,True,100,25,2,1,1,3,False,ara,GIANTX,raze,True,100,25,1,1,1,1,False,Cloud,GIANTX,fade,True,100,25,2,1,1,3,False,Flickless,GIANTX,viper,True,100,25,1,1,0,1,False,westside,GIANTX,cypher,True,100,25,0,1,0,1,False
154.388,662,ACTIVE_ROUND,2,0,1,98.000,,,MiniBoo,Team Heretics,raze,True,100,,0,0,1,3,False,RieNs,Team Heretics,fade,True,100,,0,0,1,3,False,Boo,Team Heretics,omen,True,100,,2,1,2,1,False,benjyfishy,Team Heretics,deadlock,True,100,,1,0,1,2,False,Wo0t,Team Heretics,chamber,True,100,,0,7,1,1,False,grubinho,GIANTX,omen,True,100,25,2,1,1,3,False,ara,GIANTX,raze,True,100,25,1,1,1,1,False,Cloud,GIANTX,fade,True,100,25,2,1,1,3,False,Flickless,GIANTX,viper,True,100,25,1,1,0,1,False,westside,GIANTX,cypher,True,100,25,0,1,0,1,False
154.621,663,ACTIVE_ROUND,2,0,1,98.000,,,MiniBoo,Team Heretics,raze,True,100,,0,0,1,3,False,RieNs,Team Heretics,fade,True,100,,0,0,1,3,False,Boo,Team Heretics,omen,True,100,,2,1,2,1,False,benjyfishy,Team Heretics,deadlock,True,100,,1,0,1,2,False,Wo0t,Team Heretics,chamber,True,100,,0,7,1,1,False,grubinho,GIANTX,omen,True,100,25,2,1,1,3,False,ara,GIANTX,raze,True,100,25,1,1,1,1,False,Cloud,GIANTX,fade,True,100,25,2,1,1,3,False,Flickless,GIANTX,viper,True,100,25,1,1,0,1,False,westside,GIANTX,cypher,True,100,25,0,1,0,1,False
154.855,664,ACTIVE_ROUND,2,0,1,98.000,,,MiniBoo,Team Heretics,raze,True,100,,0,0,1,3,False,RieNs,Team Heretics,fade,True,100,,0,0,1,3,False,Boo,Team Heretics,omen,True,100,,2,1,2,1,False,benjyfishy,Team Heretics,deadlock,True,100,,1,0,1,2,False,Wo0t,Team Heretics,chamber,True,100,,0,7,1,1,False,grubinho,GIANTX,omen,True,100,25,2,1,1,3,False,ara,GIANTX,raze,True,100,25,1,1,1,1,False,Cloud,GIANTX,fade,True,100,25,2,1,0,3,False,Flickless,GIANTX,viper,True,100,25,1,1,0,1,False,westside,GIANTX,cypher,True,100,25,0,1,0,1,False
155.088,665,ACTIVE_ROUND,2,0,1,98.000,,,MiniBoo,Team Heretics,raze,True,100,,0,0,1,3,False,RieNs,Team Heretics,fade,True,100,,0,0,1,3,False,Boo,Team Heretics,omen,True,100,,2,1,2,1,False,benjyfishy,Team Heretics,deadlock,True,100,,1,0,1,2,False,Wo0t,Team Heretics,chamber,True,100,,0,7,1,1,False,grubinho,GIANTX,omen,True,100,25,2,1,1,3,False,ara,GIANTX,raze,True,100,25,1,1,1,1,False,Cloud,GIANTX,fade,True,100,25,2,1,0,3,False,Flickless,GIANTX,viper,True,100,25,1,1,0,1,False,westside,GIANTX,cypher,True,100,25,0,1,0,1,False
155.322,666,ACTIVE_ROUND,2,0,1,98.000,,,MiniBoo,Team Heretics,raze,True,100,,0,0,1,3,False,RieNs,Team Heretics,fade,True,100,,0,0,1,3,False,Boo,Team Heretics,omen,True,100,,2,1,2,1,False,benjyfishy,Team Heretics,deadlock,True,100,,1,0,1,2,False,Wo0t,Team Heretics,chamber,True,100,,0,7,1,1,False,grubinho,GIANTX,omen,True,100,25,2,1,1,3,False,ara,GIANTX,raze,True,100,25,1,1,1,1,False,Cloud,GIANTX,fade,True,100,25,2,1,0,3,False,Flickless,GIANTX,viper,True,100,25,1,1,0,1,False,westside,GIANTX,cypher,True,100,25,0,1,0,1,False
155.555,667,ACTIVE_ROUND,2,0,1,97.000,,,MiniBoo,Team Heretics,raze,True,100,,0,0,1,3,False,RieNs,Team Heretics,fade,True,100,,0,0,1,3,False,Boo,Team Heretics,omen,True,100,,2,1,2,1,False,benjyfishy,Team Heretics,deadlock,True,100,,1,0,1,2,False,Wo0t,Team Heretics,chamber,True,100,,0,7,1,1,False,grubinho,GIANTX,omen,True,100,25,2,1,1,3,False,ara,GIANTX,raze,True,100,25,1,1,1,1,False,Cloud,GIANTX,fade,True,100,25,2,1,0,3,False,Flickless,GIANTX,viper,True,100,25,1,1,0,1,False,westside,GIANTX,cypher,True,100,25,0,1,0,1,False
155.789,668,ACTIVE_ROUND,2,0,1,97.000,,,MiniBoo,Team Heretics,raze,True,100,,0,0,1,3,False,RieNs,Team Heretics,fade,True,100,,0,0,1,3,False,Boo,Team Heretics,omen,True,100,,2,1,2,1,False,benjyfishy,Team Heretics,deadlock,True,100,,1,0,1,2,False,Wo0t,Team Heretics,chamber,True,100,,0,7,1,1,False,grubinho,GIANTX,omen,True,100,25,2,1,1,3,False,ara,GIANTX,raze,True,100,25,1,1,1,1,False,Cloud,GIANTX,fade,True,100,25,2,1,0,3,False,Flickless,GIANTX,viper,True,100,25,1,1,0,1,False,westside,GIANTX,cypher,True,100,25,0,1,0,1,False
156.023,669,ACTIVE_ROUND,2,0,1,97.000,,,MiniBoo,Team Heretics,raze,True,100,,0,0,1,3,False,RieNs,Team Heretics,fade,True,100,,0,0,1,3,False,Boo,Team Heretics,omen,True,100,,2,1,2,1,False,benjyfishy,Team Heretics,deadlock,True,100,,1,0,1,2,False,Wo0t,Team Heretics,chamber,True,100,,0,7,1,1,False,grubinho,GIANTX,omen,True,100,25,2,1,1,3,False,ara,GIANTX,raze,True,100,25,1,1,1,1,False,Cloud,GIANTX,fade,True,100,25,2,1,0,3,False,Flickless,GIANTX,viper,True,100,25,1,1,0,1,False,westside,GIANTX,cypher,True,100,25,0,1,0,1,False
156.256,670,ACTIVE_ROUND,2,0,1,97.000,,,MiniBoo,Team Heretics,raze,True,100,,0,0,1,3,False,RieNs,Team Heretics,fade,True,100,,0,0,1,3,False,Boo,Team Heretics,omen,True,100,,2,1,2,1,False,benjyfishy,Team Heretics,deadlock,True,100,,1,0,1,2,False,Wo0t,Team Heretics,chamber,True,100,,0,7,1,1,False,grubinho,GIANTX,omen,True,100,25,2,1,1,3,False,ara,GIANTX,raze,True,100,25,1,1,1,1,False,Cloud,GIANTX,fade,True,100,25,2,1,0,3,False,Flickless,GIANTX,viper,True,100,25,1,1,0,1,False,westside,GIANTX,cypher,True,100,25,0,1,0,1,False
156.490,671,ACTIVE_ROUND,2,0,1,96.000,,,MiniBoo,Team Heretics,raze,True,100,,0,0,1,3,False,RieNs,Team Heretics,fade,True,100,,0,0,1,3,False,Boo,Team Heretics,omen,True,100,,2,1,2,1,False,benjyfishy,Team Heretics,deadlock,True,100,,1,0,1,2,False,Wo0t,Team Heretics,chamber,True,100,,0,7,1,1,False,grubinho,GIANTX,omen,True,100,25,2,1,1,3,False,ara,GIANTX,raze,True,100,25,1,1,1,1,False,Cloud,GIANTX,fade,True,100,25,2,1,0,3,False,Flickless,GIANTX,viper,True,100,25,1,1,0,1,False,westside,GIANTX,cypher,True,100,25,0,1,0,1,False
156.723,672,ACTIVE_ROUND,2,0,1,96.000,,,MiniBoo,Team Heretics,raze,True,100,,0,0,1,3,False,RieNs,Team Heretics,fade,True,100,,0,0,1,3,False,Boo,Team Heretics,omen,True,100,,2,1,2,1,False,benjyfishy,Team Heretics,deadlock,True,100,,1,0,1,2,False,Wo0t,Team Heretics,chamber,True,100,,0,7,1,1,False,grubinho,GIANTX,omen,True,100,25,2,1,1,3,False,ara,GIANTX,raze,True,100,25,1,1,1,1,False,Cloud,GIANTX,fade,True,100,25,2,1,0,3,False,Flickless,GIANTX,viper,True,100,25,1,1,0,1,False,westside,GIANTX,cypher,True,100,25,0,1,0,1,False
156.957,673,ACTIVE_ROUND,2,0,1,96.000,,,MiniBoo,Team Heretics,raze,True,100,,0,0,1,3,False,RieNs,Team Heretics,fade,True,100,,0,0,1,3,False,Boo,Team Heretics,omen,True,100,,2,1,2,1,False,benjyfishy,Team Heretics,deadlock,True,100,,1,0,1,2,False,Wo0t,Team Heretics,chamber,True,100,,0,7,1,1,False,grubinho,GIANTX,omen,True,100,25,2,1,1,3,False,ara,GIANTX,raze,True,100,25,1,1,1,1,False,Cloud,GIANTX,fade,True,100,25,2,1,0,3,False,Flickless,GIANTX,viper,True,100,25,1,1,0,1,False,westside,GIANTX,cypher,True,100,25,0,1,0,1,False
157.190,674,ACTIVE_ROUND,2,0,1,96.000,,,MiniBoo,Team Heretics,raze,True,100,,0,0,1,3,False,RieNs,Team Heretics,fade,True,100,,0,0,1,3,False,Boo,Team Heretics,omen,True,100,,2,1,2,1,False,benjyfishy,Team Heretics,deadlock,True,100,,1,0,1,2,False,Wo0t,Team Heretics,chamber,True,100,,0,7,1,1,False,grubinho,GIANTX,omen,True,100,25,2,1,1,3,False,ara,GIANTX,raze,True,100,25,1,1,1,1,False,Cloud,GIANTX,fade,True,100,25,2,1,0,3,False,Flickless,GIANTX,viper,True,100,25,1,1,0,1,False,westside,GIANTX,cypher,True,100,25,0,1,0,1,False
157.424,675,ACTIVE_ROUND,2,0,1,95.000,,,MiniBoo,Team Heretics,raze,True,100,,0,0,1,3,False,RieNs,Team Heretics,fade,True,100,,0,0,1,3,False,Boo,Team Heretics,omen,True,100,,2,1,2,1,False,benjyfishy,Team Heretics,deadlock,True,100,,1,0,1,2,False,Wo0t,Team Heretics,chamber,True,100,,0,7,1,1,False,grubinho,GIANTX,omen,True,100,25,2,1,1,3,False,ara,GIANTX,raze,True,100,25,1,1,1,1,False,Cloud,GIANTX,fade,True,100,25,2,1,0,3,False,Flickless,GIANTX,viper,True,100,25,1,1,0,1,False,westside,GIANTX,cypher,True,100,25,0,1,0,1,False
157.657,676,ACTIVE_ROUND,2,0,1,95.000,,,MiniBoo,Team Heretics,raze,True,100,,0,0,1,3,False,RieNs,Team Heretics,fade,True,100,,0,0,1,3,False,Boo,Team Heretics,omen,True,100,,2,1,2,1,False,benjyfishy,Team Heretics,deadlock,True,100,,1,0,1,2,False,Wo0t,Team Heretics,chamber,True,100,,0,7,1,1,False,grubinho,GIANTX,omen,True,100,25,2,1,1,3,False,ara,GIANTX,raze,True,100,25,1,1,1,1,False,Cloud,GIANTX,fade,True,100,25,2,1,0,3,False,Flickless,GIANTX,viper,True,100,25,1,1,0,1,False,westside,GIANTX,cypher,True,100,25,0,1,0,1,False
157.891,677,ACTIVE_ROUND,2,0,1,95.000,,,MiniBoo,Team Heretics,raze,True,100,,0,0,1,3,False,RieNs,Team Heretics,fade,True,100,,0,0,1,3,False,Boo,Team Heretics,omen,True,100,,2,1,2,1,False,benjyfishy,Team Heretics,deadlock,True,100,,1,0,1,2,False,Wo0t,Team Heretics,chamber,True,100,,0,7,1,1,False,grubinho,GIANTX,omen,True,100,25,2,1,1,3,False,ara,GIANTX,raze,True,100,25,1,1,1,1,False,Cloud,GIANTX,fade,True,100,25,2,1,0,3,False,Flickless,GIANTX,viper,True,100,25,1,1,0,1,False,westside,GIANTX,cypher,True,100,25,0,0,0,1,False
158.125,678,ACTIVE_ROUND,2,0,1,95.000,,,MiniBoo,Team Heretics,raze,True,100,,0,0,1,3,False,RieNs,Team Heretics,fade,True,100,,0,0,1,3,False,Boo,Team Heretics,omen,True,100,,2,1,2,1,False,benjyfishy,Team Heretics,deadlock,True,100,,1,0,1,2,False,Wo0t,Team Heretics,chamber,True,100,,0,7,1,1,False,grubinho,GIANTX,omen,True,100,25,2,1,1,3,False,ara,GIANTX,raze,True,100,25,1,1,1,1,False,Cloud,GIANTX,fade,True,100,25,2,1,0,3,False,Flickless,GIANTX,viper,True,100,25,1,1,0,1,False,westside,GIANTX,cypher,True,100,25,0,0,0,1,False
158.358,679,ACTIVE_ROUND,2,0,1,94.000,,,MiniBoo,Team Heretics,raze,True,100,,0,0,1,3,False,RieNs,Team Heretics,fade,True,100,,0,0,1,3,False,Boo,Team Heretics,omen,True,100,,2,1,2,1,False,benjyfishy,Team Heretics,deadlock,True,100,,1,0,1,2,False,Wo0t,Team Heretics,chamber,True,100,,0,7,1,1,False,grubinho,GIANTX,omen,True,100,25,2,1,1,3,False,ara,GIANTX,raze,True,100,25,1,1,1,1,False,Cloud,GIANTX,fade,True,100,25,2,1,0,3,False,Flickless,GIANTX,viper,True,100,25,1,1,0,1,False,westside,GIANTX,cypher,True,100,25,0,0,0,1,False
158.592,680,ACTIVE_ROUND,2,0,1,94.000,,,MiniBoo,Team Heretics,raze,True,100,,0,0,1,3,False,RieNs,Team Heretics,fade,True,100,,0,0,1,3,False,Boo,Team Heretics,omen,True,100,,2,1,2,1,False,benjyfishy,Team Heretics,deadlock,True,100,,1,0,1,2,False,Wo0t,Team Heretics,chamber,True,100,,0,7,1,1,False,grubinho,GIANTX,omen,True,100,25,2,1,1,3,False,ara,GIANTX,raze,True,100,25,1,1,1,1,False,Cloud,GIANTX,fade,True,100,25,2,1,0,3,False,Flickless,GIANTX,viper,True,100,25,1,1,0,1,False,westside,GIANTX,cypher,True,100,25,0,0,0,1,False
158.825,681,ACTIVE_ROUND,2,0,1,94.000,,,MiniBoo,Team Heretics,raze,True,100,,0,0,1,3,False,RieNs,Team Heretics,fade,True,100,,0,0,1,3,False,Boo,Team Heretics,omen,True,100,,2,1,2,1,False,benjyfishy,Team Heretics,deadlock,True,100,,1,0,1,2,False,Wo0t,Team Heretics,chamber,True,100,,0,7,1,1,False,grubinho,GIANTX,omen,True,100,25,2,1,1,3,False,ara,GIANTX,raze,True,100,25,1,1,1,1,False,Cloud,GIANTX,fade,True,100,25,2,1,0,3,False,Flickless,GIANTX,viper,True,100,25,1,1,0,1,False,westside,GIANTX,cypher,True,100,25,0,0,0,1,False
159.059,682,ACTIVE_ROUND,2,0,1,94.000,,,MiniBoo,Team Heretics,raze,True,100,,0,0,1,3,False,RieNs,Team Heretics,fade,True,100,,0,0,1,3,False,Boo,Team Heretics,omen,True,100,,2,1,2,1,False,benjyfishy,Team Heretics,deadlock,True,100,,1,0,1,2,False,Wo0t,Team Heretics,chamber,True,100,,0,7,1,1,False,grubinho,GIANTX,omen,True,100,25,2,1,1,3,False,ara,GIANTX,raze,True,100,25,1,1,1,1,False,Cloud,GIANTX,fade,True,100,25,2,1,0,3,False,Flickless,GIANTX,viper,True,100,25,1,1,0,1,False,westside,GIANTX,cypher,True,100,25,0,0,0,1,False
159.292,683,ACTIVE_ROUND,2,0,1,94.000,,,MiniBoo,Team Heretics,raze,True,100,,0,0,1,3,False,RieNs,Team Heretics,fade,True,100,,0,0,1,3,False,Boo,Team Heretics,omen,True,100,,2,1,2,1,False,benjyfishy,Team Heretics,deadlock,True,100,,1,0,1,2,False,Wo0t,Team Heretics,chamber,True,100,,0,7,1,1,False,grubinho,GIANTX,omen,True,100,25,2,1,1,3,False,ara,GIANTX,raze,True,100,25,1,1,1,1,False,Cloud,GIANTX,fade,True,100,25,2,1,0,3,False,Flickless,GIANTX,viper,True,100,25,1,1,0,1,False,westside,GIANTX,cypher,True,100,25,0,0,0,1,False
159.526,684,ACTIVE_ROUND,2,0,1,93.000,,,MiniBoo,Team Heretics,raze,True,100,,0,0,1,3,False,RieNs,Team Heretics,fade,True,100,,0,0,1,3,False,Boo,Team Heretics,omen,True,100,,2,1,2,1,False,benjyfishy,Team Heretics,deadlock,True,100,,1,0,1,2,False,Wo0t,Team Heretics,chamber,True,100,,0,7,1,1,False,grubinho,GIANTX,omen,True,100,25,2,1,1,3,False,ara,GIANTX,raze,True,100,25,1,1,1,1,False,Cloud,GIANTX,fade,True,100,25,2,1,0,3,False,Flickless,GIANTX,viper,True,100,25,1,1,0,1,False,westside,GIANTX,cypher,True,100,25,0,0,0,1,False
159.760,685,ACTIVE_ROUND,2,0,1,93.000,,,MiniBoo,Team Heretics,raze,True,100,,0,0,1,3,False,RieNs,Team Heretics,fade,True,100,,0,0,1,3,False,Boo,Team Heretics,omen,True,100,,2,1,2,1,False,benjyfishy,Team Heretics,deadlock,True,100,,1,0,1,2,False,Wo0t,Team Heretics,chamber,True,100,,0,7,1,1,False,grubinho,GIANTX,omen,True,100,25,2,1,1,3,False,ara,GIANTX,raze,True,100,25,1,1,1,1,False,Cloud,GIANTX,fade,True,100,25,2,1,0,3,False,Flickless,GIANTX,viper,True,100,25,1,1,0,1,False,westside,GIANTX,cypher,True,100,25,0,0,0,1,False
159.993,686,ACTIVE_ROUND,2,0,1,93.000,,,MiniBoo,Team Heretics,raze,True,100,,0,0,1,3,False,RieNs,Team Heretics,fade,True,100,,0,0,1,3,False,Boo,Team Heretics,omen,True,100,,2,1,2,1,False,benjyfishy,Team Heretics,deadlock,True,100,,1,0,1,2,False,Wo0t,Team Heretics,chamber,True,100,,0,7,1,1,False,grubinho,GIANTX,omen,True,100,25,2,1,1,3,False,ara,GIANTX,raze,True,100,25,1,1,1,1,False,Cloud,GIANTX,fade,True,100,25,2,1,0,3,False,Flickless,GIANTX,viper,True,100,25,1,1,0,1,False,westside,GIANTX,cypher,True,100,25,0,0,0,1,False
160.227,687,ACTIVE_ROUND,2,0,1,93.000,,,MiniBoo,Team Heretics,raze,True,100,,0,0,1,3,False,RieNs,Team Heretics,fade,True,100,,0,0,1,3,False,Boo,Team Heretics,omen,True,100,,2,1,2,1,False,benjyfishy,Team Heretics,deadlock,True,100,,1,0,1,2,False,Wo0t,Team Heretics,chamber,True,100,,0,7,1,1,False,grubinho,GIANTX,omen,True,100,25,2,1,1,3,False,ara,GIANTX,raze,True,100,25,1,1,1,1,False,Cloud,GIANTX,fade,True,100,25,2,1,0,3,False,Flickless,GIANTX,viper,True,100,25,1,1,0,1,False,westside,GIANTX,cypher,True,100,25,0,0,0,1,False
160.460,688,ACTIVE_ROUND,2,0,1,92.000,,,MiniBoo,Team Heretics,raze,True,100,,0,0,1,3,False,RieNs,Team Heretics,fade,True,100,,0,0,1,3,False,Boo,Team Heretics,omen,True,100,,2,1,2,1,False,benjyfishy,Team Heretics,deadlock,True,100,,1,0,1,2,False,Wo0t,Team Heretics,chamber,True,100,,0,7,1,1,False,grubinho,GIANTX,omen,True,100,25,2,1,1,3,False,ara,GIANTX,raze,True,100,25,1,1,1,1,False,Cloud,GIANTX,fade,True,100,25,2,1,0,3,False,Flickless,GIANTX,viper,True,100,25,1,1,0,1,False,westside,GIANTX,cypher,True,100,25,0,0,0,1,False
160.694,689,ACTIVE_ROUND,2,0,1,92.000,,,MiniBoo,Team Heretics,raze,True,100,,0,0,1,3,False,RieNs,Team Heretics,fade,True,100,,0,0,1,3,False,Boo,Team Heretics,omen,True,100,,2,1,2,1,False,benjyfishy,Team Heretics,deadlock,True,100,,1,0,1,2,False,Wo0t,Team Heretics,chamber,True,100,,0,7,1,1,False,grubinho,GIANTX,omen,True,100,25,2,1,1,3,False,ara,GIANTX,raze,True,100,25,1,1,1,1,False,Cloud,GIANTX,fade,True,100,25,2,1,0,3,False,Flickless,GIANTX,viper,True,100,25,1,1,0,1,False,westside,GIANTX,cypher,True,100,25,0,0,0,1,False
160.927,690,ACTIVE_ROUND,2,0,1,92.000,,,MiniBoo,Team Heretics,raze,True,100,,0,0,1,3,False,RieNs,Team Heretics,fade,True,100,,0,0,1,3,False,Boo,Team Heretics,omen,True,100,,2,1,2,1,False,benjyfishy,Team Heretics,deadlock,True,100,,1,0,1,2,False,Wo0t,Team Heretics,chamber,True,100,,0,7,1,1,False,grubinho,GIANTX,omen,True,100,25,2,1,1,3,False,ara,GIANTX,raze,True,100,25,1,1,1,1,False,Cloud,GIANTX,fade,True,100,25,1,1,0,3,False,Flickless,GIANTX,viper,True,100,25,1,1,0,1,False,westside,GIANTX,cypher,True,100,25,0,0,0,1,False
161.161,691,ACTIVE_ROUND,2,0,1,92.000,,,MiniBoo,Team Heretics,raze,True,100,,0,0,1,3,False,RieNs,Team Heretics,fade,True,100,,0,0,1,3,False,Boo,Team Heretics,omen,True,100,,2,1,2,1,False,benjyfishy,Team Heretics,deadlock,True,100,,1,0,1,2,False,Wo0t,Team Heretics,chamber,True,100,,0,7,1,1,False,grubinho,GIANTX,omen,True,100,25,2,1,1,3,False,ara,GIANTX,raze,True,100,25,1,1,1,1,False,Cloud,GIANTX,fade,True,100,25,1,1,0,3,False,Flickless,GIANTX,viper,True,100,25,1,1,0,1,False,westside,GIANTX,cypher,True,100,25,0,0,0,1,False
161.395,692,ACTIVE_ROUND,2,0,1,91.000,,,MiniBoo,Team Heretics,raze,True,100,,0,0,1,3,False,RieNs,Team Heretics,fade,True,100,,0,0,1,3,False,Boo,Team Heretics,omen,True,100,,2,1,2,1,False,benjyfishy,Team Heretics,deadlock,True,100,,1,0,1,2,False,Wo0t,Team Heretics,chamber,True,100,,0,7,1,1,False,grubinho,GIANTX,omen,True,100,25,2,1,1,3,False,ara,GIANTX,raze,True,100,25,1,1,1,1,False,Cloud,GIANTX,fade,True,100,25,1,1,0,3,False,Flickless,GIANTX,viper,True,100,25,1,1,0,1,False,westside,GIANTX,cypher,True,100,25,0,0,0,1,False
161.628,693,ACTIVE_ROUND,2,0,1,91.000,,,MiniBoo,Team Heretics,raze,True,100,,0,0,1,3,False,RieNs,Team Heretics,fade,True,100,,0,0,1,3,False,Boo,Team Heretics,omen,True,100,,2,1,2,1,False,benjyfishy,Team Heretics,deadlock,True,100,,1,0,1,2,False,Wo0t,Team Heretics,chamber,True,100,,0,7,1,1,False,grubinho,GIANTX,omen,True,100,25,2,1,1,3,False,ara,GIANTX,raze,True,100,25,1,1,1,1,False,Cloud,GIANTX,fade,True,100,25,1,1,0,3,False,Flickless,GIANTX,viper,True,100,25,1,1,0,1,False,westside,GIANTX,cypher,True,100,25,0,0,0,1,False
161.862,694,ACTIVE_ROUND,2,0,1,91.000,,,MiniBoo,Team Heretics,raze,True,100,,0,0,1,3,False,RieNs,Team Heretics,fade,True,100,,0,0,1,3,False,Boo,Team Heretics,omen,True,100,,2,1,2,1,False,benjyfishy,Team Heretics,deadlock,True,100,,1,0,1,2,False,Wo0t,Team Heretics,chamber,True,100,,0,7,1,1,False,grubinho,GIANTX,omen,True,100,25,2,1,1,3,False,ara,GIANTX,raze,True,100,25,1,1,1,1,False,Cloud,GIANTX,fade,True,100,25,1,1,0,3,False,Flickless,GIANTX,viper,True,100,25,1,1,0,1,False,westside,GIANTX,cypher,True,100,25,0,0,0,1,False
162.095,695,ACTIVE_ROUND,2,0,1,91.000,,,MiniBoo,Team Heretics,raze,True,100,,0,0,1,3,False,RieNs,Team Heretics,fade,True,100,,0,0,1,3,False,Boo,Team Heretics,omen,True,100,,2,1,2,1,False,benjyfishy,Team Heretics,deadlock,True,100,,1,0,1,2,False,Wo0t,Team Heretics,chamber,True,100,,0,7,1,1,False,grubinho,GIANTX,omen,True,100,25,2,1,1,3,False,ara,GIANTX,raze,True,100,25,1,1,1,1,False,Cloud,GIANTX,fade,True,100,25,1,1,0,3,False,Flickless,GIANTX,viper,True,100,25,1,1,0,1,False,westside,GIANTX,cypher,True,100,25,0,0,0,1,False
162.329,696,ACTIVE_ROUND,2,0,1,91.000,,,MiniBoo,Team Heretics,raze,True,100,,0,0,1,3,False,RieNs,Team Heretics,fade,True,100,,0,0,1,3,False,Boo,Team Heretics,omen,True,100,,2,1,2,1,False,benjyfishy,Team Heretics,deadlock,True,100,,1,0,1,2,False,Wo0t,Team Heretics,chamber,True,100,,0,7,1,1,False,grubinho,GIANTX,omen,True,100,25,2,1,1,3,False,ara,GIANTX,raze,True,100,25,1,1,1,1,False,Cloud,GIANTX,fade,True,100,25,1,1,0,3,False,Flickless,GIANTX,viper,True,100,25,1,1,0,1,False,westside,GIANTX,cypher,True,100,25,0,0,0,1,False
162.562,697,ACTIVE_ROUND,2,0,1,90.000,,,MiniBoo,Team Heretics,raze,True,100,,0,0,1,3,False,RieNs,Team Heretics,fade,True,100,,0,0,1,3,False,Boo,Team Heretics,omen,True,100,,2,1,2,1,False,benjyfishy,Team Heretics,deadlock,True,100,,1,0,1,2,False,Wo0t,Team Heretics,chamber,True,100,,0,7,1,1,False,grubinho,GIANTX,omen,True,100,25,2,1,1,3,False,ara,GIANTX,raze,True,100,25,1,1,1,1,False,Cloud,GIANTX,fade,True,100,25,1,1,0,3,False,Flickless,GIANTX,viper,True,100,25,1,1,0,1,False,westside,GIANTX,cypher,True,100,25,0,0,0,1,False
162.796,698,ACTIVE_ROUND,2,0,1,90.000,,,MiniBoo,Team Heretics,raze,True,100,,0,0,1,3,False,RieNs,Team Heretics,fade,True,100,,0,0,1,3,False,Boo,Team Heretics,omen,True,100,,2,1,2,1,False,benjyfishy,Team Heretics,deadlock,True,100,,1,0,1,2,False,Wo0t,Team Heretics,chamber,True,100,,0,7,1,1,False,grubinho,GIANTX,omen,True,100,25,2,1,1,3,False,ara,GIANTX,raze,True,100,25,1,1,1,1,False,Cloud,GIANTX,fade,True,100,25,1,1,0,3,False,Flickless,GIANTX,viper,True,100,25,1,1,0,1,False,westside,GIANTX,cypher,True,100,25,0,0,0,1,False
163.030,699,ACTIVE_ROUND,2,0,1,90.000,,,MiniBoo,Team Heretics,raze,True,100,,0,0,1,3,False,RieNs,Team Heretics,fade,True,100,,0,0,1,3,False,Boo,Team Heretics,omen,True,100,,2,1,2,1,False,benjyfishy,Team Heretics,deadlock,True,100,,1,0,1,2,False,Wo0t,Team Heretics,chamber,True,100,,0,7,1,1,False,grubinho,GIANTX,omen,True,100,25,2,1,1,3,False,ara,GIANTX,raze,True,100,25,1,1,1,1,False,Cloud,GIANTX,fade,True,100,25,1,1,0,3,False,Flickless,GIANTX,viper,True,100,25,1,1,0,1,False,westside,GIANTX,cypher,True,100,25,0,0,0,1,False
163.263,700,ACTIVE_ROUND,2,0,1,90.000,,,MiniBoo,Team Heretics,raze,True,100,,0,0,1,3,False,RieNs,Team Heretics,fade,True,100,,0,0,1,3,False,Boo,Team Heretics,omen,True,100,,2,1,2,1,False,benjyfishy,Team Heretics,deadlock,True,100,,1,0,1,2,False,Wo0t,Team Heretics,chamber,True,100,,0,7,1,1,False,grubinho,GIANTX,omen,True,100,25,2,1,1,3,False,ara,GIANTX,raze,True,100,25,1,1,1,1,False,Cloud,GIANTX,fade,True,100,25,1,1,0,3,False,Flickless,GIANTX,viper,True,100,25,1,1,0,1,False,westside,GIANTX,cypher,True,100,25,0,0,0,1,False
163.497,701,ACTIVE_ROUND,2,0,1,89.000,,,MiniBoo,Team Heretics,raze,True,100,,0,0,1,3,False,RieNs,Team Heretics,fade,True,100,,0,0,1,3,False,Boo,Team Heretics,omen,True,100,,2,1,2,1,False,benjyfishy,Team Heretics,deadlock,True,100,,1,0,1,2,False,Wo0t,Team Heretics,chamber,True,100,,0,7,1,1,False,grubinho,GIANTX,omen,True,100,25,2,1,1,3,False,ara,GIANTX,raze,True,100,25,1,1,1,1,False,Cloud,GIANTX,fade,True,100,25,1,1,0,3,False,Flickless,GIANTX,viper,True,100,25,1,1,0,1,False,westside,GIANTX,cypher,True,100,25,0,0,0,1,False
163.730,702,ACTIVE_ROUND,2,0,1,89.000,,,MiniBoo,Team Heretics,raze,True,100,,0,0,1,3,False,RieNs,Team Heretics,fade,True,100,,0,0,1,3,False,Boo,Team Heretics,omen,True,100,,2,1,2,1,False,benjyfishy,Team Heretics,deadlock,True,100,,1,0,1,2,False,Wo0t,Team Heretics,chamber,True,100,,0,7,1,1,False,grubinho,GIANTX,omen,True,100,25,2,1,1,3,False,ara,GIANTX,raze,True,100,25,1,1,1,1,False,Cloud,GIANTX,fade,True,100,25,1,1,0,3,False,Flickless,GIANTX,viper,True,100,25,1,1,0,1,False,westside,GIANTX,cypher,True,100,25,0,0,0,1,False
163.964,703,ACTIVE_ROUND,2,0,1,89.000,,,MiniBoo,Team Heretics,raze,True,100,,0,0,1,3,False,RieNs,Team Heretics,fade,True,100,,0,0,1,3,False,Boo,Team Heretics,omen,True,100,,2,1,2,1,False,benjyfishy,Team Heretics,deadlock,True,100,,1,0,1,2,False,Wo0t,Team Heretics,chamber,True,100,,0,7,1,1,False,grubinho,GIANTX,omen,True,100,25,1,1,1,3,False,ara,GIANTX,raze,True,100,25,1,1,1,1,False,Cloud,GIANTX,fade,True,100,25,1,1,0,3,False,Flickless,GIANTX,viper,True,100,25,1,1,0,1,False,westside,GIANTX,cypher,True,100,25,0,0,0,1,False
164.197,704,ACTIVE_ROUND,2,0,1,89.000,,,MiniBoo,Team Heretics,raze,True,100,,0,0,1,3,False,RieNs,Team Heretics,fade,True,100,,0,0,1,3,False,Boo,Team Heretics,omen,True,100,,2,1,2,1,False,benjyfishy,Team Heretics,deadlock,True,100,,1,0,1,2,False,Wo0t,Team Heretics,chamber,True,100,,0,7,1,1,False,grubinho,GIANTX,omen,True,100,25,1,1,1,3,False,ara,GIANTX,raze,True,100,25,1,1,1,1,False,Cloud,GIANTX,fade,True,100,25,1,1,0,3,False,Flickless,GIANTX,viper,True,100,25,1,1,0,1,False,westside,GIANTX,cypher,True,100,25,0,0,0,1,False
164.431,705,ACTIVE_ROUND,2,0,1,88.000,,,MiniBoo,Team Heretics,raze,True,100,,0,0,1,3,False,RieNs,Team Heretics,fade,True,100,,0,0,1,3,False,Boo,Team Heretics,omen,True,100,,2,1,2,1,False,benjyfishy,Team Heretics,deadlock,True,100,,1,0,1,2,False,Wo0t,Team Heretics,chamber,True,100,,0,7,1,1,False,grubinho,GIANTX,omen,True,100,25,1,1,1,3,False,ara,GIANTX,raze,True,100,25,1,1,1,1,False,Cloud,GIANTX,fade,True,100,25,1,1,0,3,False,Flickless,GIANTX,viper,True,100,25,1,1,0,1,False,westside,GIANTX,cypher,True,100,25,0,0,0,1,False
164.665,706,ACTIVE_ROUND,2,0,1,88.000,,,MiniBoo,Team Heretics,raze,True,100,,0,0,1,3,False,RieNs,Team Heretics,fade,True,100,,0,0,1,3,False,Boo,Team Heretics,omen,True,100,,2,1,2,1,False,benjyfishy,Team Heretics,deadlock,True,100,,1,0,1,2,False,Wo0t,Team Heretics,chamber,True,100,,0,7,1,1,False,grubinho,GIANTX,omen,True,100,25,1,1,1,3,False,ara,GIANTX,raze,True,100,25,1,1,1,1,False,Cloud,GIANTX,fade,True,100,25,1,1,0,3,False,Flickless,GIANTX,viper,True,100,25,1,1,0,1,False,westside,GIANTX,cypher,True,100,25,0,0,0,1,False
164.898,707,ACTIVE_ROUND,2,0,1,88.000,,,MiniBoo,Team Heretics,raze,True,100,,0,0,1,3,False,RieNs,Team Heretics,fade,True,100,,0,0,1,3,False,Boo,Team Heretics,omen,True,100,,2,1,2,1,False,benjyfishy,Team Heretics,deadlock,True,100,,1,0,1,2,False,Wo0t,Team Heretics,chamber,True,100,,0,7,1,1,False,grubinho,GIANTX,omen,True,100,25,1,1,1,3,False,ara,GIANTX,raze,True,100,25,1,1,1,1,False,Cloud,GIANTX,fade,True,100,25,1,1,0,3,False,Flickless,GIANTX,viper,True,100,25,1,1,0,1,False,westside,GIANTX,cypher,True,100,25,0,0,0,1,False
165.132,708,ACTIVE_ROUND,2,0,1,88.000,,,MiniBoo,Team Heretics,raze,True,100,,0,0,1,3,False,RieNs,Team Heretics,fade,True,100,,0,0,1,3,False,Boo,Team Heretics,omen,True,100,,2,1,2,1,False,benjyfishy,Team Heretics,deadlock,True,100,,1,0,1,2,False,Wo0t,Team Heretics,chamber,True,100,,0,7,1,1,False,grubinho,GIANTX,omen,True,100,25,1,1,1,3,False,ara,GIANTX,raze,True,100,25,1,1,1,1,False,Cloud,GIANTX,fade,True,100,25,1,1,0,3,False,Flickless,GIANTX,viper,True,100,25,1,1,0,1,False,westside,GIANTX,cypher,True,100,25,0,0,0,1,False
165.365,709,ACTIVE_ROUND,2,0,1,87.000,,,MiniBoo,Team Heretics,raze,True,100,,0,0,1,3,False,RieNs,Team Heretics,fade,True,100,,0,0,1,3,False,Boo,Team Heretics,omen,True,100,,2,1,2,1,False,benjyfishy,Team Heretics,deadlock,True,100,,1,0,1,2,False,Wo0t,Team Heretics,chamber,True,100,,0,7,1,1,False,grubinho,GIANTX,omen,True,100,25,1,1,1,3,False,ara,GIANTX,raze,True,100,25,1,1,1,1,False,Cloud,GIANTX,fade,True,100,25,1,1,0,3,False,Flickless,GIANTX,viper,True,100,25,1,1,0,1,False,westside,GIANTX,cypher,True,100,25,0,0,0,1,False
165.599,710,ACTIVE_ROUND,2,0,1,87.000,,,MiniBoo,Team Heretics,raze,True,100,,0,0,1,3,False,RieNs,Team Heretics,fade,True,100,,0,0,1,3,False,Boo,Team Heretics,omen,True,100,,2,1,2,1,False,benjyfishy,Team Heretics,deadlock,True,100,,1,0,1,2,False,Wo0t,Team Heretics,chamber,True,100,,0,7,1,1,False,grubinho,GIANTX,omen,True,100,25,1,1,1,3,False,ara,GIANTX,raze,True,100,25,1,1,1,1,False,Cloud,GIANTX,fade,True,100,25,1,1,0,3,False,Flickless,GIANTX,viper,True,100,25,1,1,0,1,False,westside,GIANTX,cypher,True,100,25,0,0,0,1,False
165.832,711,ACTIVE_ROUND,2,0,1,87.000,,,MiniBoo,Team Heretics,raze,True,100,,0,0,1,3,False,RieNs,Team Heretics,fade,True,100,,0,0,1,3,False,Boo,Team Heretics,omen,True,100,,2,1,2,1,False,benjyfishy,Team Heretics,deadlock,True,100,,1,0,1,2,False,Wo0t,Team Heretics,chamber,True,100,,0,7,1,1,False,grubinho,GIANTX,omen,True,100,25,1,1,1,3,False,ara,GIANTX,raze,True,100,25,1,1,1,1,False,Cloud,GIANTX,fade,True,100,25,1,1,0,3,False,Flickless,GIANTX,viper,True,100,25,1,1,0,1,False,westside,GIANTX,cypher,True,100,25,0,0,0,1,False
166.066,712,ACTIVE_ROUND,2,0,1,87.000,,,MiniBoo,Team Heretics,raze,True,100,,0,0,1,3,False,RieNs,Team Heretics,fade,True,100,,0,0,1,3,False,Boo,Team Heretics,omen,True,100,,2,1,2,1,False,benjyfishy,Team Heretics,deadlock,True,100,,1,0,1,2,False,Wo0t,Team Heretics,chamber,True,100,,0,7,1,1,False,grubinho,GIANTX,omen,True,100,25,1,1,1,3,False,ara,GIANTX,raze,True,100,25,1,1,1,1,False,Cloud,GIANTX,fade,True,100,25,1,1,0,3,False,Flickless,GIANTX,viper,True,100,25,1,1,0,1,False,westside,GIANTX,cypher,True,100,25,0,0,0,1,False
166.299,713,ACTIVE_ROUND,2,0,1,87.000,,,MiniBoo,Team Heretics,raze,True,100,,0,0,1,3,False,RieNs,Team Heretics,fade,True,100,,0,0,1,3,False,Boo,Team Heretics,omen,True,100,,2,1,2,1,False,benjyfishy,Team Heretics,deadlock,True,100,,1,0,1,2,False,Wo0t,Team Heretics,chamber,True,100,,0,7,1,1,False,grubinho,GIANTX,omen,True,100,25,1,1,1,3,False,ara,GIANTX,raze,True,100,25,1,1,1,1,False,Cloud,GIANTX,fade,True,100,25,1,1,0,3,False,Flickless,GIANTX,viper,True,100,25,1,1,0,1,False,westside,GIANTX,cypher,True,100,25,0,0,0,1,False
166.533,714,ACTIVE_ROUND,2,0,1,86.000,,,MiniBoo,Team Heretics,raze,True,100,,0,0,1,3,False,RieNs,Team Heretics,fade,True,100,,0,0,1,3,False,Boo,Team Heretics,omen,True,100,,2,1,2,1,False,benjyfishy,Team Heretics,deadlock,True,100,,1,0,1,2,False,Wo0t,Team Heretics,chamber,True,100,,0,7,1,1,False,grubinho,GIANTX,omen,True,100,25,1,1,1,3,False,ara,GIANTX,raze,True,100,25,1,1,1,1,False,Cloud,GIANTX,fade,True,100,25,1,1,0,3,False,Flickless,GIANTX,viper,True,100,25,1,1,0,1,False,westside,GIANTX,cypher,True,100,25,0,0,0,1,False
166.767,715,ACTIVE_ROUND,2,0,1,86.000,,,MiniBoo,Team Heretics,raze,True,100,,0,0,1,3,False,RieNs,Team Heretics,fade,True,100,,0,0,1,3,False,Boo,Team Heretics,omen,True,100,,2,1,2,1,False,benjyfishy,Team Heretics,deadlock,True,100,,1,0,1,2,False,Wo0t,Team Heretics,chamber,True,100,,0,7,1,1,False,grubinho,GIANTX,omen,True,100,25,1,1,1,3,False,ara,GIANTX,raze,True,100,25,1,1,1,1,False,Cloud,GIANTX,fade,True,100,25,1,1,0,3,False,Flickless,GIANTX,viper,True,100,25,1,1,0,1,False,westside,GIANTX,cypher,True,100,25,0,0,0,1,False
167.000,716,ACTIVE_ROUND,2,0,1,86.000,,,MiniBoo,Team Heretics,raze,True,100,,0,0,1,3,False,RieNs,Team Heretics,fade,True,100,,0,0,1,3,False,Boo,Team Heretics,omen,True,100,,2,1,2,1,False,benjyfishy,Team Heretics,deadlock,True,100,,1,0,1,2,False,Wo0t,Team Heretics,chamber,True,100,,0,7,1,1,False,grubinho,GIANTX,omen,True,100,25,1,1,1,3,False,ara,GIANTX,raze,True,100,25,1,1,1,1,False,Cloud,GIANTX,fade,True,100,25,1,1,0,3,False,Flickless,GIANTX,viper,True,100,25,1,1,0,1,False,westside,GIANTX,cypher,True,100,25,0,0,0,1,False
167.234,717,ACTIVE_ROUND,2,0,1,86.000,,,MiniBoo,Team Heretics,raze,True,100,,0,0,1,3,False,RieNs,Team Heretics,fade,True,100,,0,0,1,3,False,Boo,Team Heretics,omen,True,100,,2,1,2,1,False,benjyfishy,Team Heretics,deadlock,True,100,,1,0,1,2,False,Wo0t,Team Heretics,chamber,True,100,,0,7,1,1,False,grubinho,GIANTX,omen,True,100,25,1,1,1,3,False,ara,GIANTX,raze,True,100,25,1,1,1,1,False,Cloud,GIANTX,fade,True,100,25,1,1,0,3,False,Flickless,GIANTX,viper,True,100,25,1,1,0,1,False,westside,GIANTX,cypher,True,100,25,0,0,0,1,False
167.467,718,ACTIVE_ROUND,2,0,1,85.000,,,MiniBoo,Team Heretics,raze,True,100,,0,0,1,3,False,RieNs,Team Heretics,fade,True,100,,0,0,1,3,False,Boo,Team Heretics,omen,True,100,,2,1,2,1,False,benjyfishy,Team Heretics,deadlock,True,100,,1,0,1,2,False,Wo0t,Team Heretics,chamber,True,100,,0,7,1,1,False,grubinho,GIANTX,omen,True,100,25,1,1,1,3,False,ara,GIANTX,raze,True,100,25,1,1,1,1,False,Cloud,GIANTX,fade,True,100,25,1,1,0,3,False,Flickless,GIANTX,viper,True,100,25,1,1,0,1,False,westside,GIANTX,cypher,True,100,25,0,0,0,1,False
167.701,719,ACTIVE_ROUND,2,0,1,85.000,,,MiniBoo,Team Heretics,raze,True,100,,0,0,1,3,False,RieNs,Team Heretics,fade,True,100,,0,0,1,3,False,Boo,Team Heretics,omen,True,100,,2,1,2,1,False,benjyfishy,Team Heretics,deadlock,True,100,,1,0,1,2,False,Wo0t,Team Heretics,chamber,True,100,,0,7,1,1,False,grubinho,GIANTX,omen,True,100,25,1,1,1,3,False,ara,GIANTX,raze,True,100,25,1,1,1,1,False,Cloud,GIANTX,fade,True,100,25,1,1,0,3,False,Flickless,GIANTX,viper,True,100,25,1,1,0,1,False,westside,GIANTX,cypher,True,100,25,0,0,0,1,False
167.934,720,ACTIVE_ROUND,2,0,1,85.000,,,MiniBoo,Team Heretics,raze,True,100,,0,0,1,3,False,RieNs,Team Heretics,fade,True,100,,0,0,1,3,False,Boo,Team Heretics,omen,True,100,,2,1,2,1,False,benjyfishy,Team Heretics,deadlock,True,100,,1,0,1,2,False,Wo0t,Team Heretics,chamber,True,100,,0,7,1,1,False,grubinho,GIANTX,omen,True,100,25,1,1,1,3,False,ara,GIANTX,raze,True,100,25,1,1,1,1,False,Cloud,GIANTX,fade,True,100,25,1,1,0,3,False,Flickless,GIANTX,viper,True,100,25,1,1,0,1,False,westside,GIANTX,cypher,True,100,25,0,0,0,1,False
168.168,721,ACTIVE_ROUND,2,0,1,85.000,,,MiniBoo,Team Heretics,raze,True,100,,0,0,1,3,False,RieNs,Team Heretics,fade,True,100,,0,0,1,3,False,Boo,Team Heretics,omen,True,100,,2,1,2,1,False,benjyfishy,Team Heretics,deadlock,True,100,,1,0,1,2,False,Wo0t,Team Heretics,chamber,True,100,,0,7,1,1,False,grubinho,GIANTX,omen,True,100,25,1,1,1,3,False,ara,GIANTX,raze,True,100,25,1,1,1,1,False,Cloud,GIANTX,fade,True,100,25,1,1,0,3,False,Flickless,GIANTX,viper,True,100,25,1,1,0,1,False,westside,GIANTX,cypher,True,100,25,0,0,0,1,False
168.402,722,ACTIVE_ROUND,2,0,1,84.000,,,MiniBoo,Team Heretics,raze,True,100,,0,0,1,3,False,RieNs,Team Heretics,fade,True,100,,0,0,1,3,False,Boo,Team Heretics,omen,True,100,,2,1,2,1,False,benjyfishy,Team Heretics,deadlock,True,100,,1,0,1,2,False,Wo0t,Team Heretics,chamber,True,100,,0,7,1,1,False,grubinho,GIANTX,omen,True,100,25,1,1,1,3,False,ara,GIANTX,raze,True,100,25,1,1,1,1,False,Cloud,GIANTX,fade,True,100,25,1,1,0,3,False,Flickless,GIANTX,viper,True,100,25,1,1,0,1,False,westside,GIANTX,cypher,True,100,25,0,0,0,1,False
168.635,723,ACTIVE_ROUND,2,0,1,84.000,,,MiniBoo,Team Heretics,raze,True,100,,0,0,1,3,False,RieNs,Team Heretics,fade,True,100,,0,0,1,3,False,Boo,Team Heretics,omen,True,100,,2,1,2,1,False,benjyfishy,Team Heretics,deadlock,True,100,,1,0,1,2,False,Wo0t,Team Heretics,chamber,True,100,,0,7,1,1,False,grubinho,GIANTX,omen,True,100,25,1,1,1,3,False,ara,GIANTX,raze,True,100,25,1,1,1,1,False,Cloud,GIANTX,fade,True,100,25,1,1,0,3,False,Flickless,GIANTX,viper,True,100,25,1,1,0,1,False,westside,GIANTX,cypher,True,100,25,0,0,0,1,False
168.869,724,ACTIVE_ROUND,2,0,1,84.000,,,MiniBoo,Team Heretics,raze,True,100,,0,0,1,3,False,RieNs,Team Heretics,fade,True,100,,0,0,1,3,False,Boo,Team Heretics,omen,True,100,,2,1,1,1,False,benjyfishy,Team Heretics,deadlock,True,100,,1,0,1,2,False,Wo0t,Team Heretics,chamber,True,100,,0,7,1,1,False,grubinho,GIANTX,omen,True,100,25,1,1,1,3,False,ara,GIANTX,raze,True,100,25,1,1,1,1,False,Cloud,GIANTX,fade,True,100,25,1,1,0,3,False,Flickless,GIANTX,viper,True,100,25,1,1,0,1,False,westside,GIANTX,cypher,True,100,25,0,0,0,1,False
169.102,725,ACTIVE_ROUND,2,0,1,84.000,,,MiniBoo,Team Heretics,raze,True,100,,0,0,1,3,False,RieNs,Team Heretics,fade,True,100,,0,0,1,3,False,Boo,Team Heretics,omen,True,100,,2,1,1,1,False,benjyfishy,Team Heretics,deadlock,True,100,,1,0,1,2,False,Wo0t,Team Heretics,chamber,True,100,,0,7,1,1,False,grubinho,GIANTX,omen,True,100,25,1,1,1,3,False,ara,GIANTX,raze,True,100,25,1,1,1,1,False,Cloud,GIANTX,fade,True,100,25,1,1,0,3,False,Flickless,GIANTX,viper,True,100,25,1,1,0,1,False,westside,GIANTX,cypher,True,100,25,0,0,0,1,False
169.336,726,ACTIVE_ROUND,2,0,1,84.000,,,MiniBoo,Team Heretics,raze,True,100,,0,0,1,3,False,RieNs,Team Heretics,fade,True,100,,0,0,1,3,False,Boo,Team Heretics,omen,True,100,,2,1,1,1,False,benjyfishy,Team Heretics,deadlock,True,100,,1,0,1,2,False,Wo0t,Team Heretics,chamber,True,100,,0,7,1,1,False,grubinho,GIANTX,omen,True,100,25,1,1,1,3,False,ara,GIANTX,raze,True,100,25,1,1,1,1,False,Cloud,GIANTX,fade,True,100,25,1,1,0,3,False,Flickless,GIANTX,viper,True,100,25,1,1,0,1,False,westside,GIANTX,cypher,True,100,25,0,0,0,1,False
169.569,727,ACTIVE_ROUND,2,0,1,83.000,,,MiniBoo,Team Heretics,raze,True,100,,0,0,1,3,False,RieNs,Team Heretics,fade,True,100,,0,0,1,3,False,Boo,Team Heretics,omen,True,100,,2,1,1,1,False,benjyfishy,Team Heretics,deadlock,True,100,,1,0,1,2,False,Wo0t,Team Heretics,chamber,True,100,,0,7,1,1,False,grubinho,GIANTX,omen,True,100,25,1,1,1,3,False,ara,GIANTX,raze,True,100,25,1,1,1,1,False,Cloud,GIANTX,fade,True,100,25,1,1,0,3,False,Flickless,GIANTX,viper,True,100,25,1,1,0,1,False,westside,GIANTX,cypher,True,100,25,0,0,0,1,False
169.803,728,ACTIVE_ROUND,2,0,1,83.000,,,MiniBoo,Team Heretics,raze,True,100,,0,0,1,3,False,RieNs,Team Heretics,fade,True,100,,0,0,1,3,False,Boo,Team Heretics,omen,True,100,,2,1,1,1,False,benjyfishy,Team Heretics,deadlock,True,100,,1,0,1,2,False,Wo0t,Team Heretics,chamber,True,100,,0,7,1,1,False,grubinho,GIANTX,omen,True,100,25,1,1,1,3,False,ara,GIANTX,raze,True,100,25,1,1,1,1,False,Cloud,GIANTX,fade,True,100,25,1,1,0,3,False,Flickless,GIANTX,viper,True,100,25,1,1,0,1,False,westside,GIANTX,cypher,True,100,25,0,0,0,1,False
170.037,729,ACTIVE_ROUND,2,0,1,83.000,,,MiniBoo,Team Heretics,raze,True,100,,0,0,1,3,False,RieNs,Team Heretics,fade,True,100,,0,0,1,3,False,Boo,Team Heretics,omen,True,100,,2,1,1,1,False,benjyfishy,Team Heretics,deadlock,True,100,,1,0,1,2,False,Wo0t,Team Heretics,chamber,True,100,,0,7,1,1,False,grubinho,GIANTX,omen,True,100,25,1,1,1,3,False,ara,GIANTX,raze,True,100,25,1,1,1,1,False,Cloud,GIANTX,fade,True,100,25,1,1,0,3,False,Flickless,GIANTX,viper,True,100,25,1,1,0,1,False,westside,GIANTX,cypher,True,100,25,0,0,0,1,False
170.270,730,ACTIVE_ROUND,2,0,1,83.000,,,MiniBoo,Team Heretics,raze,True,100,,0,0,1,3,False,RieNs,Team Heretics,fade,True,100,,0,0,1,3,False,Boo,Team Heretics,omen,True,100,,2,1,1,1,False,benjyfishy,Team Heretics,deadlock,True,100,,1,0,1,2,False,Wo0t,Team Heretics,chamber,True,100,,0,7,1,1,False,grubinho,GIANTX,omen,True,100,25,1,1,1,3,False,ara,GIANTX,raze,True,100,25,1,1,1,1,False,Cloud,GIANTX,fade,True,100,25,1,1,0,3,False,Flickless,GIANTX,viper,True,100,25,1,1,0,1,False,westside,GIANTX,cypher,True,100,25,0,0,0,1,False
170.504,731,ACTIVE_ROUND,2,0,1,82.000,,,MiniBoo,Team Heretics,raze,True,100,,0,0,1,3,False,RieNs,Team Heretics,fade,True,100,,0,0,1,3,False,Boo,Team Heretics,omen,True,100,,2,1,1,1,False,benjyfishy,Team Heretics,deadlock,True,100,,1,0,1,2,False,Wo0t,Team Heretics,chamber,True,100,,0,7,1,1,False,grubinho,GIANTX,omen,True,100,25,1,1,1,3,False,ara,GIANTX,raze,True,100,25,1,1,1,1,False,Cloud,GIANTX,fade,True,100,25,1,1,0,3,False,Flickless,GIANTX,viper,True,100,25,1,1,0,1,False,westside,GIANTX,cypher,True,100,25,0,0,0,1,False
170.737,732,ACTIVE_ROUND,2,0,1,82.000,,,MiniBoo,Team Heretics,raze,True,100,,0,0,1,3,False,RieNs,Team Heretics,fade,True,100,,0,0,1,3,False,Boo,Team Heretics,omen,True,100,,2,1,1,1,False,benjyfishy,Team Heretics,deadlock,True,100,,1,0,1,2,False,Wo0t,Team Heretics,chamber,True,100,,0,7,1,1,False,grubinho,GIANTX,omen,True,100,25,1,1,1,3,False,ara,GIANTX,raze,True,100,25,1,1,1,1,False,Cloud,GIANTX,fade,True,100,25,1,1,0,3,False,Flickless,GIANTX,viper,True,100,25,1,1,0,1,False,westside,GIANTX,cypher,True,100,25,0,0,0,1,False
170.971,733,ACTIVE_ROUND,2,0,1,82.000,,,MiniBoo,Team Heretics,raze,True,100,,0,0,1,3,False,RieNs,Team Heretics,fade,True,100,,0,0,1,3,False,Boo,Team Heretics,omen,True,100,,2,1,1,1,False,benjyfishy,Team Heretics,deadlock,True,100,,1,0,1,2,False,Wo0t,Team Heretics,chamber,True,100,,0,7,1,1,False,grubinho,GIANTX,omen,True,100,25,1,1,1,3,False,ara,GIANTX,raze,True,100,25,1,1,1,1,False,Cloud,GIANTX,fade,True,100,25,1,1,0,3,False,Flickless,GIANTX,viper,True,100,25,1,1,0,1,False,westside,GIANTX,cypher,True,100,25,0,0,0,1,False
171.204,734,ACTIVE_ROUND,2,0,1,82.000,,,MiniBoo,Team Heretics,raze,True,100,,0,0,1,3,False,RieNs,Team Heretics,fade,True,100,,0,0,1,3,False,Boo,Team Heretics,omen,True,100,,2,1,1,1,False,benjyfishy,Team Heretics,deadlock,True,100,,1,0,1,2,False,Wo0t,Team Heretics,chamber,True,100,,0,7,1,1,False,grubinho,GIANTX,omen,True,100,25,1,1,1,3,False,ara,GIANTX,raze,True,100,25,1,1,1,1,False,Cloud,GIANTX,fade,True,100,25,1,1,0,3,False,Flickless,GIANTX,viper,True,100,25,1,1,0,1,False,westside,GIANTX,cypher,True,100,25,0,0,0,1,False
171.438,735,ACTIVE_ROUND,2,0,1,81.000,,,MiniBoo,Team Heretics,raze,True,100,,0,0,1,3,False,RieNs,Team Heretics,fade,True,100,,0,0,1,3,False,Boo,Team Heretics,omen,True,100,,2,1,1,1,False,benjyfishy,Team Heretics,deadlock,True,100,,1,0,1,2,False,Wo0t,Team Heretics,chamber,True,100,,0,7,1,1,False,grubinho,GIANTX,omen,True,100,25,1,1,1,3,False,ara,GIANTX,raze,True,100,25,1,1,1,1,False,Cloud,GIANTX,fade,True,100,25,1,1,0,3,False,Flickless,GIANTX,viper,True,100,25,1,1,0,1,False,westside,GIANTX,cypher,True,100,25,0,0,0,1,False
171.672,736,ACTIVE_ROUND,2,0,1,81.000,,,MiniBoo,Team Heretics,raze,True,100,,0,0,1,3,False,RieNs,Team Heretics,fade,True,100,,0,0,1,3,False,Boo,Team Heretics,omen,True,100,,2,1,1,1,False,benjyfishy,Team Heretics,deadlock,True,100,,1,0,1,2,False,Wo0t,Team Heretics,chamber,True,100,,0,7,1,1,False,grubinho,GIANTX,omen,True,100,25,1,1,1,3,False,ara,GIANTX,raze,True,100,25,1,1,1,1,False,Cloud,GIANTX,fade,True,100,25,1,1,0,3,False,Flickless,GIANTX,viper,True,100,25,1,1,0,1,False,westside,GIANTX,cypher,True,100,25,0,0,0,1,False
171.905,737,ACTIVE_ROUND,2,0,1,81.000,,,MiniBoo,Team Heretics,raze,True,100,,0,0,1,3,False,RieNs,Team Heretics,fade,True,100,,0,0,1,3,False,Boo,Team Heretics,omen,True,100,,2,1,1,1,False,benjyfishy,Team Heretics,deadlock,True,100,,1,0,1,2,False,Wo0t,Team Heretics,chamber,True,100,,0,7,1,1,False,grubinho,GIANTX,omen,True,100,25,1,1,1,3,False,ara,GIANTX,raze,True,100,25,1,1,1,1,False,Cloud,GIANTX,fade,True,100,25,1,1,0,3,False,Flickless,GIANTX,viper,True,100,25,1,1,0,1,False,westside,GIANTX,cypher,True,100,25,0,0,0,1,False
172.139,738,ACTIVE_ROUND,2,0,1,81.000,,,MiniBoo,Team Heretics,raze,True,100,,0,0,1,3,False,RieNs,Team Heretics,fade,True,100,,0,0,1,3,False,Boo,Team Heretics,omen,True,100,,2,1,1,1,False,benjyfishy,Team Heretics,deadlock,True,100,,1,0,1,2,False,Wo0t,Team Heretics,chamber,True,100,,0,7,1,1,False,grubinho,GIANTX,omen,True,100,25,1,1,1,3,False,ara,GIANTX,raze,True,100,25,1,1,1,1,False,Cloud,GIANTX,fade,True,100,25,1,1,0,3,False,Flickless,GIANTX,viper,True,100,25,1,1,0,1,False,westside,GIANTX,cypher,True,100,25,0,0,0,1,False
172.372,739,ACTIVE_ROUND,2,0,1,80.000,,,MiniBoo,Team Heretics,raze,True,100,,0,0,1,3,False,RieNs,Team Heretics,fade,True,100,,0,0,1,3,False,Boo,Team Heretics,omen,True,100,,2,1,1,1,False,benjyfishy,Team Heretics,deadlock,True,100,,1,0,1,2,False,Wo0t,Team Heretics,chamber,True,100,,0,7,1,1,False,grubinho,GIANTX,omen,True,100,25,1,1,1,3,False,ara,GIANTX,raze,True,100,25,1,1,1,1,False,Cloud,GIANTX,fade,True,100,25,1,1,0,3,False,Flickless,GIANTX,viper,True,100,25,1,1,0,1,False,westside,GIANTX,cypher,True,100,25,0,0,0,1,False
172.606,740,ACTIVE_ROUND,2,0,1,80.000,,,MiniBoo,Team Heretics,raze,True,100,,0,0,1,3,False,RieNs,Team Heretics,fade,True,100,,0,0,1,3,False,Boo,Team Heretics,omen,True,100,,2,1,1,1,False,benjyfishy,Team Heretics,deadlock,True,100,,1,0,1,2,False,Wo0t,Team Heretics,chamber,True,100,,0,7,1,1,False,grubinho,GIANTX,omen,True,100,25,1,1,1,3,False,ara,GIANTX,raze,True,100,25,1,1,1,1,False,Cloud,GIANTX,fade,True,100,25,1,1,0,3,False,Flickless,GIANTX,viper,True,100,25,1,1,0,1,False,westside,GIANTX,cypher,True,100,25,0,0,0,1,False
172.839,741,ACTIVE_ROUND,2,0,1,80.000,,,MiniBoo,Team Heretics,raze,True,100,,0,0,1,3,False,RieNs,Team Heretics,fade,True,100,,0,0,1,3,False,Boo,Team Heretics,omen,True,100,,2,1,1,1,False,benjyfishy,Team Heretics,deadlock,True,100,,1,0,1,2,False,Wo0t,Team Heretics,chamber,True,100,,0,7,1,1,False,grubinho,GIANTX,omen,True,100,25,1,1,1,3,False,ara,GIANTX,raze,True,100,25,1,1,1,1,False,Cloud,GIANTX,fade,True,100,25,1,1,0,3,False,Flickless,GIANTX,viper,True,100,25,1,1,0,1,False,westside,GIANTX,cypher,True,100,25,0,0,0,1,False
173.073,742,ACTIVE_ROUND,2,0,1,80.000,,,MiniBoo,Team Heretics,raze,True,100,,0,0,1,3,False,RieNs,Team Heretics,fade,True,100,,0,0,1,3,False,Boo,Team Heretics,omen,True,100,,2,1,1,1,False,benjyfishy,Team Heretics,deadlock,True,100,,1,0,1,2,False,Wo0t,Team Heretics,chamber,True,100,,0,7,1,1,False,grubinho,GIANTX,omen,True,100,25,1,1,1,3,False,ara,GIANTX,raze,True,100,25,1,1,1,1,False,Cloud,GIANTX,fade,True,100,25,1,1,0,3,False,Flickless,GIANTX,viper,True,100,25,1,1,0,1,False,westside,GIANTX,cypher,True,100,25,0,0,0,1,False
173.306,743,ACTIVE_ROUND,2,0,1,80.000,,,MiniBoo,Team Heretics,raze,True,100,,0,0,1,3,False,RieNs,Team Heretics,fade,True,100,,0,0,1,3,False,Boo,Team Heretics,omen,True,100,,2,1,1,1,False,benjyfishy,Team Heretics,deadlock,True,100,,1,0,1,2,False,Wo0t,Team Heretics,chamber,True,100,,0,7,1,1,False,grubinho,GIANTX,omen,True,100,25,1,1,1,3,False,ara,GIANTX,raze,True,100,25,1,1,1,1,False,Cloud,GIANTX,fade,True,100,25,1,1,0,3,False,Flickless,GIANTX,viper,True,100,25,1,1,0,1,False,westside,GIANTX,cypher,True,100,25,0,0,0,1,False
173.540,744,ACTIVE_ROUND,2,0,1,79.000,,,MiniBoo,Team Heretics,raze,True,100,,0,0,1,3,False,RieNs,Team Heretics,fade,True,100,,0,0,1,3,False,Boo,Team Heretics,omen,True,100,,2,1,1,1,False,benjyfishy,Team Heretics,deadlock,True,100,,1,0,1,2,False,Wo0t,Team Heretics,chamber,True,100,,0,7,1,1,False,grubinho,GIANTX,omen,True,100,25,1,1,1,3,False,ara,GIANTX,raze,True,100,25,1,1,1,1,False,Cloud,GIANTX,fade,True,100,25,1,1,0,3,False,Flickless,GIANTX,viper,True,100,25,1,1,0,1,False,westside,GIANTX,cypher,True,100,25,0,0,0,1,False
173.774,745,ACTIVE_ROUND,2,0,1,79.000,,,MiniBoo,Team Heretics,raze,True,100,,0,0,1,3,False,RieNs,Team Heretics,fade,True,100,,0,0,1,3,False,Boo,Team Heretics,omen,True,100,,2,1,1,1,False,benjyfishy,Team Heretics,deadlock,True,100,,1,0,1,2,False,Wo0t,Team Heretics,chamber,True,100,,0,7,1,1,False,grubinho,GIANTX,omen,True,100,25,1,1,1,3,False,ara,GIANTX,raze,True,100,25,1,1,1,1,False,Cloud,GIANTX,fade,True,100,25,1,1,0,3,False,Flickless,GIANTX,viper,True,100,25,1,1,0,1,False,westside,GIANTX,cypher,True,100,25,0,0,0,1,False
174.007,746,ACTIVE_ROUND,2,0,1,79.000,,,MiniBoo,Team Heretics,raze,True,100,,0,0,1,3,False,RieNs,Team Heretics,fade,True,100,,0,0,1,3,False,Boo,Team Heretics,omen,True,100,,2,1,1,1,False,benjyfishy,Team Heretics,deadlock,True,100,,1,0,1,2,False,Wo0t,Team Heretics,chamber,True,100,,0,7,1,1,False,grubinho,GIANTX,omen,True,100,25,1,1,1,3,False,ara,GIANTX,raze,True,100,25,1,1,1,1,False,Cloud,GIANTX,fade,True,100,25,1,1,0,3,False,Flickless,GIANTX,viper,True,100,25,1,1,0,1,False,westside,GIANTX,cypher,True,100,25,0,0,0,1,False
174.241,747,ACTIVE_ROUND,2,0,1,79.000,,,MiniBoo,Team Heretics,raze,True,100,,0,0,1,3,False,RieNs,Team Heretics,fade,True,100,,0,0,1,3,False,Boo,Team Heretics,omen,True,100,,2,1,1,1,False,benjyfishy,Team Heretics,deadlock,True,100,,1,0,1,2,False,Wo0t,Team Heretics,chamber,True,100,,0,7,1,1,False,grubinho,GIANTX,omen,True,100,25,1,1,1,3,False,ara,GIANTX,raze,True,100,25,1,1,1,1,False,Cloud,GIANTX,fade,True,100,25,1,1,0,3,False,Flickless,GIANTX,viper,True,100,25,1,1,0,1,False,westside,GIANTX,cypher,True,100,25,0,0,0,1,False
174.474,748,ACTIVE_ROUND,2,0,1,78.000,,,MiniBoo,Team Heretics,raze,True,100,,0,0,1,3,False,RieNs,Team Heretics,fade,True,100,,0,0,1,3,False,Boo,Team Heretics,omen,True,100,,2,1,1,1,False,benjyfishy,Team Heretics,deadlock,True,100,,1,0,1,2,False,Wo0t,Team Heretics,chamber,True,100,,0,7,1,1,False,grubinho,GIANTX,omen,True,100,25,1,1,1,3,False,ara,GIANTX,raze,True,100,25,1,1,1,1,False,Cloud,GIANTX,fade,True,100,25,1,1,0,3,False,Flickless,GIANTX,viper,True,100,25,1,1,0,1,False,westside,GIANTX,cypher,True,100,25,0,0,0,1,False
174.708,749,ACTIVE_ROUND,2,0,1,78.000,,,MiniBoo,Team Heretics,raze,True,100,,0,0,1,3,False,RieNs,Team Heretics,fade,True,100,,0,0,1,3,False,Boo,Team Heretics,omen,True,100,,2,1,1,1,False,benjyfishy,Team Heretics,deadlock,True,100,,1,0,1,2,False,Wo0t,Team Heretics,chamber,True,100,,0,7,1,1,False,grubinho,GIANTX,omen,True,100,25,1,1,1,3,False,ara,GIANTX,raze,True,100,25,1,1,1,1,False,Cloud,GIANTX,fade,True,100,25,1,1,0,3,False,Flickless,GIANTX,viper,True,100,25,1,1,0,1,False,westside,GIANTX,cypher,True,100,25,0,0,0,1,False
174.941,750,ACTIVE_ROUND,2,0,1,78.000,,,MiniBoo,Team Heretics,raze,True,100,,0,0,1,3,False,RieNs,Team Heretics,fade,True,100,4,0,0,1,3,False,Boo,Team Heretics,omen,True,100,,2,1,1,1,False,benjyfishy,Team Heretics,deadlock,True,100,,1,0,1,2,False,Wo0t,Team Heretics,chamber,True,100,,0,7,1,1,False,grubinho,GIANTX,omen,True,100,25,1,1,1,3,False,ara,GIANTX,raze,True,100,25,1,1,1,1,False,Cloud,GIANTX,fade,True,100,25,1,1,0,3,False,Flickless,GIANTX,viper,True,100,25,1,1,0,1,False,westside,GIANTX,cypher,True,100,25,0,0,0,1,False
175.175,751,ACTIVE_ROUND,2,0,1,78.000,,,MiniBoo,Team Heretics,raze,True,100,,0,0,1,3,False,RieNs,Team Heretics,fade,True,100,4,0,0,1,3,False,Boo,Team Heretics,omen,True,100,,2,1,1,1,False,benjyfishy,Team Heretics,deadlock,True,100,,1,0,1,2,False,Wo0t,Team Heretics,chamber,True,100,,0,7,1,1,False,grubinho,GIANTX,omen,True,100,25,1,1,1,3,False,ara,GIANTX,raze,True,100,25,1,1,1,1,False,Cloud,GIANTX,fade,True,100,25,1,1,0,3,False,Flickless,GIANTX,viper,True,100,25,1,1,0,1,False,westside,GIANTX,cypher,True,100,25,0,0,0,1,False
175.409,752,ACTIVE_ROUND,2,0,1,77.000,,,MiniBoo,Team Heretics,raze,True,100,,0,0,1,3,False,RieNs,Team Heretics,fade,True,100,4,0,0,1,3,False,Boo,Team Heretics,omen,True,100,,2,1,1,1,False,benjyfishy,Team Heretics,deadlock,True,100,,1,0,1,2,False,Wo0t,Team Heretics,chamber,True,100,,0,7,1,1,False,grubinho,GIANTX,omen,True,100,25,1,1,1,3,False,ara,GIANTX,raze,True,100,25,1,1,1,1,False,Cloud,GIANTX,fade,True,100,25,1,1,0,3,False,Flickless,GIANTX,viper,True,100,25,1,1,0,1,False,westside,GIANTX,cypher,True,100,25,0,0,0,1,False
175.642,753,ACTIVE_ROUND,2,0,1,77.000,,,MiniBoo,Team Heretics,raze,True,100,,0,0,1,3,False,RieNs,Team Heretics,fade,True,100,4,0,0,1,3,False,Boo,Team Heretics,omen,True,100,,2,1,1,1,False,benjyfishy,Team Heretics,deadlock,True,100,,1,0,1,2,False,Wo0t,Team Heretics,chamber,True,100,,0,7,1,1,False,grubinho,GIANTX,omen,True,100,25,1,1,1,3,False,ara,GIANTX,raze,True,100,25,1,1,1,1,False,Cloud,GIANTX,fade,True,100,25,1,1,0,3,False,Flickless,GIANTX,viper,True,100,25,1,1,0,1,False,westside,GIANTX,cypher,True,100,25,0,0,0,1,False
175.876,754,ACTIVE_ROUND,2,0,1,77.000,,,MiniBoo,Team Heretics,raze,True,100,,0,0,1,3,False,RieNs,Team Heretics,fade,True,100,4,0,0,1,3,False,Boo,Team Heretics,omen,True,100,,2,1,1,1,False,benjyfishy,Team Heretics,deadlock,True,100,,1,0,1,2,False,Wo0t,Team Heretics,chamber,True,100,,0,7,1,1,False,grubinho,GIANTX,omen,True,100,25,1,1,1,3,False,ara,GIANTX,raze,True,100,25,1,1,1,1,False,Cloud,GIANTX,fade,True,100,25,1,1,0,3,False,Flickless,GIANTX,viper,True,100,25,1,1,0,1,False,westside,GIANTX,cypher,True,100,25,0,0,0,1,False
176.109,755,ACTIVE_ROUND,2,0,1,77.000,,,MiniBoo,Team Heretics,raze,True,100,,0,0,1,3,False,RieNs,Team Heretics,fade,True,100,4,0,0,1,3,False,Boo,Team Heretics,omen,True,100,,2,1,1,1,False,benjyfishy,Team Heretics,deadlock,True,100,,1,0,1,2,False,Wo0t,Team Heretics,chamber,True,100,,0,7,1,1,False,grubinho,GIANTX,omen,True,100,25,1,1,1,3,False,ara,GIANTX,raze,True,100,25,1,1,1,1,False,Cloud,GIANTX,fade,True,100,25,1,1,0,3,False,Flickless,GIANTX,viper,True,100,25,1,1,0,1,False,westside,GIANTX,cypher,True,100,25,0,0,0,1,False
176.343,756,ACTIVE_ROUND,2,0,1,77.000,,,MiniBoo,Team Heretics,raze,True,100,,0,0,1,3,False,RieNs,Team Heretics,fade,True,100,4,0,0,1,3,False,Boo,Team Heretics,omen,True,100,,2,1,1,1,False,benjyfishy,Team Heretics,deadlock,True,100,,1,0,1,2,False,Wo0t,Team Heretics,chamber,True,100,,0,7,1,1,False,grubinho,GIANTX,omen,True,100,25,1,1,1,3,False,ara,GIANTX,raze,True,100,25,1,1,1,1,False,Cloud,GIANTX,fade,True,100,25,1,1,0,3,False,Flickless,GIANTX,viper,True,100,25,1,1,0,1,False,westside,GIANTX,cypher,True,100,25,0,0,0,1,False
176.576,757,ACTIVE_ROUND,2,0,1,76.000,,,MiniBoo,Team Heretics,raze,True,100,,0,0,1,3,False,RieNs,Team Heretics,fade,True,100,4,0,0,1,3,False,Boo,Team Heretics,omen,True,100,,2,1,1,1,False,benjyfishy,Team Heretics,deadlock,True,100,,1,0,1,2,False,Wo0t,Team Heretics,chamber,True,100,,0,7,1,1,False,grubinho,GIANTX,omen,True,100,25,1,1,1,3,False,ara,GIANTX,raze,True,100,25,1,1,1,1,False,Cloud,GIANTX,fade,True,100,25,1,1,0,3,False,Flickless,GIANTX,viper,True,100,25,1,1,0,1,False,westside,GIANTX,cypher,True,100,25,0,0,0,1,False
176.810,758,ACTIVE_ROUND,2,0,1,76.000,,,MiniBoo,Team Heretics,raze,True,100,,0,0,1,3,False,RieNs,Team Heretics,fade,True,100,4,0,0,1,3,False,Boo,Team Heretics,omen,True,100,,2,1,1,1,False,benjyfishy,Team Heretics,deadlock,True,100,,1,0,1,2,False,Wo0t,Team Heretics,chamber,True,100,,0,7,1,1,False,grubinho,GIANTX,omen,True,100,25,1,1,1,3,False,ara,GIANTX,raze,True,100,25,1,1,1,1,False,Cloud,GIANTX,fade,True,100,25,1,1,0,3,False,Flickless,GIANTX,viper,True,100,25,1,1,0,1,False,westside,GIANTX,cypher,True,100,25,0,0,0,1,False
177.044,759,ACTIVE_ROUND,2,0,1,76.000,,,MiniBoo,Team Heretics,raze,True,100,,0,0,1,3,False,RieNs,Team Heretics,fade,True,100,4,0,0,1,3,False,Boo,Team Heretics,omen,True,100,,2,1,1,1,False,benjyfishy,Team Heretics,deadlock,True,100,,1,0,1,2,False,Wo0t,Team Heretics,chamber,True,100,,0,7,1,1,False,grubinho,GIANTX,omen,True,100,25,1,1,1,3,False,ara,GIANTX,raze,True,100,25,1,1,1,1,False,Cloud,GIANTX,fade,True,100,25,1,1,0,3,False,Flickless,GIANTX,viper,True,100,25,1,1,0,1,False,westside,GIANTX,cypher,True,100,25,0,0,0,1,False
177.277,760,ACTIVE_ROUND,2,0,1,76.000,,,MiniBoo,Team Heretics,raze,True,100,,0,0,1,3,False,RieNs,Team Heretics,fade,True,100,4,0,0,1,3,False,Boo,Team Heretics,omen,True,100,,2,1,1,1,False,benjyfishy,Team Heretics,deadlock,True,100,,1,0,1,2,False,Wo0t,Team Heretics,chamber,True,100,,0,7,1,1,False,grubinho,GIANTX,omen,True,100,25,1,1,1,3,False,ara,GIANTX,raze,True,100,25,1,1,1,1,False,Cloud,GIANTX,fade,True,100,25,1,1,0,3,False,Flickless,GIANTX,viper,True,100,25,1,1,0,1,False,westside,GIANTX,cypher,True,100,25,0,0,0,1,False
177.511,761,ACTIVE_ROUND,2,0,1,75.000,,,MiniBoo,Team Heretics,raze,True,100,,0,0,1,3,False,RieNs,Team Heretics,fade,True,100,4,0,0,1,3,False,Boo,Team Heretics,omen,True,100,,2,1,1,1,False,benjyfishy,Team Heretics,deadlock,True,100,,1,0,1,2,False,Wo0t,Team Heretics,chamber,True,100,,0,7,1,1,False,grubinho,GIANTX,omen,True,100,25,1,1,1,3,False,ara,GIANTX,raze,True,100,25,1,1,1,1,False,Cloud,GIANTX,fade,True,100,25,1,1,0,3,False,Flickless,GIANTX,viper,True,100,25,1,1,0,1,False,westside,GIANTX,cypher,True,100,25,0,0,0,1,False
177.744,762,ACTIVE_ROUND,2,0,1,75.000,,,MiniBoo,Team Heretics,raze,True,100,,0,0,1,3,False,RieNs,Team Heretics,fade,True,100,4,0,0,1,3,False,Boo,Team Heretics,omen,True,100,,2,1,1,1,False,benjyfishy,Team Heretics,deadlock,True,100,,1,0,1,2,False,Wo0t,Team Heretics,chamber,True,100,,0,7,1,1,False,grubinho,GIANTX,omen,True,100,25,1,1,1,3,False,ara,GIANTX,raze,True,100,25,1,1,1,1,False,Cloud,GIANTX,fade,True,100,25,1,1,0,3,False,Flickless,GIANTX,viper,True,100,25,1,1,0,1,False,westside,GIANTX,cypher,True,100,25,0,0,0,1,False
177.978,763,ACTIVE_ROUND,2,0,1,75.000,,,MiniBoo,Team Heretics,raze,True,100,,0,0,1,3,False,RieNs,Team Heretics,fade,True,100,4,0,0,1,3,False,Boo,Team Heretics,omen,True,100,,2,1,1,1,False,benjyfishy,Team Heretics,deadlock,True,100,,1,0,1,2,False,Wo0t,Team Heretics,chamber,True,100,,0,7,1,1,False,grubinho,GIANTX,omen,True,100,25,1,1,1,3,False,ara,GIANTX,raze,True,100,25,1,1,1,1,False,Cloud,GIANTX,fade,True,100,25,1,1,0,3,False,Flickless,GIANTX,viper,True,100,25,1,1,0,1,False,westside,GIANTX,cypher,True,100,25,0,0,0,1,False
178.211,764,ACTIVE_ROUND,2,0,1,75.000,,,MiniBoo,Team Heretics,raze,True,100,,0,0,1,3,False,RieNs,Team Heretics,fade,True,100,4,0,0,1,3,False,Boo,Team Heretics,omen,True,100,,2,1,1,1,False,benjyfishy,Team Heretics,deadlock,True,100,,1,0,1,2,False,Wo0t,Team Heretics,chamber,True,100,,0,7,1,1,False,grubinho,GIANTX,omen,True,100,25,1,1,1,3,False,ara,GIANTX,raze,True,100,25,1,1,1,1,False,Cloud,GIANTX,fade,True,100,25,1,1,0,3,False,Flickless,GIANTX,viper,True,100,25,1,1,0,1,False,westside,GIANTX,cypher,True,100,25,0,0,0,1,False
178.445,765,ACTIVE_ROUND,2,0,1,74.000,,,MiniBoo,Team Heretics,raze,True,100,,0,0,1,3,False,RieNs,Team Heretics,fade,True,100,4,0,0,1,3,False,Boo,Team Heretics,omen,True,100,,2,1,1,1,False,benjyfishy,Team Heretics,deadlock,True,100,,1,0,1,2,False,Wo0t,Team Heretics,chamber,True,100,,0,7,1,1,False,grubinho,GIANTX,omen,True,100,25,1,1,1,3,False,ara,GIANTX,raze,True,100,25,1,1,1,1,False,Cloud,GIANTX,fade,True,100,25,1,1,0,3,False,Flickless,GIANTX,viper,True,100,25,1,1,0,1,False,westside,GIANTX,cypher,True,100,25,0,0,0,1,False
178.679,766,ACTIVE_ROUND,2,0,1,74.000,,,MiniBoo,Team Heretics,raze,True,100,,0,0,1,3,False,RieNs,Team Heretics,fade,True,100,4,0,0,1,3,False,Boo,Team Heretics,omen,True,100,,2,1,1,1,False,benjyfishy,Team Heretics,deadlock,True,100,,1,0,1,2,False,Wo0t,Team Heretics,chamber,True,100,,0,7,1,1,False,grubinho,GIANTX,omen,True,100,25,1,1,1,3,False,ara,GIANTX,raze,True,100,25,1,1,1,1,False,Cloud,GIANTX,fade,True,100,25,1,1,0,3,False,Flickless,GIANTX,viper,True,100,25,1,1,0,1,False,westside,GIANTX,cypher,True,100,25,0,0,0,1,False
178.912,767,ACTIVE_ROUND,2,0,1,74.000,,,MiniBoo,Team Heretics,raze,True,100,,0,0,1,3,False,RieNs,Team Heretics,fade,True,100,4,0,0,1,3,False,Boo,Team Heretics,omen,True,100,,2,1,1,1,False,benjyfishy,Team Heretics,deadlock,True,100,,1,0,1,2,False,Wo0t,Team Heretics,chamber,True,100,,0,7,1,1,False,grubinho,GIANTX,omen,True,100,25,1,1,1,3,False,ara,GIANTX,raze,True,100,25,1,1,1,1,False,Cloud,GIANTX,fade,True,100,25,1,1,0,3,False,Flickless,GIANTX,viper,True,100,25,1,1,0,1,False,westside,GIANTX,cypher,True,100,25,0,0,0,1,False
179.146,768,ACTIVE_ROUND,2,0,1,74.000,,,MiniBoo,Team Heretics,raze,True,100,,0,0,1,3,False,RieNs,Team Heretics,fade,True,100,4,0,0,1,3,False,Boo,Team Heretics,omen,True,100,,2,1,1,1,False,benjyfishy,Team Heretics,deadlock,True,100,,1,0,1,2,False,Wo0t,Team Heretics,chamber,True,100,,0,7,1,1,False,grubinho,GIANTX,omen,True,100,25,1,1,1,3,False,ara,GIANTX,raze,True,100,25,1,1,1,1,False,Cloud,GIANTX,fade,True,100,25,1,1,0,3,False,Flickless,GIANTX,viper,True,100,25,1,1,0,1,False,westside,GIANTX,cypher,True,100,25,0,0,0,1,False
179.379,769,ACTIVE_ROUND,2,0,1,73.000,,,MiniBoo,Team Heretics,raze,True,100,,0,0,1,3,False,RieNs,Team Heretics,fade,True,100,4,0,0,1,3,False,Boo,Team Heretics,omen,True,100,,2,1,1,1,False,benjyfishy,Team Heretics,deadlock,True,100,,1,0,1,2,False,Wo0t,Team Heretics,chamber,True,100,,0,7,1,1,False,grubinho,GIANTX,omen,True,100,25,1,1,1,3,False,ara,GIANTX,raze,True,100,25,1,1,1,1,False,Cloud,GIANTX,fade,True,100,25,1,1,0,3,False,Flickless,GIANTX,viper,True,100,25,1,1,0,1,False,westside,GIANTX,cypher,True,100,25,0,0,0,1,False
179.613,770,ACTIVE_ROUND,2,0,1,73.000,,,MiniBoo,Team Heretics,raze,True,100,,0,0,1,3,False,RieNs,Team Heretics,fade,True,100,4,0,0,1,3,False,Boo,Team Heretics,omen,True,100,,2,1,1,1,False,benjyfishy,Team Heretics,deadlock,True,100,,1,0,1,2,False,Wo0t,Team Heretics,chamber,True,100,,0,7,1,1,False,grubinho,GIANTX,omen,True,100,25,1,1,1,3,False,ara,GIANTX,raze,True,100,25,1,1,1,1,False,Cloud,GIANTX,fade,True,100,25,1,1,0,3,False,Flickless,GIANTX,viper,True,100,25,1,1,0,1,False,westside,GIANTX,cypher,True,100,25,0,0,0,1,False
179.846,771,ACTIVE_ROUND,2,0,1,73.000,,,MiniBoo,Team Heretics,raze,True,100,,0,0,1,3,False,RieNs,Team Heretics,fade,True,100,4,0,0,1,3,False,Boo,Team Heretics,omen,True,100,,2,1,1,1,False,benjyfishy,Team Heretics,deadlock,True,100,,1,0,1,2,False,Wo0t,Team Heretics,chamber,True,100,,0,7,1,1,False,grubinho,GIANTX,omen,True,100,25,1,1,1,3,False,ara,GIANTX,raze,True,100,25,1,1,1,1,False,Cloud,GIANTX,fade,True,100,25,1,1,0,3,False,Flickless,GIANTX,viper,True,100,25,1,1,0,1,False,westside,GIANTX,cypher,True,100,25,0,0,0,1,False
180.080,772,ACTIVE_ROUND,2,0,1,73.000,,,MiniBoo,Team Heretics,raze,True,100,,0,0,1,3,False,RieNs,Team Heretics,fade,True,100,4,0,0,1,3,False,Boo,Team Heretics,omen,True,100,,2,1,1,1,False,benjyfishy,Team Heretics,deadlock,True,100,,1,0,1,2,False,Wo0t,Team Heretics,chamber,True,100,,0,7,1,1,False,grubinho,GIANTX,omen,True,100,25,1,1,1,3,False,ara,GIANTX,raze,True,100,25,1,1,1,1,False,Cloud,GIANTX,fade,True,100,25,1,1,0,3,False,Flickless,GIANTX,viper,True,100,25,1,1,0,1,False,westside,GIANTX,cypher,True,100,25,0,0,0,1,False
180.313,773,ACTIVE_ROUND,2,0,1,72.000,,,MiniBoo,Team Heretics,raze,True,100,,0,0,1,3,False,RieNs,Team Heretics,fade,True,100,4,0,0,1,3,False,Boo,Team Heretics,omen,True,100,,2,1,1,1,False,benjyfishy,Team Heretics,deadlock,True,100,,1,0,1,2,False,Wo0t,Team Heretics,chamber,True,100,,0,7,1,1,False,grubinho,GIANTX,omen,True,100,25,1,1,1,3,False,ara,GIANTX,raze,True,100,25,1,1,1,1,False,Cloud,GIANTX,fade,True,100,25,1,1,0,3,False,Flickless,GIANTX,viper,True,100,25,1,1,0,1,False,westside,GIANTX,cypher,True,100,25,0,0,0,1,False
180.547,774,ACTIVE_ROUND,2,0,1,72.000,,,MiniBoo,Team Heretics,raze,True,100,,0,0,1,3,False,RieNs,Team Heretics,fade,True,100,4,0,0,1,3,False,Boo,Team Heretics,omen,True,100,,2,1,1,1,False,benjyfishy,Team Heretics,deadlock,True,100,,1,0,1,2,False,Wo0t,Team Heretics,chamber,True,100,,0,7,1,1,False,grubinho,GIANTX,omen,True,100,25,1,1,1,3,False,ara,GIANTX,raze,True,100,25,1,1,1,1,False,Cloud,GIANTX,fade,True,100,25,1,1,0,3,False,Flickless,GIANTX,viper,True,100,25,1,1,0,1,False,westside,GIANTX,cypher,True,100,25,0,0,0,1,False
180.781,775,ACTIVE_ROUND,2,0,1,72.000,,,MiniBoo,Team Heretics,raze,True,100,,0,0,1,3,False,RieNs,Team Heretics,fade,True,100,4,0,0,1,3,False,Boo,Team Heretics,omen,True,100,,2,1,1,1,False,benjyfishy,Team Heretics,deadlock,True,100,,1,0,1,2,False,Wo0t,Team Heretics,chamber,True,100,,0,7,1,1,False,grubinho,GIANTX,omen,True,100,25,1,1,1,3,False,ara,GIANTX,raze,True,100,25,1,1,1,1,False,Cloud,GIANTX,fade,True,100,25,1,1,0,3,False,Flickless,GIANTX,viper,True,100,25,1,1,0,1,False,westside,GIANTX,cypher,True,100,25,0,0,0,1,False
181.014,776,ACTIVE_ROUND,2,0,1,72.000,,,MiniBoo,Team Heretics,raze,True,100,,0,0,1,3,False,RieNs,Team Heretics,fade,True,100,4,0,0,1,3,False,Boo,Team Heretics,omen,True,100,,2,1,1,1,False,benjyfishy,Team Heretics,deadlock,True,100,,1,0,1,2,False,Wo0t,Team Heretics,chamber,True,100,,0,7,1,1,False,grubinho,GIANTX,omen,True,100,25,1,1,1,3,False,ara,GIANTX,raze,True,100,25,1,1,1,1,False,Cloud,GIANTX,fade,True,100,25,1,1,0,3,False,Flickless,GIANTX,viper,True,100,25,1,1,0,1,False,westside,GIANTX,cypher,True,100,25,0,0,0,1,False
181.248,777,ACTIVE_ROUND,2,0,1,72.000,,,MiniBoo,Team Heretics,raze,True,100,,0,0,1,3,False,RieNs,Team Heretics,fade,True,100,4,0,0,1,3,False,Boo,Team Heretics,omen,True,100,,2,1,1,1,False,benjyfishy,Team Heretics,deadlock,True,100,,1,0,1,2,False,Wo0t,Team Heretics,chamber,True,100,,0,7,1,1,False,grubinho,GIANTX,omen,True,100,25,1,1,1,3,False,ara,GIANTX,raze,True,100,25,1,1,1,1,False,Cloud,GIANTX,fade,True,100,25,1,1,0,3,False,Flickless,GIANTX,viper,True,100,25,1,1,0,1,False,westside,GIANTX,cypher,True,100,25,0,0,0,1,False
181.481,778,ACTIVE_ROUND,2,0,1,71.000,,,MiniBoo,Team Heretics,raze,True,100,,0,0,1,3,False,RieNs,Team Heretics,fade,True,100,4,0,0,1,3,False,Boo,Team Heretics,omen,True,100,,2,1,1,1,False,benjyfishy,Team Heretics,deadlock,True,100,,1,0,1,2,False,Wo0t,Team Heretics,chamber,True,100,,0,7,1,1,False,grubinho,GIANTX,omen,True,100,25,1,1,1,3,False,ara,GIANTX,raze,True,100,25,1,1,1,1,False,Cloud,GIANTX,fade,True,100,25,1,1,0,3,False,Flickless,GIANTX,viper,True,100,25,1,1,0,1,False,westside,GIANTX,cypher,True,100,25,0,0,0,1,False
181.715,779,ACTIVE_ROUND,2,0,1,71.000,,,MiniBoo,Team Heretics,raze,True,100,,0,0,1,3,False,RieNs,Team Heretics,fade,True,100,4,0,0,1,3,False,Boo,Team Heretics,omen,True,100,,2,1,1,1,False,benjyfishy,Team Heretics,deadlock,True,100,,1,0,1,2,False,Wo0t,Team Heretics,chamber,True,100,,0,7,1,1,False,grubinho,GIANTX,omen,True,100,25,1,1,1,3,False,ara,GIANTX,raze,True,100,25,1,1,1,1,False,Cloud,GIANTX,fade,True,100,25,1,1,0,3,False,Flickless,GIANTX,viper,True,100,25,1,1,0,1,False,westside,GIANTX,cypher,True,100,25,0,0,0,1,False
181.948,780,ACTIVE_ROUND,2,0,1,71.000,,,MiniBoo,Team Heretics,raze,True,100,,0,0,1,3,False,RieNs,Team Heretics,fade,True,100,4,0,0,1,3,False,Boo,Team Heretics,omen,True,100,,2,1,1,1,False,benjyfishy,Team Heretics,deadlock,True,100,,1,0,1,2,False,Wo0t,Team Heretics,chamber,True,100,,0,7,1,1,False,grubinho,GIANTX,omen,True,100,25,1,1,1,3,False,ara,GIANTX,raze,True,100,25,1,1,1,1,False,Cloud,GIANTX,fade,True,100,25,1,1,0,3,False,Flickless,GIANTX,viper,True,100,25,1,1,0,1,False,westside,GIANTX,cypher,True,100,25,0,0,0,1,False
182.182,781,ACTIVE_ROUND,2,0,1,71.000,,,MiniBoo,Team Heretics,raze,True,100,,0,0,1,3,False,RieNs,Team Heretics,fade,True,100,4,0,0,1,3,False,Boo,Team Heretics,omen,True,100,,2,1,1,1,False,benjyfishy,Team Heretics,deadlock,True,100,,1,0,1,2,False,Wo0t,Team Heretics,chamber,True,100,,0,7,1,1,False,grubinho,GIANTX,omen,True,100,25,1,1,1,3,False,ara,GIANTX,raze,True,100,25,1,1,1,1,False,Cloud,GIANTX,fade,True,100,25,1,1,0,3,False,Flickless,GIANTX,viper,True,100,25,1,1,0,1,False,westside,GIANTX,cypher,True,100,25,0,0,0,1,False
182.416,782,ACTIVE_ROUND,2,0,1,70.000,,,MiniBoo,Team Heretics,raze,True,100,,0,0,1,3,False,RieNs,Team Heretics,fade,True,100,4,0,0,1,3,False,Boo,Team Heretics,omen,True,100,,2,1,1,1,False,benjyfishy,Team Heretics,deadlock,True,100,,1,0,1,2,False,Wo0t,Team Heretics,chamber,True,100,,0,7,1,1,False,grubinho,GIANTX,omen,True,100,25,1,1,1,3,False,ara,GIANTX,raze,True,100,25,1,1,1,1,False,Cloud,GIANTX,fade,True,100,25,1,1,0,3,False,Flickless,GIANTX,viper,True,100,25,1,1,0,1,False,westside,GIANTX,cypher,True,100,25,0,0,0,1,False
182.649,783,ACTIVE_ROUND,2,0,1,70.000,,,MiniBoo,Team Heretics,raze,True,100,,0,0,1,3,False,RieNs,Team Heretics,fade,True,100,4,0,0,1,3,False,Boo,Team Heretics,omen,True,100,,2,1,1,1,False,benjyfishy,Team Heretics,deadlock,True,100,,1,0,1,2,False,Wo0t,Team Heretics,chamber,True,100,,0,7,1,1,False,grubinho,GIANTX,omen,True,100,25,1,1,1,3,False,ara,GIANTX,raze,True,100,25,1,1,1,1,False,Cloud,GIANTX,fade,True,100,25,1,1,0,3,False,Flickless,GIANTX,viper,True,100,25,1,1,0,1,False,westside,GIANTX,cypher,True,100,25,0,0,0,1,False
182.883,784,ACTIVE_ROUND,2,0,1,70.000,,,MiniBoo,Team Heretics,raze,True,100,,0,0,1,3,False,RieNs,Team Heretics,fade,True,100,4,0,0,1,3,False,Boo,Team Heretics,omen,True,100,,2,1,1,1,False,benjyfishy,Team Heretics,deadlock,True,100,,1,0,1,2,False,Wo0t,Team Heretics,chamber,True,100,,0,7,1,1,False,grubinho,GIANTX,omen,True,100,25,1,1,1,3,False,ara,GIANTX,raze,True,100,25,1,1,1,1,False,Cloud,GIANTX,fade,True,100,25,1,1,0,3,False,Flickless,GIANTX,viper,True,100,25,1,1,0,1,False,westside,GIANTX,cypher,True,100,25,0,0,0,1,False
183.116,785,ACTIVE_ROUND,2,0,1,70.000,,,MiniBoo,Team Heretics,raze,True,100,,0,0,1,3,False,RieNs,Team Heretics,fade,True,100,4,0,0,1,3,False,Boo,Team Heretics,omen,True,100,,2,1,1,1,False,benjyfishy,Team Heretics,deadlock,True,100,,1,0,1,2,False,Wo0t,Team Heretics,chamber,True,100,,0,7,1,1,False,grubinho,GIANTX,omen,True,100,25,1,1,1,3,False,ara,GIANTX,raze,True,100,25,1,1,1,1,False,Cloud,GIANTX,fade,True,100,25,1,1,0,3,False,Flickless,GIANTX,viper,True,100,25,1,1,0,1,False,westside,GIANTX,cypher,True,100,25,0,0,0,1,False
183.350,786,ACTIVE_ROUND,2,0,1,70.000,,,MiniBoo,Team Heretics,raze,True,100,,0,0,1,3,False,RieNs,Team Heretics,fade,True,100,4,0,0,1,3,False,Boo,Team Heretics,omen,True,100,,2,1,1,1,False,benjyfishy,Team Heretics,deadlock,True,100,,1,0,1,2,False,Wo0t,Team Heretics,chamber,True,100,,0,7,1,1,False,grubinho,GIANTX,omen,True,100,25,1,1,1,3,False,ara,GIANTX,raze,True,100,25,1,1,1,1,False,Cloud,GIANTX,fade,True,100,25,1,1,0,3,False,Flickless,GIANTX,viper,True,100,25,1,1,0,1,False,westside,GIANTX,cypher,True,100,25,0,0,0,1,False
183.583,787,ACTIVE_ROUND,2,0,1,69.000,,,MiniBoo,Team Heretics,raze,True,100,,0,0,1,3,False,RieNs,Team Heretics,fade,True,100,4,0,0,1,3,False,Boo,Team Heretics,omen,True,100,,2,1,1,1,False,benjyfishy,Team Heretics,deadlock,True,100,,1,0,1,2,False,Wo0t,Team Heretics,chamber,True,100,,0,7,1,1,False,grubinho,GIANTX,omen,True,100,25,1,1,1,3,False,ara,GIANTX,raze,True,100,25,1,1,1,1,False,Cloud,GIANTX,fade,True,100,25,1,1,0,3,False,Flickless,GIANTX,viper,True,100,25,1,1,0,1,False,westside,GIANTX,cypher,True,100,25,0,0,0,1,False
183.817,788,ACTIVE_ROUND,2,0,1,69.000,,,MiniBoo,Team Heretics,raze,True,100,,0,0,1,3,False,RieNs,Team Heretics,fade,True,100,4,0,0,1,3,False,Boo,Team Heretics,omen,True,100,,2,1,1,1,False,benjyfishy,Team Heretics,deadlock,True,100,,1,0,1,2,False,Wo0t,Team Heretics,chamber,True,100,,0,7,1,1,False,grubinho,GIANTX,omen,True,100,25,1,1,2,3,False,ara,GIANTX,raze,True,100,25,1,1,1,1,False,Cloud,GIANTX,fade,True,100,25,1,1,0,3,False,Flickless,GIANTX,viper,True,100,25,1,1,0,1,False,westside,GIANTX,cypher,True,100,25,0,0,0,1,False
184.051,789,ACTIVE_ROUND,2,0,1,69.000,,,MiniBoo,Team Heretics,raze,True,100,,0,0,1,3,False,RieNs,Team Heretics,fade,True,100,4,0,0,1,3,False,Boo,Team Heretics,omen,True,100,,2,1,1,1,False,benjyfishy,Team Heretics,deadlock,True,100,,1,0,1,2,False,Wo0t,Team Heretics,chamber,True,100,,0,7,1,1,False,grubinho,GIANTX,omen,True,100,25,1,1,2,3,False,ara,GIANTX,raze,True,100,25,1,1,1,1,False,Cloud,GIANTX,fade,True,100,25,1,1,0,3,False,Flickless,GIANTX,viper,True,100,25,1,1,0,1,False,westside,GIANTX,cypher,True,100,25,0,0,0,1,False
184.284,790,ACTIVE_ROUND,2,0,1,69.000,,,MiniBoo,Team Heretics,raze,True,100,,0,0,1,3,False,RieNs,Team Heretics,fade,True,100,4,0,0,1,3,False,Boo,Team Heretics,omen,True,100,,2,1,1,1,False,benjyfishy,Team Heretics,deadlock,True,100,,1,0,1,2,False,Wo0t,Team Heretics,chamber,True,100,,0,7,1,1,False,grubinho,GIANTX,omen,True,100,25,1,1,2,3,False,ara,GIANTX,raze,True,100,25,1,1,1,1,False,Cloud,GIANTX,fade,True,100,25,1,1,0,3,False,Flickless,GIANTX,viper,True,100,25,1,1,0,1,False,westside,GIANTX,cypher,True,100,25,0,0,0,1,False
184.518,791,ACTIVE_ROUND,2,0,1,68.000,,,MiniBoo,Team Heretics,raze,True,100,,0,0,1,3,False,RieNs,Team Heretics,fade,True,100,4,0,0,1,3,False,Boo,Team Heretics,omen,True,100,,2,1,1,1,False,benjyfishy,Team Heretics,deadlock,True,100,,1,0,1,2,False,Wo0t,Team Heretics,chamber,True,100,,0,7,1,1,False,grubinho,GIANTX,omen,True,100,25,1,1,2,3,False,ara,GIANTX,raze,True,100,25,1,1,1,1,False,Cloud,GIANTX,fade,True,100,25,1,1,0,3,False,Flickless,GIANTX,viper,True,100,25,1,1,0,1,False,westside,GIANTX,cypher,True,100,25,0,0,0,1,False
184.751,792,ACTIVE_ROUND,2,0,1,68.000,,,MiniBoo,Team Heretics,raze,True,100,,0,0,1,3,False,RieNs,Team Heretics,fade,True,100,4,0,0,1,3,False,Boo,Team Heretics,omen,True,100,,2,1,1,1,False,benjyfishy,Team Heretics,deadlock,True,100,,1,0,1,2,False,Wo0t,Team Heretics,chamber,True,100,,0,7,1,1,False,grubinho,GIANTX,omen,True,100,25,1,1,2,3,False,ara,GIANTX,raze,True,100,25,1,1,1,1,False,Cloud,GIANTX,fade,True,100,25,1,1,0,3,False,Flickless,GIANTX,viper,True,100,25,1,1,0,1,False,westside,GIANTX,cypher,True,100,25,0,0,0,1,False
184.985,793,ACTIVE_ROUND,2,0,1,68.000,,,MiniBoo,Team Heretics,raze,True,100,,0,0,1,3,False,RieNs,Team Heretics,fade,True,100,4,0,0,1,3,False,Boo,Team Heretics,omen,True,100,,2,1,0,1,False,benjyfishy,Team Heretics,deadlock,True,100,,1,0,1,2,False,Wo0t,Team Heretics,chamber,True,100,,0,7,1,1,False,grubinho,GIANTX,omen,True,100,25,1,1,2,3,False,ara,GIANTX,raze,True,100,25,1,1,1,1,False,Cloud,GIANTX,fade,True,100,25,1,1,0,3,False,Flickless,GIANTX,viper,True,100,25,1,1,0,1,False,westside,GIANTX,cypher,True,100,25,0,0,0,1,False
185.218,794,ACTIVE_ROUND,2,0,1,68.000,,,MiniBoo,Team Heretics,raze,True,100,,0,0,1,3,False,RieNs,Team Heretics,fade,True,100,4,0,0,1,3,False,Boo,Team Heretics,omen,True,100,,2,1,0,1,False,benjyfishy,Team Heretics,deadlock,True,100,,1,0,1,2,False,Wo0t,Team Heretics,chamber,True,100,,0,7,1,1,False,grubinho,GIANTX,omen,True,100,25,1,1,2,3,False,ara,GIANTX,raze,True,100,25,1,1,1,1,False,Cloud,GIANTX,fade,True,100,25,1,1,0,3,False,Flickless,GIANTX,viper,True,100,25,1,1,0,1,False,westside,GIANTX,cypher,True,100,25,0,0,0,1,False
185.452,795,ACTIVE_ROUND,2,0,1,67.000,,,MiniBoo,Team Heretics,raze,True,100,,0,0,1,3,False,RieNs,Team Heretics,fade,True,100,4,0,0,1,3,False,Boo,Team Heretics,omen,True,100,,2,1,0,1,False,benjyfishy,Team Heretics,deadlock,True,100,,1,0,1,2,False,Wo0t,Team Heretics,chamber,True,100,,0,7,1,1,False,grubinho,GIANTX,omen,True,100,25,1,1,2,3,False,ara,GIANTX,raze,True,100,25,1,1,1,1,False,Cloud,GIANTX,fade,True,100,25,1,1,0,3,False,Flickless,GIANTX,viper,True,100,25,1,1,0,1,False,westside,GIANTX,cypher,True,100,25,0,0,0,1,False
185.685,796,ACTIVE_ROUND,2,0,1,67.000,,,MiniBoo,Team Heretics,raze,True,100,,0,0,1,3,False,RieNs,Team Heretics,fade,True,100,4,0,0,1,3,False,Boo,Team Heretics,omen,True,100,,2,1,0,1,False,benjyfishy,Team Heretics,deadlock,True,100,,1,0,1,2,False,Wo0t,Team Heretics,chamber,True,100,,0,7,1,1,False,grubinho,GIANTX,omen,True,100,25,1,1,2,3,False,ara,GIANTX,raze,True,100,25,1,1,1,1,False,Cloud,GIANTX,fade,True,100,25,1,1,0,3,False,Flickless,GIANTX,viper,True,100,25,1,1,0,1,False,westside,GIANTX,cypher,True,100,25,0,0,0,1,False
185.919,797,ACTIVE_ROUND,2,0,1,67.000,,,MiniBoo,Team Heretics,raze,True,100,,0,0,1,3,False,RieNs,Team Heretics,fade,True,100,4,0,0,1,3,False,Boo,Team Heretics,omen,True,100,,2,1,0,1,False,benjyfishy,Team Heretics,deadlock,True,100,,1,0,1,2,False,Wo0t,Team Heretics,chamber,True,100,,0,7,1,1,False,grubinho,GIANTX,omen,True,100,25,1,1,2,3,False,ara,GIANTX,raze,True,100,25,1,1,1,1,False,Cloud,GIANTX,fade,True,100,25,1,1,0,3,False,Flickless,GIANTX,viper,True,100,25,1,1,0,1,False,westside,GIANTX,cypher,True,100,25,0,0,0,1,False
186.153,798,ACTIVE_ROUND,2,0,1,67.000,,,MiniBoo,Team Heretics,raze,True,100,,0,0,1,3,False,RieNs,Team Heretics,fade,True,100,4,0,0,1,3,False,Boo,Team Heretics,omen,True,100,,2,1,0,1,False,benjyfishy,Team Heretics,deadlock,True,100,,1,0,1,2,False,Wo0t,Team Heretics,chamber,True,100,,0,7,1,1,False,grubinho,GIANTX,omen,True,100,25,1,1,2,3,False,ara,GIANTX,raze,True,100,25,1,1,1,1,False,Cloud,GIANTX,fade,True,100,25,1,1,0,3,False,Flickless,GIANTX,viper,True,100,25,1,1,0,1,False,westside,GIANTX,cypher,True,100,25,0,0,0,1,False
186.386,799,ACTIVE_ROUND,2,0,1,66.000,,,MiniBoo,Team Heretics,raze,True,100,,0,0,1,3,False,RieNs,Team Heretics,fade,True,100,4,0,0,1,3,False,Boo,Team Heretics,omen,True,100,,2,1,0,1,False,benjyfishy,Team Heretics,deadlock,True,100,,1,0,1,2,False,Wo0t,Team Heretics,chamber,True,100,,0,7,1,1,False,grubinho,GIANTX,omen,True,100,25,1,1,2,3,False,ara,GIANTX,raze,True,100,25,1,1,1,1,False,Cloud,GIANTX,fade,True,100,25,1,1,0,3,False,Flickless,GIANTX,viper,True,100,25,1,1,0,1,False,westside,GIANTX,cypher,True,100,25,0,0,0,1,False
186.620,800,ACTIVE_ROUND,2,0,1,66.000,,,MiniBoo,Team Heretics,raze,True,100,,0,0,1,3,False,RieNs,Team Heretics,fade,True,100,4,0,0,1,3,False,Boo,Team Heretics,omen,True,100,,2,1,0,1,False,benjyfishy,Team Heretics,deadlock,True,100,,1,0,1,2,False,Wo0t,Team Heretics,chamber,True,100,,0,7,1,1,False,grubinho,GIANTX,omen,True,100,25,1,1,2,3,False,ara,GIANTX,raze,True,100,25,1,1,1,1,False,Cloud,GIANTX,fade,True,100,25,1,1,0,3,False,Flickless,GIANTX,viper,True,100,25,1,1,0,1,False,westside,GIANTX,cypher,True,100,25,0,0,0,1,False
186.853,801,ACTIVE_ROUND,2,0,1,66.000,,,MiniBoo,Team Heretics,raze,True,100,,0,0,1,3,False,RieNs,Team Heretics,fade,True,100,4,0,0,1,3,False,Boo,Team Heretics,omen,True,100,,2,1,0,1,False,benjyfishy,Team Heretics,deadlock,True,100,,1,0,1,2,False,Wo0t,Team Heretics,chamber,True,100,,0,7,1,1,False,grubinho,GIANTX,omen,True,100,25,1,1,1,3,False,ara,GIANTX,raze,True,100,25,0,1,1,1,False,Cloud,GIANTX,fade,True,100,25,1,1,0,3,False,Flickless,GIANTX,viper,True,100,25,1,1,0,1,False,westside,GIANTX,cypher,True,100,25,0,0,0,1,False
187.087,802,ACTIVE_ROUND,2,0,1,66.000,,,MiniBoo,Team Heretics,raze,True,100,,0,0,1,3,False,RieNs,Team Heretics,fade,True,100,4,0,0,1,3,False,Boo,Team Heretics,omen,True,100,,2,1,0,1,False,benjyfishy,Team Heretics,deadlock,True,100,,1,0,1,2,False,Wo0t,Team Heretics,chamber,True,100,,0,7,1,1,False,grubinho,GIANTX,omen,True,100,25,1,1,1,3,False,ara,GIANTX,raze,True,100,25,0,1,1,1,False,Cloud,GIANTX,fade,True,100,25,1,1,0,3,False,Flickless,GIANTX,viper,True,100,25,1,1,0,1,False,westside,GIANTX,cypher,True,100,25,0,0,0,1,False
187.320,803,ACTIVE_ROUND,2,0,1,66.000,,,MiniBoo,Team Heretics,raze,True,100,,0,0,1,3,False,RieNs,Team Heretics,fade,True,100,4,0,0,1,3,False,Boo,Team Heretics,omen,True,100,,2,1,0,1,False,benjyfishy,Team Heretics,deadlock,True,100,,1,0,1,2,False,Wo0t,Team Heretics,chamber,True,100,,0,7,1,1,False,grubinho,GIANTX,omen,True,100,25,1,1,1,3,False,ara,GIANTX,raze,True,100,25,0,1,1,1,False,Cloud,GIANTX,fade,True,100,25,1,1,0,3,False,Flickless,GIANTX,viper,True,100,25,1,1,0,1,False,westside,GIANTX,cypher,True,100,25,0,0,0,1,False
187.554,804,ACTIVE_ROUND,2,0,1,65.000,,,MiniBoo,Team Heretics,raze,True,100,,0,0,1,3,False,RieNs,Team Heretics,fade,True,100,4,0,0,1,3,False,Boo,Team Heretics,omen,True,100,,2,1,0,1,False,benjyfishy,Team Heretics,deadlock,True,100,,1,0,1,2,False,Wo0t,Team Heretics,chamber,True,100,,0,7,1,1,False,grubinho,GIANTX,omen,True,100,25,1,1,1,3,False,ara,GIANTX,raze,True,100,25,0,1,1,1,False,Cloud,GIANTX,fade,True,100,25,1,1,0,3,False,Flickless,GIANTX,viper,True,100,25,1,1,0,1,False,westside,GIANTX,cypher,True,100,25,0,0,0,1,False
187.788,805,ACTIVE_ROUND,2,0,1,65.000,,,MiniBoo,Team Heretics,raze,True,100,,0,0,1,3,False,RieNs,Team Heretics,fade,True,100,4,0,0,1,3,False,Boo,Team Heretics,omen,True,100,,2,1,0,1,False,benjyfishy,Team Heretics,deadlock,True,100,,1,0,1,2,False,Wo0t,Team Heretics,chamber,True,100,,0,7,1,1,False,grubinho,GIANTX,omen,True,100,25,1,1,1,3,False,ara,GIANTX,raze,True,100,25,0,1,1,1,False,Cloud,GIANTX,fade,True,100,25,1,1,0,3,False,Flickless,GIANTX,viper,True,100,25,1,1,0,1,False,westside,GIANTX,cypher,True,100,25,0,0,0,1,False
188.021,806,ACTIVE_ROUND,2,0,1,65.000,,,MiniBoo,Team Heretics,raze,True,100,,0,0,1,3,False,RieNs,Team Heretics,fade,True,100,4,0,0,1,3,False,Boo,Team Heretics,omen,True,100,,2,1,0,1,False,benjyfishy,Team Heretics,deadlock,True,100,,1,0,1,2,False,Wo0t,Team Heretics,chamber,True,100,,0,7,1,1,False,grubinho,GIANTX,omen,True,100,25,1,1,1,3,False,ara,GIANTX,raze,True,100,25,0,1,1,1,False,Cloud,GIANTX,fade,True,100,25,1,1,0,3,False,Flickless,GIANTX,viper,True,100,25,1,1,0,1,False,westside,GIANTX,cypher,True,100,25,0,0,0,1,False
188.255,807,ACTIVE_ROUND,2,0,1,65.000,,,MiniBoo,Team Heretics,raze,True,100,,0,0,1,3,False,RieNs,Team Heretics,fade,True,100,4,0,0,1,3,False,Boo,Team Heretics,omen,True,100,,2,1,0,1,False,benjyfishy,Team Heretics,deadlock,True,100,,1,0,1,2,False,Wo0t,Team Heretics,chamber,True,100,,0,7,1,1,False,grubinho,GIANTX,omen,True,100,25,1,1,1,3,False,ara,GIANTX,raze,True,100,25,0,1,1,1,False,Cloud,GIANTX,fade,True,100,25,1,1,0,3,False,Flickless,GIANTX,viper,True,100,25,1,1,0,1,False,westside,GIANTX,cypher,True,100,25,0,0,0,1,False
188.488,808,ACTIVE_ROUND,2,0,1,64.000,,,MiniBoo,Team Heretics,raze,True,100,,0,0,1,3,False,RieNs,Team Heretics,fade,True,100,4,0,0,1,3,False,Boo,Team Heretics,omen,True,100,,2,1,0,1,False,benjyfishy,Team Heretics,deadlock,True,100,,1,0,1,2,False,Wo0t,Team Heretics,chamber,True,100,,0,7,1,1,False,grubinho,GIANTX,omen,True,100,25,1,1,1,3,False,ara,GIANTX,raze,True,100,25,0,1,1,1,False,Cloud,GIANTX,fade,True,100,25,1,1,0,3,False,Flickless,GIANTX,viper,True,100,25,1,1,0,1,False,westside,GIANTX,cypher,True,100,25,0,0,0,1,False
188.722,809,ACTIVE_ROUND,2,0,1,64.000,,,MiniBoo,Team Heretics,raze,True,100,,0,0,1,3,False,RieNs,Team Heretics,fade,True,100,4,0,0,1,3,False,Boo,Team Heretics,omen,True,100,,2,1,0,1,False,benjyfishy,Team Heretics,deadlock,True,100,,1,0,1,2,False,Wo0t,Team Heretics,chamber,True,100,,0,7,1,1,False,grubinho,GIANTX,omen,True,100,25,1,1,1,3,False,ara,GIANTX,raze,True,100,25,0,1,1,1,False,Cloud,GIANTX,fade,True,100,25,1,1,0,3,False,Flickless,GIANTX,viper,True,100,25,1,1,0,1,False,westside,GIANTX,cypher,True,100,25,0,0,0,1,False
188.955,810,ACTIVE_ROUND,2,0,1,64.000,,,MiniBoo,Team Heretics,raze,True,100,,0,0,1,3,False,RieNs,Team Heretics,fade,True,100,4,0,0,1,3,False,Boo,Team Heretics,omen,True,100,,2,1,0,1,False,benjyfishy,Team Heretics,deadlock,True,100,,1,0,1,2,False,Wo0t,Team Heretics,chamber,True,100,,0,7,1,1,False,grubinho,GIANTX,omen,True,100,25,1,1,1,3,False,ara,GIANTX,raze,True,100,25,0,1,1,1,False,Cloud,GIANTX,fade,True,100,25,1,1,0,3,False,Flickless,GIANTX,viper,True,100,25,1,1,0,1,False,westside,GIANTX,cypher,True,100,25,0,0,0,1,False
189.189,811,ACTIVE_ROUND,2,0,1,64.000,,,MiniBoo,Team Heretics,raze,True,100,,0,0,1,3,False,RieNs,Team Heretics,fade,True,100,4,0,0,1,3,False,Boo,Team Heretics,omen,True,100,,2,1,0,1,False,benjyfishy,Team Heretics,deadlock,True,100,,1,0,1,2,False,Wo0t,Team Heretics,chamber,True,100,,0,7,1,1,False,grubinho,GIANTX,omen,True,100,25,1,1,1,3,False,ara,GIANTX,raze,True,100,25,0,1,1,1,False,Cloud,GIANTX,fade,True,100,25,1,1,0,3,False,Flickless,GIANTX,viper,True,100,25,1,1,0,1,False,westside,GIANTX,cypher,True,100,25,0,0,0,1,False
189.423,812,ACTIVE_ROUND,2,0,1,63.000,,,MiniBoo,Team Heretics,raze,True,100,,0,0,1,3,False,RieNs,Team Heretics,fade,True,100,4,0,0,1,3,False,Boo,Team Heretics,omen,True,100,,2,1,0,1,False,benjyfishy,Team Heretics,deadlock,True,100,,1,0,1,2,False,Wo0t,Team Heretics,chamber,True,100,,0,7,1,1,False,grubinho,GIANTX,omen,True,100,25,1,1,1,3,False,ara,GIANTX,raze,True,100,25,0,1,1,1,False,Cloud,GIANTX,fade,True,100,25,1,1,0,3,False,Flickless,GIANTX,viper,True,100,25,1,1,0,1,False,westside,GIANTX,cypher,True,100,25,0,0,0,1,False
189.656,813,ACTIVE_ROUND,2,0,1,63.000,,,MiniBoo,Team Heretics,raze,True,100,,0,0,1,3,False,RieNs,Team Heretics,fade,True,100,4,0,0,1,3,False,Boo,Team Heretics,omen,True,100,,2,1,0,1,False,benjyfishy,Team Heretics,deadlock,True,100,,1,0,1,2,False,Wo0t,Team Heretics,chamber,True,100,,0,7,1,1,False,grubinho,GIANTX,omen,True,100,25,1,1,1,3,False,ara,GIANTX,raze,True,100,25,0,1,1,1,False,Cloud,GIANTX,fade,True,100,25,1,1,0,3,False,Flickless,GIANTX,viper,True,100,25,1,1,0,1,False,westside,GIANTX,cypher,True,100,25,0,0,0,1,False
189.890,814,ACTIVE_ROUND,2,0,1,63.000,,,MiniBoo,Team Heretics,raze,True,100,,0,0,1,3,False,RieNs,Team Heretics,fade,True,100,4,0,0,1,3,False,Boo,Team Heretics,omen,True,100,,2,1,0,1,False,benjyfishy,Team Heretics,deadlock,True,100,,1,0,1,2,False,Wo0t,Team Heretics,chamber,True,100,,0,7,1,1,False,grubinho,GIANTX,omen,True,100,25,1,1,1,3,False,ara,GIANTX,raze,True,100,25,0,1,1,1,False,Cloud,GIANTX,fade,True,100,25,1,1,0,3,False,Flickless,GIANTX,viper,True,100,25,1,1,0,1,False,westside,GIANTX,cypher,True,100,25,0,0,0,1,False
190.123,815,ACTIVE_ROUND,2,0,1,63.000,,,MiniBoo,Team Heretics,raze,True,100,,0,0,1,3,False,RieNs,Team Heretics,fade,True,100,4,0,0,1,3,False,Boo,Team Heretics,omen,True,100,,2,1,0,1,False,benjyfishy,Team Heretics,deadlock,True,100,,1,0,1,2,False,Wo0t,Team Heretics,chamber,True,100,,0,7,1,1,False,grubinho,GIANTX,omen,True,100,25,1,1,1,3,False,ara,GIANTX,raze,True,100,25,0,1,1,1,False,Cloud,GIANTX,fade,True,100,25,1,1,0,3,False,Flickless,GIANTX,viper,True,100,25,1,1,0,1,False,westside,GIANTX,cypher,True,100,25,0,0,0,1,False
190.357,816,ACTIVE_ROUND,2,0,1,62.000,,,MiniBoo,Team Heretics,raze,True,100,,0,0,1,3,False,RieNs,Team Heretics,fade,True,100,4,0,0,1,3,False,Boo,Team Heretics,omen,True,100,,2,1,0,1,False,benjyfishy,Team Heretics,deadlock,True,100,,1,0,1,2,False,Wo0t,Team Heretics,chamber,True,100,,0,7,1,1,False,grubinho,GIANTX,omen,True,100,25,1,1,1,3,False,ara,GIANTX,raze,True,100,25,0,1,1,1,False,Cloud,GIANTX,fade,True,100,25,1,1,0,3,False,Flickless,GIANTX,viper,True,100,25,1,1,0,1,False,westside,GIANTX,cypher,True,100,25,0,0,0,1,False
190.590,817,ACTIVE_ROUND,2,0,1,62.000,,,MiniBoo,Team Heretics,raze,True,100,,0,0,1,3,False,RieNs,Team Heretics,fade,True,100,4,0,0,1,3,False,Boo,Team Heretics,omen,True,100,,2,1,0,1,False,benjyfishy,Team Heretics,deadlock,True,100,,1,0,1,2,False,Wo0t,Team Heretics,chamber,True,100,,0,7,1,1,False,grubinho,GIANTX,omen,True,100,25,1,1,1,3,False,ara,GIANTX,raze,True,100,25,0,1,1,1,False,Cloud,GIANTX,fade,True,100,25,1,1,0,3,False,Flickless,GIANTX,viper,True,100,25,1,1,0,1,False,westside,GIANTX,cypher,True,100,25,0,0,0,1,False
190.824,818,ACTIVE_ROUND,2,0,1,62.000,,,MiniBoo,Team Heretics,raze,True,100,,0,0,1,3,False,RieNs,Team Heretics,fade,True,100,4,0,0,1,3,False,Boo,Team Heretics,omen,True,100,,2,1,0,1,False,benjyfishy,Team Heretics,deadlock,True,100,,1,0,1,2,False,Wo0t,Team Heretics,chamber,True,100,,0,7,1,1,False,grubinho,GIANTX,omen,True,100,25,1,1,1,3,False,ara,GIANTX,raze,True,100,25,0,1,1,1,False,Cloud,GIANTX,fade,True,100,25,1,1,0,3,False,Flickless,GIANTX,viper,True,100,25,1,1,0,1,False,westside,GIANTX,cypher,True,100,25,0,0,0,1,False
191.058,819,ACTIVE_ROUND,2,0,1,62.000,,,MiniBoo,Team Heretics,raze,True,100,,0,0,1,3,False,RieNs,Team Heretics,fade,True,100,4,0,0,1,3,False,Boo,Team Heretics,omen,True,100,,2,1,0,1,False,benjyfishy,Team Heretics,deadlock,True,100,,1,0,1,2,False,Wo0t,Team Heretics,chamber,True,100,,0,7,1,1,False,grubinho,GIANTX,omen,True,100,25,1,1,1,3,False,ara,GIANTX,raze,True,100,25,0,1,1,1,False,Cloud,GIANTX,fade,True,100,25,1,1,0,3,False,Flickless,GIANTX,viper,True,100,25,1,1,0,1,False,westside,GIANTX,cypher,True,100,25,0,0,0,1,False
191.291,820,ACTIVE_ROUND,2,0,1,62.000,,,MiniBoo,Team Heretics,raze,True,100,,0,0,1,3,False,RieNs,Team Heretics,fade,True,100,4,0,0,1,3,False,Boo,Team Heretics,omen,True,100,,2,1,0,1,False,benjyfishy,Team Heretics,deadlock,True,100,,1,0,1,2,False,Wo0t,Team Heretics,chamber,True,100,,0,7,1,1,False,grubinho,GIANTX,omen,True,100,25,1,1,1,3,False,ara,GIANTX,raze,True,100,25,0,1,1,1,False,Cloud,GIANTX,fade,True,100,25,1,1,0,3,False,Flickless,GIANTX,viper,True,100,25,1,1,0,1,False,westside,GIANTX,cypher,True,100,25,0,0,0,1,False
191.525,821,ACTIVE_ROUND,2,0,1,61.000,,,MiniBoo,Team Heretics,raze,True,100,,0,0,1,3,False,RieNs,Team Heretics,fade,True,100,4,0,0,1,3,False,Boo,Team Heretics,omen,True,100,,2,1,0,1,False,benjyfishy,Team Heretics,deadlock,True,100,,1,0,1,2,False,Wo0t,Team Heretics,chamber,True,100,,0,7,1,1,False,grubinho,GIANTX,omen,True,100,25,1,1,1,3,False,ara,GIANTX,raze,True,100,25,0,1,1,1,False,Cloud,GIANTX,fade,True,100,25,1,1,0,3,False,Flickless,GIANTX,viper,True,100,25,1,1,0,1,False,westside,GIANTX,cypher,True,100,25,0,0,0,1,False
191.758,822,ACTIVE_ROUND,2,0,1,61.000,,,MiniBoo,Team Heretics,raze,True,100,,0,0,1,3,False,RieNs,Team Heretics,fade,True,100,4,0,0,1,3,False,Boo,Team Heretics,omen,True,100,,2,1,0,1,False,benjyfishy,Team Heretics,deadlock,True,100,,1,0,1,2,False,Wo0t,Team Heretics,chamber,True,100,,0,7,1,1,False,grubinho,GIANTX,omen,True,100,25,1,1,1,3,False,ara,GIANTX,raze,True,100,25,0,1,1,1,False,Cloud,GIANTX,fade,True,100,25,1,1,0,3,False,Flickless,GIANTX,viper,True,100,25,1,1,0,1,False,westside,GIANTX,cypher,True,100,25,0,0,0,1,False
191.992,823,ACTIVE_ROUND,2,0,1,61.000,,,MiniBoo,Team Heretics,raze,True,100,,0,0,1,3,False,RieNs,Team Heretics,fade,True,100,4,0,0,1,3,False,Boo,Team Heretics,omen,True,100,,2,1,0,1,False,benjyfishy,Team Heretics,deadlock,True,100,,1,0,1,2,False,Wo0t,Team Heretics,chamber,True,100,,0,7,1,1,False,grubinho,GIANTX,omen,True,100,25,1,1,1,3,False,ara,GIANTX,raze,True,100,25,0,1,1,1,False,Cloud,GIANTX,fade,True,100,25,0,1,0,3,False,Flickless,GIANTX,viper,True,100,25,1,1,0,1,False,westside,GIANTX,cypher,True,100,25,0,0,0,1,False
192.225,824,ACTIVE_ROUND,2,0,1,61.000,,,MiniBoo,Team Heretics,raze,True,100,,0,0,1,3,False,RieNs,Team Heretics,fade,True,100,4,0,0,1,3,False,Boo,Team Heretics,omen,True,100,,2,1,0,1,False,benjyfishy,Team Heretics,deadlock,True,100,,1,0,1,2,False,Wo0t,Team Heretics,chamber,True,100,,0,7,1,1,False,grubinho,GIANTX,omen,True,100,25,1,1,1,3,False,ara,GIANTX,raze,True,100,25,0,1,1,1,False,Cloud,GIANTX,fade,True,100,25,0,1,0,3,False,Flickless,GIANTX,viper,True,100,25,1,1,0,1,False,westside,GIANTX,cypher,True,100,25,0,0,0,1,False
192.459,825,ACTIVE_ROUND,2,0,1,60.000,,,MiniBoo,Team Heretics,raze,True,100,,0,0,1,3,False,RieNs,Team Heretics,fade,True,100,4,0,0,1,3,False,Boo,Team Heretics,omen,True,100,,2,1,0,1,False,benjyfishy,Team Heretics,deadlock,True,100,,1,0,1,2,False,Wo0t,Team Heretics,chamber,True,100,,0,7,1,1,False,grubinho,GIANTX,omen,True,100,25,1,1,1,3,False,ara,GIANTX,raze,True,100,25,0,1,1,1,False,Cloud,GIANTX,fade,True,100,25,0,1,0,3,False,Flickless,GIANTX,viper,True,100,25,1,1,0,1,False,westside,GIANTX,cypher,True,100,25,0,0,0,1,False
192.692,826,ACTIVE_ROUND,2,0,1,60.000,,,MiniBoo,Team Heretics,raze,True,100,,0,0,1,3,False,RieNs,Team Heretics,fade,True,100,4,0,0,1,3,False,Boo,Team Heretics,omen,True,100,,2,1,0,1,False,benjyfishy,Team Heretics,deadlock,True,100,,1,0,1,2,False,Wo0t,Team Heretics,chamber,True,100,,0,7,1,1,False,grubinho,GIANTX,omen,True,100,25,1,1,1,3,False,ara,GIANTX,raze,True,100,25,0,1,1,1,False,Cloud,GIANTX,fade,True,100,25,0,1,0,3,False,Flickless,GIANTX,viper,True,100,25,1,1,0,1,False,westside,GIANTX,cypher,True,100,25,0,0,0,1,False
192.926,827,ACTIVE_ROUND,2,0,1,60.000,,,MiniBoo,Team Heretics,raze,True,100,,0,0,1,3,False,RieNs,Team Heretics,fade,True,100,4,0,0,1,3,False,Boo,Team Heretics,omen,True,100,,2,1,0,1,False,benjyfishy,Team Heretics,deadlock,True,100,,1,0,1,2,False,Wo0t,Team Heretics,chamber,True,100,,0,7,1,1,False,grubinho,GIANTX,omen,True,100,25,1,1,1,3,False,ara,GIANTX,raze,True,100,25,0,1,1,1,False,Cloud,GIANTX,fade,True,100,25,0,1,0,3,False,Flickless,GIANTX,viper,True,100,25,1,1,0,1,False,westside,GIANTX,cypher,True,100,25,0,0,0,1,False
193.160,828,ACTIVE_ROUND,2,0,1,60.000,,,MiniBoo,Team Heretics,raze,True,100,,0,0,1,3,False,RieNs,Team Heretics,fade,True,100,4,0,0,1,3,False,Boo,Team Heretics,omen,True,100,,2,1,0,1,False,benjyfishy,Team Heretics,deadlock,True,100,,1,0,1,2,False,Wo0t,Team Heretics,chamber,True,100,,0,7,1,1,False,grubinho,GIANTX,omen,True,100,25,1,1,1,3,False,ara,GIANTX,raze,True,100,25,0,1,1,1,False,Cloud,GIANTX,fade,True,100,25,0,1,0,3,False,Flickless,GIANTX,viper,True,100,25,1,1,0,1,False,westside,GIANTX,cypher,True,100,25,0,0,0,1,False
193.393,829,ACTIVE_ROUND,2,0,1,59.000,,,MiniBoo,Team Heretics,raze,True,100,,0,0,1,3,False,RieNs,Team Heretics,fade,True,100,4,0,0,1,3,False,Boo,Team Heretics,omen,True,100,,2,1,0,1,False,benjyfishy,Team Heretics,deadlock,True,100,,1,0,1,2,False,Wo0t,Team Heretics,chamber,True,100,,0,7,1,1,False,grubinho,GIANTX,omen,True,100,25,1,1,1,3,False,ara,GIANTX,raze,True,100,25,0,1,1,1,False,Cloud,GIANTX,fade,True,100,25,0,1,0,3,False,Flickless,GIANTX,viper,True,100,25,1,1,0,1,False,westside,GIANTX,cypher,True,100,25,0,0,0,1,False
193.627,830,ACTIVE_ROUND,2,0,1,59.000,,,MiniBoo,Team Heretics,raze,True,100,,0,0,1,3,False,RieNs,Team Heretics,fade,True,100,4,0,0,1,3,False,Boo,Team Heretics,omen,True,100,,2,1,0,1,False,benjyfishy,Team Heretics,deadlock,True,100,,1,0,1,2,False,Wo0t,Team Heretics,chamber,True,100,,0,7,1,1,False,grubinho,GIANTX,omen,True,100,25,1,1,1,3,False,ara,GIANTX,raze,True,100,25,0,1,1,1,False,Cloud,GIANTX,fade,True,100,25,0,1,0,3,False,Flickless,GIANTX,viper,True,100,25,1,1,0,1,False,westside,GIANTX,cypher,True,100,25,0,0,0,1,False
193.860,831,ACTIVE_ROUND,2,0,1,59.000,,,MiniBoo,Team Heretics,raze,True,100,,0,0,1,3,False,RieNs,Team Heretics,fade,True,100,4,0,0,1,3,False,Boo,Team Heretics,omen,True,100,,2,1,0,1,False,benjyfishy,Team Heretics,deadlock,True,100,,1,0,1,2,False,Wo0t,Team Heretics,chamber,True,100,,0,7,1,1,False,grubinho,GIANTX,omen,True,100,25,1,1,1,3,False,ara,GIANTX,raze,True,100,25,0,1,1,1,False,Cloud,GIANTX,fade,True,100,25,0,1,0,3,False,Flickless,GIANTX,viper,True,100,25,1,1,0,1,False,westside,GIANTX,cypher,True,100,25,0,0,0,1,False
194.094,832,ACTIVE_ROUND,2,0,1,59.000,,,MiniBoo,Team Heretics,raze,True,100,,0,0,1,3,False,RieNs,Team Heretics,fade,True,100,4,0,0,1,3,False,Boo,Team Heretics,omen,True,100,,2,1,0,1,False,benjyfishy,Team Heretics,deadlock,True,100,,1,0,1,2,False,Wo0t,Team Heretics,chamber,True,100,,0,7,1,1,False,grubinho,GIANTX,omen,True,100,25,1,1,1,3,False,ara,GIANTX,raze,True,100,25,0,1,1,1,False,Cloud,GIANTX,fade,True,100,25,0,1,0,3,False,Flickless,GIANTX,viper,True,100,25,1,1,0,1,False,westside,GIANTX,cypher,True,100,25,0,0,0,1,False
194.327,833,ACTIVE_ROUND,2,0,1,59.000,,,MiniBoo,Team Heretics,raze,True,100,,0,0,1,3,False,RieNs,Team Heretics,fade,True,100,4,0,0,1,3,False,Boo,Team Heretics,omen,True,100,,2,1,0,1,False,benjyfishy,Team Heretics,deadlock,True,100,,1,0,1,2,False,Wo0t,Team Heretics,chamber,True,100,,0,7,1,1,False,grubinho,GIANTX,omen,True,100,25,1,1,1,3,False,ara,GIANTX,raze,True,100,25,0,1,1,1,False,Cloud,GIANTX,fade,True,100,25,0,1,0,3,False,Flickless,GIANTX,viper,True,100,25,1,1,0,1,False,westside,GIANTX,cypher,True,100,25,0,0,0,1,False
194.561,834,ACTIVE_ROUND,2,0,1,58.000,,,MiniBoo,Team Heretics,raze,True,100,,0,0,1,3,False,RieNs,Team Heretics,fade,True,100,4,0,0,1,3,False,Boo,Team Heretics,omen,True,100,,2,1,0,1,False,benjyfishy,Team Heretics,deadlock,True,100,,1,0,1,2,False,Wo0t,Team Heretics,chamber,True,100,,0,7,1,1,False,grubinho,GIANTX,omen,True,100,25,1,1,1,3,False,ara,GIANTX,raze,True,100,25,0,1,1,1,False,Cloud,GIANTX,fade,True,100,25,0,1,0,3,False,Flickless,GIANTX,viper,True,100,25,1,1,0,1,False,westside,GIANTX,cypher,True,100,25,0,0,0,1,False
194.795,835,ACTIVE_ROUND,2,0,1,58.000,,,MiniBoo,Team Heretics,raze,True,100,,0,0,1,3,False,RieNs,Team Heretics,fade,True,100,4,0,0,1,3,False,Boo,Team Heretics,omen,True,100,,2,1,0,1,False,benjyfishy,Team Heretics,deadlock,True,100,,1,0,1,2,False,Wo0t,Team Heretics,chamber,True,100,,0,7,1,1,False,grubinho,GIANTX,omen,True,100,25,1,1,1,3,False,ara,GIANTX,raze,True,100,25,0,0,1,1,False,Cloud,GIANTX,fade,True,100,25,0,1,1,3,False,Flickless,GIANTX,viper,True,100,25,1,1,0,1,False,westside,GIANTX,cypher,True,100,25,0,0,0,1,False
195.028,836,ACTIVE_ROUND,2,0,1,58.000,,,MiniBoo,Team Heretics,raze,True,100,,0,0,1,3,False,RieNs,Team Heretics,fade,True,100,4,0,0,1,3,False,Boo,Team Heretics,omen,True,100,,2,1,0,1,False,benjyfishy,Team Heretics,deadlock,True,100,,1,0,1,2,False,Wo0t,Team Heretics,chamber,True,100,,0,7,1,1,False,grubinho,GIANTX,omen,True,100,25,1,1,1,3,False,ara,GIANTX,raze,True,100,25,0,0,1,1,False,Cloud,GIANTX,fade,True,100,25,0,1,1,3,False,Flickless,GIANTX,viper,True,100,25,1,1,0,1,False,westside,GIANTX,cypher,True,100,25,0,0,0,1,False
195.262,837,ACTIVE_ROUND,2,0,1,58.000,,,MiniBoo,Team Heretics,raze,True,100,,0,0,1,3,False,RieNs,Team Heretics,fade,True,100,4,0,0,1,3,False,Boo,Team Heretics,omen,True,100,,2,1,0,1,False,benjyfishy,Team Heretics,deadlock,True,100,,1,0,1,2,False,Wo0t,Team Heretics,chamber,True,100,,0,7,1,1,False,grubinho,GIANTX,omen,True,100,25,1,1,1,3,False,ara,GIANTX,raze,True,100,25,0,0,1,1,False,Cloud,GIANTX,fade,True,100,25,0,1,1,3,False,Flickless,GIANTX,viper,True,100,25,1,1,0,1,False,westside,GIANTX,cypher,True,100,25,0,0,0,1,False
195.495,838,ACTIVE_ROUND,2,0,1,57.000,,,MiniBoo,Team Heretics,raze,True,100,,0,0,1,3,False,RieNs,Team Heretics,fade,True,100,4,0,0,1,3,False,Boo,Team Heretics,omen,True,100,,2,1,0,1,False,benjyfishy,Team Heretics,deadlock,True,100,,1,0,1,2,False,Wo0t,Team Heretics,chamber,True,100,,0,7,1,1,False,grubinho,GIANTX,omen,True,100,25,1,1,1,3,False,ara,GIANTX,raze,True,100,25,0,0,1,1,False,Cloud,GIANTX,fade,True,100,25,0,1,1,3,False,Flickless,GIANTX,viper,True,100,25,1,1,0,1,False,westside,GIANTX,cypher,True,100,25,0,0,0,1,False
195.729,839,ACTIVE_ROUND,2,0,1,57.000,,,MiniBoo,Team Heretics,raze,True,100,,0,0,1,3,False,RieNs,Team Heretics,fade,True,100,4,0,0,1,3,False,Boo,Team Heretics,omen,True,100,,2,1,0,1,False,benjyfishy,Team Heretics,deadlock,True,100,,1,0,1,2,False,Wo0t,Team Heretics,chamber,True,100,,0,7,1,1,False,grubinho,GIANTX,omen,True,100,25,1,1,1,3,False,ara,GIANTX,raze,True,100,25,0,0,1,1,False,Cloud,GIANTX,fade,True,100,25,0,1,1,3,False,Flickless,GIANTX,viper,True,100,25,1,1,0,1,False,westside,GIANTX,cypher,True,100,25,0,0,0,1,False
195.962,840,ACTIVE_ROUND,2,0,1,57.000,,,MiniBoo,Team Heretics,raze,True,100,,0,0,1,3,False,RieNs,Team Heretics,fade,True,100,4,0,0,1,3,False,Boo,Team Heretics,omen,True,100,,2,1,0,1,False,benjyfishy,Team Heretics,deadlock,True,100,,1,0,1,2,False,Wo0t,Team Heretics,chamber,True,100,,0,7,1,1,False,grubinho,GIANTX,omen,True,100,25,1,1,0,3,False,ara,GIANTX,raze,True,100,25,0,0,1,1,False,Cloud,GIANTX,fade,True,100,25,0,1,1,3,False,Flickless,GIANTX,viper,True,100,25,0,1,0,1,False,westside,GIANTX,cypher,True,100,25,0,0,0,1,False
196.196,841,ACTIVE_ROUND,2,0,1,57.000,,,MiniBoo,Team Heretics,raze,True,100,,0,0,1,3,False,RieNs,Team Heretics,fade,True,100,4,0,0,1,3,False,Boo,Team Heretics,omen,True,100,,2,1,0,1,False,benjyfishy,Team Heretics,deadlock,True,100,,1,0,1,2,False,Wo0t,Team Heretics,chamber,True,100,,0,7,1,1,False,grubinho,GIANTX,omen,True,100,25,1,1,0,3,False,ara,GIANTX,raze,True,100,25,0,0,1,1,False,Cloud,GIANTX,fade,True,100,25,0,1,1,3,False,Flickless,GIANTX,viper,True,100,25,0,1,0,1,False,westside,GIANTX,cypher,True,100,25,0,0,0,1,False
196.430,842,ACTIVE_ROUND,2,0,1,56.000,,,MiniBoo,Team Heretics,raze,True,100,,0,0,1,3,False,RieNs,Team Heretics,fade,True,100,4,0,0,1,3,False,Boo,Team Heretics,omen,True,100,,2,1,0,1,False,benjyfishy,Team Heretics,deadlock,True,100,,1,0,1,2,False,Wo0t,Team Heretics,chamber,True,100,,0,7,1,1,False,grubinho,GIANTX,omen,True,100,25,1,1,0,3,False,ara,GIANTX,raze,True,100,25,0,0,1,1,False,Cloud,GIANTX,fade,True,100,25,0,1,1,3,False,Flickless,GIANTX,viper,True,100,25,0,1,0,1,False,westside,GIANTX,cypher,True,100,25,0,0,0,1,False
196.663,843,ACTIVE_ROUND,2,0,1,56.000,,,MiniBoo,Team Heretics,raze,True,100,,0,0,1,3,False,RieNs,Team Heretics,fade,True,100,4,0,0,1,3,False,Boo,Team Heretics,omen,True,100,,2,1,0,1,False,benjyfishy,Team Heretics,deadlock,True,100,,1,0,1,2,False,Wo0t,Team Heretics,chamber,True,100,,0,7,1,1,False,grubinho,GIANTX,omen,True,100,25,1,1,0,3,False,ara,GIANTX,raze,True,100,25,0,0,1,1,False,Cloud,GIANTX,fade,True,100,25,0,1,1,3,False,Flickless,GIANTX,viper,True,100,25,0,1,0,1,False,westside,GIANTX,cypher,True,100,25,0,0,0,1,False
196.897,844,ACTIVE_ROUND,2,0,1,56.000,,,MiniBoo,Team Heretics,raze,True,100,,0,0,1,3,False,RieNs,Team Heretics,fade,True,100,4,0,0,1,3,False,Boo,Team Heretics,omen,True,100,,2,1,0,1,False,benjyfishy,Team Heretics,deadlock,True,100,,1,0,1,2,False,Wo0t,Team Heretics,chamber,True,100,,0,7,1,1,False,grubinho,GIANTX,omen,True,100,25,1,1,0,3,False,ara,GIANTX,raze,True,100,25,0,0,1,1,False,Cloud,GIANTX,fade,True,100,25,0,1,1,3,False,Flickless,GIANTX,viper,True,100,25,0,0,0,1,False,westside,GIANTX,cypher,True,100,25,0,0,0,1,False
197.130,845,ACTIVE_ROUND,2,0,1,56.000,,,MiniBoo,Team Heretics,raze,True,100,,0,0,1,3,False,RieNs,Team Heretics,fade,True,100,4,0,0,1,3,False,Boo,Team Heretics,omen,True,100,,2,1,0,1,False,benjyfishy,Team Heretics,deadlock,True,100,,1,0,1,2,False,Wo0t,Team Heretics,chamber,True,100,,0,7,1,1,False,grubinho,GIANTX,omen,True,100,25,1,1,0,3,False,ara,GIANTX,raze,True,100,25,0,0,1,1,False,Cloud,GIANTX,fade,True,100,25,0,1,1,3,False,Flickless,GIANTX,viper,True,100,25,0,0,0,1,False,westside,GIANTX,cypher,True,100,25,0,0,0,1,False
197.364,846,ACTIVE_ROUND,2,0,1,56.000,,,MiniBoo,Team Heretics,raze,True,100,,0,0,1,3,False,RieNs,Team Heretics,fade,True,100,4,0,0,1,3,False,Boo,Team Heretics,omen,True,100,,2,1,0,1,False,benjyfishy,Team Heretics,deadlock,True,100,,1,0,1,2,False,Wo0t,Team Heretics,chamber,True,100,,0,7,1,1,False,grubinho,GIANTX,omen,True,100,25,1,1,0,3,False,ara,GIANTX,raze,True,100,25,0,0,1,1,False,Cloud,GIANTX,fade,True,100,25,0,1,1,3,False,Flickless,GIANTX,viper,True,100,25,0,0,0,1,False,westside,GIANTX,cypher,True,100,25,0,0,0,1,False
197.597,847,ACTIVE_ROUND,2,0,1,55.000,,,MiniBoo,Team Heretics,raze,True,100,,0,0,1,3,False,RieNs,Team Heretics,fade,True,100,4,0,0,1,3,False,Boo,Team Heretics,omen,True,100,,2,1,0,1,False,benjyfishy,Team Heretics,deadlock,True,100,,1,0,1,2,False,Wo0t,Team Heretics,chamber,True,100,,0,7,1,1,False,grubinho,GIANTX,omen,True,100,25,1,1,0,3,False,ara,GIANTX,raze,True,100,25,0,0,1,1,False,Cloud,GIANTX,fade,True,100,25,0,1,1,3,False,Flickless,GIANTX,viper,True,100,25,0,0,0,1,False,westside,GIANTX,cypher,True,100,25,0,0,0,1,False
197.831,848,ACTIVE_ROUND,2,0,1,55.000,,,MiniBoo,Team Heretics,raze,True,100,,0,0,1,3,False,RieNs,Team Heretics,fade,True,100,4,0,0,1,3,False,Boo,Team Heretics,omen,True,100,,2,1,0,1,False,benjyfishy,Team Heretics,deadlock,True,100,,1,0,1,2,False,Wo0t,Team Heretics,chamber,True,100,,0,7,1,1,False,grubinho,GIANTX,omen,True,100,25,1,1,0,3,False,ara,GIANTX,raze,True,100,25,0,0,1,1,False,Cloud,GIANTX,fade,True,100,25,0,1,1,3,False,Flickless,GIANTX,viper,True,100,25,0,0,0,1,False,westside,GIANTX,cypher,True,100,25,0,0,0,1,False
198.065,849,ACTIVE_ROUND,2,0,1,55.000,,,MiniBoo,Team Heretics,raze,True,100,,0,0,1,3,False,RieNs,Team Heretics,fade,True,100,4,0,0,1,3,False,Boo,Team Heretics,omen,True,100,,2,1,0,1,False,benjyfishy,Team Heretics,deadlock,True,100,,1,0,1,2,False,Wo0t,Team Heretics,chamber,True,100,,0,7,1,1,False,grubinho,GIANTX,omen,True,100,25,1,1,0,3,False,ara,GIANTX,raze,True,100,25,0,0,1,1,False,Cloud,GIANTX,fade,True,100,25,0,1,1,3,False,Flickless,GIANTX,viper,True,100,25,0,0,0,1,False,westside,GIANTX,cypher,True,100,25,0,0,0,1,False
198.298,850,ACTIVE_ROUND,2,0,1,55.000,,,MiniBoo,Team Heretics,raze,True,100,,0,0,1,3,False,RieNs,Team Heretics,fade,True,100,4,0,0,1,3,False,Boo,Team Heretics,omen,True,100,,2,1,0,1,False,benjyfishy,Team Heretics,deadlock,True,100,,1,0,1,2,False,Wo0t,Team Heretics,chamber,True,100,,0,7,1,1,False,grubinho,GIANTX,omen,True,100,25,1,1,0,3,False,ara,GIANTX,raze,True,100,25,0,0,1,1,False,Cloud,GIANTX,fade,True,100,25,0,1,1,3,False,Flickless,GIANTX,viper,True,100,25,0,0,0,1,False,westside,GIANTX,cypher,True,100,25,0,0,0,1,False
198.532,851,ACTIVE_ROUND,2,0,1,54.000,,,MiniBoo,Team Heretics,raze,True,100,,0,0,1,3,False,RieNs,Team Heretics,fade,True,100,4,0,0,1,3,False,Boo,Team Heretics,omen,True,100,,2,1,0,1,False,benjyfishy,Team Heretics,deadlock,True,100,,1,0,1,2,False,Wo0t,Team Heretics,chamber,True,100,,0,7,1,1,False,grubinho,GIANTX,omen,True,100,25,1,1,0,3,False,ara,GIANTX,raze,True,100,25,0,0,1,1,False,Cloud,GIANTX,fade,True,100,25,0,1,1,3,False,Flickless,GIANTX,viper,True,100,25,0,0,0,1,False,westside,GIANTX,cypher,True,100,25,0,0,0,1,False
198.765,852,ACTIVE_ROUND,2,0,1,54.000,,,MiniBoo,Team Heretics,raze,True,100,,0,0,1,3,False,RieNs,Team Heretics,fade,True,100,4,0,0,1,3,False,Boo,Team Heretics,omen,True,100,,2,1,0,1,False,benjyfishy,Team Heretics,deadlock,True,100,,1,0,1,2,False,Wo0t,Team Heretics,chamber,True,100,,0,7,1,1,False,grubinho,GIANTX,omen,True,100,25,1,1,0,3,False,ara,GIANTX,raze,True,100,25,0,0,1,1,False,Cloud,GIANTX,fade,True,100,25,0,1,1,3,False,Flickless,GIANTX,viper,True,100,25,0,0,0,1,False,westside,GIANTX,cypher,True,100,25,0,0,0,1,False
198.999,853,ACTIVE_ROUND,2,0,1,54.000,,,MiniBoo,Team Heretics,raze,True,100,,0,0,1,3,False,RieNs,Team Heretics,fade,True,100,4,0,0,1,3,False,Boo,Team Heretics,omen,True,100,,2,1,1,1,False,benjyfishy,Team Heretics,deadlock,True,100,,1,0,1,2,False,Wo0t,Team Heretics,chamber,True,100,,0,7,1,1,False,grubinho,GIANTX,omen,True,100,25,1,1,0,3,False,ara,GIANTX,raze,True,100,25,0,0,1,1,False,Cloud,GIANTX,fade,True,100,25,0,1,1,3,False,Flickless,GIANTX,viper,True,100,25,0,0,0,1,False,westside,GIANTX,cypher,True,100,25,0,0,0,1,False
199.232,854,ACTIVE_ROUND,2,0,1,54.000,,,MiniBoo,Team Heretics,raze,True,100,,0,0,1,3,False,RieNs,Team Heretics,fade,True,100,4,0,0,1,3,False,Boo,Team Heretics,omen,True,100,,2,1,1,1,False,benjyfishy,Team Heretics,deadlock,True,100,,1,0,1,2,False,Wo0t,Team Heretics,chamber,True,100,,0,7,1,1,False,grubinho,GIANTX,omen,True,100,25,1,1,0,3,False,ara,GIANTX,raze,True,100,25,0,0,1,1,False,Cloud,GIANTX,fade,True,100,25,0,1,1,3,False,Flickless,GIANTX,viper,True,100,25,0,0,0,1,False,westside,GIANTX,cypher,True,100,25,0,0,0,1,False
199.466,855,ACTIVE_ROUND,2,0,1,53.000,,,MiniBoo,Team Heretics,raze,True,100,,0,0,1,3,False,RieNs,Team Heretics,fade,True,100,4,0,0,1,3,False,Boo,Team Heretics,omen,True,100,,2,1,1,1,False,benjyfishy,Team Heretics,deadlock,True,100,,1,0,1,2,False,Wo0t,Team Heretics,chamber,True,100,,0,7,1,1,False,grubinho,GIANTX,omen,True,100,25,1,1,0,3,False,ara,GIANTX,raze,True,100,25,0,0,1,1,False,Cloud,GIANTX,fade,True,100,25,0,1,1,3,False,Flickless,GIANTX,viper,True,100,25,0,0,0,1,False,westside,GIANTX,cypher,True,100,25,0,0,0,1,False
199.700,856,ACTIVE_ROUND,2,0,1,53.000,,,MiniBoo,Team Heretics,raze,True,100,,0,0,1,3,False,RieNs,Team Heretics,fade,True,100,4,0,0,1,3,False,Boo,Team Heretics,omen,True,100,,2,1,1,1,False,benjyfishy,Team Heretics,deadlock,True,100,,1,0,1,2,False,Wo0t,Team Heretics,chamber,True,100,,0,7,1,1,False,grubinho,GIANTX,omen,True,100,25,1,1,0,3,False,ara,GIANTX,raze,True,100,25,0,0,1,1,False,Cloud,GIANTX,fade,True,100,25,0,1,1,3,False,Flickless,GIANTX,viper,True,100,25,0,0,0,1,False,westside,GIANTX,cypher,True,100,25,0,0,0,1,False
199.933,857,ACTIVE_ROUND,2,0,1,53.000,,,MiniBoo,Team Heretics,raze,True,65,,0,0,0,3,False,RieNs,Team Heretics,fade,True,100,4,0,0,1,3,False,Boo,Team Heretics,omen,True,100,,2,0,1,1,False,benjyfishy,Team Heretics,deadlock,True,100,,1,0,1,2,False,Wo0t,Team Heretics,chamber,True,100,,0,7,1,1,False,grubinho,GIANTX,omen,True,100,25,1,1,0,3,False,ara,GIANTX,raze,True,100,25,0,0,1,1,False,Cloud,GIANTX,fade,True,100,25,0,1,1,3,False,Flickless,GIANTX,viper,True,100,25,0,0,0,1,False,westside,GIANTX,cypher,True,100,25,0,0,1,1,False
200.167,858,ACTIVE_ROUND,2,0,1,53.000,,,MiniBoo,Team Heretics,raze,True,65,,0,0,0,3,False,RieNs,Team Heretics,fade,True,100,4,0,0,1,3,False,Boo,Team Heretics,omen,True,100,,2,0,1,1,False,benjyfishy,Team Heretics,deadlock,True,100,,1,0,1,2,False,Wo0t,Team Heretics,chamber,True,100,,0,7,1,1,False,grubinho,GIANTX,omen,True,100,25,1,1,0,3,False,ara,GIANTX,raze,True,100,25,0,0,1,1,False,Cloud,GIANTX,fade,True,100,25,0,1,1,3,False,Flickless,GIANTX,viper,True,100,25,0,0,0,1,False,westside,GIANTX,cypher,True,100,25,0,0,1,1,False
200.400,859,ACTIVE_ROUND,2,0,1,52.000,,,MiniBoo,Team Heretics,raze,True,65,,0,0,0,3,False,RieNs,Team Heretics,fade,True,100,4,0,0,1,3,False,Boo,Team Heretics,omen,True,100,,2,0,1,1,False,benjyfishy,Team Heretics,deadlock,True,100,,1,0,1,2,False,Wo0t,Team Heretics,chamber,True,100,,0,7,1,1,False,grubinho,GIANTX,omen,True,100,25,1,1,0,3,False,ara,GIANTX,raze,True,100,25,0,0,1,1,False,Cloud,GIANTX,fade,True,100,25,0,1,1,3,False,Flickless,GIANTX,viper,True,100,25,0,0,0,1,False,westside,GIANTX,cypher,True,100,25,0,0,1,1,False
200.634,860,ACTIVE_ROUND,2,0,1,52.000,,,MiniBoo,Team Heretics,raze,True,65,,0,0,0,3,False,RieNs,Team Heretics,fade,True,100,4,0,0,1,3,False,Boo,Team Heretics,omen,True,100,,2,0,1,1,False,benjyfishy,Team Heretics,deadlock,True,100,,1,0,1,2,False,Wo0t,Team Heretics,chamber,True,100,,0,7,1,1,False,grubinho,GIANTX,omen,True,100,25,1,1,0,3,False,ara,GIANTX,raze,True,100,25,0,0,1,1,False,Cloud,GIANTX,fade,True,100,25,0,1,1,3,False,Flickless,GIANTX,viper,False,,25,0,0,0,1,False,westside,GIANTX,cypher,True,100,25,0,0,1,1,False
200.867,861,ACTIVE_ROUND,2,0,1,52.000,,,MiniBoo,Team Heretics,raze,True,65,,0,0,0,3,False,RieNs,Team Heretics,fade,True,100,4,0,0,1,3,False,Boo,Team Heretics,omen,True,100,,2,0,1,1,False,benjyfishy,Team Heretics,deadlock,True,100,,1,0,1,2,False,Wo0t,Team Heretics,chamber,True,100,,0,6,1,2,False,grubinho,GIANTX,omen,True,100,25,1,1,0,3,False,ara,GIANTX,raze,True,100,25,0,0,1,1,False,Cloud,GIANTX,fade,True,100,25,0,1,1,3,False,Flickless,GIANTX,viper,False,,25,0,0,0,1,False,westside,GIANTX,cypher,True,100,25,0,0,1,1,False
201.101,862,ACTIVE_ROUND,2,0,1,52.000,,,MiniBoo,Team Heretics,raze,True,65,,0,0,0,3,False,RieNs,Team Heretics,fade,True,100,4,0,0,1,3,False,Boo,Team Heretics,omen,True,100,,2,0,1,1,False,benjyfishy,Team Heretics,deadlock,True,100,,1,0,1,2,False,Wo0t,Team Heretics,chamber,True,100,,0,6,1,2,False,grubinho,GIANTX,omen,True,100,25,1,1,0,3,False,ara,GIANTX,raze,True,100,25,0,0,1,1,False,Cloud,GIANTX,fade,True,100,25,0,1,1,3,False,Flickless,GIANTX,viper,False,,25,0,0,0,1,False,westside,GIANTX,cypher,True,100,25,0,0,1,1,False
201.334,863,ACTIVE_ROUND,2,0,1,52.000,,,MiniBoo,Team Heretics,raze,True,65,,0,0,0,3,False,RieNs,Team Heretics,fade,True,100,4,0,0,1,3,False,Boo,Team Heretics,omen,True,100,,2,0,1,1,False,benjyfishy,Team Heretics,deadlock,True,100,,1,0,1,2,False,Wo0t,Team Heretics,chamber,True,100,,0,6,1,2,False,grubinho,GIANTX,omen,True,100,25,1,1,0,3,False,ara,GIANTX,raze,True,100,25,0,0,1,1,False,Cloud,GIANTX,fade,True,100,25,0,1,1,3,False,Flickless,GIANTX,viper,False,,25,0,0,0,1,False,westside,GIANTX,cypher,True,100,25,0,0,1,1,False
201.568,864,ACTIVE_ROUND,2,0,1,51.000,,,MiniBoo,Team Heretics,raze,True,65,,0,0,0,3,False,RieNs,Team Heretics,fade,True,100,4,0,0,1,3,False,Boo,Team Heretics,omen,True,100,,2,0,1,1,False,benjyfishy,Team Heretics,deadlock,True,100,,1,0,1,2,False,Wo0t,Team Heretics,chamber,True,100,,0,6,1,2,False,grubinho,GIANTX,omen,True,100,25,1,1,0,3,False,ara,GIANTX,raze,True,100,25,0,0,1,1,False,Cloud,GIANTX,fade,True,100,25,0,1,1,3,False,Flickless,GIANTX,viper,False,,25,0,0,0,1,False,westside,GIANTX,cypher,True,100,25,0,0,1,1,False
201.802,865,ACTIVE_ROUND,2,0,1,51.000,,,MiniBoo,Team Heretics,raze,True,65,,0,0,0,3,False,RieNs,Team Heretics,fade,True,100,4,0,0,1,3,False,Boo,Team Heretics,omen,True,100,,2,0,1,1,False,benjyfishy,Team Heretics,deadlock,True,100,,0,0,0,3,False,Wo0t,Team Heretics,chamber,True,100,,0,6,1,2,False,grubinho,GIANTX,omen,True,100,25,1,1,0,4,False,ara,GIANTX,raze,True,100,25,0,0,1,1,False,Cloud,GIANTX,fade,True,100,25,0,1,1,3,False,Flickless,GIANTX,viper,False,,25,0,0,0,1,False,westside,GIANTX,cypher,True,81,25,0,0,1,1,False
202.035,866,ACTIVE_ROUND,2,0,1,51.000,,,MiniBoo,Team Heretics,raze,True,65,,0,0,0,3,False,RieNs,Team Heretics,fade,True,100,4,0,0,1,3,False,Boo,Team Heretics,omen,True,100,,2,0,1,1,False,benjyfishy,Team Heretics,deadlock,False,,,0,0,0,3,False,Wo0t,Team Heretics,chamber,True,100,,0,6,1,2,False,grubinho,GIANTX,omen,True,100,25,1,1,0,4,False,ara,GIANTX,raze,True,100,25,0,0,1,1,False,Cloud,GIANTX,fade,True,100,25,0,1,1,3,False,Flickless,GIANTX,viper,False,,25,0,0,0,1,False,westside,GIANTX,cypher,True,81,25,0,0,1,1,False
202.269,867,ACTIVE_ROUND,2,0,1,51.000,,,MiniBoo,Team Heretics,raze,True,65,,0,0,0,3,False,RieNs,Team Heretics,fade,True,100,4,0,0,1,3,False,Boo,Team Heretics,omen,True,100,,2,0,1,1,False,benjyfishy,Team Heretics,deadlock,False,,,0,0,0,3,False,Wo0t,Team Heretics,chamber,True,100,,0,6,1,2,False,grubinho,GIANTX,omen,True,100,25,1,1,0,4,False,ara,GIANTX,raze,True,100,25,0,0,1,1,False,Cloud,GIANTX,fade,True,100,25,0,1,1,3,False,Flickless,GIANTX,viper,False,,25,0,0,0,1,False,westside,GIANTX,cypher,True,81,25,0,0,1,1,False
202.502,868,ACTIVE_ROUND,2,0,1,50.000,,,MiniBoo,Team Heretics,raze,True,65,,0,0,0,3,False,RieNs,Team Heretics,fade,True,100,4,0,0,1,3,False,Boo,Team Heretics,omen,True,100,,2,0,1,1,False,benjyfishy,Team Heretics,deadlock,False,,,0,0,0,3,False,Wo0t,Team Heretics,chamber,True,100,,0,6,1,2,False,grubinho,GIANTX,omen,True,100,25,1,1,0,4,False,ara,GIANTX,raze,True,100,25,0,0,1,1,False,Cloud,GIANTX,fade,True,100,25,0,1,1,3,False,Flickless,GIANTX,viper,False,,25,0,0,0,1,False,westside,GIANTX,cypher,True,81,25,0,0,1,1,False
202.736,869,ACTIVE_ROUND,2,0,1,50.000,,,MiniBoo,Team Heretics,raze,True,65,,0,0,0,3,False,RieNs,Team Heretics,fade,True,100,4,0,0,1,3,False,Boo,Team Heretics,omen,True,100,,2,0,1,1,False,benjyfishy,Team Heretics,deadlock,False,,,0,0,0,3,False,Wo0t,Team Heretics,chamber,True,100,,0,6,1,2,False,grubinho,GIANTX,omen,True,100,25,1,1,0,4,False,ara,GIANTX,raze,True,100,25,0,0,1,1,False,Cloud,GIANTX,fade,True,100,25,0,1,1,3,False,Flickless,GIANTX,viper,False,,25,0,0,0,1,False,westside,GIANTX,cypher,True,81,25,0,0,1,1,False
202.969,870,ACTIVE_ROUND,2,0,1,50.000,,,MiniBoo,Team Heretics,raze,True,65,,0,0,0,3,False,RieNs,Team Heretics,fade,True,100,4,0,0,1,3,False,Boo,Team Heretics,omen,True,100,,2,0,1,1,False,benjyfishy,Team Heretics,deadlock,False,,,0,0,0,3,False,Wo0t,Team Heretics,chamber,True,100,,0,6,1,2,False,grubinho,GIANTX,omen,True,100,25,1,1,0,4,False,ara,GIANTX,raze,True,100,25,0,0,1,1,False,Cloud,GIANTX,fade,True,100,25,0,1,1,3,False,Flickless,GIANTX,viper,False,,25,0,0,0,1,False,westside,GIANTX,cypher,True,81,25,0,0,1,1,False
203.203,871,ACTIVE_ROUND,2,0,1,50.000,,,MiniBoo,Team Heretics,raze,True,65,,0,0,0,3,False,RieNs,Team Heretics,fade,True,100,4,0,0,1,3,False,Boo,Team Heretics,omen,True,100,,2,0,1,1,False,benjyfishy,Team Heretics,deadlock,False,,,0,0,0,3,False,Wo0t,Team Heretics,chamber,True,100,,0,6,1,2,False,grubinho,GIANTX,omen,True,100,25,1,1,0,4,False,ara,GIANTX,raze,True,100,25,0,0,1,1,False,Cloud,GIANTX,fade,True,100,25,0,1,1,3,False,Flickless,GIANTX,viper,False,,25,0,0,0,1,False,westside,GIANTX,cypher,True,81,25,0,0,1,1,False
203.904,874,ACTIVE_ROUND,2,0,1,,0.000,,MiniBoo,Team Heretics,raze,True,65,,0,0,0,3,False,RieNs,Team Heretics,fade,True,100,4,0,0,1,3,False,Boo,Team Heretics,omen,True,100,,2,0,1,1,False,benjyfishy,Team Heretics,deadlock,False,,,0,0,0,3,False,Wo0t,Team Heretics,chamber,True,100,,0,6,1,2,False,grubinho,GIANTX,omen,True,100,25,1,1,0,4,False,ara,GIANTX,raze,True,100,25,0,0,1,1,False,Cloud,GIANTX,fade,True,100,25,0,1,1,4,False,Flickless,GIANTX,viper,False,,25,0,0,0,1,False,westside,GIANTX,cypher,True,81,25,0,0,0,1,False
204.137,875,ACTIVE_ROUND,2,0,1,,0.234,,MiniBoo,Team Heretics,raze,True,65,,0,0,0,3,False,RieNs,Team Heretics,fade,True,100,4,0,0,1,3,False,Boo,Team Heretics,omen,True,100,,2,0,1,1,False,benjyfishy,Team Heretics,deadlock,False,,,0,0,0,3,False,Wo0t,Team Heretics,chamber,True,100,,0,6,1,2,False,grubinho,GIANTX,omen,True,100,25,1,1,0,4,False,ara,GIANTX,raze,True,100,25,0,0,1,1,False,Cloud,GIANTX,fade,True,100,25,0,1,1,4,False,Flickless,GIANTX,viper,False,,25,0,0,0,1,False,westside,GIANTX,cypher,True,81,25,0,0,0,1,False
204.371,876,ACTIVE_ROUND,2,0,1,,0.467,,MiniBoo,Team Heretics,raze,True,65,,0,0,0,3,False,RieNs,Team Heretics,fade,True,100,4,0,0,1,3,False,Boo,Team Heretics,omen,True,100,,2,0,1,1,False,benjyfishy,Team Heretics,deadlock,False,,,0,0,0,3,False,Wo0t,Team Heretics,chamber,True,100,,0,6,1,2,False,grubinho,GIANTX,omen,True,100,25,1,1,0,4,False,ara,GIANTX,raze,True,100,25,0,0,1,1,False,Cloud,GIANTX,fade,True,100,25,0,1,1,4,False,Flickless,GIANTX,viper,False,,25,0,0,0,1,False,westside,GIANTX,cypher,True,81,25,0,0,0,1,False
204.604,877,ACTIVE_ROUND,2,0,1,,0.701,,MiniBoo,Team Heretics,raze,True,65,,0,0,0,3,False,RieNs,Team Heretics,fade,True,100,4,0,0,1,3,False,Boo,Team Heretics,omen,True,100,,2,0,1,1,False,benjyfishy,Team Heretics,deadlock,False,,,0,0,0,3,False,Wo0t,Team Heretics,chamber,True,100,,0,6,1,2,False,grubinho,GIANTX,omen,True,100,25,1,1,0,4,False,ara,GIANTX,raze,True,100,25,0,0,1,1,False,Cloud,GIANTX,fade,True,100,25,0,1,1,4,False,Flickless,GIANTX,viper,False,,25,0,0,0,1,False,westside,GIANTX,cypher,True,81,25,0,0,0,1,False
204.838,878,ACTIVE_ROUND,2,0,1,,0.934,,MiniBoo,Team Heretics,raze,True,65,,0,0,0,3,False,RieNs,Team Heretics,fade,True,100,4,0,0,1,3,False,Boo,Team Heretics,omen,True,100,,2,0,1,1,False,benjyfishy,Team Heretics,deadlock,False,,,0,0,0,3,False,Wo0t,Team Heretics,chamber,True,100,,0,6,1,2,False,grubinho,GIANTX,omen,True,100,25,1,1,0,4,False,ara,GIANTX,raze,True,100,25,0,0,1,1,False,Cloud,GIANTX,fade,True,100,25,0,1,1,4,False,Flickless,GIANTX,viper,False,,25,0,0,0,1,False,westside,GIANTX,cypher,True,81,25,0,0,0,1,False
205.072,879,ACTIVE_ROUND,2,0,1,,1.168,,MiniBoo,Team Heretics,raze,True,65,,0,0,0,3,False,RieNs,Team Heretics,fade,True,100,4,0,0,1,3,False,Boo,Team Heretics,omen,True,100,,2,0,1,1,False,benjyfishy,Team Heretics,deadlock,False,,,0,0,0,3,False,Wo0t,Team Heretics,chamber,True,100,,0,6,1,2,False,grubinho,GIANTX,omen,True,100,25,1,1,0,4,False,ara,GIANTX,raze,True,100,25,0,0,1,1,False,Cloud,GIANTX,fade,True,100,25,0,1,1,4,False,Flickless,GIANTX,viper,False,,25,0,0,0,1,False,westside,GIANTX,cypher,True,81,25,0,0,0,1,False
205.305,880,ACTIVE_ROUND,2,0,1,,1.401,,MiniBoo,Team Heretics,raze,True,65,,0,0,0,3,False,RieNs,Team Heretics,fade,True,100,4,0,0,1,3,False,Boo,Team Heretics,omen,True,100,,2,0,1,1,False,benjyfishy,Team Heretics,deadlock,False,,,0,0,0,3,False,Wo0t,Team Heretics,chamber,True,100,,0,6,1,2,False,grubinho,GIANTX,omen,True,100,25,1,1,0,4,False,ara,GIANTX,raze,True,100,25,0,0,1,1,False,Cloud,GIANTX,fade,True,100,25,0,1,1,4,False,Flickless,GIANTX,viper,False,,25,0,0,0,1,False,westside,GIANTX,cypher,True,81,25,0,0,0,1,False
205.539,881,ACTIVE_ROUND,2,0,1,,1.635,,MiniBoo,Team Heretics,raze,True,65,,0,0,0,3,False,RieNs,Team Heretics,fade,True,100,4,0,0,1,3,False,Boo,Team Heretics,omen,True,100,,2,0,1,1,False,benjyfishy,Team Heretics,deadlock,False,,,0,0,0,3,False,Wo0t,Team Heretics,chamber,True,100,,0,6,1,2,False,grubinho,GIANTX,omen,True,100,25,1,1,0,4,False,ara,GIANTX,raze,True,100,25,0,0,1,1,False,Cloud,GIANTX,fade,True,100,25,0,1,1,4,False,Flickless,GIANTX,viper,False,,25,0,0,0,1,False,westside,GIANTX,cypher,True,81,25,0,0,0,1,False
205.772,882,ACTIVE_ROUND,2,0,1,,1.869,,MiniBoo,Team Heretics,raze,True,65,,0,0,0,3,False,RieNs,Team Heretics,fade,True,100,4,0,0,1,3,False,Boo,Team Heretics,omen,True,100,,2,0,1,1,False,benjyfishy,Team Heretics,deadlock,False,,,0,0,0,3,False,Wo0t,Team Heretics,chamber,True,100,,0,6,1,2,False,grubinho,GIANTX,omen,True,100,25,1,1,0,4,False,ara,GIANTX,raze,True,100,25,0,0,1,1,False,Cloud,GIANTX,fade,True,100,25,0,1,1,4,False,Flickless,GIANTX,viper,False,,25,0,0,0,1,False,westside,GIANTX,cypher,True,81,25,0,0,0,1,False
206.006,883,ACTIVE_ROUND,2,0,1,,2.102,,MiniBoo,Team Heretics,raze,True,65,,0,0,0,3,False,RieNs,Team Heretics,fade,True,100,4,0,0,1,3,False,Boo,Team Heretics,omen,True,65,,2,0,1,1,False,benjyfishy,Team Heretics,deadlock,False,,,0,0,0,3,False,Wo0t,Team Heretics,chamber,True,100,,0,6,1,2,False,grubinho,GIANTX,omen,True,100,25,1,1,0,4,False,ara,GIANTX,raze,True,100,25,0,0,1,1,False,Cloud,GIANTX,fade,True,100,25,0,1,1,4,False,Flickless,GIANTX,viper,False,,25,0,0,0,1,False,westside,GIANTX,cypher,True,81,25,0,0,0,1,False
206.239,884,ACTIVE_ROUND,2,0,1,,2.336,,MiniBoo,Team Heretics,raze,True,65,,0,0,0,3,False,RieNs,Team Heretics,fade,True,100,4,0,0,1,3,False,Boo,Team Heretics,omen,True,65,,2,0,1,1,False,benjyfishy,Team Heretics,deadlock,False,,,0,0,0,3,False,Wo0t,Team Heretics,chamber,True,100,,0,6,1,2,False,grubinho,GIANTX,omen,True,100,25,1,1,0,4,False,ara,GIANTX,raze,True,100,25,0,0,1,1,False,Cloud,GIANTX,fade,True,100,25,0,1,1,4,False,Flickless,GIANTX,viper,False,,25,0,0,0,1,False,westside,GIANTX,cypher,True,81,25,0,0,0,1,False
206.473,885,ACTIVE_ROUND,2,0,1,,2.569,,MiniBoo,Team Heretics,raze,True,65,,0,0,0,3,False,RieNs,Team Heretics,fade,True,100,4,0,0,1,3,False,Boo,Team Heretics,omen,True,65,,2,0,1,1,False,benjyfishy,Team Heretics,deadlock,False,,,0,0,0,3,False,Wo0t,Team Heretics,chamber,True,100,,0,6,1,2,False,grubinho,GIANTX,omen,True,100,25,1,1,0,4,False,ara,GIANTX,raze,True,100,25,0,0,1,1,False,Cloud,GIANTX,fade,True,100,25,0,1,1,4,False,Flickless,GIANTX,viper,False,,25,0,0,0,1,False,westside,GIANTX,cypher,True,81,25,0,0,0,1,False
206.707,886,ACTIVE_ROUND,2,0,1,,2.803,,MiniBoo,Team Heretics,raze,True,65,,0,0,0,3,False,RieNs,Team Heretics,fade,True,100,4,0,0,1,3,False,Boo,Team Heretics,omen,True,65,,2,0,1,1,False,benjyfishy,Team Heretics,deadlock,False,,,0,0,0,3,False,Wo0t,Team Heretics,chamber,True,100,,0,6,1,2,False,grubinho,GIANTX,omen,True,100,25,1,1,0,4,False,ara,GIANTX,raze,True,100,25,0,0,1,1,False,Cloud,GIANTX,fade,True,100,25,0,1,1,4,False,Flickless,GIANTX,viper,False,,25,0,0,0,1,False,westside,GIANTX,cypher,True,81,25,0,0,0,1,False
206.940,887,ACTIVE_ROUND,2,0,1,,3.036,,MiniBoo,Team Heretics,raze,True,65,,0,0,0,3,False,RieNs,Team Heretics,fade,True,100,4,0,0,1,3,False,Boo,Team Heretics,omen,True,65,,2,0,1,1,False,benjyfishy,Team Heretics,deadlock,False,,,0,0,0,3,False,Wo0t,Team Heretics,chamber,True,100,,0,6,1,2,False,grubinho,GIANTX,omen,True,100,25,1,0,0,4,False,ara,GIANTX,raze,True,100,25,0,0,0,1,False,Cloud,GIANTX,fade,True,100,25,0,1,1,4,False,Flickless,GIANTX,viper,False,,25,0,0,0,1,False,westside,GIANTX,cypher,True,81,25,0,0,0,1,False
207.174,888,ACTIVE_ROUND,2,0,1,,3.270,,MiniBoo,Team Heretics,raze,True,65,,0,0,0,3,False,RieNs,Team Heretics,fade,True,100,4,0,0,1,3,False,Boo,Team Heretics,omen,True,65,,2,0,1,1,False,benjyfishy,Team Heretics,deadlock,False,,,0,0,0,3,False,Wo0t,Team Heretics,chamber,True,100,,0,6,1,2,False,grubinho,GIANTX,omen,True,100,25,1,0,0,4,False,ara,GIANTX,raze,True,100,25,0,0,0,1,False,Cloud,GIANTX,fade,True,100,25,0,1,1,4,False,Flickless,GIANTX,viper,False,,25,0,0,0,1,False,westside,GIANTX,cypher,True,81,25,0,0,0,1,False
207.407,889,ACTIVE_ROUND,2,0,1,,3.504,,MiniBoo,Team Heretics,raze,True,65,,0,0,0,3,False,RieNs,Team Heretics,fade,True,100,4,0,0,1,3,False,Boo,Team Heretics,omen,True,65,,2,0,1,1,False,benjyfishy,Team Heretics,deadlock,False,,,0,0,0,3,False,Wo0t,Team Heretics,chamber,True,100,,0,6,1,2,False,grubinho,GIANTX,omen,True,100,25,1,0,0,4,False,ara,GIANTX,raze,True,100,25,0,0,0,1,False,Cloud,GIANTX,fade,True,100,25,0,1,1,4,False,Flickless,GIANTX,viper,False,,25,0,0,0,1,False,westside,GIANTX,cypher,True,81,25,0,0,0,1,False
207.641,890,ACTIVE_ROUND,2,0,1,,3.737,,MiniBoo,Team Heretics,raze,True,65,,0,0,0,3,False,RieNs,Team Heretics,fade,True,100,4,0,0,1,3,False,Boo,Team Heretics,omen,True,65,,2,0,1,1,False,benjyfishy,Team Heretics,deadlock,False,,,0,0,0,3,False,Wo0t,Team Heretics,chamber,True,100,,0,6,1,2,False,grubinho,GIANTX,omen,True,100,25,1,0,0,4,False,ara,GIANTX,raze,True,100,25,0,0,0,1,False,Cloud,GIANTX,fade,True,100,25,0,1,1,4,False,Flickless,GIANTX,viper,False,,25,0,0,0,1,False,westside,GIANTX,cypher,True,81,25,0,0,0,1,False
207.874,891,ACTIVE_ROUND,2,0,1,,3.971,,MiniBoo,Team Heretics,raze,True,65,,0,0,0,3,False,RieNs,Team Heretics,fade,True,100,4,0,0,1,3,False,Boo,Team Heretics,omen,True,65,,2,0,1,1,False,benjyfishy,Team Heretics,deadlock,False,,,0,0,0,3,False,Wo0t,Team Heretics,chamber,True,100,,0,6,1,2,False,grubinho,GIANTX,omen,True,100,25,1,0,0,4,False,ara,GIANTX,raze,True,100,25,0,0,0,1,False,Cloud,GIANTX,fade,True,100,25,0,1,1,4,False,Flickless,GIANTX,viper,False,,25,0,0,0,1,False,westside,GIANTX,cypher,True,81,25,0,0,0,1,False
208.108,892,ACTIVE_ROUND,2,0,1,,4.204,,MiniBoo,Team Heretics,raze,True,65,,0,0,0,3,False,RieNs,Team Heretics,fade,True,100,4,0,0,1,3,False,Boo,Team Heretics,omen,True,65,,2,0,1,1,False,benjyfishy,Team Heretics,deadlock,False,,,0,0,0,3,False,Wo0t,Team Heretics,chamber,True,100,,0,6,1,2,False,grubinho,GIANTX,omen,True,100,25,1,0,0,4,False,ara,GIANTX,raze,True,100,25,0,0,0,1,False,Cloud,GIANTX,fade,True,100,25,0,1,1,4,False,Flickless,GIANTX,viper,False,,25,0,0,0,1,False,westside,GIANTX,cypher,True,81,25,0,0,0,1,False
208.341,893,ACTIVE_ROUND,2,0,1,,4.438,,MiniBoo,Team Heretics,raze,True,65,,0,0,0,3,False,RieNs,Team Heretics,fade,True,100,4,0,0,1,3,False,Boo,Team Heretics,omen,True,65,,2,0,1,1,False,benjyfishy,Team Heretics,deadlock,False,,,0,0,0,3,False,Wo0t,Team Heretics,chamber,True,100,,0,6,1,2,False,grubinho,GIANTX,omen,True,100,25,1,0,0,4,False,ara,GIANTX,raze,True,100,25,0,0,0,1,False,Cloud,GIANTX,fade,True,100,25,0,1,1,4,False,Flickless,GIANTX,viper,False,,25,0,0,0,1,False,westside,GIANTX,cypher,True,81,25,0,0,0,1,False
208.575,894,ACTIVE_ROUND,2,0,1,,4.671,,MiniBoo,Team Heretics,raze,True,65,,0,0,0,3,False,RieNs,Team Heretics,fade,True,100,4,0,0,1,3,False,Boo,Team Heretics,omen,True,65,,2,0,1,1,False,benjyfishy,Team Heretics,deadlock,False,,,0,0,0,3,False,Wo0t,Team Heretics,chamber,True,100,,0,6,1,2,False,grubinho,GIANTX,omen,True,100,25,1,0,0,4,False,ara,GIANTX,raze,True,100,25,0,0,0,1,False,Cloud,GIANTX,fade,True,100,25,0,1,1,4,False,Flickless,GIANTX,viper,False,,25,0,0,0,1,False,westside,GIANTX,cypher,True,81,25,0,0,0,1,False
208.809,895,ACTIVE_ROUND,2,0,1,,4.905,,MiniBoo,Team Heretics,raze,True,65,,0,0,0,3,False,RieNs,Team Heretics,fade,True,100,4,0,0,1,3,False,Boo,Team Heretics,omen,True,65,,2,0,1,1,False,benjyfishy,Team Heretics,deadlock,False,,,0,0,0,3,False,Wo0t,Team Heretics,chamber,True,100,,0,6,1,2,False,grubinho,GIANTX,omen,True,100,25,1,0,0,4,False,ara,GIANTX,raze,True,100,25,0,0,0,1,False,Cloud,GIANTX,fade,True,100,25,0,1,1,4,False,Flickless,GIANTX,viper,False,,25,0,0,0,1,False,westside,GIANTX,cypher,True,81,25,0,0,0,1,False
209.042,896,ACTIVE_ROUND,2,0,1,,5.138,,MiniBoo,Team Heretics,raze,True,65,,0,0,0,3,False,RieNs,Team Heretics,fade,True,100,4,0,0,1,3,False,Boo,Team Heretics,omen,True,65,,2,0,1,1,False,benjyfishy,Team Heretics,deadlock,False,,,0,0,0,3,False,Wo0t,Team Heretics,chamber,True,100,,0,6,1,2,False,grubinho,GIANTX,omen,True,100,25,1,0,0,4,False,ara,GIANTX,raze,True,100,25,0,0,0,1,False,Cloud,GIANTX,fade,True,100,25,0,1,1,4,False,Flickless,GIANTX,viper,False,,25,0,0,0,1,False,westside,GIANTX,cypher,True,81,25,0,0,0,1,False
209.276,897,ACTIVE_ROUND,2,0,1,,5.372,,MiniBoo,Team Heretics,raze,True,65,,0,0,0,3,False,RieNs,Team Heretics,fade,True,100,4,0,0,1,3,False,Boo,Team Heretics,omen,True,65,,2,0,1,1,False,benjyfishy,Team Heretics,deadlock,False,,,0,0,0,3,False,Wo0t,Team Heretics,chamber,True,100,,0,6,1,2,False,grubinho,GIANTX,omen,True,100,25,1,0,0,4,False,ara,GIANTX,raze,True,100,25,0,0,0,1,False,Cloud,GIANTX,fade,True,100,25,0,1,1,4,False,Flickless,GIANTX,viper,False,,25,0,0,0,1,False,westside,GIANTX,cypher,True,81,25,0,0,0,1,False
209.509,898,ACTIVE_ROUND,2,0,1,,5.606,,MiniBoo,Team Heretics,raze,True,65,,0,0,0,3,False,RieNs,Team Heretics,fade,True,100,4,0,0,1,3,False,Boo,Team Heretics,omen,True,65,,2,0,1,1,False,benjyfishy,Team Heretics,deadlock,False,,,0,0,0,3,False,Wo0t,Team Heretics,chamber,True,100,,0,6,1,2,False,grubinho,GIANTX,omen,True,100,25,1,0,0,4,False,ara,GIANTX,raze,True,100,25,0,0,0,1,False,Cloud,GIANTX,fade,True,100,25,0,1,1,4,False,Flickless,GIANTX,viper,False,,25,0,0,0,1,False,westside,GIANTX,cypher,True,81,25,0,0,0,1,False
209.743,899,ACTIVE_ROUND,2,0,1,,5.839,,MiniBoo,Team Heretics,raze,True,65,,0,0,0,3,False,RieNs,Team Heretics,fade,True,100,4,0,0,1,3,False,Boo,Team Heretics,omen,True,65,,2,0,1,1,False,benjyfishy,Team Heretics,deadlock,False,,,0,0,0,3,False,Wo0t,Team Heretics,chamber,True,100,,0,6,1,2,False,grubinho,GIANTX,omen,True,100,25,1,0,0,4,False,ara,GIANTX,raze,True,100,25,0,0,0,1,False,Cloud,GIANTX,fade,True,100,25,0,1,1,4,False,Flickless,GIANTX,viper,False,,25,0,0,0,1,False,westside,GIANTX,cypher,True,81,25,0,0,0,1,False
209.976,900,ACTIVE_ROUND,2,0,1,,6.073,,MiniBoo,Team Heretics,raze,True,65,,0,0,0,3,False,RieNs,Team Heretics,fade,True,100,4,0,0,0,4,False,Boo,Team Heretics,omen,True,65,,2,0,1,1,False,benjyfishy,Team Heretics,deadlock,False,,,0,0,0,3,False,Wo0t,Team Heretics,chamber,True,100,,0,6,1,2,False,grubinho,GIANTX,omen,True,21,25,1,0,0,5,False,ara,GIANTX,raze,True,100,25,0,0,0,1,False,Cloud,GIANTX,fade,True,100,25,0,1,1,4,False,Flickless,GIANTX,viper,False,,25,0,0,0,1,False,westside,GIANTX,cypher,True,81,25,0,0,0,1,False
210.210,901,ACTIVE_ROUND,2,0,1,,6.306,,MiniBoo,Team Heretics,raze,True,65,,0,0,0,3,False,RieNs,Team Heretics,fade,False,,4,0,0,0,4,False,Boo,Team Heretics,omen,True,65,,2,0,1,1,False,benjyfishy,Team Heretics,deadlock,False,,,0,0,0,3,False,Wo0t,Team Heretics,chamber,True,100,,0,6,1,2,False,grubinho,GIANTX,omen,True,21,25,1,0,0,5,False,ara,GIANTX,raze,True,100,25,0,0,0,1,False,Cloud,GIANTX,fade,True,100,25,0,1,1,4,False,Flickless,GIANTX,viper,False,,25,0,0,0,1,False,westside,GIANTX,cypher,True,81,25,0,0,0,1,False
210.444,902,ACTIVE_ROUND,2,0,1,,6.540,,MiniBoo,Team Heretics,raze,True,65,,0,0,0,3,False,RieNs,Team Heretics,fade,False,,4,0,0,0,4,False,Boo,Team Heretics,omen,True,65,,2,0,1,1,False,benjyfishy,Team Heretics,deadlock,False,,,0,0,0,3,False,Wo0t,Team Heretics,chamber,True,100,,0,6,1,2,False,grubinho,GIANTX,omen,True,21,25,1,0,0,5,False,ara,GIANTX,raze,True,100,25,0,0,0,1,False,Cloud,GIANTX,fade,True,100,25,0,1,1,4,False,Flickless,GIANTX,viper,False,,25,0,0,0,1,False,westside,GIANTX,cypher,True,81,25,0,0,0,1,False
210.677,903,ACTIVE_ROUND,2,0,1,,6.773,,MiniBoo,Team Heretics,raze,True,65,,0,0,0,3,False,RieNs,Team Heretics,fade,False,,4,0,0,0,4,False,Boo,Team Heretics,omen,True,65,,2,0,1,1,False,benjyfishy,Team Heretics,deadlock,False,,,0,0,0,3,False,Wo0t,Team Heretics,chamber,True,100,,0,6,1,2,False,grubinho,GIANTX,omen,True,21,25,1,0,0,5,False,ara,GIANTX,raze,True,100,25,0,0,0,1,False,Cloud,GIANTX,fade,True,100,25,0,1,1,4,False,Flickless,GIANTX,viper,False,,25,0,0,0,1,False,westside,GIANTX,cypher,True,81,25,0,0,0,1,False
210.911,904,ACTIVE_ROUND,2,0,1,,7.007,,MiniBoo,Team Heretics,raze,True,65,,0,0,0,3,False,RieNs,Team Heretics,fade,False,,4,0,0,0,4,False,Boo,Team Heretics,omen,True,65,,2,0,1,1,False,benjyfishy,Team Heretics,deadlock,False,,,0,0,0,3,False,Wo0t,Team Heretics,chamber,True,100,,0,6,1,2,False,grubinho,GIANTX,omen,True,21,25,1,0,0,5,False,ara,GIANTX,raze,True,100,25,0,0,0,1,False,Cloud,GIANTX,fade,True,100,25,0,1,1,4,False,Flickless,GIANTX,viper,False,,25,0,0,0,1,False,westside,GIANTX,cypher,True,81,25,0,0,0,1,False
211.144,905,ACTIVE_ROUND,2,0,1,,7.241,,MiniBoo,Team Heretics,raze,True,65,,0,0,0,3,False,RieNs,Team Heretics,fade,False,,4,0,0,0,4,False,Boo,Team Heretics,omen,True,65,,2,0,1,1,False,benjyfishy,Team Heretics,deadlock,False,,,0,0,0,3,False,Wo0t,Team Heretics,chamber,True,100,,0,6,1,2,False,grubinho,GIANTX,omen,True,21,25,1,0,0,5,False,ara,GIANTX,raze,True,100,25,0,0,0,1,False,Cloud,GIANTX,fade,True,100,25,0,1,1,4,False,Flickless,GIANTX,viper,False,,25,0,0,0,1,False,westside,GIANTX,cypher,True,81,25,0,0,0,1,False
211.378,906,ACTIVE_ROUND,2,0,1,,7.474,,MiniBoo,Team Heretics,raze,True,65,,0,0,0,3,False,RieNs,Team Heretics,fade,False,,4,0,0,0,4,False,Boo,Team Heretics,omen,True,65,,2,0,1,1,False,benjyfishy,Team Heretics,deadlock,False,,,0,0,0,3,False,Wo0t,Team Heretics,chamber,True,100,,0,6,1,2,False,grubinho,GIANTX,omen,True,21,25,1,0,0,5,False,ara,GIANTX,raze,True,100,25,0,0,0,1,False,Cloud,GIANTX,fade,True,100,25,0,1,1,4,False,Flickless,GIANTX,viper,False,,25,0,0,0,1,False,westside,GIANTX,cypher,True,81,25,0,0,0,1,False
211.611,907,ACTIVE_ROUND,2,0,1,,7.708,,MiniBoo,Team Heretics,raze,True,65,,0,0,0,3,False,RieNs,Team Heretics,fade,False,,4,0,0,0,4,False,Boo,Team Heretics,omen,True,65,,2,0,1,1,False,benjyfishy,Team Heretics,deadlock,False,,,0,0,0,3,False,Wo0t,Team Heretics,chamber,True,100,,0,6,1,2,False,grubinho,GIANTX,omen,True,21,25,1,0,0,5,False,ara,GIANTX,raze,True,100,25,0,0,0,1,False,Cloud,GIANTX,fade,True,100,25,0,1,1,4,False,Flickless,GIANTX,viper,False,,25,0,0,0,1,False,westside,GIANTX,cypher,True,81,25,0,0,0,1,False
211.845,908,ACTIVE_ROUND,2,0,1,,7.941,,MiniBoo,Team Heretics,raze,True,65,,0,0,0,3,False,RieNs,Team Heretics,fade,False,,4,0,0,0,4,False,Boo,Team Heretics,omen,True,65,,2,0,1,1,False,benjyfishy,Team Heretics,deadlock,False,,,0,0,0,3,False,Wo0t,Team Heretics,chamber,True,100,,0,6,1,2,False,grubinho,GIANTX,omen,True,21,25,1,0,0,5,False,ara,GIANTX,raze,True,100,25,0,0,0,1,False,Cloud,GIANTX,fade,True,100,25,0,1,1,4,False,Flickless,GIANTX,viper,False,,25,0,0,0,1,False,westside,GIANTX,cypher,True,81,25,0,0,0,1,False
212.079,909,ACTIVE_ROUND,2,0,1,,8.175,,MiniBoo,Team Heretics,raze,True,65,,0,0,0,3,False,RieNs,Team Heretics,fade,False,,4,0,0,0,4,False,Boo,Team Heretics,omen,True,65,,2,0,1,1,False,benjyfishy,Team Heretics,deadlock,False,,,0,0,0,3,False,Wo0t,Team Heretics,chamber,True,100,,0,6,1,2,False,grubinho,GIANTX,omen,True,21,25,1,0,0,5,False,ara,GIANTX,raze,True,100,25,0,0,0,1,False,Cloud,GIANTX,fade,True,100,25,0,1,1,4,False,Flickless,GIANTX,viper,False,,25,0,0,0,1,False,westside,GIANTX,cypher,True,81,25,0,0,0,1,False
212.312,910,ACTIVE_ROUND,2,0,1,,8.408,,MiniBoo,Team Heretics,raze,True,65,,0,0,0,3,False,RieNs,Team Heretics,fade,False,,4,0,0,0,4,False,Boo,Team Heretics,omen,True,65,,2,0,1,1,False,benjyfishy,Team Heretics,deadlock,False,,,0,0,0,3,False,Wo0t,Team Heretics,chamber,True,100,,0,6,1,2,False,grubinho,GIANTX,omen,True,21,25,1,0,0,5,False,ara,GIANTX,raze,True,100,25,0,0,0,1,False,Cloud,GIANTX,fade,True,100,25,0,1,1,4,False,Flickless,GIANTX,viper,False,,25,0,0,0,1,False,westside,GIANTX,cypher,True,81,25,0,0,0,1,False
212.546,911,ACTIVE_ROUND,2,0,1,,8.642,,MiniBoo,Team Heretics,raze,True,65,,0,0,0,3,False,RieNs,Team Heretics,fade,False,,4,0,0,0,4,False,Boo,Team Heretics,omen,True,65,,2,0,1,1,False,benjyfishy,Team Heretics,deadlock,False,,,0,0,0,3,False,Wo0t,Team Heretics,chamber,True,100,,0,6,1,2,False,grubinho,GIANTX,omen,True,21,25,1,0,0,5,False,ara,GIANTX,raze,True,100,25,0,0,0,1,False,Cloud,GIANTX,fade,True,100,25,0,1,1,4,False,Flickless,GIANTX,viper,False,,25,0,0,0,1,False,westside,GIANTX,cypher,True,81,25,0,0,0,1,False
212.779,912,ACTIVE_ROUND,2,0,1,,8.876,,MiniBoo,Team Heretics,raze,True,65,,0,0,0,3,False,RieNs,Team Heretics,fade,False,,4,0,0,0,4,False,Boo,Team Heretics,omen,True,65,,2,0,1,1,False,benjyfishy,Team Heretics,deadlock,False,,,0,0,0,3,False,Wo0t,Team Heretics,chamber,True,100,,0,6,1,2,False,grubinho,GIANTX,omen,True,21,25,1,0,0,5,False,ara,GIANTX,raze,True,100,25,0,0,0,1,False,Cloud,GIANTX,fade,True,100,25,0,1,1,4,False,Flickless,GIANTX,viper,False,,25,0,0,0,1,False,westside,GIANTX,cypher,True,81,25,0,0,0,1,False
213.013,913,ACTIVE_ROUND,2,0,1,,9.109,,MiniBoo,Team Heretics,raze,True,65,,0,0,0,3,False,RieNs,Team Heretics,fade,False,,4,0,0,0,4,False,Boo,Team Heretics,omen,True,65,,2,0,1,1,False,benjyfishy,Team Heretics,deadlock,False,,,0,0,0,3,False,Wo0t,Team Heretics,chamber,True,100,,0,6,1,2,False,grubinho,GIANTX,omen,True,21,25,1,0,0,5,False,ara,GIANTX,raze,True,100,25,0,0,0,1,False,Cloud,GIANTX,fade,True,100,25,0,1,1,4,False,Flickless,GIANTX,viper,False,,25,0,0,0,1,False,westside,GIANTX,cypher,True,81,25,0,0,0,1,False
213.246,914,ACTIVE_ROUND,2,0,1,,9.343,,MiniBoo,Team Heretics,raze,True,65,,0,0,0,3,False,RieNs,Team Heretics,fade,False,,4,0,0,0,4,False,Boo,Team Heretics,omen,True,65,,2,0,1,1,False,benjyfishy,Team Heretics,deadlock,False,,,0,0,0,3,False,Wo0t,Team Heretics,chamber,True,100,,0,6,1,2,False,grubinho,GIANTX,omen,True,21,25,1,0,0,5,False,ara,GIANTX,raze,True,100,25,0,0,0,1,False,Cloud,GIANTX,fade,True,100,25,0,1,1,4,False,Flickless,GIANTX,viper,False,,25,0,0,0,1,False,westside,GIANTX,cypher,True,81,25,0,0,0,1,False
213.480,915,ACTIVE_ROUND,2,0,1,,9.576,,MiniBoo,Team Heretics,raze,True,65,,0,0,0,3,False,RieNs,Team Heretics,fade,False,,4,0,0,0,4,False,Boo,Team Heretics,omen,True,65,,2,0,1,1,False,benjyfishy,Team Heretics,deadlock,False,,,0,0,0,3,False,Wo0t,Team Heretics,chamber,True,100,,0,6,1,2,False,grubinho,GIANTX,omen,True,21,25,1,0,0,5,False,ara,GIANTX,raze,True,100,25,0,0,0,1,False,Cloud,GIANTX,fade,True,100,25,0,1,1,4,False,Flickless,GIANTX,viper,False,,25,0,0,0,1,False,westside,GIANTX,cypher,True,81,25,0,0,0,1,False
213.714,916,ACTIVE_ROUND,2,0,1,,9.810,,MiniBoo,Team Heretics,raze,True,65,,0,0,0,3,False,RieNs,Team Heretics,fade,False,,4,0,0,0,4,False,Boo,Team Heretics,omen,True,65,,2,0,1,1,False,benjyfishy,Team Heretics,deadlock,False,,,0,0,0,3,False,Wo0t,Team Heretics,chamber,True,100,,0,6,1,2,False,grubinho,GIANTX,omen,True,21,25,1,0,0,5,False,ara,GIANTX,raze,True,100,25,0,0,0,1,False,Cloud,GIANTX,fade,True,100,25,0,1,1,4,False,Flickless,GIANTX,viper,False,,25,0,0,0,1,False,westside,GIANTX,cypher,True,81,25,0,0,0,1,False
213.947,917,ACTIVE_ROUND,2,0,1,,10.043,,MiniBoo,Team Heretics,raze,True,65,,0,0,0,4,False,RieNs,Team Heretics,fade,False,,4,0,0,0,4,False,Boo,Team Heretics,omen,True,65,,2,0,1,1,False,benjyfishy,Team Heretics,deadlock,False,,,0,0,0,3,False,Wo0t,Team Heretics,chamber,True,35,,0,4,1,2,False,grubinho,GIANTX,omen,True,21,25,0,0,0,6,False,ara,GIANTX,raze,True,100,25,0,0,0,1,False,Cloud,GIANTX,fade,True,70,25,0,1,1,4,False,Flickless,GIANTX,viper,False,,25,0,0,0,1,False,westside,GIANTX,cypher,True,81,25,0,0,0,1,False
214.181,918,ACTIVE_ROUND,2,0,1,,10.277,,MiniBoo,Team Heretics,raze,True,65,,0,0,0,4,False,RieNs,Team Heretics,fade,False,,4,0,0,0,4,False,Boo,Team Heretics,omen,True,65,,2,0,1,1,False,benjyfishy,Team Heretics,deadlock,False,,,0,0,0,3,False,Wo0t,Team Heretics,chamber,True,35,,0,4,1,2,False,grubinho,GIANTX,omen,False,,25,0,0,0,6,False,ara,GIANTX,raze,True,100,25,0,0,0,1,False,Cloud,GIANTX,fade,True,70,25,0,0,0,4,False,Flickless,GIANTX,viper,False,,25,0,0,0,1,False,westside,GIANTX,cypher,True,81,25,0,0,0,1,False
214.414,919,ACTIVE_ROUND,2,0,1,,10.510,,MiniBoo,Team Heretics,raze,True,65,,0,0,0,4,False,RieNs,Team Heretics,fade,False,,4,0,0,0,4,False,Boo,Team Heretics,omen,True,65,,2,0,1,1,False,benjyfishy,Team Heretics,deadlock,False,,,0,0,0,3,False,Wo0t,Team Heretics,chamber,True,35,,0,4,1,2,False,grubinho,GIANTX,omen,False,,25,0,0,0,6,False,ara,GIANTX,raze,True,100,25,0,0,0,1,False,Cloud,GIANTX,fade,False,,25,0,0,0,4,False,Flickless,GIANTX,viper,False,,25,0,0,0,1,False,westside,GIANTX,cypher,True,81,25,0,0,0,1,False
214.648,920,ACTIVE_ROUND,2,0,1,,10.744,,MiniBoo,Team Heretics,raze,True,65,,0,0,0,4,False,RieNs,Team Heretics,fade,False,,4,0,0,0,4,False,Boo,Team Heretics,omen,True,65,,2,0,1,1,False,benjyfishy,Team Heretics,deadlock,False,,,0,0,0,3,False,Wo0t,Team Heretics,chamber,True,35,,0,4,1,2,False,grubinho,GIANTX,omen,False,,25,0,0,0,6,False,ara,GIANTX,raze,True,100,25,0,0,0,1,False,Cloud,GIANTX,fade,False,,25,0,0,0,4,False,Flickless,GIANTX,viper,False,,25,0,0,0,1,False,westside,GIANTX,cypher,True,81,25,0,0,0,1,False
214.881,921,ACTIVE_ROUND,2,0,1,,10.978,,MiniBoo,Team Heretics,raze,True,65,,0,0,0,4,False,RieNs,Team Heretics,fade,False,,4,0,0,0,4,False,Boo,Team Heretics,omen,True,65,,2,0,1,1,False,benjyfishy,Team Heretics,deadlock,False,,,0,0,0,3,False,Wo0t,Team Heretics,chamber,True,35,,0,3,1,3,False,grubinho,GIANTX,omen,False,,25,0,0,0,6,False,ara,GIANTX,raze,True,100,25,0,0,0,1,False,Cloud,GIANTX,fade,False,,25,0,0,0,4,False,Flickless,GIANTX,viper,False,,25,0,0,0,1,False,westside,GIANTX,cypher,True,81,25,0,0,0,1,False
215.115,922,ACTIVE_ROUND,2,0,1,,11.211,,MiniBoo,Team Heretics,raze,True,65,,0,0,0,4,False,RieNs,Team Heretics,fade,False,,4,0,0,0,4,False,Boo,Team Heretics,omen,True,65,,2,0,1,1,False,benjyfishy,Team Heretics,deadlock,False,,,0,0,0,3,False,Wo0t,Team Heretics,chamber,True,35,,0,3,1,3,False,grubinho,GIANTX,omen,False,,25,0,0,0,6,False,ara,GIANTX,raze,True,100,25,0,0,0,1,False,Cloud,GIANTX,fade,False,,25,0,0,0,4,False,Flickless,GIANTX,viper,False,,25,0,0,0,1,False,westside,GIANTX,cypher,True,81,25,0,0,0,1,False
215.348,923,ACTIVE_ROUND,2,0,1,,11.445,,MiniBoo,Team Heretics,raze,True,65,,0,0,0,4,False,RieNs,Team Heretics,fade,False,,4,0,0,0,4,False,Boo,Team Heretics,omen,True,65,,2,0,1,1,False,benjyfishy,Team Heretics,deadlock,False,,,0,0,0,3,False,Wo0t,Team Heretics,chamber,True,35,,0,3,1,3,False,grubinho,GIANTX,omen,False,,25,0,0,0,6,False,ara,GIANTX,raze,True,100,25,0,0,0,1,False,Cloud,GIANTX,fade,False,,25,0,0,0,4,False,Flickless,GIANTX,viper,False,,25,0,0,0,1,False,westside,GIANTX,cypher,True,81,25,0,0,0,1,False
215.582,924,ACTIVE_ROUND,2,0,1,,11.678,,MiniBoo,Team Heretics,raze,True,65,,0,0,0,4,False,RieNs,Team Heretics,fade,False,,4,0,0,0,4,False,Boo,Team Heretics,omen,True,65,,2,0,1,1,False,benjyfishy,Team Heretics,deadlock,False,,,0,0,0,3,False,Wo0t,Team Heretics,chamber,True,35,,0,3,1,3,False,grubinho,GIANTX,omen,False,,25,0,0,0,6,False,ara,GIANTX,raze,True,100,25,0,0,0,1,False,Cloud,GIANTX,fade,False,,25,0,0,0,4,False,Flickless,GIANTX,viper,False,,25,0,0,0,1,False,westside,GIANTX,cypher,True,81,25,0,0,0,1,False
215.816,925,ACTIVE_ROUND,2,0,1,,11.912,,MiniBoo,Team Heretics,raze,True,65,,0,0,0,4,False,RieNs,Team Heretics,fade,False,,4,0,0,0,4,False,Boo,Team Heretics,omen,True,65,,2,0,1,1,False,benjyfishy,Team Heretics,deadlock,False,,,0,0,0,3,False,Wo0t,Team Heretics,chamber,True,35,,0,3,1,3,False,grubinho,GIANTX,omen,False,,25,0,0,0,6,False,ara,GIANTX,raze,True,100,25,0,0,0,1,False,Cloud,GIANTX,fade,False,,25,0,0,0,4,False,Flickless,GIANTX,viper,False,,25,0,0,0,1,False,westside,GIANTX,cypher,True,81,25,0,0,0,1,False
216.049,926,ACTIVE_ROUND,2,0,1,,12.145,,MiniBoo,Team Heretics,raze,True,65,,0,0,0,4,False,RieNs,Team Heretics,fade,False,,4,0,0,0,4,False,Boo,Team Heretics,omen,True,65,,2,0,1,1,False,benjyfishy,Team Heretics,deadlock,False,,,0,0,0,3,False,Wo0t,Team Heretics,chamber,True,35,,0,3,1,3,False,grubinho,GIANTX,omen,False,,25,0,0,0,6,False,ara,GIANTX,raze,True,100,25,0,0,0,1,False,Cloud,GIANTX,fade,False,,25,0,0,0,4,False,Flickless,GIANTX,viper,False,,25,0,0,0,1,False,westside,GIANTX,cypher,True,81,25,0,0,0,1,False
216.283,927,ACTIVE_ROUND,2,0,1,,12.379,,MiniBoo,Team Heretics,raze,True,65,,0,0,0,4,False,RieNs,Team Heretics,fade,False,,4,0,0,0,4,False,Boo,Team Heretics,omen,True,65,,2,0,1,1,False,benjyfishy,Team Heretics,deadlock,False,,,0,0,0,3,False,Wo0t,Team Heretics,chamber,True,35,,0,3,1,3,False,grubinho,GIANTX,omen,False,,25,0,0,0,6,False,ara,GIANTX,raze,True,100,25,0,0,0,1,False,Cloud,GIANTX,fade,False,,25,0,0,0,4,False,Flickless,GIANTX,viper,False,,25,0,0,0,1,False,westside,GIANTX,cypher,True,81,25,0,0,0,1,False
216.516,928,ACTIVE_ROUND,2,0,1,,12.613,,MiniBoo,Team Heretics,raze,True,65,,0,0,0,4,False,RieNs,Team Heretics,fade,False,,4,0,0,0,4,False,Boo,Team Heretics,omen,True,65,,2,0,1,1,False,benjyfishy,Team Heretics,deadlock,False,,,0,0,0,3,False,Wo0t,Team Heretics,chamber,True,35,,0,3,1,3,False,grubinho,GIANTX,omen,False,,25,0,0,0,6,False,ara,GIANTX,raze,True,100,25,0,0,0,1,False,Cloud,GIANTX,fade,False,,25,0,0,0,4,False,Flickless,GIANTX,viper,False,,25,0,0,0,1,False,westside,GIANTX,cypher,True,81,25,0,0,0,1,False
216.750,929,ACTIVE_ROUND,2,0,1,,12.846,,MiniBoo,Team Heretics,raze,True,65,,0,0,0,4,False,RieNs,Team Heretics,fade,False,,4,0,0,0,4,False,Boo,Team Heretics,omen,True,65,,2,0,1,1,False,benjyfishy,Team Heretics,deadlock,False,,,0,0,0,3,False,Wo0t,Team Heretics,chamber,True,35,,0,3,1,3,False,grubinho,GIANTX,omen,False,,25,0,0,0,6,False,ara,GIANTX,raze,True,100,25,0,0,0,1,False,Cloud,GIANTX,fade,False,,25,0,0,0,4,False,Flickless,GIANTX,viper,False,,25,0,0,0,1,False,westside,GIANTX,cypher,True,81,25,0,0,0,1,False
216.983,930,ACTIVE_ROUND,2,0,1,,13.080,,MiniBoo,Team Heretics,raze,True,65,,0,0,0,4,False,RieNs,Team Heretics,fade,False,,4,0,0,0,4,False,Boo,Team Heretics,omen,True,65,,2,0,1,1,False,benjyfishy,Team Heretics,deadlock,False,,,0,0,0,3,False,Wo0t,Team Heretics,chamber,True,35,,0,3,1,3,False,grubinho,GIANTX,omen,False,,25,0,0,0,6,False,ara,GIANTX,raze,True,100,25,0,0,0,1,False,Cloud,GIANTX,fade,False,,25,0,0,0,4,False,Flickless,GIANTX,viper,False,,25,0,0,0,1,False,westside,GIANTX,cypher,True,81,25,0,0,0,1,False
217.217,931,ACTIVE_ROUND,2,0,1,,13.313,,MiniBoo,Team Heretics,raze,True,65,,0,0,0,4,False,RieNs,Team Heretics,fade,False,,4,0,0,0,4,False,Boo,Team Heretics,omen,True,65,,2,0,1,1,False,benjyfishy,Team Heretics,deadlock,False,,,0,0,0,3,False,Wo0t,Team Heretics,chamber,True,35,,0,3,1,3,False,grubinho,GIANTX,omen,False,,25,0,0,0,6,False,ara,GIANTX,raze,True,100,25,0,0,0,1,False,Cloud,GIANTX,fade,False,,25,0,0,0,4,False,Flickless,GIANTX,viper,False,,25,0,0,0,1,False,westside,GIANTX,cypher,True,81,25,0,0,0,1,False
217.451,932,ACTIVE_ROUND,2,0,1,,13.547,,MiniBoo,Team Heretics,raze,True,65,,0,0,0,4,False,RieNs,Team Heretics,fade,False,,4,0,0,0,4,False,Boo,Team Heretics,omen,True,65,,2,0,1,1,False,benjyfishy,Team Heretics,deadlock,False,,,0,0,0,3,False,Wo0t,Team Heretics,chamber,True,35,,0,3,1,3,False,grubinho,GIANTX,omen,False,,25,0,0,0,6,False,ara,GIANTX,raze,True,100,25,0,0,0,1,False,Cloud,GIANTX,fade,False,,25,0,0,0,4,False,Flickless,GIANTX,viper,False,,25,0,0,0,1,False,westside,GIANTX,cypher,True,81,25,0,0,0,1,False
217.684,933,ACTIVE_ROUND,2,0,1,,13.780,,MiniBoo,Team Heretics,raze,True,65,,0,0,0,4,False,RieNs,Team Heretics,fade,False,,4,0,0,0,4,False,Boo,Team Heretics,omen,True,65,,2,0,1,1,False,benjyfishy,Team Heretics,deadlock,False,,,0,0,0,3,False,Wo0t,Team Heretics,chamber,True,35,,0,3,1,3,False,grubinho,GIANTX,omen,False,,25,0,0,0,6,False,ara,GIANTX,raze,True,100,25,0,0,0,1,False,Cloud,GIANTX,fade,False,,25,0,0,0,4,False,Flickless,GIANTX,viper,False,,25,0,0,0,1,False,westside,GIANTX,cypher,True,81,25,0,0,0,1,False
217.918,934,ACTIVE_ROUND,2,0,1,,14.014,,MiniBoo,Team Heretics,raze,True,65,,0,0,0,4,False,RieNs,Team Heretics,fade,False,,4,0,0,0,4,False,Boo,Team Heretics,omen,True,65,,2,0,1,1,False,benjyfishy,Team Heretics,deadlock,False,,,0,0,0,3,False,Wo0t,Team Heretics,chamber,True,25,,0,2,1,3,False,grubinho,GIANTX,omen,False,,25,0,0,0,6,False,ara,GIANTX,raze,True,100,25,0,0,0,1,False,Cloud,GIANTX,fade,False,,25,0,0,0,4,False,Flickless,GIANTX,viper,False,,25,0,0,0,1,False,westside,GIANTX,cypher,True,81,25,0,0,0,1,False
218.151,935,ACTIVE_ROUND,2,0,1,,14.248,,MiniBoo,Team Heretics,raze,True,65,,0,0,0,4,False,RieNs,Team Heretics,fade,False,,4,0,0,0,4,False,Boo,Team Heretics,omen,True,65,,2,0,1,1,False,benjyfishy,Team Heretics,deadlock,False,,,0,0,0,3,False,Wo0t,Team Heretics,chamber,True,25,,0,2,1,3,False,grubinho,GIANTX,omen,False,,25,0,0,0,6,False,ara,GIANTX,raze,True,100,25,0,0,0,1,False,Cloud,GIANTX,fade,False,,25,0,0,0,4,False,Flickless,GIANTX,viper,False,,25,0,0,0,1,False,westside,GIANTX,cypher,True,81,25,0,0,0,1,False
218.385,936,ACTIVE_ROUND,2,0,1,,14.481,,MiniBoo,Team Heretics,raze,True,65,,0,0,0,4,False,RieNs,Team Heretics,fade,False,,4,0,0,0,4,False,Boo,Team Heretics,omen,True,65,,2,0,1,1,False,benjyfishy,Team Heretics,deadlock,False,,,0,0,0,3,False,Wo0t,Team Heretics,chamber,True,25,,0,2,1,3,False,grubinho,GIANTX,omen,False,,25,0,0,0,6,False,ara,GIANTX,raze,True,100,25,0,0,0,1,False,Cloud,GIANTX,fade,False,,25,0,0,0,4,False,Flickless,GIANTX,viper,False,,25,0,0,0,1,False,westside,GIANTX,cypher,True,81,25,0,0,0,1,False
218.618,937,ACTIVE_ROUND,2,0,1,,14.715,,MiniBoo,Team Heretics,raze,True,65,,0,0,0,4,False,RieNs,Team Heretics,fade,False,,4,0,0,0,4,False,Boo,Team Heretics,omen,True,65,,2,0,1,1,False,benjyfishy,Team Heretics,deadlock,False,,,0,0,0,3,False,Wo0t,Team Heretics,chamber,True,25,,0,2,1,3,False,grubinho,GIANTX,omen,False,,25,0,0,0,6,False,ara,GIANTX,raze,True,100,25,0,0,0,1,False,Cloud,GIANTX,fade,False,,25,0,0,0,4,False,Flickless,GIANTX,viper,False,,25,0,0,0,1,False,westside,GIANTX,cypher,True,81,25,0,0,0,1,False
218.852,938,ACTIVE_ROUND,2,0,1,,14.948,,MiniBoo,Team Heretics,raze,True,65,,0,0,0,4,False,RieNs,Team Heretics,fade,False,,4,0,0,0,4,False,Boo,Team Heretics,omen,True,65,,2,0,1,1,False,benjyfishy,Team Heretics,deadlock,False,,,0,0,0,3,False,Wo0t,Team Heretics,chamber,True,25,,0,2,1,3,False,grubinho,GIANTX,omen,False,,25,0,0,0,6,False,ara,GIANTX,raze,True,100,25,0,0,0,1,False,Cloud,GIANTX,fade,False,,25,0,0,0,4,False,Flickless,GIANTX,viper,False,,25,0,0,0,1,False,westside,GIANTX,cypher,True,81,25,0,0,0,1,False
219.086,939,ACTIVE_ROUND,2,0,1,,15.182,,MiniBoo,Team Heretics,raze,True,65,,0,0,0,4,False,RieNs,Team Heretics,fade,False,,4,0,0,0,4,False,Boo,Team Heretics,omen,True,65,,2,0,1,1,False,benjyfishy,Team Heretics,deadlock,False,,,0,0,0,3,False,Wo0t,Team Heretics,chamber,True,25,,0,2,1,3,False,grubinho,GIANTX,omen,False,,25,0,0,0,6,False,ara,GIANTX,raze,True,100,25,0,0,0,1,False,Cloud,GIANTX,fade,False,,25,0,0,0,4,False,Flickless,GIANTX,viper,False,,25,0,0,0,1,False,westside,GIANTX,cypher,True,81,25,0,0,0,1,False
219.319,940,ACTIVE_ROUND,2,0,1,,15.415,,MiniBoo,Team Heretics,raze,True,65,,0,0,0,4,False,RieNs,Team Heretics,fade,False,,4,0,0,0,4,False,Boo,Team Heretics,omen,True,65,,2,0,1,1,False,benjyfishy,Team Heretics,deadlock,False,,,0,0,0,3,False,Wo0t,Team Heretics,chamber,True,25,,0,2,1,3,False,grubinho,GIANTX,omen,False,,25,0,0,0,6,False,ara,GIANTX,raze,True,100,25,0,0,0,1,False,Cloud,GIANTX,fade,False,,25,0,0,0,4,False,Flickless,GIANTX,viper,False,,25,0,0,0,1,False,westside,GIANTX,cypher,True,81,25,0,0,0,1,False
219.553,941,ACTIVE_ROUND,2,0,1,,15.649,,MiniBoo,Team Heretics,raze,True,65,,0,0,0,4,False,RieNs,Team Heretics,fade,False,,4,0,0,0,4,False,Boo,Team Heretics,omen,True,65,,2,0,1,1,False,benjyfishy,Team Heretics,deadlock,False,,,0,0,0,3,False,Wo0t,Team Heretics,chamber,True,25,,0,2,1,3,False,grubinho,GIANTX,omen,False,,25,0,0,0,6,False,ara,GIANTX,raze,True,100,25,0,0,0,1,False,Cloud,GIANTX,fade,False,,25,0,0,0,4,False,Flickless,GIANTX,viper,False,,25,0,0,0,1,False,westside,GIANTX,cypher,True,81,25,0,0,0,1,False
219.786,942,ACTIVE_ROUND,2,0,1,,15.883,,MiniBoo,Team Heretics,raze,True,65,,0,0,0,4,False,RieNs,Team Heretics,fade,False,,4,0,0,0,4,False,Boo,Team Heretics,omen,True,65,,2,0,1,1,False,benjyfishy,Team Heretics,deadlock,False,,,0,0,0,3,False,Wo0t,Team Heretics,chamber,True,25,,0,2,1,3,False,grubinho,GIANTX,omen,False,,25,0,0,0,6,False,ara,GIANTX,raze,True,100,25,0,0,0,1,False,Cloud,GIANTX,fade,False,,25,0,0,0,4,False,Flickless,GIANTX,viper,False,,25,0,0,0,1,False,westside,GIANTX,cypher,True,81,25,0,0,0,1,False
220.020,943,ACTIVE_ROUND,2,0,1,,16.116,,MiniBoo,Team Heretics,raze,True,65,,0,0,0,4,False,RieNs,Team Heretics,fade,False,,4,0,0,0,4,False,Boo,Team Heretics,omen,True,65,,2,0,1,1,False,benjyfishy,Team Heretics,deadlock,False,,,0,0,0,3,False,Wo0t,Team Heretics,chamber,True,25,,0,2,1,3,False,grubinho,GIANTX,omen,False,,25,0,0,0,6,False,ara,GIANTX,raze,True,100,25,0,0,0,1,False,Cloud,GIANTX,fade,False,,25,0,0,0,4,False,Flickless,GIANTX,viper,False,,25,0,0,0,1,False,westside,GIANTX,cypher,True,81,25,0,0,0,1,False
220.253,944,ACTIVE_ROUND,2,0,1,,16.350,,MiniBoo,Team Heretics,raze,True,65,,0,0,0,4,False,RieNs,Team Heretics,fade,False,,4,0,0,0,4,False,Boo,Team Heretics,omen,True,65,4,2,0,1,1,False,benjyfishy,Team Heretics,deadlock,False,,,0,0,0,3,False,Wo0t,Team Heretics,chamber,True,25,,0,2,1,3,False,grubinho,GIANTX,omen,False,,25,0,0,0,6,False,ara,GIANTX,raze,True,100,25,0,0,0,1,False,Cloud,GIANTX,fade,False,,25,0,0,0,4,False,Flickless,GIANTX,viper,False,,25,0,0,0,1,False,westside,GIANTX,cypher,True,81,25,0,0,0,1,False
220.487,945,ACTIVE_ROUND,2,0,1,,16.583,,MiniBoo,Team Heretics,raze,True,65,,0,0,0,4,False,RieNs,Team Heretics,fade,False,,4,0,0,0,4,False,Boo,Team Heretics,omen,True,65,4,2,0,1,1,False,benjyfishy,Team Heretics,deadlock,False,,,0,0,0,3,False,Wo0t,Team Heretics,chamber,True,25,,0,2,1,3,False,grubinho,GIANTX,omen,False,,25,0,0,0,6,False,ara,GIANTX,raze,True,100,25,0,0,0,1,False,Cloud,GIANTX,fade,False,,25,0,0,0,4,False,Flickless,GIANTX,viper,False,,25,0,0,0,1,False,westside,GIANTX,cypher,True,81,25,0,0,0,1,False
220.721,946,ACTIVE_ROUND,2,0,1,,16.817,,MiniBoo,Team Heretics,raze,True,65,,0,0,0,4,False,RieNs,Team Heretics,fade,False,,4,0,0,0,4,False,Boo,Team Heretics,omen,True,65,4,2,0,1,1,False,benjyfishy,Team Heretics,deadlock,False,,,0,0,0,3,False,Wo0t,Team Heretics,chamber,True,25,,0,2,1,3,False,grubinho,GIANTX,omen,False,,25,0,0,0,6,False,ara,GIANTX,raze,True,100,25,0,0,0,1,False,Cloud,GIANTX,fade,False,,25,0,0,0,4,False,Flickless,GIANTX,viper,False,,25,0,0,0,1,False,westside,GIANTX,cypher,True,81,25,0,0,0,1,False
220.954,947,ACTIVE_ROUND,2,0,1,,17.050,,MiniBoo,Team Heretics,raze,True,65,,0,0,0,4,False,RieNs,Team Heretics,fade,False,,4,0,0,0,4,False,Boo,Team Heretics,omen,True,65,4,2,0,1,1,False,benjyfishy,Team Heretics,deadlock,False,,,0,0,0,3,False,Wo0t,Team Heretics,chamber,True,25,,0,2,1,3,False,grubinho,GIANTX,omen,False,,25,0,0,0,6,False,ara,GIANTX,raze,True,100,25,0,0,0,1,False,Cloud,GIANTX,fade,False,,25,0,0,0,4,False,Flickless,GIANTX,viper,False,,25,0,0,0,1,False,westside,GIANTX,cypher,True,81,25,0,0,0,1,False
221.188,948,ACTIVE_ROUND,2,0,1,,17.284,,MiniBoo,Team Heretics,raze,True,65,,0,0,0,4,False,RieNs,Team Heretics,fade,False,,4,0,0,0,4,False,Boo,Team Heretics,omen,True,65,4,2,0,1,1,False,benjyfishy,Team Heretics,deadlock,False,,,0,0,0,3,False,Wo0t,Team Heretics,chamber,True,25,,0,2,1,3,False,grubinho,GIANTX,omen,False,,25,0,0,0,6,False,ara,GIANTX,raze,True,100,25,0,0,0,1,False,Cloud,GIANTX,fade,False,,25,0,0,0,4,False,Flickless,GIANTX,viper,False,,25,0,0,0,1,False,westside,GIANTX,cypher,True,81,25,0,0,0,1,False
221.421,949,ACTIVE_ROUND,2,0,1,,17.517,,MiniBoo,Team Heretics,raze,True,65,,0,0,0,4,False,RieNs,Team Heretics,fade,False,,4,0,0,0,4,False,Boo,Team Heretics,omen,True,65,4,2,0,1,1,False,benjyfishy,Team Heretics,deadlock,False,,,0,0,0,3,False,Wo0t,Team Heretics,chamber,True,25,,0,2,1,3,False,grubinho,GIANTX,omen,False,,25,0,0,0,6,False,ara,GIANTX,raze,True,100,25,0,0,0,1,False,Cloud,GIANTX,fade,False,,25,0,0,0,4,False,Flickless,GIANTX,viper,False,,25,0,0,0,1,False,westside,GIANTX,cypher,True,81,25,0,0,0,1,False
221.655,950,ACTIVE_ROUND,2,0,1,,17.751,,MiniBoo,Team Heretics,raze,True,65,,0,0,0,4,False,RieNs,Team Heretics,fade,False,,4,0,0,0,4,False,Boo,Team Heretics,omen,True,65,4,2,0,1,1,False,benjyfishy,Team Heretics,deadlock,False,,,0,0,0,3,False,Wo0t,Team Heretics,chamber,True,25,,0,2,1,3,False,grubinho,GIANTX,omen,False,,25,0,0,0,6,False,ara,GIANTX,raze,True,100,25,0,0,0,1,False,Cloud,GIANTX,fade,False,,25,0,0,0,4,False,Flickless,GIANTX,viper,False,,25,0,0,0,1,False,westside,GIANTX,cypher,True,81,25,0,0,0,1,False
221.888,951,ACTIVE_ROUND,2,0,1,,17.985,,MiniBoo,Team Heretics,raze,True,65,,0,0,0,4,False,RieNs,Team Heretics,fade,False,,4,0,0,0,4,False,Boo,Team Heretics,omen,True,65,4,2,0,1,1,False,benjyfishy,Team Heretics,deadlock,False,,,0,0,0,3,False,Wo0t,Team Heretics,chamber,True,25,,0,2,1,3,False,grubinho,GIANTX,omen,False,,25,0,0,0,6,False,ara,GIANTX,raze,True,100,25,0,0,0,1,False,Cloud,GIANTX,fade,False,,25,0,0,0,4,False,Flickless,GIANTX,viper,False,,25,0,0,0,1,False,westside,GIANTX,cypher,True,81,25,0,0,0,1,False
222.122,952,ACTIVE_ROUND,2,0,1,,18.218,,MiniBoo,Team Heretics,raze,True,65,,0,0,0,4,False,RieNs,Team Heretics,fade,False,,4,0,0,0,4,False,Boo,Team Heretics,omen,True,65,4,2,0,1,1,False,benjyfishy,Team Heretics,deadlock,False,,,0,0,0,3,False,Wo0t,Team Heretics,chamber,True,25,,0,2,1,3,False,grubinho,GIANTX,omen,False,,25,0,0,0,6,False,ara,GIANTX,raze,True,100,25,0,0,0,1,False,Cloud,GIANTX,fade,False,,25,0,0,0,4,False,Flickless,GIANTX,viper,False,,25,0,0,0,1,False,westside,GIANTX,cypher,True,81,25,0,0,0,1,False
222.355,953,ACTIVE_ROUND,2,0,1,,18.452,,MiniBoo,Team Heretics,raze,True,65,,0,0,0,4,False,RieNs,Team Heretics,fade,False,,4,0,0,0,4,False,Boo,Team Heretics,omen,True,65,4,2,0,1,1,False,benjyfishy,Team Heretics,deadlock,False,,,0,0,0,3,False,Wo0t,Team Heretics,chamber,True,25,,0,2,1,3,False,grubinho,GIANTX,omen,False,,25,0,0,0,6,False,ara,GIANTX,raze,True,100,25,0,0,0,1,False,Cloud,GIANTX,fade,False,,25,0,0,0,4,False,Flickless,GIANTX,viper,False,,25,0,0,0,1,False,westside,GIANTX,cypher,True,81,25,0,0,0,1,False
222.589,954,ACTIVE_ROUND,2,0,1,,18.685,,MiniBoo,Team Heretics,raze,True,65,,0,0,0,4,False,RieNs,Team Heretics,fade,False,,4,0,0,0,4,False,Boo,Team Heretics,omen,True,65,4,2,0,1,1,False,benjyfishy,Team Heretics,deadlock,False,,,0,0,0,3,False,Wo0t,Team Heretics,chamber,True,25,,0,2,1,3,False,grubinho,GIANTX,omen,False,,25,0,0,0,6,False,ara,GIANTX,raze,True,100,25,0,0,0,1,False,Cloud,GIANTX,fade,False,,25,0,0,0,4,False,Flickless,GIANTX,viper,False,,25,0,0,0,1,False,westside,GIANTX,cypher,True,81,25,0,0,0,1,False
222.823,955,ACTIVE_ROUND,2,0,1,,18.919,,MiniBoo,Team Heretics,raze,True,65,,0,0,0,4,False,RieNs,Team Heretics,fade,False,,4,0,0,0,4,False,Boo,Team Heretics,omen,True,65,4,2,0,1,1,False,benjyfishy,Team Heretics,deadlock,False,,,0,0,0,3,False,Wo0t,Team Heretics,chamber,True,25,,0,2,1,3,False,grubinho,GIANTX,omen,False,,25,0,0,0,6,False,ara,GIANTX,raze,True,100,25,0,0,0,1,False,Cloud,GIANTX,fade,False,,25,0,0,0,4,False,Flickless,GIANTX,viper,False,,25,0,0,0,1,False,westside,GIANTX,cypher,True,81,25,0,0,0,1,False
223.056,956,ACTIVE_ROUND,2,0,1,,19.152,,MiniBoo,Team Heretics,raze,True,65,,0,0,0,4,False,RieNs,Team Heretics,fade,False,,4,0,0,0,4,False,Boo,Team Heretics,omen,True,65,4,2,0,1,1,False,benjyfishy,Team Heretics,deadlock,False,,,0,0,0,3,False,Wo0t,Team Heretics,chamber,True,25,,0,2,1,3,False,grubinho,GIANTX,omen,False,,25,0,0,0,6,False,ara,GIANTX,raze,True,100,25,0,0,0,1,False,Cloud,GIANTX,fade,False,,25,0,0,0,4,False,Flickless,GIANTX,viper,False,,25,0,0,0,1,False,westside,GIANTX,cypher,True,81,25,0,0,0,1,False
223.290,957,ACTIVE_ROUND,2,0,1,,19.386,,MiniBoo,Team Heretics,raze,True,65,,0,0,0,4,False,RieNs,Team Heretics,fade,False,,4,0,0,0,4,False,Boo,Team Heretics,omen,True,65,4,2,0,1,1,False,benjyfishy,Team Heretics,deadlock,False,,,0,0,0,3,False,Wo0t,Team Heretics,chamber,True,25,,0,2,1,3,False,grubinho,GIANTX,omen,False,,25,0,0,0,6,False,ara,GIANTX,raze,True,100,25,0,0,0,1,False,Cloud,GIANTX,fade,False,,25,0,0,0,4,False,Flickless,GIANTX,viper,False,,25,0,0,0,1,False,westside,GIANTX,cypher,True,81,25,0,0,0,1,False
223.523,958,ACTIVE_ROUND,2,0,1,,19.620,,MiniBoo,Team Heretics,raze,True,65,,0,0,0,4,False,RieNs,Team Heretics,fade,False,,4,0,0,0,4,False,Boo,Team Heretics,omen,True,65,4,2,0,1,1,False,benjyfishy,Team Heretics,deadlock,False,,,0,0,0,3,False,Wo0t,Team Heretics,chamber,True,25,,0,2,1,3,False,grubinho,GIANTX,omen,False,,25,0,0,0,6,False,ara,GIANTX,raze,True,100,25,0,0,0,1,False,Cloud,GIANTX,fade,False,,25,0,0,0,4,False,Flickless,GIANTX,viper,False,,25,0,0,0,1,False,westside,GIANTX,cypher,True,81,25,0,0,0,1,False
223.757,959,ACTIVE_ROUND,2,0,1,,19.853,,MiniBoo,Team Heretics,raze,True,65,,0,0,0,4,False,RieNs,Team Heretics,fade,False,,4,0,0,0,4,False,Boo,Team Heretics,omen,True,65,4,2,0,1,1,False,benjyfishy,Team Heretics,deadlock,False,,,0,0,0,3,False,Wo0t,Team Heretics,chamber,True,25,,0,2,1,3,False,grubinho,GIANTX,omen,False,,25,0,0,0,6,False,ara,GIANTX,raze,True,100,25,0,0,0,1,False,Cloud,GIANTX,fade,False,,25,0,0,0,4,False,Flickless,GIANTX,viper,False,,25,0,0,0,1,False,westside,GIANTX,cypher,True,81,25,0,0,0,1,False
223.990,960,ACTIVE_ROUND,2,0,1,,20.087,,MiniBoo,Team Heretics,raze,True,65,,0,0,0,4,False,RieNs,Team Heretics,fade,False,,4,0,0,0,4,False,Boo,Team Heretics,omen,True,65,4,2,0,0,1,False,benjyfishy,Team Heretics,deadlock,False,,,0,0,0,3,False,Wo0t,Team Heretics,chamber,True,25,,0,2,1,3,False,grubinho,GIANTX,omen,False,,25,0,0,0,6,False,ara,GIANTX,raze,True,100,25,0,0,0,1,False,Cloud,GIANTX,fade,False,,25,0,0,0,4,False,Flickless,GIANTX,viper,False,,25,0,0,0,1,False,westside,GIANTX,cypher,True,81,25,0,0,0,1,False
224.224,961,ACTIVE_ROUND,2,0,1,,20.320,,MiniBoo,Team Heretics,raze,True,65,,0,0,0,4,False,RieNs,Team Heretics,fade,False,,4,0,0,0,4,False,Boo,Team Heretics,omen,True,65,4,2,0,0,1,False,benjyfishy,Team Heretics,deadlock,False,,,0,0,0,3,False,Wo0t,Team Heretics,chamber,True,25,,0,2,1,3,False,grubinho,GIANTX,omen,False,,25,0,0,0,6,False,ara,GIANTX,raze,True,100,25,0,0,0,1,False,Cloud,GIANTX,fade,False,,25,0,0,0,4,False,Flickless,GIANTX,viper,False,,25,0,0,0,1,False,westside,GIANTX,cypher,True,81,25,0,0,0,1,False
224.458,962,ACTIVE_ROUND,2,0,1,,20.554,,MiniBoo,Team Heretics,raze,True,65,,0,0,0,4,False,RieNs,Team Heretics,fade,False,,4,0,0,0,4,False,Boo,Team Heretics,omen,True,65,4,2,0,0,1,False,benjyfishy,Team Heretics,deadlock,False,,,0,0,0,3,False,Wo0t,Team Heretics,chamber,True,25,,0,2,1,3,False,grubinho,GIANTX,omen,False,,25,0,0,0,6,False,ara,GIANTX,raze,True,100,25,0,0,0,1,False,Cloud,GIANTX,fade,False,,25,0,0,0,4,False,Flickless,GIANTX,viper,False,,25,0,0,0,1,False,westside,GIANTX,cypher,True,81,25,0,0,0,1,False
224.691,963,ACTIVE_ROUND,2,0,1,,20.787,,MiniBoo,Team Heretics,raze,True,65,,0,0,0,4,False,RieNs,Team Heretics,fade,False,,4,0,0,0,4,False,Boo,Team Heretics,omen,True,65,4,2,0,0,1,False,benjyfishy,Team Heretics,deadlock,False,,,0,0,0,3,False,Wo0t,Team Heretics,chamber,True,25,,0,2,1,3,False,grubinho,GIANTX,omen,False,,25,0,0,0,6,False,ara,GIANTX,raze,True,100,25,0,0,0,1,False,Cloud,GIANTX,fade,False,,25,0,0,0,4,False,Flickless,GIANTX,viper,False,,25,0,0,0,1,False,westside,GIANTX,cypher,True,81,25,0,0,0,1,False
224.925,964,ACTIVE_ROUND,2,0,1,,21.021,,MiniBoo,Team Heretics,raze,True,65,,0,0,0,4,False,RieNs,Team Heretics,fade,False,,4,0,0,0,4,False,Boo,Team Heretics,omen,True,65,4,2,0,0,1,False,benjyfishy,Team Heretics,deadlock,False,,,0,0,0,3,False,Wo0t,Team Heretics,chamber,True,25,,0,2,1,3,False,grubinho,GIANTX,omen,False,,25,0,0,0,6,False,ara,GIANTX,raze,True,100,25,0,0,0,1,False,Cloud,GIANTX,fade,False,,25,0,0,0,4,False,Flickless,GIANTX,viper,False,,25,0,0,0,1,False,westside,GIANTX,cypher,True,81,25,0,0,0,1,False
225.158,965,ACTIVE_ROUND,2,0,1,,21.255,,MiniBoo,Team Heretics,raze,True,65,,0,0,0,4,False,RieNs,Team Heretics,fade,False,,4,0,0,0,4,False,Boo,Team Heretics,omen,True,65,4,2,0,0,1,False,benjyfishy,Team Heretics,deadlock,False,,,0,0,0,3,False,Wo0t,Team Heretics,chamber,True,25,,0,2,1,3,False,grubinho,GIANTX,omen,False,,25,0,0,0,6,False,ara,GIANTX,raze,True,100,25,0,0,0,1,False,Cloud,GIANTX,fade,False,,25,0,0,0,4,False,Flickless,GIANTX,viper,False,,25,0,0,0,1,False,westside,GIANTX,cypher,True,81,25,0,0,0,1,False
225.392,966,ACTIVE_ROUND,2,0,1,,21.488,,MiniBoo,Team Heretics,raze,True,65,,0,0,0,4,False,RieNs,Team Heretics,fade,False,,4,0,0,0,4,False,Boo,Team Heretics,omen,True,65,4,2,0,0,1,False,benjyfishy,Team Heretics,deadlock,False,,,0,0,0,3,False,Wo0t,Team Heretics,chamber,True,25,,0,2,1,3,False,grubinho,GIANTX,omen,False,,25,0,0,0,6,False,ara,GIANTX,raze,True,100,25,0,0,0,1,False,Cloud,GIANTX,fade,False,,25,0,0,0,4,False,Flickless,GIANTX,viper,False,,25,0,0,0,1,False,westside,GIANTX,cypher,True,81,25,0,0,0,1,False
225.625,967,ACTIVE_ROUND,2,0,1,,21.722,,MiniBoo,Team Heretics,raze,True,65,,0,0,0,4,False,RieNs,Team Heretics,fade,False,,4,0,0,0,4,False,Boo,Team Heretics,omen,True,65,4,2,0,0,1,False,benjyfishy,Team Heretics,deadlock,False,,,0,0,0,3,False,Wo0t,Team Heretics,chamber,True,25,,0,2,1,3,False,grubinho,GIANTX,omen,False,,25,0,0,0,6,False,ara,GIANTX,raze,True,100,25,0,0,0,1,False,Cloud,GIANTX,fade,False,,25,0,0,0,4,False,Flickless,GIANTX,viper,False,,25,0,0,0,1,False,westside,GIANTX,cypher,True,81,25,0,0,0,1,False
225.859,968,ACTIVE_ROUND,2,0,1,,21.955,,MiniBoo,Team Heretics,raze,True,65,,0,0,0,4,False,RieNs,Team Heretics,fade,False,,4,0,0,0,4,False,Boo,Team Heretics,omen,True,30,4,2,0,0,1,False,benjyfishy,Team Heretics,deadlock,False,,,0,0,0,3,False,Wo0t,Team Heretics,chamber,True,25,,0,1,1,4,False,grubinho,GIANTX,omen,False,,25,0,0,0,6,False,ara,GIANTX,raze,True,100,25,0,0,0,2,False,Cloud,GIANTX,fade,False,,25,0,0,0,4,False,Flickless,GIANTX,viper,False,,25,0,0,0,1,False,westside,GIANTX,cypher,True,81,25,0,0,0,1,False
226.093,969,ACTIVE_ROUND,2,0,1,,22.189,,MiniBoo,Team Heretics,raze,True,65,,0,0,0,4,False,RieNs,Team Heretics,fade,False,,4,0,0,0,4,False,Boo,Team Heretics,omen,True,30,4,2,0,0,1,False,benjyfishy,Team Heretics,deadlock,False,,,0,0,0,3,False,Wo0t,Team Heretics,chamber,True,25,,0,1,1,4,False,grubinho,GIANTX,omen,False,,25,0,0,0,6,False,ara,GIANTX,raze,False,,25,0,0,0,2,False,Cloud,GIANTX,fade,False,,25,0,0,0,4,False,Flickless,GIANTX,viper,False,,25,0,0,0,1,False,westside,GIANTX,cypher,True,81,25,0,0,0,1,False
226.326,970,ACTIVE_ROUND,2,0,1,,22.422,,MiniBoo,Team Heretics,raze,True,65,,0,0,0,4,False,RieNs,Team Heretics,fade,False,,4,0,0,0,4,False,Boo,Team Heretics,omen,True,30,4,2,0,0,1,False,benjyfishy,Team Heretics,deadlock,False,,,0,0,0,3,False,Wo0t,Team Heretics,chamber,True,25,,0,1,1,4,False,grubinho,GIANTX,omen,False,,25,0,0,0,6,False,ara,GIANTX,raze,False,,25,0,0,0,2,False,Cloud,GIANTX,fade,False,,25,0,0,0,4,False,Flickless,GIANTX,viper,False,,25,0,0,0,1,False,westside,GIANTX,cypher,True,81,25,0,0,0,1,False
226.560,971,ACTIVE_ROUND,2,0,1,,22.656,,MiniBoo,Team Heretics,raze,True,65,,0,0,0,4,False,RieNs,Team Heretics,fade,False,,4,0,0,0,4,False,Boo,Team Heretics,omen,True,30,4,2,0,0,1,False,benjyfishy,Team Heretics,deadlock,False,,,0,0,0,3,False,Wo0t,Team Heretics,chamber,True,25,,0,1,1,4,False,grubinho,GIANTX,omen,False,,25,0,0,0,6,False,ara,GIANTX,raze,False,,25,0,0,0,2,False,Cloud,GIANTX,fade,False,,25,0,0,0,4,False,Flickless,GIANTX,viper,False,,25,0,0,0,1,False,westside,GIANTX,cypher,True,81,25,0,0,0,1,False
226.793,972,ACTIVE_ROUND,2,0,1,,22.890,,MiniBoo,Team Heretics,raze,True,65,,0,0,0,4,False,RieNs,Team Heretics,fade,False,,4,0,0,0,4,False,Boo,Team Heretics,omen,True,30,4,2,0,0,1,False,benjyfishy,Team Heretics,deadlock,False,,,0,0,0,3,False,Wo0t,Team Heretics,chamber,True,25,,0,1,1,4,False,grubinho,GIANTX,omen,False,,25,0,0,0,6,False,ara,GIANTX,raze,False,,25,0,0,0,2,False,Cloud,GIANTX,fade,False,,25,0,0,0,4,False,Flickless,GIANTX,viper,False,,25,0,0,0,1,False,westside,GIANTX,cypher,True,81,25,0,0,0,1,False
227.027,973,ACTIVE_ROUND,2,0,1,,23.123,,MiniBoo,Team Heretics,raze,True,65,,0,0,0,4,False,RieNs,Team Heretics,fade,False,,4,0,0,0,4,False,Boo,Team Heretics,omen,True,30,4,2,0,0,1,False,benjyfishy,Team Heretics,deadlock,False,,,0,0,0,3,False,Wo0t,Team Heretics,chamber,True,25,,0,1,1,4,False,grubinho,GIANTX,omen,False,,25,0,0,0,6,False,ara,GIANTX,raze,False,,25,0,0,0,2,False,Cloud,GIANTX,fade,False,,25,0,0,0,4,False,Flickless,GIANTX,viper,False,,25,0,0,0,1,False,westside,GIANTX,cypher,True,81,25,0,0,0,1,False
227.260,974,ACTIVE_ROUND,2,0,1,,23.357,,MiniBoo,Team Heretics,raze,True,65,,0,0,0,4,False,RieNs,Team Heretics,fade,False,,4,0,0,0,4,False,Boo,Team Heretics,omen,True,30,4,2,0,0,1,False,benjyfishy,Team Heretics,deadlock,False,,,0,0,0,3,False,Wo0t,Team Heretics,chamber,True,25,,0,1,1,4,False,grubinho,GIANTX,omen,False,,25,0,0,0,6,False,ara,GIANTX,raze,False,,25,0,0,0,2,False,Cloud,GIANTX,fade,False,,25,0,0,0,4,False,Flickless,GIANTX,viper,False,,25,0,0,0,1,False,westside,GIANTX,cypher,True,81,25,0,0,0,1,False
227.494,975,ACTIVE_ROUND,2,0,1,,23.590,,MiniBoo,Team Heretics,raze,True,65,,0,0,0,4,False,RieNs,Team Heretics,fade,False,,4,0,0,0,4,False,Boo,Team Heretics,omen,True,30,4,2,0,0,1,False,benjyfishy,Team Heretics,deadlock,False,,,0,0,0,3,False,Wo0t,Team Heretics,chamber,True,25,,0,1,1,4,False,grubinho,GIANTX,omen,False,,25,0,0,0,6,False,ara,GIANTX,raze,False,,25,0,0,0,2,False,Cloud,GIANTX,fade,False,,25,0,0,0,4,False,Flickless,GIANTX,viper,False,,25,0,0,0,1,False,westside,GIANTX,cypher,True,81,25,0,0,0,1,False
227.727,976,ACTIVE_ROUND,2,0,1,,23.824,,MiniBoo,Team Heretics,raze,True,65,,0,0,0,4,False,RieNs,Team Heretics,fade,False,,4,0,0,0,4,False,Boo,Team Heretics,omen,True,30,4,2,0,0,1,False,benjyfishy,Team Heretics,deadlock,False,,,0,0,0,3,False,Wo0t,Team Heretics,chamber,True,25,,0,1,1,4,False,grubinho,GIANTX,omen,False,,25,0,0,0,6,False,ara,GIANTX,raze,False,,25,0,0,0,2,False,Cloud,GIANTX,fade,False,,25,0,0,0,4,False,Flickless,GIANTX,viper,False,,25,0,0,0,1,False,westside,GIANTX,cypher,True,81,25,0,0,0,1,False
227.961,977,ACTIVE_ROUND,2,0,1,,24.057,,MiniBoo,Team Heretics,raze,True,65,,0,0,0,4,False,RieNs,Team Heretics,fade,False,,4,0,0,0,4,False,Boo,Team Heretics,omen,True,30,4,2,0,0,1,False,benjyfishy,Team Heretics,deadlock,False,,,0,0,0,3,False,Wo0t,Team Heretics,chamber,True,25,,0,1,1,4,False,grubinho,GIANTX,omen,False,,25,0,0,0,6,False,ara,GIANTX,raze,False,,25,0,0,0,2,False,Cloud,GIANTX,fade,False,,25,0,0,0,4,False,Flickless,GIANTX,viper,False,,25,0,0,0,1,False,westside,GIANTX,cypher,True,81,25,0,0,0,1,False
228.195,978,ACTIVE_ROUND,2,0,1,,24.291,,MiniBoo,Team Heretics,raze,True,65,,0,0,0,4,False,RieNs,Team Heretics,fade,False,,4,0,0,0,4,False,Boo,Team Heretics,omen,True,30,4,2,0,0,1,False,benjyfishy,Team Heretics,deadlock,False,,,0,0,0,3,False,Wo0t,Team Heretics,chamber,True,25,,0,1,1,4,False,grubinho,GIANTX,omen,False,,25,0,0,0,6,False,ara,GIANTX,raze,False,,25,0,0,0,2,False,Cloud,GIANTX,fade,False,,25,0,0,0,4,False,Flickless,GIANTX,viper,False,,25,0,0,0,1,False,westside,GIANTX,cypher,True,81,25,0,0,0,1,False
228.428,979,ACTIVE_ROUND,2,0,1,,24.524,,MiniBoo,Team Heretics,raze,True,65,,0,0,0,4,False,RieNs,Team Heretics,fade,False,,4,0,0,0,4,False,Boo,Team Heretics,omen,True,30,4,2,0,0,1,False,benjyfishy,Team Heretics,deadlock,False,,,0,0,0,3,False,Wo0t,Team Heretics,chamber,True,25,,0,1,1,4,False,grubinho,GIANTX,omen,False,,25,0,0,0,6,False,ara,GIANTX,raze,False,,25,0,0,0,2,False,Cloud,GIANTX,fade,False,,25,0,0,0,4,False,Flickless,GIANTX,viper,False,,25,0,0,0,1,False,westside,GIANTX,cypher,True,81,25,0,0,0,1,False
228.662,980,ACTIVE_ROUND,2,0,1,,24.758,,MiniBoo,Team Heretics,raze,True,65,,0,0,0,4,False,RieNs,Team Heretics,fade,False,,4,0,0,0,4,False,Boo,Team Heretics,omen,True,30,4,2,0,0,1,False,benjyfishy,Team Heretics,deadlock,False,,,0,0,0,3,False,Wo0t,Team Heretics,chamber,True,25,,0,1,1,4,False,grubinho,GIANTX,omen,False,,25,0,0,0,6,False,ara,GIANTX,raze,False,,25,0,0,0,2,False,Cloud,GIANTX,fade,False,,25,0,0,0,4,False,Flickless,GIANTX,viper,False,,25,0,0,0,1,False,westside,GIANTX,cypher,True,81,25,0,0,0,1,False
228.895,981,ACTIVE_ROUND,2,0,1,,24.992,,MiniBoo,Team Heretics,raze,True,65,,0,0,0,4,False,RieNs,Team Heretics,fade,False,,4,0,0,0,4,False,Boo,Team Heretics,omen,True,30,4,2,0,1,1,False,benjyfishy,Team Heretics,deadlock,False,,,0,0,0,3,False,Wo0t,Team Heretics,chamber,True,25,,0,1,1,4,False,grubinho,GIANTX,omen,False,,25,0,0,0,6,False,ara,GIANTX,raze,False,,25,0,0,0,2,False,Cloud,GIANTX,fade,False,,25,0,0,0,4,False,Flickless,GIANTX,viper,False,,25,0,0,0,1,False,westside,GIANTX,cypher,True,81,25,0,0,0,1,False
229.129,982,ACTIVE_ROUND,2,0,1,,25.225,,MiniBoo,Team Heretics,raze,True,65,,0,0,0,4,False,RieNs,Team Heretics,fade,False,,4,0,0,0,4,False,Boo,Team Heretics,omen,True,30,4,2,0,1,1,False,benjyfishy,Team Heretics,deadlock,False,,,0,0,0,3,False,Wo0t,Team Heretics,chamber,True,25,,0,1,1,4,False,grubinho,GIANTX,omen,False,,25,0,0,0,6,False,ara,GIANTX,raze,False,,25,0,0,0,2,False,Cloud,GIANTX,fade,False,,25,0,0,0,4,False,Flickless,GIANTX,viper,False,,25,0,0,0,1,False,westside,GIANTX,cypher,True,81,25,0,0,0,1,False
229.362,983,ACTIVE_ROUND,2,0,1,,25.459,,MiniBoo,Team Heretics,raze,True,65,,0,0,0,4,False,RieNs,Team Heretics,fade,False,,4,0,0,0,4,False,Boo,Team Heretics,omen,True,30,4,2,0,1,1,False,benjyfishy,Team Heretics,deadlock,False,,,0,0,0,3,False,Wo0t,Team Heretics,chamber,True,25,,0,1,1,4,False,grubinho,GIANTX,omen,False,,25,0,0,0,6,False,ara,GIANTX,raze,False,,25,0,0,0,2,False,Cloud,GIANTX,fade,False,,25,0,0,0,4,False,Flickless,GIANTX,viper,False,,25,0,0,0,1,False,westside,GIANTX,cypher,True,81,25,0,0,0,1,False
229.596,984,ACTIVE_ROUND,2,0,1,,25.692,,MiniBoo,Team Heretics,raze,True,65,,0,0,0,4,False,RieNs,Team Heretics,fade,False,,4,0,0,0,4,False,Boo,Team Heretics,omen,True,30,4,2,0,1,1,False,benjyfishy,Team Heretics,deadlock,False,,,0,0,0,3,False,Wo0t,Team Heretics,chamber,True,25,,0,1,1,4,False,grubinho,GIANTX,omen,False,,25,0,0,0,6,False,ara,GIANTX,raze,False,,25,0,0,0,2,False,Cloud,GIANTX,fade,False,,25,0,0,0,4,False,Flickless,GIANTX,viper,False,,25,0,0,0,1,False,westside,GIANTX,cypher,True,81,25,0,0,0,1,False
229.830,985,ACTIVE_ROUND,2,0,1,,25.926,,MiniBoo,Team Heretics,raze,True,65,,0,0,0,4,False,RieNs,Team Heretics,fade,False,,4,0,0,0,4,False,Boo,Team Heretics,omen,True,30,4,2,0,1,1,False,benjyfishy,Team Heretics,deadlock,False,,,0,0,0,3,False,Wo0t,Team Heretics,chamber,True,25,,0,1,1,4,False,grubinho,GIANTX,omen,False,,25,0,0,0,6,False,ara,GIANTX,raze,False,,25,0,0,0,2,False,Cloud,GIANTX,fade,False,,25,0,0,0,4,False,Flickless,GIANTX,viper,False,,25,0,0,0,1,False,westside,GIANTX,cypher,True,81,25,0,0,0,1,False
230.063,986,ACTIVE_ROUND,2,0,1,,26.159,,MiniBoo,Team Heretics,raze,True,65,,0,0,0,4,False,RieNs,Team Heretics,fade,False,,4,0,0,0,4,False,Boo,Team Heretics,omen,True,30,4,2,0,1,1,False,benjyfishy,Team Heretics,deadlock,False,,,0,0,0,3,False,Wo0t,Team Heretics,chamber,True,25,,0,1,1,4,False,grubinho,GIANTX,omen,False,,25,0,0,0,6,False,ara,GIANTX,raze,False,,25,0,0,0,2,False,Cloud,GIANTX,fade,False,,25,0,0,0,4,False,Flickless,GIANTX,viper,False,,25,0,0,0,1,False,westside,GIANTX,cypher,True,81,25,0,0,0,1,False
230.297,987,ACTIVE_ROUND,2,0,1,,26.393,,MiniBoo,Team Heretics,raze,True,65,,0,0,0,4,False,RieNs,Team Heretics,fade,False,,4,0,0,0,4,False,Boo,Team Heretics,omen,True,30,4,2,0,1,1,False,benjyfishy,Team Heretics,deadlock,False,,,0,0,0,3,False,Wo0t,Team Heretics,chamber,True,25,,0,1,1,4,False,grubinho,GIANTX,omen,False,,25,0,0,0,6,False,ara,GIANTX,raze,False,,25,0,0,0,2,False,Cloud,GIANTX,fade,False,,25,0,0,0,4,False,Flickless,GIANTX,viper,False,,25,0,0,0,1,False,westside,GIANTX,cypher,True,81,25,0,0,0,1,False
230.530,988,ACTIVE_ROUND,2,0,1,,26.627,,MiniBoo,Team Heretics,raze,True,65,,0,0,0,4,False,RieNs,Team Heretics,fade,False,,4,0,0,0,4,False,Boo,Team Heretics,omen,True,30,4,2,0,1,1,False,benjyfishy,Team Heretics,deadlock,False,,,0,0,0,3,False,Wo0t,Team Heretics,chamber,True,25,,0,1,1,4,False,grubinho,GIANTX,omen,False,,25,0,0,0,6,False,ara,GIANTX,raze,False,,25,0,0,0,2,False,Cloud,GIANTX,fade,False,,25,0,0,0,4,False,Flickless,GIANTX,viper,False,,25,0,0,0,1,False,westside,GIANTX,cypher,True,81,25,0,0,0,1,False
230.764,989,ACTIVE_ROUND,2,0,1,,26.860,,MiniBoo,Team Heretics,raze,True,65,,0,0,0,4,False,RieNs,Team Heretics,fade,False,,4,0,0,0,4,False,Boo,Team Heretics,omen,True,30,4,2,0,1,1,False,benjyfishy,Team Heretics,deadlock,False,,,0,0,0,3,False,Wo0t,Team Heretics,chamber,True,25,,0,1,1,4,False,grubinho,GIANTX,omen,False,,25,0,0,0,6,False,ara,GIANTX,raze,False,,25,0,0,0,2,False,Cloud,GIANTX,fade,False,,25,0,0,0,4,False,Flickless,GIANTX,viper,False,,25,0,0,0,1,False,westside,GIANTX,cypher,True,81,25,0,0,0,1,False
230.997,990,ACTIVE_ROUND,2,0,1,,27.094,,MiniBoo,Team Heretics,raze,True,65,,0,0,0,4,False,RieNs,Team Heretics,fade,False,,4,0,0,0,4,False,Boo,Team Heretics,omen,True,30,4,2,0,1,1,False,benjyfishy,Team Heretics,deadlock,False,,,0,0,0,3,False,Wo0t,Team Heretics,chamber,True,25,,0,1,1,4,False,grubinho,GIANTX,omen,False,,25,0,0,0,6,False,ara,GIANTX,raze,False,,25,0,0,0,2,False,Cloud,GIANTX,fade,False,,25,0,0,0,4,False,Flickless,GIANTX,viper,False,,25,0,0,0,1,False,westside,GIANTX,cypher,True,81,25,0,0,0,1,False
231.231,991,ACTIVE_ROUND,2,0,1,,27.327,,MiniBoo,Team Heretics,raze,True,65,,0,0,0,4,False,RieNs,Team Heretics,fade,False,,4,0,0,0,4,False,Boo,Team Heretics,omen,True,30,4,2,0,1,1,False,benjyfishy,Team Heretics,deadlock,False,,,0,0,0,3,False,Wo0t,Team Heretics,chamber,True,25,,0,1,1,4,False,grubinho,GIANTX,omen,False,,25,0,0,0,6,False,ara,GIANTX,raze,False,,25,0,0,0,2,False,Cloud,GIANTX,fade,False,,25,0,0,0,4,False,Flickless,GIANTX,viper,False,,25,0,0,0,1,False,westside,GIANTX,cypher,True,81,25,0,0,0,1,False
231.465,992,ACTIVE_ROUND,2,0,1,,27.561,,MiniBoo,Team Heretics,raze,True,65,,0,0,0,4,False,RieNs,Team Heretics,fade,False,,4,0,0,0,4,False,Boo,Team Heretics,omen,True,30,4,2,0,1,1,False,benjyfishy,Team Heretics,deadlock,False,,,0,0,0,3,False,Wo0t,Team Heretics,chamber,True,25,,0,1,1,4,False,grubinho,GIANTX,omen,False,,25,0,0,0,6,False,ara,GIANTX,raze,False,,25,0,0,0,2,False,Cloud,GIANTX,fade,False,,25,0,0,0,4,False,Flickless,GIANTX,viper,False,,25,0,0,0,1,False,westside,GIANTX,cypher,True,81,25,0,0,0,1,False
231.698,993,ACTIVE_ROUND,2,0,1,,27.794,,MiniBoo,Team Heretics,raze,True,65,,0,0,0,4,False,RieNs,Team Heretics,fade,False,,4,0,0,0,4,False,Boo,Team Heretics,omen,True,30,4,2,0,1,1,False,benjyfishy,Team Heretics,deadlock,False,,,0,0,0,3,False,Wo0t,Team Heretics,chamber,True,25,,0,1,1,4,False,grubinho,GIANTX,omen,False,,25,0,0,0,6,False,ara,GIANTX,raze,False,,25,0,0,0,2,False,Cloud,GIANTX,fade,False,,25,0,0,0,4,False,Flickless,GIANTX,viper,False,,25,0,0,0,1,False,westside,GIANTX,cypher,True,81,25,0,0,0,1,False
231.932,994,ACTIVE_ROUND,2,0,1,,28.028,,MiniBoo,Team Heretics,raze,True,65,,0,0,0,4,False,RieNs,Team Heretics,fade,False,,4,0,0,0,4,False,Boo,Team Heretics,omen,True,30,4,2,0,1,1,False,benjyfishy,Team Heretics,deadlock,False,,,0,0,0,3,False,Wo0t,Team Heretics,chamber,True,25,,0,1,1,4,False,grubinho,GIANTX,omen,False,,25,0,0,0,6,False,ara,GIANTX,raze,False,,25,0,0,0,2,False,Cloud,GIANTX,fade,False,,25,0,0,0,4,False,Flickless,GIANTX,viper,False,,25,0,0,0,1,False,westside,GIANTX,cypher,True,81,25,0,0,0,1,False
232.165,995,ACTIVE_ROUND,2,0,1,,28.262,,MiniBoo,Team Heretics,raze,True,65,,0,0,0,4,False,RieNs,Team Heretics,fade,False,,4,0,0,0,4,False,Boo,Team Heretics,omen,True,30,4,2,0,1,1,False,benjyfishy,Team Heretics,deadlock,False,,,0,0,0,3,False,Wo0t,Team Heretics,chamber,True,25,,0,1,1,4,False,grubinho,GIANTX,omen,False,,25,0,0,0,6,False,ara,GIANTX,raze,False,,25,0,0,0,2,False,Cloud,GIANTX,fade,False,,25,0,0,0,4,False,Flickless,GIANTX,viper,False,,25,0,0,0,1,False,westside,GIANTX,cypher,True,81,25,0,0,0,1,False
232.399,996,ACTIVE_ROUND,2,0,1,,28.495,,MiniBoo,Team Heretics,raze,True,65,,0,0,0,4,False,RieNs,Team Heretics,fade,False,,4,0,0,0,4,False,Boo,Team Heretics,omen,True,30,4,2,0,1,1,False,benjyfishy,Team Heretics,deadlock,False,,,0,0,0,3,False,Wo0t,Team Heretics,chamber,True,25,,0,1,1,4,False,grubinho,GIANTX,omen,False,,25,0,0,0,6,False,ara,GIANTX,raze,False,,25,0,0,0,2,False,Cloud,GIANTX,fade,False,,25,0,0,0,4,False,Flickless,GIANTX,viper,False,,25,0,0,0,1,False,westside,GIANTX,cypher,True,81,25,0,0,0,1,False
232.632,997,ACTIVE_ROUND,2,0,1,,28.729,,MiniBoo,Team Heretics,raze,True,65,,0,0,0,4,False,RieNs,Team Heretics,fade,False,,4,0,0,0,4,False,Boo,Team Heretics,omen,True,30,4,2,0,1,1,False,benjyfishy,Team Heretics,deadlock,False,,,0,0,0,3,False,Wo0t,Team Heretics,chamber,True,25,,0,1,1,4,False,grubinho,GIANTX,omen,False,,25,0,0,0,6,False,ara,GIANTX,raze,False,,25,0,0,0,2,False,Cloud,GIANTX,fade,False,,25,0,0,0,4,False,Flickless,GIANTX,viper,False,,25,0,0,0,1,False,westside,GIANTX,cypher,True,81,25,0,0,0,1,False
232.866,998,ACTIVE_ROUND,2,0,1,,28.962,,MiniBoo,Team Heretics,raze,True,65,,0,0,0,4,False,RieNs,Team Heretics,fade,False,,4,0,0,0,4,False,Boo,Team Heretics,omen,True,30,4,2,0,1,1,False,benjyfishy,Team Heretics,deadlock,False,,,0,0,0,3,False,Wo0t,Team Heretics,chamber,True,25,,0,1,1,4,False,grubinho,GIANTX,omen,False,,25,0,0,0,6,False,ara,GIANTX,raze,False,,25,0,0,0,2,False,Cloud,GIANTX,fade,False,,25,0,0,0,4,False,Flickless,GIANTX,viper,False,,25,0,0,0,1,False,westside,GIANTX,cypher,True,81,25,0,0,0,1,False
233.100,999,ACTIVE_ROUND,2,0,1,,29.196,,MiniBoo,Team Heretics,raze,True,65,,0,0,0,4,False,RieNs,Team Heretics,fade,False,,4,0,0,0,4,False,Boo,Team Heretics,omen,True,30,4,2,0,1,1,False,benjyfishy,Team Heretics,deadlock,False,,,0,0,0,3,False,Wo0t,Team Heretics,chamber,True,25,,0,1,1,4,False,grubinho,GIANTX,omen,False,,25,0,0,0,6,False,ara,GIANTX,raze,False,,25,0,0,0,2,False,Cloud,GIANTX,fade,False,,25,0,0,0,4,False,Flickless,GIANTX,viper,False,,25,0,0,0,1,False,westside,GIANTX,cypher,True,81,25,0,0,0,1,False
233.333,1000,ACTIVE_ROUND,2,0,1,,29.429,,MiniBoo,Team Heretics,raze,True,65,,0,0,0,4,False,RieNs,Team Heretics,fade,False,,4,0,0,0,4,False,Boo,Team Heretics,omen,True,30,4,2,0,1,1,False,benjyfishy,Team Heretics,deadlock,False,,,0,0,0,3,False,Wo0t,Team Heretics,chamber,True,25,,0,1,1,4,False,grubinho,GIANTX,omen,False,,25,0,0,0,6,False,ara,GIANTX,raze,False,,25,0,0,0,2,False,Cloud,GIANTX,fade,False,,25,0,0,0,4,False,Flickless,GIANTX,viper,False,,25,0,0,0,1,False,westside,GIANTX,cypher,True,81,25,0,0,0,1,False
233.567,1001,ACTIVE_ROUND,2,0,1,,29.663,,MiniBoo,Team Heretics,raze,True,65,,0,0,0,4,False,RieNs,Team Heretics,fade,False,,4,0,0,0,4,False,Boo,Team Heretics,omen,True,30,4,2,0,1,1,False,benjyfishy,Team Heretics,deadlock,False,,,0,0,0,3,False,Wo0t,Team Heretics,chamber,True,25,,0,1,1,4,False,grubinho,GIANTX,omen,False,,25,0,0,0,6,False,ara,GIANTX,raze,False,,25,0,0,0,2,False,Cloud,GIANTX,fade,False,,25,0,0,0,4,False,Flickless,GIANTX,viper,False,,25,0,0,0,1,False,westside,GIANTX,cypher,True,81,25,0,0,0,1,False
233.800,1002,ACTIVE_ROUND,2,0,1,,29.897,,MiniBoo,Team Heretics,raze,True,65,,0,0,0,4,False,RieNs,Team Heretics,fade,False,,4,0,0,0,4,False,Boo,Team Heretics,omen,True,30,4,2,0,1,1,False,benjyfishy,Team Heretics,deadlock,False,,,0,0,0,3,False,Wo0t,Team Heretics,chamber,True,25,,0,1,1,4,False,grubinho,GIANTX,omen,False,,25,0,0,0,6,False,ara,GIANTX,raze,False,,25,0,0,0,2,False,Cloud,GIANTX,fade,False,,25,0,0,0,4,False,Flickless,GIANTX,viper,False,,25,0,0,0,1,False,westside,GIANTX,cypher,True,81,25,0,0,0,1,False
234.034,1003,ACTIVE_ROUND,2,0,1,,30.130,,MiniBoo,Team Heretics,raze,True,65,,0,0,0,4,False,RieNs,Team Heretics,fade,False,,4,0,0,0,4,False,Boo,Team Heretics,omen,True,30,4,2,0,1,1,False,benjyfishy,Team Heretics,deadlock,False,,,0,0,0,3,False,Wo0t,Team Heretics,chamber,True,25,,0,1,1,4,False,grubinho,GIANTX,omen,False,,25,0,0,0,6,False,ara,GIANTX,raze,False,,25,0,0,0,2,False,Cloud,GIANTX,fade,False,,25,0,0,0,4,False,Flickless,GIANTX,viper,False,,25,0,0,0,1,False,westside,GIANTX,cypher,True,81,25,0,0,0,1,False
234.267,1004,ACTIVE_ROUND,2,0,1,,30.364,,MiniBoo,Team Heretics,raze,True,65,,0,0,0,4,False,RieNs,Team Heretics,fade,False,,4,0,0,0,4,False,Boo,Team Heretics,omen,True,30,4,2,0,1,1,False,benjyfishy,Team Heretics,deadlock,False,,,0,0,0,3,False,Wo0t,Team Heretics,chamber,True,25,,0,1,1,4,False,grubinho,GIANTX,omen,False,,25,0,0,0,6,False,ara,GIANTX,raze,False,,25,0,0,0,2,False,Cloud,GIANTX,fade,False,,25,0,0,0,4,False,Flickless,GIANTX,viper,False,,25,0,0,0,1,False,westside,GIANTX,cypher,True,81,25,0,0,0,1,False
234.501,1005,ACTIVE_ROUND,2,0,1,,30.597,,MiniBoo,Team Heretics,raze,True,65,,0,0,0,4,False,RieNs,Team Heretics,fade,False,,4,0,0,0,4,False,Boo,Team Heretics,omen,True,30,4,2,0,1,1,False,benjyfishy,Team Heretics,deadlock,False,,,0,0,0,3,False,Wo0t,Team Heretics,chamber,True,25,,0,1,1,4,False,grubinho,GIANTX,omen,False,,25,0,0,0,6,False,ara,GIANTX,raze,False,,25,0,0,0,2,False,Cloud,GIANTX,fade,False,,25,0,0,0,4,False,Flickless,GIANTX,viper,False,,25,0,0,0,1,False,westside,GIANTX,cypher,True,81,25,0,0,0,1,False
234.734,1006,ACTIVE_ROUND,2,0,1,,30.831,,MiniBoo,Team Heretics,raze,True,65,,0,0,0,4,False,RieNs,Team Heretics,fade,False,,4,0,0,0,4,False,Boo,Team Heretics,omen,True,30,4,2,0,1,1,False,benjyfishy,Team Heretics,deadlock,False,,,0,0,0,3,False,Wo0t,Team Heretics,chamber,True,25,,0,1,1,4,False,grubinho,GIANTX,omen,False,,25,0,0,0,6,False,ara,GIANTX,raze,False,,25,0,0,0,2,False,Cloud,GIANTX,fade,False,,25,0,0,0,4,False,Flickless,GIANTX,viper,False,,25,0,0,0,1,False,westside,GIANTX,cypher,True,81,25,0,0,0,1,False
234.968,1007,ACTIVE_ROUND,2,0,1,,31.064,,MiniBoo,Team Heretics,raze,True,65,,0,0,0,4,False,RieNs,Team Heretics,fade,False,,4,0,0,0,4,False,Boo,Team Heretics,omen,True,30,4,2,0,1,1,False,benjyfishy,Team Heretics,deadlock,False,,,0,0,0,3,False,Wo0t,Team Heretics,chamber,True,25,,0,1,1,4,False,grubinho,GIANTX,omen,False,,25,0,0,0,6,False,ara,GIANTX,raze,False,,25,0,0,0,2,False,Cloud,GIANTX,fade,False,,25,0,0,0,4,False,Flickless,GIANTX,viper,False,,25,0,0,0,1,False,westside,GIANTX,cypher,True,81,25,0,0,0,1,False
235.202,1008,ACTIVE_ROUND,2,0,1,,31.298,,MiniBoo,Team Heretics,raze,True,65,,0,0,0,4,False,RieNs,Team Heretics,fade,False,,4,0,0,0,4,False,Boo,Team Heretics,omen,True,30,4,2,0,1,1,False,benjyfishy,Team Heretics,deadlock,False,,,0,0,0,3,False,Wo0t,Team Heretics,chamber,True,25,,0,1,1,4,False,grubinho,GIANTX,omen,False,,25,0,0,0,6,False,ara,GIANTX,raze,False,,25,0,0,0,2,False,Cloud,GIANTX,fade,False,,25,0,0,0,4,False,Flickless,GIANTX,viper,False,,25,0,0,0,1,False,westside,GIANTX,cypher,True,81,25,0,0,0,1,False
235.435,1009,ACTIVE_ROUND,2,0,1,,31.531,,MiniBoo,Team Heretics,raze,True,65,,0,0,0,4,False,RieNs,Team Heretics,fade,False,,4,0,0,0,4,False,Boo,Team Heretics,omen,True,30,4,2,0,1,1,False,benjyfishy,Team Heretics,deadlock,False,,,0,0,0,3,False,Wo0t,Team Heretics,chamber,True,25,,0,1,1,4,False,grubinho,GIANTX,omen,False,,25,0,0,0,6,False,ara,GIANTX,raze,False,,25,0,0,0,2,False,Cloud,GIANTX,fade,False,,25,0,0,0,4,False,Flickless,GIANTX,viper,False,,25,0,0,0,1,False,westside,GIANTX,cypher,True,81,25,0,0,0,1,False
235.669,1010,ACTIVE_ROUND,2,0,1,,31.765,,MiniBoo,Team Heretics,raze,True,65,,0,0,0,4,False,RieNs,Team Heretics,fade,False,,4,0,0,0,4,False,Boo,Team Heretics,omen,True,30,4,2,0,1,1,False,benjyfishy,Team Heretics,deadlock,False,,,0,0,0,3,False,Wo0t,Team Heretics,chamber,True,25,,0,1,1,4,False,grubinho,GIANTX,omen,False,,25,0,0,0,6,False,ara,GIANTX,raze,False,,25,0,0,0,2,False,Cloud,GIANTX,fade,False,,25,0,0,0,4,False,Flickless,GIANTX,viper,False,,25,0,0,0,1,False,westside,GIANTX,cypher,True,81,25,0,1,0,1,False
235.902,1011,ACTIVE_ROUND,2,0,1,,31.999,,MiniBoo,Team Heretics,raze,True,65,,0,0,1,5,False,RieNs,Team Heretics,fade,False,,4,0,0,0,4,False,Boo,Team Heretics,omen,True,30,4,2,0,1,1,False,benjyfishy,Team Heretics,deadlock,False,,,0,0,0,3,False,Wo0t,Team Heretics,chamber,True,25,,0,1,1,4,False,grubinho,GIANTX,omen,False,,25,0,0,0,6,False,ara,GIANTX,raze,False,,25,0,0,0,2,False,Cloud,GIANTX,fade,False,,25,0,0,0,4,False,Flickless,GIANTX,viper,False,,25,0,0,0,1,False,westside,GIANTX,cypher,False,,25,0,1,0,2,False
236.136,1012,ACTIVE_ROUND,2,0,1,,32.232,,MiniBoo,Team Heretics,raze,True,65,,0,0,1,5,False,RieNs,Team Heretics,fade,False,,4,0,0,0,4,False,Boo,Team Heretics,omen,True,30,4,2,0,1,1,False,benjyfishy,Team Heretics,deadlock,False,,,0,0,0,3,False,Wo0t,Team Heretics,chamber,True,25,,0,1,1,4,False,grubinho,GIANTX,omen,False,,25,0,0,0,6,False,ara,GIANTX,raze,False,,25,0,0,0,2,False,Cloud,GIANTX,fade,False,,25,0,0,0,4,False,Flickless,GIANTX,viper,False,,25,0,0,0,1,False,westside,GIANTX,cypher,False,,25,0,1,0,2,False
236.369,1013,ACTIVE_ROUND,2,0,1,,32.466,,MiniBoo,Team Heretics,raze,True,65,,0,0,1,5,False,RieNs,Team Heretics,fade,False,,4,0,0,0,4,False,Boo,Team Heretics,omen,True,30,4,2,0,1,1,False,benjyfishy,Team Heretics,deadlock,False,,,0,0,0,3,False,Wo0t,Team Heretics,chamber,True,25,,0,1,1,4,False,grubinho,GIANTX,omen,False,,25,0,0,0,6,False,ara,GIANTX,raze,False,,25,0,0,0,2,False,Cloud,GIANTX,fade,False,,25,0,0,0,4,False,Flickless,GIANTX,viper,False,,25,0,0,0,1,False,westside,GIANTX,cypher,False,,25,0,1,0,2,False
236.837,1015,POST_ROUND,2,1,1,,,0.000,MiniBoo,Team Heretics,raze,True,65,,0,0,1,5,False,RieNs,Team Heretics,fade,False,,4,0,0,0,4,False,Boo,Team Heretics,omen,True,30,4,2,0,1,2,False,benjyfishy,Team Heretics,deadlock,False,,,0,0,0,3,False,Wo0t,Team Heretics,chamber,True,25,,0,1,1,4,False,grubinho,GIANTX,omen,False,,25,0,0,0,6,False,ara,GIANTX,raze,False,,25,0,0,0,2,False,Cloud,GIANTX,fade,False,,25,0,0,0,4,False,Flickless,GIANTX,viper,False,,25,0,0,0,1,False,westside,GIANTX,cypher,False,,25,0,1,0,2,False
237.070,1016,POST_ROUND,2,1,1,,,0.234,MiniBoo,Team Heretics,raze,True,65,,0,0,1,5,False,RieNs,Team Heretics,fade,False,,4,0,0,0,4,False,Boo,Team Heretics,omen,True,30,4,2,0,1,2,False,benjyfishy,Team Heretics,deadlock,False,,,0,0,0,3,False,Wo0t,Team Heretics,chamber,True,25,,0,1,1,4,False,grubinho,GIANTX,omen,False,,25,0,0,0,6,False,ara,GIANTX,raze,False,,25,0,0,0,2,False,Cloud,GIANTX,fade,False,,25,0,0,0,4,False,Flickless,GIANTX,viper,False,,25,0,0,0,1,False,westside,GIANTX,cypher,False,,25,0,1,0,2,False
237.304,1017,POST_ROUND,2,1,1,,,0.467,MiniBoo,Team Heretics,raze,True,65,,0,0,1,5,False,RieNs,Team Heretics,fade,False,,4,0,0,0,4,False,Boo,Team Heretics,omen,True,30,4,2,0,1,2,False,benjyfishy,Team Heretics,deadlock,False,,,0,0,0,3,False,Wo0t,Team Heretics,chamber,True,25,,0,1,1,4,False,grubinho,GIANTX,omen,False,,25,0,0,0,6,False,ara,GIANTX,raze,False,,25,0,0,0,2,False,Cloud,GIANTX,fade,False,,25,0,0,0,4,False,Flickless,GIANTX,viper,False,,25,0,0,0,1,False,westside,GIANTX,cypher,False,,25,0,1,0,2,False
237.537,1018,POST_ROUND,2,1,1,,,0.701,MiniBoo,Team Heretics,raze,True,65,,0,0,1,5,False,RieNs,Team Heretics,fade,False,,4,0,0,0,4,False,Boo,Team Heretics,omen,True,30,4,2,0,1,2,False,benjyfishy,Team Heretics,deadlock,False,,,0,0,0,3,False,Wo0t,Team Heretics,chamber,True,25,,0,1,1,4,False,grubinho,GIANTX,omen,False,,25,0,0,0,6,False,ara,GIANTX,raze,False,,25,0,0,0,2,False,Cloud,GIANTX,fade,False,,25,0,0,0,4,False,Flickless,GIANTX,viper,False,,25,0,0,0,1,False,westside,GIANTX,cypher,False,,25,0,1,0,2,False
237.771,1019,POST_ROUND,2,1,1,,,0.934,MiniBoo,Team Heretics,raze,True,65,,0,0,1,5,False,RieNs,Team Heretics,fade,False,,4,0,0,0,4,False,Boo,Team Heretics,omen,True,30,4,2,0,1,2,False,benjyfishy,Team Heretics,deadlock,False,,,0,0,0,3,False,Wo0t,Team Heretics,chamber,True,25,,0,1,1,4,False,grubinho,GIANTX,omen,False,,25,0,0,0,6,False,ara,GIANTX,raze,False,,25,0,0,0,2,False,Cloud,GIANTX,fade,False,,25,0,0,0,4,False,Flickless,GIANTX,viper,False,,25,0,0,0,1,False,westside,GIANTX,cypher,False,,25,0,1,0,2,False
238.004,1020,POST_ROUND,2,1,1,,,1.168,MiniBoo,Team Heretics,raze,True,65,,0,0,1,5,False,RieNs,Team Heretics,fade,False,,4,0,0,0,4,False,Boo,Team Heretics,omen,True,30,4,2,0,1,2,False,benjyfishy,Team Heretics,deadlock,False,,,0,0,0,3,False,Wo0t,Team Heretics,chamber,True,25,,0,1,1,4,False,grubinho,GIANTX,omen,False,,25,0,0,0,6,False,ara,GIANTX,raze,False,,25,0,0,0,2,False,Cloud,GIANTX,fade,False,,25,0,0,0,4,False,Flickless,GIANTX,viper,False,,25,0,0,0,1,False,westside,GIANTX,cypher,False,,25,0,1,0,2,False
238.238,1021,POST_ROUND,2,1,1,,,1.401,MiniBoo,Team Heretics,raze,True,65,,0,0,1,5,False,RieNs,Team Heretics,fade,False,,4,0,0,0,4,False,Boo,Team Heretics,omen,True,30,4,2,0,1,2,False,benjyfishy,Team Heretics,deadlock,False,,,0,0,0,3,False,Wo0t,Team Heretics,chamber,True,25,,0,1,1,4,False,grubinho,GIANTX,omen,False,,25,0,0,0,6,False,ara,GIANTX,raze,False,,25,0,0,0,2,False,Cloud,GIANTX,fade,False,,25,0,0,0,4,False,Flickless,GIANTX,viper,False,,25,0,0,0,1,False,westside,GIANTX,cypher,False,,25,0,1,0,2,False
238.472,1022,POST_ROUND,2,1,1,,,1.635,MiniBoo,Team Heretics,raze,True,65,,0,0,1,5,False,RieNs,Team Heretics,fade,False,,4,0,0,0,4,False,Boo,Team Heretics,omen,True,30,4,2,0,1,2,False,benjyfishy,Team Heretics,deadlock,False,,,0,0,0,3,False,Wo0t,Team Heretics,chamber,True,25,,0,1,1,4,False,grubinho,GIANTX,omen,False,,25,0,0,0,6,False,ara,GIANTX,raze,False,,25,0,0,0,2,False,Cloud,GIANTX,fade,False,,25,0,0,0,4,False,Flickless,GIANTX,viper,False,,25,0,0,0,1,False,westside,GIANTX,cypher,False,,25,0,1,0,2,False
238.705,1023,POST_ROUND,2,1,1,,,1.869,MiniBoo,Team Heretics,raze,True,65,,0,0,1,5,False,RieNs,Team Heretics,fade,False,,4,0,0,0,4,False,Boo,Team Heretics,omen,True,30,4,2,0,1,2,False,benjyfishy,Team Heretics,deadlock,False,,,0,0,0,3,False,Wo0t,Team Heretics,chamber,True,25,,0,1,1,4,False,grubinho,GIANTX,omen,False,,25,0,0,0,6,False,ara,GIANTX,raze,False,,25,0,0,0,2,False,Cloud,GIANTX,fade,False,,25,0,0,0,4,False,Flickless,GIANTX,viper,False,,25,0,0,0,1,False,westside,GIANTX,cypher,False,,25,0,1,0,2,False
238.939,1024,POST_ROUND,2,1,1,,,2.102,MiniBoo,Team Heretics,raze,True,65,,0,0,1,5,False,RieNs,Team Heretics,fade,False,,4,0,0,0,4,False,Boo,Team Heretics,omen,True,30,4,2,0,1,2,False,benjyfishy,Team Heretics,deadlock,False,,,0,0,0,3,False,Wo0t,Team Heretics,chamber,True,25,,0,1,1,4,False,grubinho,GIANTX,omen,False,,25,0,0,0,6,False,ara,GIANTX,raze,False,,25,0,0,0,2,False,Cloud,GIANTX,fade,False,,25,0,0,0,4,False,Flickless,GIANTX,viper,False,,25,0,0,0,1,False,westside,GIANTX,cypher,False,,25,0,1,0,2,False
239.172,1025,POST_ROUND,2,1,1,,,2.336,MiniBoo,Team Heretics,raze,True,65,,0,0,1,5,False,RieNs,Team Heretics,fade,False,,4,0,0,0,4,False,Boo,Team Heretics,omen,True,30,4,2,0,1,2,False,benjyfishy,Team Heretics,deadlock,False,,,0,0,0,3,False,Wo0t,Team Heretics,chamber,True,25,,0,1,1,4,False,grubinho,GIANTX,omen,False,,25,0,0,0,6,False,ara,GIANTX,raze,False,,25,0,0,0,2,False,Cloud,GIANTX,fade,False,,25,0,0,0,4,False,Flickless,GIANTX,viper,False,,25,0,0,0,1,False,westside,GIANTX,cypher,False,,25,0,1,0,2,False
239.406,1026,POST_ROUND,2,1,1,,,2.569,MiniBoo,Team Heretics,raze,True,65,,0,0,1,5,False,RieNs,Team Heretics,fade,False,,4,0,0,0,4,False,Boo,Team Heretics,omen,True,30,4,2,0,1,2,False,benjyfishy,Team Heretics,deadlock,False,,,0,0,0,3,False,Wo0t,Team Heretics,chamber,True,25,,0,1,1,4,False,grubinho,GIANTX,omen,False,,25,0,0,0,6,False,ara,GIANTX,raze,False,,25,0,0,0,2,False,Cloud,GIANTX,fade,False,,25,0,0,0,4,False,Flickless,GIANTX,viper,False,,25,0,0,0,1,False,westside,GIANTX,cypher,False,,25,0,1,0,2,False
239.639,1027,POST_ROUND,2,1,1,,,2.803,MiniBoo,Team Heretics,raze,True,65,,0,0,1,5,False,RieNs,Team Heretics,fade,False,,4,0,0,0,4,False,Boo,Team Heretics,omen,True,30,4,2,0,1,2,False,benjyfishy,Team Heretics,deadlock,False,,,0,0,0,3,False,Wo0t,Team Heretics,chamber,True,25,,0,1,1,4,False,grubinho,GIANTX,omen,False,,25,0,0,0,6,False,ara,GIANTX,raze,False,,25,0,0,0,2,False,Cloud,GIANTX,fade,False,,25,0,0,0,4,False,Flickless,GIANTX,viper,False,,25,0,0,0,1,False,westside,GIANTX,cypher,False,,25,0,1,0,2,False
239.873,1028,POST_ROUND,2,1,1,,,3.036,MiniBoo,Team Heretics,raze,True,65,,0,0,1,5,False,RieNs,Team Heretics,fade,False,,4,0,0,0,4,False,Boo,Team Heretics,omen,True,30,4,2,0,1,2,False,benjyfishy,Team Heretics,deadlock,False,,,0,0,0,3,False,Wo0t,Team Heretics,chamber,True,25,,0,1,1,4,False,grubinho,GIANTX,omen,False,,25,0,0,0,6,False,ara,GIANTX,raze,False,,25,0,0,0,2,False,Cloud,GIANTX,fade,False,,25,0,0,0,4,False,Flickless,GIANTX,viper,False,,25,0,0,0,1,False,westside,GIANTX,cypher,False,,25,0,1,0,2,False
240.107,1029,POST_ROUND,2,1,1,,,3.270,MiniBoo,Team Heretics,raze,True,65,,0,0,1,5,False,RieNs,Team Heretics,fade,False,,4,0,0,0,4,False,Boo,Team Heretics,omen,True,30,4,2,0,1,2,False,benjyfishy,Team Heretics,deadlock,False,,,0,0,0,3,False,Wo0t,Team Heretics,chamber,True,25,,0,1,1,4,False,grubinho,GIANTX,omen,False,,25,0,0,0,6,False,ara,GIANTX,raze,False,,25,0,0,0,2,False,Cloud,GIANTX,fade,False,,25,0,0,0,4,False,Flickless,GIANTX,viper,False,,25,0,0,0,1,False,westside,GIANTX,cypher,False,,25,0,1,0,2,False
240.340,1030,POST_ROUND,2,1,1,,,3.504,MiniBoo,Team Heretics,raze,True,65,,0,0,1,5,False,RieNs,Team Heretics,fade,False,,4,0,0,0,4,False,Boo,Team Heretics,omen,True,30,4,2,0,1,2,False,benjyfishy,Team Heretics,deadlock,False,,,0,0,0,3,False,Wo0t,Team Heretics,chamber,True,25,,0,1,1,4,False,grubinho,GIANTX,omen,False,,25,0,0,0,6,False,ara,GIANTX,raze,False,,25,0,0,0,2,False,Cloud,GIANTX,fade,False,,25,0,0,0,4,False,Flickless,GIANTX,viper,False,,25,0,0,0,1,False,westside,GIANTX,cypher,False,,25,0,1,0,2,False
240.574,1031,POST_ROUND,2,1,1,,,3.737,MiniBoo,Team Heretics,raze,True,65,,0,0,1,5,False,RieNs,Team Heretics,fade,False,,4,0,0,0,4,False,Boo,Team Heretics,omen,True,30,4,2,0,1,2,False,benjyfishy,Team Heretics,deadlock,False,,,0,0,0,3,False,Wo0t,Team Heretics,chamber,True,25,,0,1,1,4,False,grubinho,GIANTX,omen,False,,25,0,0,0,6,False,ara,GIANTX,raze,False,,25,0,0,0,2,False,Cloud,GIANTX,fade,False,,25,0,0,0,4,False,Flickless,GIANTX,viper,False,,25,0,0,0,1,False,westside,GIANTX,cypher,False,,25,0,1,0,2,False
240.807,1032,POST_ROUND,2,1,1,,,3.971,MiniBoo,Team Heretics,raze,True,65,,0,0,1,5,False,RieNs,Team Heretics,fade,False,,4,0,0,0,4,False,Boo,Team Heretics,omen,True,30,4,2,0,1,2,False,benjyfishy,Team Heretics,deadlock,False,,,0,0,0,3,False,Wo0t,Team Heretics,chamber,True,25,,0,1,1,4,False,grubinho,GIANTX,omen,False,,25,0,0,0,6,False,ara,GIANTX,raze,False,,25,0,0,0,2,False,Cloud,GIANTX,fade,False,,25,0,0,0,4,False,Flickless,GIANTX,viper,False,,25,0,0,0,1,False,westside,GIANTX,cypher,False,,25,0,1,0,2,False
241.041,1033,POST_ROUND,2,1,1,,,4.204,MiniBoo,Team Heretics,raze,True,65,,0,0,1,5,False,RieNs,Team Heretics,fade,False,,4,0,0,0,4,False,Boo,Team Heretics,omen,True,30,4,2,0,1,2,False,benjyfishy,Team Heretics,deadlock,False,,,0,0,0,3,False,Wo0t,Team Heretics,chamber,True,25,,0,1,1,4,False,grubinho,GIANTX,omen,False,,25,0,0,0,6,False,ara,GIANTX,raze,False,,25,0,0,0,2,False,Cloud,GIANTX,fade,False,,25,0,0,0,4,False,Flickless,GIANTX,viper,False,,25,0,0,0,1,False,westside,GIANTX,cypher,False,,25,0,1,0,2,False
241.274,1034,POST_ROUND,2,1,1,,,4.438,MiniBoo,Team Heretics,raze,True,65,,0,0,1,5,False,RieNs,Team Heretics,fade,False,,4,0,0,0,4,False,Boo,Team Heretics,omen,True,30,4,2,0,1,2,False,benjyfishy,Team Heretics,deadlock,False,,,0,0,0,3,False,Wo0t,Team Heretics,chamber,True,25,,0,1,1,4,False,grubinho,GIANTX,omen,False,,25,0,0,0,6,False,ara,GIANTX,raze,False,,25,0,0,0,2,False,Cloud,GIANTX,fade,False,,25,0,0,0,4,False,Flickless,GIANTX,viper,False,,25,0,0,0,1,False,westside,GIANTX,cypher,False,,25,0,1,0,2,False
269.769,1156,PREROUND,3,1,1,,,,MiniBoo,Team Heretics,raze,True,,,1,2,1,5,False,RieNs,Team Heretics,fade,True,,,2,1,1,4,False,Boo,Team Heretics,omen,True,,,2,1,2,2,False,benjyfishy,Team Heretics,deadlock,True,,,1,0,1,3,False,Wo0t,Team Heretics,chamber,True,,,1,8,1,4,False,grubinho,GIANTX,omen,True,,,1,1,2,6,False,ara,GIANTX,raze,True,,,0,2,1,2,False,Cloud,GIANTX,fade,True,,,0,1,1,5,False,Flickless,GIANTX,viper,True,,,0,1,0,2,False,westside,GIANTX,cypher,True,,,0,0,1,2,False
270.003,1157,PREROUND,3,1,1,,,,MiniBoo,Team Heretics,raze,True,,,1,2,1,5,False,RieNs,Team Heretics,fade,True,,,2,1,1,4,False,Boo,Team Heretics,omen,True,,,2,1,2,2,False,benjyfishy,Team Heretics,deadlock,True,,,1,0,1,3,False,Wo0t,Team Heretics,chamber,True,,,1,8,1,4,False,grubinho,GIANTX,omen,True,,,1,1,2,6,False,ara,GIANTX,raze,True,,,0,2,1,2,False,Cloud,GIANTX,fade,True,,,0,1,1,5,False,Flickless,GIANTX,viper,True,,,0,1,0,2,False,westside,GIANTX,cypher,True,,,0,0,1,2,False
270.237,1158,PREROUND,3,1,1,,,,MiniBoo,Team Heretics,raze,True,,,1,2,1,5,False,RieNs,Team Heretics,fade,True,,,2,1,1,4,False,Boo,Team Heretics,omen,True,,,2,1,2,2,False,benjyfishy,Team Heretics,deadlock,True,,,1,0,1,3,False,Wo0t,Team Heretics,chamber,True,,,1,8,1,4,False,grubinho,GIANTX,omen,True,,,1,1,2,6,False,ara,GIANTX,raze,True,,,0,2,1,2,False,Cloud,GIANTX,fade,True,,,0,1,1,5,False,Flickless,GIANTX,viper,True,,,0,1,0,2,False,westside,GIANTX,cypher,True,,,0,0,1,2,False
270.470,1159,PREROUND,3,1,1,,,,MiniBoo,Team Heretics,raze,True,,,1,2,1,5,False,RieNs,Team Heretics,fade,True,,,2,1,1,4,False,Boo,Team Heretics,omen,True,,,2,1,2,2,False,benjyfishy,Team Heretics,deadlock,True,,,1,0,1,3,False,Wo0t,Team Heretics,chamber,True,,,1,8,1,4,False,grubinho,GIANTX,omen,True,,,1,1,2,6,False,ara,GIANTX,raze,True,,,0,2,1,2,False,Cloud,GIANTX,fade,True,,,0,1,1,5,False,Flickless,GIANTX,viper,True,,,0,1,0,2,False,westside,GIANTX,cypher,True,,,0,0,1,2,False
270.704,1160,PREROUND,3,1,1,,,,MiniBoo,Team Heretics,raze,True,,,1,2,1,5,False,RieNs,Team Heretics,fade,True,,,2,1,1,4,False,Boo,Team Heretics,omen,True,,,2,1,2,2,False,benjyfishy,Team Heretics,deadlock,True,,,1,0,1,3,False,Wo0t,Team Heretics,chamber,True,,,1,8,1,4,False,grubinho,GIANTX,omen,True,,,1,1,2,6,False,ara,GIANTX,raze,True,,,0,2,1,2,False,Cloud,GIANTX,fade,True,,,0,1,1,5,False,Flickless,GIANTX,viper,True,,,0,1,0,2,False,westside,GIANTX,cypher,True,,,0,0,1,2,False
270.937,1161,PREROUND,3,1,1,,,,MiniBoo,Team Heretics,raze,True,,,1,2,1,5,False,RieNs,Team Heretics,fade,True,,,2,1,1,4,False,Boo,Team Heretics,omen,True,,,2,1,2,2,False,benjyfishy,Team Heretics,deadlock,True,,,1,0,1,3,False,Wo0t,Team Heretics,chamber,True,,,1,8,1,4,False,grubinho,GIANTX,omen,True,,,1,1,2,6,False,ara,GIANTX,raze,True,,,0,2,1,2,False,Cloud,GIANTX,fade,True,,,0,1,1,5,False,Flickless,GIANTX,viper,True,,,0,1,0,2,False,westside,GIANTX,cypher,True,,,0,0,1,2,False
271.171,1162,PREROUND,3,1,1,,,,MiniBoo,Team Heretics,raze,True,,,1,2,1,5,False,RieNs,Team Heretics,fade,True,,,2,1,1,4,False,Boo,Team Heretics,omen,True,,,2,1,2,2,False,benjyfishy,Team Heretics,deadlock,True,,,1,0,1,3,False,Wo0t,Team Heretics,chamber,True,,,1,8,1,4,False,grubinho,GIANTX,omen,True,,,1,1,2,6,False,ara,GIANTX,raze,True,,,0,2,1,2,False,Cloud,GIANTX,fade,True,,,0,1,1,5,False,Flickless,GIANTX,viper,True,,,0,1,0,2,False,westside,GIANTX,cypher,True,,,0,0,1,2,False
271.404,1163,PREROUND,3,1,1,,,,MiniBoo,Team Heretics,raze,True,,,1,2,1,5,False,RieNs,Team Heretics,fade,True,,,2,1,1,4,False,Boo,Team Heretics,omen,True,,,2,1,2,2,False,benjyfishy,Team Heretics,deadlock,True,,,1,0,1,3,False,Wo0t,Team Heretics,chamber,True,,,1,8,1,4,False,grubinho,GIANTX,omen,True,,,1,1,2,6,False,ara,GIANTX,raze,True,,,0,2,1,2,False,Cloud,GIANTX,fade,True,,,0,1,1,5,False,Flickless,GIANTX,viper,True,,,0,1,0,2,False,westside,GIANTX,cypher,True,,,0,0,1,2,False
271.638,1164,PREROUND,3,1,1,,,,MiniBoo,Team Heretics,raze,True,,,1,2,1,5,False,RieNs,Team Heretics,fade,True,,,2,1,1,4,False,Boo,Team Heretics,omen,True,,,2,1,2,2,False,benjyfishy,Team Heretics,deadlock,True,,,1,0,1,3,False,Wo0t,Team Heretics,chamber,True,,,1,8,1,4,False,grubinho,GIANTX,omen,True,,,1,1,2,6,False,ara,GIANTX,raze,True,,,0,2,1,2,False,Cloud,GIANTX,fade,True,,,0,1,1,5,False,Flickless,GIANTX,viper,True,,,0,1,0,2,False,westside,GIANTX,cypher,True,,,0,0,1,2,False
271.872,1165,PREROUND,3,1,1,,,,MiniBoo,Team Heretics,raze,True,,,1,2,1,5,False,RieNs,Team Heretics,fade,True,,,2,1,1,4,False,Boo,Team Heretics,omen,True,,,2,1,2,2,False,benjyfishy,Team Heretics,deadlock,True,,,1,0,1,3,False,Wo0t,Team Heretics,chamber,True,,,1,8,1,4,False,grubinho,GIANTX,omen,True,,,1,1,2,6,False,ara,GIANTX,raze,True,,,0,2,1,2,False,Cloud,GIANTX,fade,True,,,0,1,1,5,False,Flickless,GIANTX,viper,True,,,0,1,0,2,False,westside,GIANTX,cypher,True,,,0,0,1,2,False
272.105,1166,PREROUND,3,1,1,,,,MiniBoo,Team Heretics,raze,True,,,1,2,1,5,False,RieNs,Team Heretics,fade,True,,,2,1,1,4,False,Boo,Team Heretics,omen,True,,,2,1,2,2,False,benjyfishy,Team Heretics,deadlock,True,,,1,0,1,3,False,Wo0t,Team Heretics,chamber,True,,,1,8,1,4,False,grubinho,GIANTX,omen,True,,,1,1,2,6,False,ara,GIANTX,raze,True,,,0,2,1,2,False,Cloud,GIANTX,fade,True,,,0,1,1,5,False,Flickless,GIANTX,viper,True,,,0,1,0,2,False,westside,GIANTX,cypher,True,,,0,0,1,2,False
272.339,1167,PREROUND,3,1,1,,,,MiniBoo,Team Heretics,raze,True,,,1,2,1,5,False,RieNs,Team Heretics,fade,True,,,2,1,1,4,False,Boo,Team Heretics,omen,True,,,2,1,2,2,False,benjyfishy,Team Heretics,deadlock,True,,,1,0,1,3,False,Wo0t,Team Heretics,chamber,True,,,1,8,1,4,False,grubinho,GIANTX,omen,True,,,1,1,2,6,False,ara,GIANTX,raze,True,,,0,2,1,2,False,Cloud,GIANTX,fade,True,,,0,1,1,5,False,Flickless,GIANTX,viper,True,,,0,1,0,2,False,westside,GIANTX,cypher,True,,,0,0,1,2,False
272.572,1168,PREROUND,3,1,1,,,,MiniBoo,Team Heretics,raze,True,,,1,2,1,5,False,RieNs,Team Heretics,fade,True,,,2,1,1,4,False,Boo,Team Heretics,omen,True,,,2,1,2,2,False,benjyfishy,Team Heretics,deadlock,True,,,1,0,1,3,False,Wo0t,Team Heretics,chamber,True,,,1,8,1,4,False,grubinho,GIANTX,omen,True,,,1,1,2,6,False,ara,GIANTX,raze,True,,,0,2,1,2,False,Cloud,GIANTX,fade,True,,,0,1,1,5,False,Flickless,GIANTX,viper,True,,,0,1,0,2,False,westside,GIANTX,cypher,True,,,0,0,1,2,False
272.806,1169,PREROUND,3,1,1,,,,MiniBoo,Team Heretics,raze,True,,,1,2,1,5,False,RieNs,Team Heretics,fade,True,,,2,1,1,4,False,Boo,Team Heretics,omen,True,,,2,1,2,2,False,benjyfishy,Team Heretics,deadlock,True,,,1,0,1,3,False,Wo0t,Team Heretics,chamber,True,,,1,8,1,4,False,grubinho,GIANTX,omen,True,,,1,1,2,6,False,ara,GIANTX,raze,True,,,0,2,1,2,False,Cloud,GIANTX,fade,True,,,0,1,1,5,False,Flickless,GIANTX,viper,True,,,0,1,0,2,False,westside,GIANTX,cypher,True,,,0,0,1,2,False
273.039,1170,PREROUND,3,1,1,,,,MiniBoo,Team Heretics,raze,True,,,1,2,1,5,False,RieNs,Team Heretics,fade,True,,,2,1,1,4,False,Boo,Team Heretics,omen,True,,,2,1,2,2,False,benjyfishy,Team Heretics,deadlock,True,,,1,0,1,3,False,Wo0t,Team Heretics,chamber,True,,,1,8,1,4,False,grubinho,GIANTX,omen,True,,,1,1,2,6,False,ara,GIANTX,raze,True,,,0,2,1,2,False,Cloud,GIANTX,fade,True,,,0,1,1,5,False,Flickless,GIANTX,viper,True,,,0,1,0,2,False,westside,GIANTX,cypher,True,,,0,0,1,2,False
273.273,1171,PREROUND,3,1,1,,,,MiniBoo,Team Heretics,raze,True,,,1,2,1,5,False,RieNs,Team Heretics,fade,True,,,2,1,1,4,False,Boo,Team Heretics,omen,True,,,2,1,2,2,False,benjyfishy,Team Heretics,deadlock,True,,,1,0,1,3,False,Wo0t,Team Heretics,chamber,True,,,1,8,1,4,False,grubinho,GIANTX,omen,True,,,1,1,2,6,False,ara,GIANTX,raze,True,,,0,2,1,2,False,Cloud,GIANTX,fade,True,,,0,1,1,5,False,Flickless,GIANTX,viper,True,,,0,1,0,2,False,westside,GIANTX,cypher,True,,,0,0,1,2,False
273.507,1172,PREROUND,3,1,1,,,,MiniBoo,Team Heretics,raze,True,,,1,2,1,5,False,RieNs,Team Heretics,fade,True,,,2,1,1,4,False,Boo,Team Heretics,omen,True,,,2,1,2,2,False,benjyfishy,Team Heretics,deadlock,True,,,1,0,1,3,False,Wo0t,Team Heretics,chamber,True,,,1,8,1,4,False,grubinho,GIANTX,omen,True,,,1,1,2,6,False,ara,GIANTX,raze,True,,,0,2,1,2,False,Cloud,GIANTX,fade,True,,,0,1,1,5,False,Flickless,GIANTX,viper,True,,,0,1,0,2,False,westside,GIANTX,cypher,True,,,0,0,1,2,False
273.740,1173,ACTIVE_ROUND,3,1,1,99.000,,,MiniBoo,Team Heretics,raze,True,,,1,2,1,5,False,RieNs,Team Heretics,fade,True,,,2,1,1,4,False,Boo,Team Heretics,omen,True,,,2,1,2,2,False,benjyfishy,Team Heretics,deadlock,True,,,1,0,1,3,False,Wo0t,Team Heretics,chamber,True,,,1,8,1,4,False,grubinho,GIANTX,omen,True,,,1,1,2,6,False,ara,GIANTX,raze,True,,,0,2,1,2,False,Cloud,GIANTX,fade,True,,,0,1,1,5,False,Flickless,GIANTX,viper,True,,,0,1,0,2,False,westside,GIANTX,cypher,True,,,0,0,1,2,False
273.974,1174,ACTIVE_ROUND,3,1,1,99.000,,,MiniBoo,Team Heretics,raze,True,100,50,1,2,1,5,False,RieNs,Team Heretics,fade,True,100,50,2,1,1,4,False,Boo,Team Heretics,omen,True,100,50,2,1,1,2,False,benjyfishy,Team Heretics,deadlock,True,100,50,1,0,1,3,False,Wo0t,Team Heretics,chamber,True,100,50,1,8,1,4,False,grubinho,GIANTX,omen,True,100,,1,1,2,6,False,ara,GIANTX,raze,True,100,,0,2,0,2,False,Cloud,GIANTX,fade,True,100,,0,1,1,5,False,Flickless,GIANTX,viper,True,100,25,0,1,0,2,False,westside,GIANTX,cypher,True,100,,0,0,1,2,False
274.207,1175,ACTIVE_ROUND,3,1,1,99.000,,,MiniBoo,Team Heretics,raze,True,100,50,1,2,1,5,False,RieNs,Team Heretics,fade,True,100,50,2,1,1,4,False,Boo,Team Heretics,omen,True,100,50,2,1,1,2,False,benjyfishy,Team Heretics,deadlock,True,100,50,1,0,1,3,False,Wo0t,Team Heretics,chamber,True,100,50,1,8,1,4,False,grubinho,GIANTX,omen,True,100,,1,1,2,6,False,ara,GIANTX,raze,True,100,,0,2,0,2,False,Cloud,GIANTX,fade,True,100,,0,1,1,5,False,Flickless,GIANTX,viper,True,100,25,0,1,0,2,False,westside,GIANTX,cypher,True,100,,0,0,1,2,False
274.441,1176,ACTIVE_ROUND,3,1,1,99.000,,,MiniBoo,Team Heretics,raze,True,100,50,1,2,1,5,False,RieNs,Team Heretics,fade,True,100,50,2,1,1,4,False,Boo,Team Heretics,omen,True,100,50,2,1,1,2,False,benjyfishy,Team Heretics,deadlock,True,100,50,1,0,1,3,False,Wo0t,Team Heretics,chamber,True,100,50,1,8,1,4,False,grubinho,GIANTX,omen,True,100,,1,1,2,6,False,ara,GIANTX,raze,True,100,,0,2,0,2,False,Cloud,GIANTX,fade,True,100,,0,1,1,5,False,Flickless,GIANTX,viper,True,100,25,0,1,0,2,False,westside,GIANTX,cypher,True,100,,0,0,1,2,False
274.674,1177,ACTIVE_ROUND,3,1,1,98.000,,,MiniBoo,Team Heretics,raze,True,100,50,1,2,1,5,False,RieNs,Team Heretics,fade,True,100,50,2,1,1,4,False,Boo,Team Heretics,omen,True,100,50,2,1,1,2,False,benjyfishy,Team Heretics,deadlock,True,100,50,1,0,1,3,False,Wo0t,Team Heretics,chamber,True,100,50,1,8,1,4,False,grubinho,GIANTX,omen,True,100,,1,1,2,6,False,ara,GIANTX,raze,True,100,,0,2,0,2,False,Cloud,GIANTX,fade,True,100,,0,1,1,5,False,Flickless,GIANTX,viper,True,100,25,0,1,0,2,False,westside,GIANTX,cypher,True,100,,0,0,1,2,False
274.908,1178,ACTIVE_ROUND,3,1,1,98.000,,,MiniBoo,Team Heretics,raze,True,100,50,1,2,1,5,False,RieNs,Team Heretics,fade,True,100,50,2,1,0,4,False,Boo,Team Heretics,omen,True,100,50,2,1,1,2,False,benjyfishy,Team Heretics,deadlock,True,100,50,1,0,1,3,False,Wo0t,Team Heretics,chamber,True,100,50,1,8,1,4,False,grubinho,GIANTX,omen,True,100,,0,1,2,6,False,ara,GIANTX,raze,True,100,,0,2,0,2,False,Cloud,GIANTX,fade,True,100,,0,0,1,5,False,Flickless,GIANTX,viper,True,100,25,0,1,0,2,False,westside,GIANTX,cypher,True,100,,0,0,1,2,False
275.142,1179,ACTIVE_ROUND,3,1,1,98.000,,,MiniBoo,Team Heretics,raze,True,100,50,1,2,1,5,False,RieNs,Team Heretics,fade,True,100,50,2,1,0,4,False,Boo,Team Heretics,omen,True,100,50,2,1,1,2,False,benjyfishy,Team Heretics,deadlock,True,100,50,1,0,1,3,False,Wo0t,Team Heretics,chamber,True,100,50,1,8,1,4,False,grubinho,GIANTX,omen,True,100,,0,1,2,6,False,ara,GIANTX,raze,True,100,,0,2,0,2,False,Cloud,GIANTX,fade,True,100,,0,0,1,5,False,Flickless,GIANTX,viper,True,100,25,0,1,0,2,False,westside,GIANTX,cypher,True,100,,0,0,1,2,False
275.375,1180,ACTIVE_ROUND,3,1,1,98.000,,,MiniBoo,Team Heretics,raze,True,100,50,1,2,1,5,False,RieNs,Team Heretics,fade,True,100,50,2,1,0,4,False,Boo,Team Heretics,omen,True,100,50,2,1,1,2,False,benjyfishy,Team Heretics,deadlock,True,100,50,1,0,1,3,False,Wo0t,Team Heretics,chamber,True,100,50,1,8,1,4,False,grubinho,GIANTX,omen,True,100,,0,1,2,6,False,ara,GIANTX,raze,True,100,,0,2,0,2,False,Cloud,GIANTX,fade,True,100,,0,0,1,5,False,Flickless,GIANTX,viper,True,100,25,0,1,0,2,False,westside,GIANTX,cypher,True,100,,0,0,1,2,False
275.609,1181,ACTIVE_ROUND,3,1,1,97.000,,,MiniBoo,Team Heretics,raze,True,100,50,1,2,1,5,False,RieNs,Team Heretics,fade,True,100,50,2,1,0,4,False,Boo,Team Heretics,omen,True,100,50,2,1,1,2,False,benjyfishy,Team Heretics,deadlock,True,100,50,1,0,1,3,False,Wo0t,Team Heretics,chamber,True,100,50,1,8,1,4,False,grubinho,GIANTX,omen,True,100,,0,1,2,6,False,ara,GIANTX,raze,True,100,,0,2,0,2,False,Cloud,GIANTX,fade,True,100,,0,0,1,5,False,Flickless,GIANTX,viper,True,100,25,0,1,0,2,False,westside,GIANTX,cypher,True,100,,0,0,1,2,False
275.842,1182,ACTIVE_ROUND,3,1,1,97.000,,,MiniBoo,Team Heretics,raze,True,100,50,1,2,1,5,False,RieNs,Team Heretics,fade,True,100,50,2,1,0,4,False,Boo,Team Heretics,omen,True,100,50,2,1,1,2,False,benjyfishy,Team Heretics,deadlock,True,100,50,1,0,1,3,False,Wo0t,Team Heretics,chamber,True,57,1,1,8,1,4,False,grubinho,GIANTX,omen,True,100,,0,1,2,6,False,ara,GIANTX,raze,True,100,,0,2,0,2,False,Cloud,GIANTX,fade,True,100,,0,0,1,5,False,Flickless,GIANTX,viper,True,100,25,0,1,0,2,False,westside,GIANTX,cypher,True,100,,0,0,1,2,False
276.076,1183,ACTIVE_ROUND,3,1,1,97.000,,,MiniBoo,Team Heretics,raze,True,100,50,1,2,1,5,False,RieNs,Team Heretics,fade,True,100,50,2,1,0,4,False,Boo,Team Heretics,omen,True,100,50,2,1,1,2,False,benjyfishy,Team Heretics,deadlock,True,100,50,1,0,1,3,False,Wo0t,Team Heretics,chamber,True,57,1,1,8,1,4,False,grubinho,GIANTX,omen,True,100,,0,1,2,6,False,ara,GIANTX,raze,True,100,,0,2,0,2,False,Cloud,GIANTX,fade,True,100,,0,0,1,5,False,Flickless,GIANTX,viper,True,100,25,0,1,0,2,False,westside,GIANTX,cypher,True,100,,0,0,1,2,False
276.309,1184,ACTIVE_ROUND,3,1,1,97.000,,,MiniBoo,Team Heretics,raze,True,100,50,1,2,1,5,False,RieNs,Team Heretics,fade,True,100,50,2,1,0,4,False,Boo,Team Heretics,omen,True,100,50,2,1,1,2,False,benjyfishy,Team Heretics,deadlock,True,100,50,1,0,1,3,False,Wo0t,Team Heretics,chamber,True,57,1,1,8,1,4,False,grubinho,GIANTX,omen,True,100,,0,1,2,6,False,ara,GIANTX,raze,True,100,,0,2,0,2,False,Cloud,GIANTX,fade,True,100,,0,0,1,5,False,Flickless,GIANTX,viper,True,100,25,0,1,0,2,False,westside,GIANTX,cypher,True,100,,0,0,1,2,False
276.543,1185,ACTIVE_ROUND,3,1,1,96.000,,,MiniBoo,Team Heretics,raze,True,100,50,1,2,1,5,False,RieNs,Team Heretics,fade,True,100,50,2,1,0,4,False,Boo,Team Heretics,omen,True,100,50,2,1,1,2,False,benjyfishy,Team Heretics,deadlock,True,100,50,1,0,1,3,False,Wo0t,Team Heretics,chamber,True,57,1,1,8,1,4,False,grubinho,GIANTX,omen,True,100,,0,1,2,6,False,ara,GIANTX,raze,True,100,,0,2,0,2,False,Cloud,GIANTX,fade,True,100,,0,0,1,5,False,Flickless,GIANTX,viper,True,100,25,0,1,0,2,False,westside,GIANTX,cypher,True,100,,0,0,1,2,False
276.776,1186,ACTIVE_ROUND,3,1,1,96.000,,,MiniBoo,Team Heretics,raze,True,100,50,1,2,1,5,False,RieNs,Team Heretics,fade,True,100,50,2,1,0,4,False,Boo,Team Heretics,omen,True,100,50,2,1,1,2,False,benjyfishy,Team Heretics,deadlock,True,100,50,1,0,1,3,False,Wo0t,Team Heretics,chamber,True,57,1,1,8,1,4,False,grubinho,GIANTX,omen,True,100,,0,1,2,6,False,ara,GIANTX,raze,True,100,,0,2,0,2,False,Cloud,GIANTX,fade,True,100,,0,0,1,5,False,Flickless,GIANTX,viper,True,100,25,0,1,0,2,False,westside,GIANTX,cypher,True,100,,0,0,1,2,False
277.010,1187,ACTIVE_ROUND,3,1,1,96.000,,,MiniBoo,Team Heretics,raze,True,100,50,1,2,1,5,False,RieNs,Team Heretics,fade,True,100,50,2,1,0,4,False,Boo,Team Heretics,omen,True,100,50,2,1,1,2,False,benjyfishy,Team Heretics,deadlock,True,100,50,1,0,1,3,False,Wo0t,Team Heretics,chamber,True,95,40,1,8,0,4,False,grubinho,GIANTX,omen,True,100,,0,1,2,6,False,ara,GIANTX,raze,True,100,,0,2,0,2,False,Cloud,GIANTX,fade,True,100,,0,0,1,5,False,Flickless,GIANTX,viper,True,100,25,0,1,0,2,False,westside,GIANTX,cypher,True,100,,0,0,1,2,False
277.244,1188,ACTIVE_ROUND,3,1,1,96.000,,,MiniBoo,Team Heretics,raze,True,100,50,1,2,1,5,False,RieNs,Team Heretics,fade,True,100,50,2,1,0,4,False,Boo,Team Heretics,omen,True,100,50,2,1,1,2,False,benjyfishy,Team Heretics,deadlock,True,100,50,1,0,1,3,False,Wo0t,Team Heretics,chamber,True,95,48,1,8,0,4,False,grubinho,GIANTX,omen,True,100,,0,1,2,6,False,ara,GIANTX,raze,True,100,,0,2,0,2,False,Cloud,GIANTX,fade,True,100,,0,0,1,5,False,Flickless,GIANTX,viper,True,100,25,0,1,0,2,False,westside,GIANTX,cypher,True,100,,0,0,1,2,False
277.477,1189,ACTIVE_ROUND,3,1,1,96.000,,,MiniBoo,Team Heretics,raze,True,100,50,1,2,1,5,False,RieNs,Team Heretics,fade,True,100,50,2,1,0,4,False,Boo,Team Heretics,omen,True,100,50,2,1,1,2,False,benjyfishy,Team Heretics,deadlock,True,100,50,1,0,1,3,False,Wo0t,Team Heretics,chamber,True,95,48,1,8,0,4,False,grubinho,GIANTX,omen,True,100,,0,1,2,6,False,ara,GIANTX,raze,True,100,,0,2,0,2,False,Cloud,GIANTX,fade,True,100,,0,0,1,5,False,Flickless,GIANTX,viper,True,100,25,0,1,0,2,False,westside,GIANTX,cypher,True,100,,0,0,1,2,False
277.711,1190,ACTIVE_ROUND,3,1,1,95.000,,,MiniBoo,Team Heretics,raze,True,100,50,1,2,1,5,False,RieNs,Team Heretics,fade,True,100,50,2,1,0,4,False,Boo,Team Heretics,omen,True,100,50,2,1,1,2,False,benjyfishy,Team Heretics,deadlock,True,100,50,1,0,1,3,False,Wo0t,Team Heretics,chamber,True,95,48,1,8,0,4,False,grubinho,GIANTX,omen,True,100,,0,1,2,6,False,ara,GIANTX,raze,True,100,,0,2,0,2,False,Cloud,GIANTX,fade,True,100,,0,0,1,5,False,Flickless,GIANTX,viper,True,100,25,0,1,0,2,False,westside,GIANTX,cypher,True,100,,0,0,1,2,False
277.944,1191,ACTIVE_ROUND,3,1,1,95.000,,,MiniBoo,Team Heretics,raze,True,100,50,1,2,1,5,False,RieNs,Team Heretics,fade,True,100,50,2,1,0,4,False,Boo,Team Heretics,omen,True,100,50,2,1,1,2,False,benjyfishy,Team Heretics,deadlock,True,100,50,1,0,1,3,False,Wo0t,Team Heretics,chamber,True,95,40,1,8,0,4,False,grubinho,GIANTX,omen,True,100,,0,1,2,6,False,ara,GIANTX,raze,True,100,,0,2,0,2,False,Cloud,GIANTX,fade,True,100,,0,0,1,5,False,Flickless,GIANTX,viper,True,100,25,0,1,0,2,False,westside,GIANTX,cypher,True,100,,0,0,1,2,False
278.178,1192,ACTIVE_ROUND,3,1,1,95.000,,,MiniBoo,Team Heretics,raze,True,100,50,1,2,1,5,False,RieNs,Team Heretics,fade,True,100,50,2,1,0,4,False,Boo,Team Heretics,omen,True,100,50,2,1,1,2,False,benjyfishy,Team Heretics,deadlock,True,100,50,1,0,1,3,False,Wo0t,Team Heretics,chamber,True,95,40,1,8,0,4,False,grubinho,GIANTX,omen,True,100,,0,1,2,6,False,ara,GIANTX,raze,True,100,,0,2,0,2,False,Cloud,GIANTX,fade,True,100,,0,0,1,5,False,Flickless,GIANTX,viper,True,100,25,0,1,0,2,False,westside,GIANTX,cypher,True,100,,0,0,1,2,False
278.411,1193,ACTIVE_ROUND,3,1,1,95.000,,,MiniBoo,Team Heretics,raze,True,100,50,1,2,1,5,False,RieNs,Team Heretics,fade,True,100,50,2,1,0,4,False,Boo,Team Heretics,omen,True,100,50,2,1,1,2,False,benjyfishy,Team Heretics,deadlock,True,100,50,1,0,1,3,False,Wo0t,Team Heretics,chamber,True,95,40,1,8,0,4,False,grubinho,GIANTX,omen,True,100,,0,1,2,6,False,ara,GIANTX,raze,True,100,,0,2,0,2,False,Cloud,GIANTX,fade,True,100,,0,0,1,5,False,Flickless,GIANTX,viper,True,100,25,0,1,0,2,False,westside,GIANTX,cypher,True,100,,0,0,1,2,False
278.645,1194,ACTIVE_ROUND,3,1,1,94.000,,,MiniBoo,Team Heretics,raze,True,100,50,1,2,1,5,False,RieNs,Team Heretics,fade,True,100,50,2,1,0,4,False,Boo,Team Heretics,omen,True,100,50,2,1,1,2,False,benjyfishy,Team Heretics,deadlock,True,100,50,1,0,1,3,False,Wo0t,Team Heretics,chamber,True,95,40,1,8,0,4,False,grubinho,GIANTX,omen,True,100,,0,1,2,6,False,ara,GIANTX,raze,True,100,,0,2,0,2,False,Cloud,GIANTX,fade,True,100,,0,0,1,5,False,Flickless,GIANTX,viper,True,100,25,0,1,0,2,False,westside,GIANTX,cypher,True,100,,0,0,1,2,False
278.879,1195,ACTIVE_ROUND,3,1,1,94.000,,,MiniBoo,Team Heretics,raze,True,100,50,1,2,1,5,False,RieNs,Team Heretics,fade,True,100,50,2,1,0,4,False,Boo,Team Heretics,omen,True,100,50,2,1,1,2,False,benjyfishy,Team Heretics,deadlock,True,100,50,1,0,1,3,False,Wo0t,Team Heretics,chamber,True,95,40,1,8,0,4,False,grubinho,GIANTX,omen,True,100,,0,1,1,6,False,ara,GIANTX,raze,True,100,,0,2,0,2,False,Cloud,GIANTX,fade,True,100,,0,0,0,5,False,Flickless,GIANTX,viper,True,100,25,0,1,0,2,False,westside,GIANTX,cypher,True,100,,0,0,1,2,False
279.112,1196,ACTIVE_ROUND,3,1,1,94.000,,,MiniBoo,Team Heretics,raze,True,100,50,1,2,1,5,False,RieNs,Team Heretics,fade,True,100,50,2,1,0,4,False,Boo,Team Heretics,omen,True,100,50,2,1,1,2,False,benjyfishy,Team Heretics,deadlock,True,100,50,1,0,1,3,False,Wo0t,Team Heretics,chamber,True,95,40,1,8,0,4,False,grubinho,GIANTX,omen,True,100,,0,1,1,6,False,ara,GIANTX,raze,True,100,,0,2,0,2,False,Cloud,GIANTX,fade,True,100,,0,0,0,5,False,Flickless,GIANTX,viper,True,100,25,0,1,0,2,False,westside,GIANTX,cypher,True,100,,0,0,1,2,False
279.346,1197,ACTIVE_ROUND,3,1,1,94.000,,,MiniBoo,Team Heretics,raze,True,100,50,1,2,1,5,False,RieNs,Team Heretics,fade,True,100,50,2,1,0,4,False,Boo,Team Heretics,omen,True,100,50,2,1,1,2,False,benjyfishy,Team Heretics,deadlock,True,100,50,1,0,1,3,False,Wo0t,Team Heretics,chamber,True,95,40,1,8,0,4,False,grubinho,GIANTX,omen,True,100,,0,1,1,6,False,ara,GIANTX,raze,True,100,,0,2,0,2,False,Cloud,GIANTX,fade,True,100,,0,0,0,5,False,Flickless,GIANTX,viper,True,100,25,0,1,0,2,False,westside,GIANTX,cypher,True,100,,0,0,1,2,False
279.579,1198,ACTIVE_ROUND,3,1,1,93.000,,,MiniBoo,Team Heretics,raze,True,100,50,1,2,1,5,False,RieNs,Team Heretics,fade,True,100,50,2,1,0,4,False,Boo,Team Heretics,omen,True,100,50,2,1,1,2,False,benjyfishy,Team Heretics,deadlock,True,100,50,1,0,1,3,False,Wo0t,Team Heretics,chamber,True,95,40,1,8,0,4,False,grubinho,GIANTX,omen,True,100,,0,1,1,6,False,ara,GIANTX,raze,True,100,,0,2,0,2,False,Cloud,GIANTX,fade,True,100,,0,0,0,5,False,Flickless,GIANTX,viper,True,100,25,0,1,0,2,False,westside,GIANTX,cypher,True,100,,0,0,1,2,False
279.813,1199,ACTIVE_ROUND,3,1,1,93.000,,,MiniBoo,Team Heretics,raze,True,100,50,1,2,1,5,False,RieNs,Team Heretics,fade,True,100,50,2,1,0,4,False,Boo,Team Heretics,omen,True,100,50,2,1,1,2,False,benjyfishy,Team Heretics,deadlock,True,100,50,1,0,1,3,False,Wo0t,Team Heretics,chamber,True,95,40,1,8,0,4,False,grubinho,GIANTX,omen,True,100,,0,1,1,6,False,ara,GIANTX,raze,True,100,,0,2,0,2,False,Cloud,GIANTX,fade,True,100,,0,0,0,5,False,Flickless,GIANTX,viper,True,100,25,0,1,0,2,False,westside,GIANTX,cypher,True,100,,0,0,1,2,False
280.046,1200,ACTIVE_ROUND,3,1,1,93.000,,,MiniBoo,Team Heretics,raze,True,100,50,1,2,1,5,False,RieNs,Team Heretics,fade,True,100,50,2,1,0,4,False,Boo,Team Heretics,omen,True,100,50,2,1,1,2,False,benjyfishy,Team Heretics,deadlock,True,100,50,1,0,1,3,False,Wo0t,Team Heretics,chamber,True,95,40,1,8,0,4,False,grubinho,GIANTX,omen,True,100,,0,1,1,6,False,ara,GIANTX,raze,True,100,,0,2,0,2,False,Cloud,GIANTX,fade,True,100,,0,0,0,5,False,Flickless,GIANTX,viper,True,100,25,0,1,0,2,False,westside,GIANTX,cypher,True,100,,0,0,1,2,False
280.280,1201,ACTIVE_ROUND,3,1,1,93.000,,,MiniBoo,Team Heretics,raze,True,100,50,1,2,1,5,False,RieNs,Team Heretics,fade,True,100,50,2,1,0,4,False,Boo,Team Heretics,omen,True,100,50,2,1,1,2,False,benjyfishy,Team Heretics,deadlock,True,100,50,1,0,1,3,False,Wo0t,Team Heretics,chamber,True,95,40,1,8,0,4,False,grubinho,GIANTX,omen,True,100,,0,1,1,6,False,ara,GIANTX,raze,True,100,,0,2,0,2,False,Cloud,GIANTX,fade,True,100,,0,0,0,5,False,Flickless,GIANTX,viper,True,100,25,0,1,0,2,False,westside,GIANTX,cypher,True,100,,0,0,1,2,False
280.514,1202,ACTIVE_ROUND,3,1,1,92.000,,,MiniBoo,Team Heretics,raze,True,100,50,1,2,1,5,False,RieNs,Team Heretics,fade,True,100,50,2,1,0,4,False,Boo,Team Heretics,omen,True,100,50,2,1,1,2,False,benjyfishy,Team Heretics,deadlock,True,100,50,1,0,1,3,False,Wo0t,Team Heretics,chamber,True,95,40,1,8,0,4,False,grubinho,GIANTX,omen,True,100,,0,1,1,6,False,ara,GIANTX,raze,True,100,,0,2,0,2,False,Cloud,GIANTX,fade,True,100,,0,0,0,5,False,Flickless,GIANTX,viper,True,100,25,0,1,0,2,False,westside,GIANTX,cypher,True,100,,0,0,1,2,False
280.747,1203,ACTIVE_ROUND,3,1,1,92.000,,,MiniBoo,Team Heretics,raze,True,100,50,1,2,1,5,False,RieNs,Team Heretics,fade,True,100,50,2,1,0,4,False,Boo,Team Heretics,omen,True,100,50,2,1,1,2,False,benjyfishy,Team Heretics,deadlock,True,100,50,1,0,1,3,False,Wo0t,Team Heretics,chamber,True,95,40,1,8,0,4,False,grubinho,GIANTX,omen,True,100,,0,1,1,6,False,ara,GIANTX,raze,True,100,,0,2,0,2,False,Cloud,GIANTX,fade,True,100,,0,0,0,5,False,Flickless,GIANTX,viper,True,100,25,0,1,0,2,False,westside,GIANTX,cypher,True,100,,0,0,1,2,False
280.981,1204,ACTIVE_ROUND,3,1,1,92.000,,,MiniBoo,Team Heretics,raze,True,100,50,1,2,1,5,False,RieNs,Team Heretics,fade,True,100,50,2,1,0,4,False,Boo,Team Heretics,omen,True,100,50,2,1,1,2,False,benjyfishy,Team Heretics,deadlock,True,100,50,1,0,1,3,False,Wo0t,Team Heretics,chamber,True,95,40,1,8,0,4,False,grubinho,GIANTX,omen,True,100,,0,1,1,6,False,ara,GIANTX,raze,True,100,,0,2,0,2,False,Cloud,GIANTX,fade,True,100,,0,0,0,5,False,Flickless,GIANTX,viper,True,100,25,0,1,0,2,False,westside,GIANTX,cypher,True,100,,0,0,1,2,False
281.214,1205,ACTIVE_ROUND,3,1,1,92.000,,,MiniBoo,Team Heretics,raze,True,100,50,1,2,1,5,False,RieNs,Team Heretics,fade,True,100,50,2,1,0,4,False,Boo,Team Heretics,omen,True,100,50,2,1,1,2,False,benjyfishy,Team Heretics,deadlock,True,100,50,1,0,1,3,False,Wo0t,Team Heretics,chamber,True,95,40,1,8,0,4,False,grubinho,GIANTX,omen,True,100,,0,1,1,6,False,ara,GIANTX,raze,True,100,,0,2,0,2,False,Cloud,GIANTX,fade,True,100,,0,0,0,5,False,Flickless,GIANTX,viper,True,100,25,0,1,0,2,False,westside,GIANTX,cypher,True,100,,0,0,1,2,False
281.448,1206,ACTIVE_ROUND,3,1,1,92.000,,,MiniBoo,Team Heretics,raze,True,100,50,1,2,1,5,False,RieNs,Team Heretics,fade,True,100,50,2,1,0,4,False,Boo,Team Heretics,omen,True,100,50,2,1,1,2,False,benjyfishy,Team Heretics,deadlock,True,100,50,1,0,1,3,False,Wo0t,Team Heretics,chamber,True,95,40,1,8,0,4,False,grubinho,GIANTX,omen,True,100,,0,1,1,6,False,ara,GIANTX,raze,True,100,,0,2,0,2,False,Cloud,GIANTX,fade,True,100,,0,0,0,5,False,Flickless,GIANTX,viper,True,100,25,0,1,0,2,False,westside,GIANTX,cypher,True,100,,0,0,1,2,False
281.681,1207,ACTIVE_ROUND,3,1,1,91.000,,,MiniBoo,Team Heretics,raze,True,100,50,1,2,1,5,False,RieNs,Team Heretics,fade,True,100,50,2,1,0,4,False,Boo,Team Heretics,omen,True,100,50,2,1,1,2,False,benjyfishy,Team Heretics,deadlock,True,100,50,1,0,1,3,False,Wo0t,Team Heretics,chamber,True,95,40,1,8,0,4,False,grubinho,GIANTX,omen,True,100,,0,1,1,6,False,ara,GIANTX,raze,True,100,,0,2,0,2,False,Cloud,GIANTX,fade,True,100,,0,0,0,5,False,Flickless,GIANTX,viper,True,100,25,0,1,0,2,False,westside,GIANTX,cypher,True,100,,0,0,1,2,False
281.915,1208,ACTIVE_ROUND,3,1,1,91.000,,,MiniBoo,Team Heretics,raze,True,100,50,1,2,1,5,False,RieNs,Team Heretics,fade,True,100,50,2,1,0,4,False,Boo,Team Heretics,omen,True,100,50,2,1,1,2,False,benjyfishy,Team Heretics,deadlock,True,100,50,1,0,1,3,False,Wo0t,Team Heretics,chamber,True,95,40,1,8,0,4,False,grubinho,GIANTX,omen,True,100,,0,1,1,6,False,ara,GIANTX,raze,True,100,,0,2,0,2,False,Cloud,GIANTX,fade,True,100,,0,0,0,5,False,Flickless,GIANTX,viper,True,100,25,0,1,0,2,False,westside,GIANTX,cypher,True,100,,0,0,1,2,False
282.149,1209,ACTIVE_ROUND,3,1,1,91.000,,,MiniBoo,Team Heretics,raze,True,100,50,1,2,1,5,False,RieNs,Team Heretics,fade,True,100,50,2,1,0,4,False,Boo,Team Heretics,omen,True,100,50,2,1,1,2,False,benjyfishy,Team Heretics,deadlock,True,100,50,1,0,1,3,False,Wo0t,Team Heretics,chamber,True,95,40,1,8,0,4,False,grubinho,GIANTX,omen,True,100,,0,1,1,6,False,ara,GIANTX,raze,True,100,,0,2,0,2,False,Cloud,GIANTX,fade,True,100,,0,0,0,5,False,Flickless,GIANTX,viper,True,100,25,0,1,0,2,False,westside,GIANTX,cypher,True,100,,0,0,1,2,False
282.382,1210,ACTIVE_ROUND,3,1,1,91.000,,,MiniBoo,Team Heretics,raze,True,100,50,1,2,1,5,False,RieNs,Team Heretics,fade,True,100,50,2,1,0,4,False,Boo,Team Heretics,omen,True,100,50,2,1,1,2,False,benjyfishy,Team Heretics,deadlock,True,100,50,1,0,1,3,False,Wo0t,Team Heretics,chamber,True,95,40,1,8,0,4,False,grubinho,GIANTX,omen,True,100,,0,1,1,6,False,ara,GIANTX,raze,True,100,,0,2,0,2,False,Cloud,GIANTX,fade,True,100,,0,0,0,5,False,Flickless,GIANTX,viper,True,100,25,0,1,0,2,False,westside,GIANTX,cypher,True,100,,0,0,1,2,False
282.616,1211,ACTIVE_ROUND,3,1,1,90.000,,,MiniBoo,Team Heretics,raze,True,100,50,1,2,1,5,False,RieNs,Team Heretics,fade,True,100,50,2,1,0,4,False,Boo,Team Heretics,omen,True,100,50,2,1,1,2,False,benjyfishy,Team Heretics,deadlock,True,100,50,1,0,1,3,False,Wo0t,Team Heretics,chamber,True,95,40,1,8,0,4,False,grubinho,GIANTX,omen,True,100,,0,1,1,6,False,ara,GIANTX,raze,True,100,,0,2,0,2,False,Cloud,GIANTX,fade,True,100,,0,0,0,5,False,Flickless,GIANTX,viper,True,100,25,0,1,0,2,False,westside,GIANTX,cypher,True,100,,0,0,1,2,False
282.849,1212,ACTIVE_ROUND,3,1,1,90.000,,,MiniBoo,Team Heretics,raze,True,100,50,1,2,1,5,False,RieNs,Team Heretics,fade,True,100,50,2,1,0,4,False,Boo,Team Heretics,omen,True,100,50,2,1,1,2,False,benjyfishy,Team Heretics,deadlock,True,100,50,1,0,1,3,False,Wo0t,Team Heretics,chamber,True,95,40,1,8,0,4,False,grubinho,GIANTX,omen,True,100,,0,1,1,6,False,ara,GIANTX,raze,True,100,,0,2,0,2,False,Cloud,GIANTX,fade,True,100,,0,0,0,5,False,Flickless,GIANTX,viper,True,100,25,0,1,0,2,False,westside,GIANTX,cypher,True,100,,0,0,1,2,False
283.083,1213,ACTIVE_ROUND,3,1,1,90.000,,,MiniBoo,Team Heretics,raze,True,100,50,1,2,1,5,False,RieNs,Team Heretics,fade,True,100,50,2,1,0,4,False,Boo,Team Heretics,omen,True,100,50,2,1,1,2,False,benjyfishy,Team Heretics,deadlock,True,100,50,1,0,1,3,False,Wo0t,Team Heretics,chamber,True,95,40,1,8,0,4,False,grubinho,GIANTX,omen,True,100,,0,1,1,6,False,ara,GIANTX,raze,True,100,,0,2,0,2,False,Cloud,GIANTX,fade,True,100,,0,0,0,5,False,Flickless,GIANTX,viper,True,100,25,0,1,0,2,False,westside,GIANTX,cypher,True,100,,0,0,1,2,False
283.316,1214,ACTIVE_ROUND,3,1,1,90.000,,,MiniBoo,Team Heretics,raze,True,100,50,1,2,1,5,False,RieNs,Team Heretics,fade,True,100,50,2,1,0,4,False,Boo,Team Heretics,omen,True,100,50,2,1,1,2,False,benjyfishy,Team Heretics,deadlock,True,100,50,1,0,1,3,False,Wo0t,Team Heretics,chamber,True,95,40,1,8,0,4,False,grubinho,GIANTX,omen,True,100,,0,1,1,6,False,ara,GIANTX,raze,True,100,,0,2,0,2,False,Cloud,GIANTX,fade,True,100,,0,0,0,5,False,Flickless,GIANTX,viper,True,100,25,0,1,0,2,False,westside,GIANTX,cypher,True,100,,0,0,1,2,False
283.550,1215,ACTIVE_ROUND,3,1,1,89.000,,,MiniBoo,Team Heretics,raze,True,100,50,1,2,1,5,False,RieNs,Team Heretics,fade,True,100,50,2,1,0,4,False,Boo,Team Heretics,omen,True,100,50,2,1,1,2,False,benjyfishy,Team Heretics,deadlock,True,100,50,1,0,1,3,False,Wo0t,Team Heretics,chamber,True,95,40,1,8,0,4,False,grubinho,GIANTX,omen,True,100,,0,1,1,6,False,ara,GIANTX,raze,True,100,,0,2,0,2,False,Cloud,GIANTX,fade,True,100,,0,0,0,5,False,Flickless,GIANTX,viper,True,100,25,0,1,0,2,False,westside,GIANTX,cypher,True,100,,0,0,1,2,False
283.784,1216,ACTIVE_ROUND,3,1,1,89.000,,,MiniBoo,Team Heretics,raze,True,100,50,1,2,1,5,False,RieNs,Team Heretics,fade,True,100,50,2,1,0,4,False,Boo,Team Heretics,omen,True,100,50,2,1,1,2,False,benjyfishy,Team Heretics,deadlock,True,100,50,0,0,1,3,False,Wo0t,Team Heretics,chamber,True,95,40,0,8,0,4,False,grubinho,GIANTX,omen,True,100,,0,1,1,6,False,ara,GIANTX,raze,True,100,,0,2,0,2,False,Cloud,GIANTX,fade,True,100,,0,0,0,5,False,Flickless,GIANTX,viper,True,100,25,0,1,0,2,False,westside,GIANTX,cypher,True,100,,0,0,1,2,False
284.017,1217,ACTIVE_ROUND,3,1,1,89.000,,,MiniBoo,Team Heretics,raze,True,100,50,1,2,1,5,False,RieNs,Team Heretics,fade,True,100,50,2,1,0,4,False,Boo,Team Heretics,omen,True,100,50,2,1,1,2,False,benjyfishy,Team Heretics,deadlock,True,100,50,0,0,1,3,False,Wo0t,Team Heretics,chamber,True,95,40,0,8,0,4,False,grubinho,GIANTX,omen,True,100,,0,1,1,6,False,ara,GIANTX,raze,True,100,,0,2,0,2,False,Cloud,GIANTX,fade,True,100,,0,0,0,5,False,Flickless,GIANTX,viper,True,100,25,0,1,0,2,False,westside,GIANTX,cypher,True,100,,0,0,1,2,False
284.251,1218,ACTIVE_ROUND,3,1,1,89.000,,,MiniBoo,Team Heretics,raze,True,100,50,1,2,1,5,False,RieNs,Team Heretics,fade,True,100,50,2,1,0,4,False,Boo,Team Heretics,omen,True,100,50,2,1,1,2,False,benjyfishy,Team Heretics,deadlock,True,100,50,0,0,1,3,False,Wo0t,Team Heretics,chamber,True,95,40,0,8,0,4,False,grubinho,GIANTX,omen,True,100,,0,1,1,6,False,ara,GIANTX,raze,True,100,,0,2,0,2,False,Cloud,GIANTX,fade,True,100,,0,0,0,5,False,Flickless,GIANTX,viper,True,100,25,0,1,0,2,False,westside,GIANTX,cypher,True,100,,0,0,1,2,False
284.484,1219,ACTIVE_ROUND,3,1,1,89.000,,,MiniBoo,Team Heretics,raze,True,100,50,1,2,1,5,False,RieNs,Team Heretics,fade,True,100,50,2,1,0,4,False,Boo,Team Heretics,omen,True,100,50,2,1,1,2,False,benjyfishy,Team Heretics,deadlock,True,100,50,0,0,1,3,False,Wo0t,Team Heretics,chamber,True,95,40,0,8,0,4,False,grubinho,GIANTX,omen,True,100,,0,1,1,6,False,ara,GIANTX,raze,True,100,,0,2,0,2,False,Cloud,GIANTX,fade,True,100,,0,0,0,5,False,Flickless,GIANTX,viper,True,100,25,0,1,0,2,False,westside,GIANTX,cypher,True,100,,0,0,1,2,False
284.718,1220,ACTIVE_ROUND,3,1,1,88.000,,,MiniBoo,Team Heretics,raze,True,100,50,1,2,1,5,False,RieNs,Team Heretics,fade,True,100,50,2,1,0,4,False,Boo,Team Heretics,omen,True,100,50,2,1,1,2,False,benjyfishy,Team Heretics,deadlock,True,100,50,0,0,1,3,False,Wo0t,Team Heretics,chamber,True,95,40,0,8,0,4,False,grubinho,GIANTX,omen,True,100,,0,1,1,6,False,ara,GIANTX,raze,True,100,,0,2,0,2,False,Cloud,GIANTX,fade,True,100,,0,0,0,5,False,Flickless,GIANTX,viper,True,100,25,0,1,0,2,False,westside,GIANTX,cypher,True,100,,0,0,1,2,False
284.951,1221,ACTIVE_ROUND,3,1,1,88.000,,,MiniBoo,Team Heretics,raze,True,100,50,1,2,1,5,False,RieNs,Team Heretics,fade,True,100,50,2,1,0,4,False,Boo,Team Heretics,omen,True,100,50,2,1,1,2,False,benjyfishy,Team Heretics,deadlock,True,100,50,0,0,1,3,False,Wo0t,Team Heretics,chamber,True,95,40,0,8,0,4,False,grubinho,GIANTX,omen,True,100,,0,1,1,6,False,ara,GIANTX,raze,True,100,,0,2,0,2,False,Cloud,GIANTX,fade,True,100,,0,0,0,5,False,Flickless,GIANTX,viper,True,100,25,0,1,0,2,False,westside,GIANTX,cypher,True,100,,0,0,1,2,False
285.185,1222,ACTIVE_ROUND,3,1,1,88.000,,,MiniBoo,Team Heretics,raze,True,100,50,1,2,1,5,False,RieNs,Team Heretics,fade,True,100,50,2,1,0,4,False,Boo,Team Heretics,omen,True,100,50,2,1,1,2,False,benjyfishy,Team Heretics,deadlock,True,100,50,0,0,1,3,False,Wo0t,Team Heretics,chamber,True,95,40,0,8,0,4,False,grubinho,GIANTX,omen,True,100,,0,1,1,6,False,ara,GIANTX,raze,True,100,,0,2,0,2,False,Cloud,GIANTX,fade,True,100,,0,0,0,5,False,Flickless,GIANTX,viper,True,100,25,0,1,0,2,False,westside,GIANTX,cypher,True,100,,0,0,1,2,False
285.418,1223,ACTIVE_ROUND,3,1,1,88.000,,,MiniBoo,Team Heretics,raze,True,100,50,1,2,1,5,False,RieNs,Team Heretics,fade,True,100,50,2,1,0,4,False,Boo,Team Heretics,omen,True,100,50,2,1,1,2,False,benjyfishy,Team Heretics,deadlock,True,100,50,0,0,1,3,False,Wo0t,Team Heretics,chamber,True,95,40,0,8,0,4,False,grubinho,GIANTX,omen,True,100,,0,1,1,6,False,ara,GIANTX,raze,True,100,,0,2,0,2,False,Cloud,GIANTX,fade,True,100,,0,0,0,5,False,Flickless,GIANTX,viper,True,100,25,0,1,0,2,False,westside,GIANTX,cypher,True,100,,0,0,1,2,False
285.652,1224,ACTIVE_ROUND,3,1,1,87.000,,,MiniBoo,Team Heretics,raze,True,100,50,1,2,1,5,False,RieNs,Team Heretics,fade,True,100,50,2,1,0,4,False,Boo,Team Heretics,omen,True,100,50,2,1,1,2,False,benjyfishy,Team Heretics,deadlock,True,100,50,0,0,1,3,False,Wo0t,Team Heretics,chamber,True,95,40,0,8,0,4,False,grubinho,GIANTX,omen,True,100,,0,1,1,6,False,ara,GIANTX,raze,True,100,,0,2,0,2,False,Cloud,GIANTX,fade,True,100,,0,0,0,5,False,Flickless,GIANTX,viper,True,100,25,0,1,0,2,False,westside,GIANTX,cypher,True,100,,0,0,1,2,False
285.886,1225,ACTIVE_ROUND,3,1,1,87.000,,,MiniBoo,Team Heretics,raze,True,100,50,1,2,1,5,False,RieNs,Team Heretics,fade,True,100,50,2,1,0,4,False,Boo,Team Heretics,omen,True,100,50,2,1,1,2,False,benjyfishy,Team Heretics,deadlock,True,100,50,0,0,1,3,False,Wo0t,Team Heretics,chamber,True,95,40,0,8,0,4,False,grubinho,GIANTX,omen,True,100,,0,1,1,6,False,ara,GIANTX,raze,True,100,,0,2,0,2,False,Cloud,GIANTX,fade,True,100,,0,0,0,5,False,Flickless,GIANTX,viper,True,100,25,0,1,0,2,False,westside,GIANTX,cypher,True,100,,0,0,1,2,False
286.119,1226,ACTIVE_ROUND,3,1,1,87.000,,,MiniBoo,Team Heretics,raze,True,100,50,1,2,1,5,False,RieNs,Team Heretics,fade,True,100,50,2,1,0,4,False,Boo,Team Heretics,omen,True,100,50,2,1,1,2,False,benjyfishy,Team Heretics,deadlock,True,100,50,0,0,1,3,False,Wo0t,Team Heretics,chamber,True,95,40,0,8,0,4,False,grubinho,GIANTX,omen,True,100,,0,1,1,6,False,ara,GIANTX,raze,True,100,,0,2,0,2,False,Cloud,GIANTX,fade,True,100,,0,0,0,5,False,Flickless,GIANTX,viper,True,100,25,0,1,0,2,False,westside,GIANTX,cypher,True,100,,0,0,1,2,False
286.353,1227,ACTIVE_ROUND,3,1,1,87.000,,,MiniBoo,Team Heretics,raze,True,100,50,1,2,1,5,False,RieNs,Team Heretics,fade,True,100,50,2,1,0,4,False,Boo,Team Heretics,omen,True,100,50,2,1,1,2,False,benjyfishy,Team Heretics,deadlock,True,100,50,0,0,1,3,False,Wo0t,Team Heretics,chamber,True,95,40,0,8,0,4,False,grubinho,GIANTX,omen,True,100,,0,1,1,6,False,ara,GIANTX,raze,True,100,,0,2,0,2,False,Cloud,GIANTX,fade,True,100,,0,0,0,5,False,Flickless,GIANTX,viper,True,100,25,0,1,0,2,False,westside,GIANTX,cypher,True,100,,0,0,1,2,False
286.586,1228,ACTIVE_ROUND,3,1,1,86.000,,,MiniBoo,Team Heretics,raze,True,100,50,1,2,1,5,False,RieNs,Team Heretics,fade,True,100,50,2,1,0,4,False,Boo,Team Heretics,omen,True,100,50,2,1,1,2,False,benjyfishy,Team Heretics,deadlock,True,100,50,0,0,1,3,False,Wo0t,Team Heretics,chamber,True,95,40,0,8,0,4,False,grubinho,GIANTX,omen,True,100,,0,1,1,6,False,ara,GIANTX,raze,True,100,,0,2,0,2,False,Cloud,GIANTX,fade,True,100,,0,0,0,5,False,Flickless,GIANTX,viper,True,100,25,0,1,0,2,False,westside,GIANTX,cypher,True,100,,0,0,1,2,False
286.820,1229,ACTIVE_ROUND,3,1,1,86.000,,,MiniBoo,Team Heretics,raze,True,100,50,1,2,1,5,False,RieNs,Team Heretics,fade,True,100,50,2,1,0,4,False,Boo,Team Heretics,omen,True,100,50,2,1,1,2,False,benjyfishy,Team Heretics,deadlock,True,100,50,0,0,1,3,False,Wo0t,Team Heretics,chamber,True,95,40,0,8,0,4,False,grubinho,GIANTX,omen,True,100,,0,1,1,6,False,ara,GIANTX,raze,True,100,,0,2,0,2,False,Cloud,GIANTX,fade,True,100,,0,0,0,5,False,Flickless,GIANTX,viper,True,100,25,0,1,0,2,False,westside,GIANTX,cypher,True,100,,0,0,1,2,False
287.053,1230,ACTIVE_ROUND,3,1,1,86.000,,,MiniBoo,Team Heretics,raze,True,100,50,1,2,1,5,False,RieNs,Team Heretics,fade,True,100,50,2,1,0,4,False,Boo,Team Heretics,omen,True,100,50,2,1,1,2,False,benjyfishy,Team Heretics,deadlock,True,100,50,0,0,1,3,False,Wo0t,Team Heretics,chamber,True,95,40,0,8,0,4,False,grubinho,GIANTX,omen,True,100,,0,1,1,6,False,ara,GIANTX,raze,True,100,,0,2,0,2,False,Cloud,GIANTX,fade,True,100,,0,0,0,5,False,Flickless,GIANTX,viper,True,100,25,0,1,0,2,False,westside,GIANTX,cypher,True,100,,0,0,1,2,False
287.287,1231,ACTIVE_ROUND,3,1,1,86.000,,,MiniBoo,Team Heretics,raze,True,100,50,1,2,1,5,False,RieNs,Team Heretics,fade,True,100,50,2,1,0,4,False,Boo,Team Heretics,omen,True,100,50,2,1,1,2,False,benjyfishy,Team Heretics,deadlock,True,100,50,0,0,1,3,False,Wo0t,Team Heretics,chamber,True,95,40,0,8,0,4,False,grubinho,GIANTX,omen,True,100,,0,1,1,6,False,ara,GIANTX,raze,True,100,,0,2,0,2,False,Cloud,GIANTX,fade,True,100,,0,0,0,5,False,Flickless,GIANTX,viper,True,100,25,0,1,0,2,False,westside,GIANTX,cypher,True,100,,0,0,1,2,False
287.521,1232,ACTIVE_ROUND,3,1,1,85.000,,,MiniBoo,Team Heretics,raze,True,100,50,1,2,1,5,False,RieNs,Team Heretics,fade,True,100,50,2,1,0,4,False,Boo,Team Heretics,omen,True,100,50,2,1,1,2,False,benjyfishy,Team Heretics,deadlock,True,100,50,0,0,1,3,False,Wo0t,Team Heretics,chamber,True,95,40,0,8,0,4,False,grubinho,GIANTX,omen,True,100,,0,1,1,6,False,ara,GIANTX,raze,True,100,,0,2,0,2,False,Cloud,GIANTX,fade,True,100,,0,0,0,5,False,Flickless,GIANTX,viper,True,100,25,0,1,0,2,False,westside,GIANTX,cypher,True,100,,0,0,1,2,False
287.754,1233,ACTIVE_ROUND,3,1,1,85.000,,,MiniBoo,Team Heretics,raze,True,100,50,1,2,1,5,False,RieNs,Team Heretics,fade,True,100,50,2,1,0,4,False,Boo,Team Heretics,omen,True,100,50,2,1,1,2,False,benjyfishy,Team Heretics,deadlock,True,100,50,0,0,1,3,False,Wo0t,Team Heretics,chamber,True,95,40,0,8,0,4,False,grubinho,GIANTX,omen,True,100,,0,1,1,6,False,ara,GIANTX,raze,True,100,,0,2,0,2,False,Cloud,GIANTX,fade,True,100,,0,0,0,5,False,Flickless,GIANTX,viper,True,100,25,0,1,0,2,False,westside,GIANTX,cypher,True,100,,0,0,1,2,False
287.988,1234,ACTIVE_ROUND,3,1,1,85.000,,,MiniBoo,Team Heretics,raze,True,100,50,1,2,1,5,False,RieNs,Team Heretics,fade,True,100,50,2,1,0,4,False,Boo,Team Heretics,omen,True,100,50,2,1,1,2,False,benjyfishy,Team Heretics,deadlock,True,100,50,0,0,1,3,False,Wo0t,Team Heretics,chamber,True,95,40,0,8,0,4,False,grubinho,GIANTX,omen,True,100,,0,1,1,6,False,ara,GIANTX,raze,True,100,,0,2,0,2,False,Cloud,GIANTX,fade,True,100,,0,0,0,5,False,Flickless,GIANTX,viper,True,100,25,0,1,0,2,False,westside,GIANTX,cypher,True,100,,0,0,1,2,False
288.221,1235,ACTIVE_ROUND,3,1,1,85.000,,,MiniBoo,Team Heretics,raze,True,100,50,1,2,1,5,False,RieNs,Team Heretics,fade,True,100,50,2,1,0,4,False,Boo,Team Heretics,omen,True,100,50,2,1,1,2,False,benjyfishy,Team Heretics,deadlock,True,100,50,0,0,1,3,False,Wo0t,Team Heretics,chamber,True,95,40,0,8,0,4,False,grubinho,GIANTX,omen,True,100,,0,1,1,6,False,ara,GIANTX,raze,True,100,,0,2,0,2,False,Cloud,GIANTX,fade,True,100,,0,0,0,5,False,Flickless,GIANTX,viper,True,100,25,0,1,0,2,False,westside,GIANTX,cypher,True,100,,0,0,1,2,False
288.455,1236,ACTIVE_ROUND,3,1,1,85.000,,,MiniBoo,Team Heretics,raze,True,100,50,1,2,1,5,False,RieNs,Team Heretics,fade,True,100,50,2,1,0,4,False,Boo,Team Heretics,omen,True,100,50,2,1,1,2,False,benjyfishy,Team Heretics,deadlock,True,100,50,0,0,1,3,False,Wo0t,Team Heretics,chamber,True,95,40,0,8,0,4,False,grubinho,GIANTX,omen,True,100,,0,1,1,6,False,ara,GIANTX,raze,True,100,,0,2,0,2,False,Cloud,GIANTX,fade,True,100,,0,0,0,5,False,Flickless,GIANTX,viper,True,100,25,0,1,0,2,False,westside,GIANTX,cypher,True,100,,0,0,1,2,False
288.688,1237,ACTIVE_ROUND,3,1,1,84.000,,,MiniBoo,Team Heretics,raze,True,100,50,1,2,1,5,False,RieNs,Team Heretics,fade,True,100,50,2,1,0,4,False,Boo,Team Heretics,omen,True,100,50,2,1,1,2,False,benjyfishy,Team Heretics,deadlock,True,100,50,0,0,1,3,False,Wo0t,Team Heretics,chamber,True,95,40,0,8,0,4,False,grubinho,GIANTX,omen,True,100,,0,1,1,6,False,ara,GIANTX,raze,True,100,,0,2,0,2,False,Cloud,GIANTX,fade,True,100,,0,0,0,5,False,Flickless,GIANTX,viper,True,100,25,0,1,0,2,False,westside,GIANTX,cypher,True,100,,0,0,1,2,False
288.922,1238,ACTIVE_ROUND,3,1,1,84.000,,,MiniBoo,Team Heretics,raze,True,100,50,1,2,1,5,False,RieNs,Team Heretics,fade,True,100,50,2,1,0,4,False,Boo,Team Heretics,omen,True,100,50,2,1,1,2,False,benjyfishy,Team Heretics,deadlock,True,100,50,0,0,1,3,False,Wo0t,Team Heretics,chamber,True,95,40,0,8,0,4,False,grubinho,GIANTX,omen,True,100,,0,1,1,6,False,ara,GIANTX,raze,True,100,,0,2,0,2,False,Cloud,GIANTX,fade,True,100,,0,0,0,5,False,Flickless,GIANTX,viper,True,100,25,0,1,0,2,False,westside,GIANTX,cypher,True,100,,0,0,1,2,False
289.156,1239,ACTIVE_ROUND,3,1,1,84.000,,,MiniBoo,Team Heretics,raze,True,100,50,1,2,1,5,False,RieNs,Team Heretics,fade,True,100,50,2,1,0,4,False,Boo,Team Heretics,omen,True,100,50,2,1,1,2,False,benjyfishy,Team Heretics,deadlock,True,100,50,0,0,1,3,False,Wo0t,Team Heretics,chamber,True,95,40,0,8,0,4,False,grubinho,GIANTX,omen,True,100,,0,1,1,6,False,ara,GIANTX,raze,True,100,,0,2,0,2,False,Cloud,GIANTX,fade,True,100,,0,0,0,5,False,Flickless,GIANTX,viper,True,100,25,0,1,0,2,False,westside,GIANTX,cypher,True,100,,0,0,1,2,False
289.389,1240,ACTIVE_ROUND,3,1,1,84.000,,,MiniBoo,Team Heretics,raze,True,100,50,1,2,1,5,False,RieNs,Team Heretics,fade,True,100,50,2,1,0,4,False,Boo,Team Heretics,omen,True,100,50,2,1,1,2,False,benjyfishy,Team Heretics,deadlock,True,100,50,0,0,1,3,False,Wo0t,Team Heretics,chamber,True,95,40,0,8,0,4,False,grubinho,GIANTX,omen,True,100,,0,1,1,6,False,ara,GIANTX,raze,True,100,,0,2,0,2,False,Cloud,GIANTX,fade,True,100,,0,0,0,5,False,Flickless,GIANTX,viper,True,100,25,0,1,0,2,False,westside,GIANTX,cypher,True,100,,0,0,1,2,False
289.623,1241,ACTIVE_ROUND,3,1,1,83.000,,,MiniBoo,Team Heretics,raze,True,100,50,1,2,1,5,False,RieNs,Team Heretics,fade,True,100,50,2,1,0,4,False,Boo,Team Heretics,omen,True,100,50,2,1,1,2,False,benjyfishy,Team Heretics,deadlock,True,100,50,0,0,1,3,False,Wo0t,Team Heretics,chamber,True,95,40,0,8,0,4,False,grubinho,GIANTX,omen,True,100,,0,1,1,6,False,ara,GIANTX,raze,True,100,,0,2,0,2,False,Cloud,GIANTX,fade,True,100,,0,0,0,5,False,Flickless,GIANTX,viper,True,100,25,0,1,0,2,False,westside,GIANTX,cypher,True,100,,0,0,1,2,False
289.856,1242,ACTIVE_ROUND,3,1,1,83.000,,,MiniBoo,Team Heretics,raze,True,100,50,1,2,1,5,False,RieNs,Team Heretics,fade,True,100,50,2,1,0,4,False,Boo,Team Heretics,omen,True,100,50,2,1,1,2,False,benjyfishy,Team Heretics,deadlock,True,100,50,0,0,1,3,False,Wo0t,Team Heretics,chamber,True,95,40,0,8,0,4,False,grubinho,GIANTX,omen,True,100,,0,1,1,6,False,ara,GIANTX,raze,True,100,,0,2,0,2,False,Cloud,GIANTX,fade,True,100,,0,0,0,5,False,Flickless,GIANTX,viper,True,100,25,0,1,0,2,False,westside,GIANTX,cypher,True,100,,0,0,1,2,False
290.090,1243,ACTIVE_ROUND,3,1,1,83.000,,,MiniBoo,Team Heretics,raze,True,100,50,1,2,1,5,False,RieNs,Team Heretics,fade,True,100,50,2,1,0,4,False,Boo,Team Heretics,omen,True,100,50,2,1,1,2,False,benjyfishy,Team Heretics,deadlock,True,100,50,0,0,1,3,False,Wo0t,Team Heretics,chamber,True,95,40,0,8,0,4,False,grubinho,GIANTX,omen,True,100,,0,1,1,6,False,ara,GIANTX,raze,True,100,,0,2,0,2,False,Cloud,GIANTX,fade,True,100,,0,0,0,5,False,Flickless,GIANTX,viper,True,100,25,0,1,0,2,False,westside,GIANTX,cypher,True,100,,0,0,1,2,False
290.323,1244,ACTIVE_ROUND,3,1,1,83.000,,,MiniBoo,Team Heretics,raze,True,100,50,1,2,1,5,False,RieNs,Team Heretics,fade,True,100,50,2,1,0,4,False,Boo,Team Heretics,omen,True,100,50,2,1,1,2,False,benjyfishy,Team Heretics,deadlock,True,100,50,0,0,1,3,False,Wo0t,Team Heretics,chamber,True,95,40,0,8,0,4,False,grubinho,GIANTX,omen,True,100,,0,1,1,6,False,ara,GIANTX,raze,True,100,,0,2,0,2,False,Cloud,GIANTX,fade,True,100,,0,0,0,5,False,Flickless,GIANTX,viper,True,100,25,0,1,0,2,False,westside,GIANTX,cypher,True,100,,0,0,1,2,False
290.557,1245,ACTIVE_ROUND,3,1,1,82.000,,,MiniBoo,Team Heretics,raze,True,100,50,1,2,1,5,False,RieNs,Team Heretics,fade,True,100,50,2,1,0,4,False,Boo,Team Heretics,omen,True,100,50,2,1,1,2,False,benjyfishy,Team Heretics,deadlock,True,100,50,0,0,1,3,False,Wo0t,Team Heretics,chamber,True,95,40,0,8,0,4,False,grubinho,GIANTX,omen,True,100,,0,1,1,6,False,ara,GIANTX,raze,True,100,,0,2,0,2,False,Cloud,GIANTX,fade,True,100,,0,0,0,5,False,Flickless,GIANTX,viper,True,100,25,0,1,0,2,False,westside,GIANTX,cypher,True,100,,0,0,1,2,False
290.791,1246,ACTIVE_ROUND,3,1,1,82.000,,,MiniBoo,Team Heretics,raze,True,100,50,1,2,1,5,False,RieNs,Team Heretics,fade,True,100,50,1,1,0,4,False,Boo,Team Heretics,omen,True,100,50,2,1,1,2,False,benjyfishy,Team Heretics,deadlock,True,100,50,0,0,1,3,False,Wo0t,Team Heretics,chamber,True,95,40,0,8,0,4,False,grubinho,GIANTX,omen,True,100,,0,1,1,6,False,ara,GIANTX,raze,True,100,,0,2,0,2,False,Cloud,GIANTX,fade,True,100,,0,0,0,5,False,Flickless,GIANTX,viper,True,100,25,0,1,0,2,False,westside,GIANTX,cypher,True,100,,0,0,1,2,False
291.024,1247,ACTIVE_ROUND,3,1,1,82.000,,,MiniBoo,Team Heretics,raze,True,100,50,1,2,1,5,False,RieNs,Team Heretics,fade,True,100,50,1,1,0,4,False,Boo,Team Heretics,omen,True,100,50,2,1,1,2,False,benjyfishy,Team Heretics,deadlock,True,100,50,0,0,1,3,False,Wo0t,Team Heretics,chamber,True,95,40,0,8,0,4,False,grubinho,GIANTX,omen,True,100,,0,1,1,6,False,ara,GIANTX,raze,True,100,,0,2,0,2,False,Cloud,GIANTX,fade,True,100,,0,0,0,5,False,Flickless,GIANTX,viper,True,100,25,0,1,0,2,False,westside,GIANTX,cypher,True,100,,0,0,1,2,False
291.258,1248,ACTIVE_ROUND,3,1,1,82.000,,,MiniBoo,Team Heretics,raze,True,100,50,1,2,1,5,False,RieNs,Team Heretics,fade,True,100,50,1,1,0,4,False,Boo,Team Heretics,omen,True,100,50,2,1,1,2,False,benjyfishy,Team Heretics,deadlock,True,100,50,0,0,1,3,False,Wo0t,Team Heretics,chamber,True,95,40,0,8,0,4,False,grubinho,GIANTX,omen,True,100,,0,1,1,6,False,ara,GIANTX,raze,True,100,,0,2,0,2,False,Cloud,GIANTX,fade,True,100,,0,0,0,5,False,Flickless,GIANTX,viper,True,100,25,0,1,0,2,False,westside,GIANTX,cypher,True,100,,0,0,1,2,False
291.491,1249,ACTIVE_ROUND,3,1,1,82.000,,,MiniBoo,Team Heretics,raze,True,100,50,1,2,1,5,False,RieNs,Team Heretics,fade,True,100,50,1,1,0,4,False,Boo,Team Heretics,omen,True,100,50,2,1,1,2,False,benjyfishy,Team Heretics,deadlock,True,100,50,0,0,1,3,False,Wo0t,Team Heretics,chamber,True,95,40,0,8,0,4,False,grubinho,GIANTX,omen,True,100,,0,1,1,6,False,ara,GIANTX,raze,True,100,,0,2,0,2,False,Cloud,GIANTX,fade,True,100,,0,0,0,5,False,Flickless,GIANTX,viper,True,100,25,0,1,0,2,False,westside,GIANTX,cypher,True,100,,0,0,1,2,False
291.725,1250,ACTIVE_ROUND,3,1,1,81.000,,,MiniBoo,Team Heretics,raze,True,100,50,1,2,1,5,False,RieNs,Team Heretics,fade,True,100,50,1,1,0,4,False,Boo,Team Heretics,omen,True,100,50,2,1,1,2,False,benjyfishy,Team Heretics,deadlock,True,100,50,0,0,1,3,False,Wo0t,Team Heretics,chamber,True,95,40,0,8,0,4,False,grubinho,GIANTX,omen,True,100,,0,1,1,6,False,ara,GIANTX,raze,True,100,,0,2,0,2,False,Cloud,GIANTX,fade,True,100,,0,0,0,5,False,Flickless,GIANTX,viper,True,100,25,0,1,0,2,False,westside,GIANTX,cypher,True,100,,0,0,1,2,False
291.958,1251,ACTIVE_ROUND,3,1,1,81.000,,,MiniBoo,Team Heretics,raze,True,100,50,1,2,1,5,False,RieNs,Team Heretics,fade,True,100,50,1,1,0,4,False,Boo,Team Heretics,omen,True,100,50,2,1,0,2,False,benjyfishy,Team Heretics,deadlock,True,100,50,0,0,1,3,False,Wo0t,Team Heretics,chamber,True,95,40,0,8,0,4,False,grubinho,GIANTX,omen,True,100,,0,1,1,6,False,ara,GIANTX,raze,True,100,,0,2,0,2,False,Cloud,GIANTX,fade,True,100,,0,0,0,5,False,Flickless,GIANTX,viper,True,100,25,0,1,0,2,False,westside,GIANTX,cypher,True,100,,0,0,1,2,False
292.192,1252,ACTIVE_ROUND,3,1,1,81.000,,,MiniBoo,Team Heretics,raze,True,100,50,1,2,1,5,False,RieNs,Team Heretics,fade,True,100,50,1,1,0,4,False,Boo,Team Heretics,omen,True,100,50,2,1,0,2,False,benjyfishy,Team Heretics,deadlock,True,100,50,0,0,1,3,False,Wo0t,Team Heretics,chamber,True,95,40,0,8,0,4,False,grubinho,GIANTX,omen,True,100,,0,1,1,6,False,ara,GIANTX,raze,True,100,,0,2,0,2,False,Cloud,GIANTX,fade,True,100,,0,0,0,5,False,Flickless,GIANTX,viper,True,100,25,0,1,0,2,False,westside,GIANTX,cypher,True,100,,0,0,1,2,False
292.425,1253,ACTIVE_ROUND,3,1,1,81.000,,,MiniBoo,Team Heretics,raze,True,100,50,1,2,1,5,False,RieNs,Team Heretics,fade,True,100,50,1,1,0,4,False,Boo,Team Heretics,omen,True,100,50,2,1,0,2,False,benjyfishy,Team Heretics,deadlock,True,100,50,0,0,1,3,False,Wo0t,Team Heretics,chamber,True,95,40,0,8,0,4,False,grubinho,GIANTX,omen,True,100,,0,1,1,6,False,ara,GIANTX,raze,True,100,,0,2,0,2,False,Cloud,GIANTX,fade,True,100,,0,0,0,5,False,Flickless,GIANTX,viper,True,100,25,0,1,0,2,False,westside,GIANTX,cypher,True,100,,0,0,1,2,False
292.659,1254,ACTIVE_ROUND,3,1,1,80.000,,,MiniBoo,Team Heretics,raze,True,100,50,1,2,1,5,False,RieNs,Team Heretics,fade,True,100,50,1,1,0,4,False,Boo,Team Heretics,omen,True,100,50,2,1,0,2,False,benjyfishy,Team Heretics,deadlock,True,100,50,0,0,1,3,False,Wo0t,Team Heretics,chamber,True,95,40,0,8,0,4,False,grubinho,GIANTX,omen,True,100,,0,1,1,6,False,ara,GIANTX,raze,True,100,,0,2,0,2,False,Cloud,GIANTX,fade,True,100,,0,0,0,5,False,Flickless,GIANTX,viper,True,100,25,0,1,0,2,False,westside,GIANTX,cypher,True,100,,0,0,1,2,False
292.893,1255,ACTIVE_ROUND,3,1,1,80.000,,,MiniBoo,Team Heretics,raze,True,100,50,1,2,1,5,False,RieNs,Team Heretics,fade,True,100,50,1,1,0,4,False,Boo,Team Heretics,omen,True,100,50,2,1,0,2,False,benjyfishy,Team Heretics,deadlock,True,100,50,0,0,1,3,False,Wo0t,Team Heretics,chamber,True,95,40,0,8,0,4,False,grubinho,GIANTX,omen,True,100,,0,1,1,6,False,ara,GIANTX,raze,True,100,,0,2,0,2,False,Cloud,GIANTX,fade,True,100,,0,0,0,5,False,Flickless,GIANTX,viper,True,100,25,0,1,0,2,False,westside,GIANTX,cypher,True,100,,0,0,0,2,False
293.126,1256,ACTIVE_ROUND,3,1,1,80.000,,,MiniBoo,Team Heretics,raze,True,100,50,1,2,1,5,False,RieNs,Team Heretics,fade,True,100,50,1,1,0,4,False,Boo,Team Heretics,omen,True,100,50,2,1,0,2,False,benjyfishy,Team Heretics,deadlock,True,100,50,0,0,1,3,False,Wo0t,Team Heretics,chamber,True,95,40,0,8,0,4,False,grubinho,GIANTX,omen,True,100,,0,1,1,6,False,ara,GIANTX,raze,True,100,,0,2,0,2,False,Cloud,GIANTX,fade,True,100,,0,0,0,5,False,Flickless,GIANTX,viper,True,100,25,0,1,0,2,False,westside,GIANTX,cypher,True,100,,0,0,0,2,False
293.360,1257,ACTIVE_ROUND,3,1,1,80.000,,,MiniBoo,Team Heretics,raze,True,100,50,1,2,1,5,False,RieNs,Team Heretics,fade,True,100,50,1,1,0,4,False,Boo,Team Heretics,omen,True,100,50,2,1,0,2,False,benjyfishy,Team Heretics,deadlock,True,100,50,0,0,1,3,False,Wo0t,Team Heretics,chamber,True,95,40,0,8,0,4,False,grubinho,GIANTX,omen,True,100,,0,1,1,6,False,ara,GIANTX,raze,True,100,,0,2,0,2,False,Cloud,GIANTX,fade,True,100,,0,0,0,5,False,Flickless,GIANTX,viper,True,100,25,0,1,0,2,False,westside,GIANTX,cypher,True,100,,0,0,0,2,False
293.593,1258,ACTIVE_ROUND,3,1,1,79.000,,,MiniBoo,Team Heretics,raze,True,100,50,1,2,1,5,False,RieNs,Team Heretics,fade,True,100,50,1,1,0,4,False,Boo,Team Heretics,omen,True,100,50,2,1,0,2,False,benjyfishy,Team Heretics,deadlock,True,100,50,0,0,1,3,False,Wo0t,Team Heretics,chamber,True,95,40,0,8,0,4,False,grubinho,GIANTX,omen,True,100,,0,1,1,6,False,ara,GIANTX,raze,True,100,,0,2,0,2,False,Cloud,GIANTX,fade,True,100,,0,0,0,5,False,Flickless,GIANTX,viper,True,100,25,0,1,0,2,False,westside,GIANTX,cypher,True,100,,0,0,0,2,False
293.827,1259,ACTIVE_ROUND,3,1,1,79.000,,,MiniBoo,Team Heretics,raze,True,100,50,1,2,1,5,False,RieNs,Team Heretics,fade,True,100,50,1,1,0,4,False,Boo,Team Heretics,omen,True,100,50,2,1,0,2,False,benjyfishy,Team Heretics,deadlock,True,100,50,0,0,1,3,False,Wo0t,Team Heretics,chamber,True,95,40,0,8,0,4,False,grubinho,GIANTX,omen,True,100,,0,1,1,6,False,ara,GIANTX,raze,True,100,,0,2,0,2,False,Cloud,GIANTX,fade,True,100,,0,0,0,5,False,Flickless,GIANTX,viper,True,100,25,0,1,0,2,False,westside,GIANTX,cypher,True,100,,0,0,0,2,False
294.060,1260,ACTIVE_ROUND,3,1,1,79.000,,,MiniBoo,Team Heretics,raze,True,100,50,1,2,1,5,False,RieNs,Team Heretics,fade,True,100,50,1,1,0,4,False,Boo,Team Heretics,omen,True,100,50,2,1,0,2,False,benjyfishy,Team Heretics,deadlock,True,100,50,0,0,1,3,False,Wo0t,Team Heretics,chamber,True,95,40,0,8,0,4,False,grubinho,GIANTX,omen,True,100,,0,1,1,6,False,ara,GIANTX,raze,True,100,,0,2,0,2,False,Cloud,GIANTX,fade,True,100,,0,0,0,5,False,Flickless,GIANTX,viper,True,100,25,0,1,0,2,False,westside,GIANTX,cypher,True,100,,0,0,0,2,False
294.294,1261,ACTIVE_ROUND,3,1,1,79.000,,,MiniBoo,Team Heretics,raze,True,100,50,1,2,1,5,False,RieNs,Team Heretics,fade,True,100,50,1,1,0,4,False,Boo,Team Heretics,omen,True,100,50,2,1,0,2,False,benjyfishy,Team Heretics,deadlock,True,100,50,0,0,1,3,False,Wo0t,Team Heretics,chamber,True,95,40,0,8,0,4,False,grubinho,GIANTX,omen,True,100,,0,1,1,6,False,ara,GIANTX,raze,True,100,,0,2,0,2,False,Cloud,GIANTX,fade,True,100,,0,0,0,5,False,Flickless,GIANTX,viper,True,100,25,0,1,0,2,False,westside,GIANTX,cypher,True,100,,0,0,0,2,False
294.528,1262,ACTIVE_ROUND,3,1,1,78.000,,,MiniBoo,Team Heretics,raze,True,100,50,1,2,1,5,False,RieNs,Team Heretics,fade,True,100,50,1,1,0,4,False,Boo,Team Heretics,omen,True,100,50,2,1,0,2,False,benjyfishy,Team Heretics,deadlock,True,100,50,0,0,1,3,False,Wo0t,Team Heretics,chamber,True,95,40,0,8,0,4,False,grubinho,GIANTX,omen,True,100,,0,1,1,6,False,ara,GIANTX,raze,True,100,,0,2,0,2,False,Cloud,GIANTX,fade,True,100,,0,0,0,5,False,Flickless,GIANTX,viper,True,100,25,0,1,0,2,False,westside,GIANTX,cypher,True,100,,0,0,0,2,False
294.761,1263,ACTIVE_ROUND,3,1,1,78.000,,,MiniBoo,Team Heretics,raze,True,100,50,1,2,1,5,False,RieNs,Team Heretics,fade,True,100,50,1,1,0,4,False,Boo,Team Heretics,omen,True,100,50,2,1,0,2,False,benjyfishy,Team Heretics,deadlock,True,100,50,0,0,1,3,False,Wo0t,Team Heretics,chamber,True,95,40,0,8,0,4,False,grubinho,GIANTX,omen,True,100,,0,1,1,6,False,ara,GIANTX,raze,True,100,,0,2,0,2,False,Cloud,GIANTX,fade,True,100,,0,0,0,5,False,Flickless,GIANTX,viper,True,100,25,0,1,0,2,False,westside,GIANTX,cypher,True,100,,0,0,0,2,False
294.995,1264,ACTIVE_ROUND,3,1,1,78.000,,,MiniBoo,Team Heretics,raze,True,100,50,1,2,1,5,False,RieNs,Team Heretics,fade,True,100,50,1,1,0,4,False,Boo,Team Heretics,omen,True,100,50,2,1,0,2,False,benjyfishy,Team Heretics,deadlock,True,100,50,0,0,1,3,False,Wo0t,Team Heretics,chamber,True,95,40,0,8,0,4,False,grubinho,GIANTX,omen,True,100,,0,1,1,6,False,ara,GIANTX,raze,True,100,,0,2,0,2,False,Cloud,GIANTX,fade,True,100,,0,0,0,5,False,Flickless,GIANTX,viper,True,100,25,0,1,0,2,False,westside,GIANTX,cypher,True,100,,0,0,0,2,False
295.228,1265,ACTIVE_ROUND,3,1,1,78.000,,,MiniBoo,Team Heretics,raze,True,100,50,1,2,1,5,False,RieNs,Team Heretics,fade,True,100,50,1,1,0,4,False,Boo,Team Heretics,omen,True,100,50,2,1,0,2,False,benjyfishy,Team Heretics,deadlock,True,100,50,0,0,1,3,False,Wo0t,Team Heretics,chamber,True,95,40,0,8,0,4,False,grubinho,GIANTX,omen,True,100,,0,1,1,6,False,ara,GIANTX,raze,True,100,,0,2,0,2,False,Cloud,GIANTX,fade,True,100,,0,0,0,5,False,Flickless,GIANTX,viper,True,100,25,0,1,0,2,False,westside,GIANTX,cypher,True,100,,0,0,0,2,False
295.462,1266,ACTIVE_ROUND,3,1,1,78.000,,,MiniBoo,Team Heretics,raze,True,100,50,1,2,1,5,False,RieNs,Team Heretics,fade,True,100,50,1,1,0,4,False,Boo,Team Heretics,omen,True,100,50,2,1,0,2,False,benjyfishy,Team Heretics,deadlock,True,100,50,0,0,1,3,False,Wo0t,Team Heretics,chamber,True,95,40,0,8,0,4,False,grubinho,GIANTX,omen,True,100,,0,1,1,6,False,ara,GIANTX,raze,True,100,,0,2,0,2,False,Cloud,GIANTX,fade,True,100,,0,0,0,5,False,Flickless,GIANTX,viper,True,100,25,0,1,0,2,False,westside,GIANTX,cypher,True,100,,0,0,0,2,False
295.695,1267,ACTIVE_ROUND,3,1,1,77.000,,,MiniBoo,Team Heretics,raze,True,100,50,1,2,1,5,False,RieNs,Team Heretics,fade,True,100,50,1,1,0,4,False,Boo,Team Heretics,omen,True,100,50,2,1,0,2,False,benjyfishy,Team Heretics,deadlock,True,100,50,0,0,1,3,False,Wo0t,Team Heretics,chamber,True,95,40,0,8,0,4,False,grubinho,GIANTX,omen,True,100,,0,1,1,6,False,ara,GIANTX,raze,True,100,,0,2,0,2,False,Cloud,GIANTX,fade,True,100,,0,0,0,5,False,Flickless,GIANTX,viper,True,100,25,0,1,0,2,False,westside,GIANTX,cypher,True,100,,0,0,0,2,False
295.929,1268,ACTIVE_ROUND,3,1,1,77.000,,,MiniBoo,Team Heretics,raze,True,100,50,1,2,1,5,False,RieNs,Team Heretics,fade,True,100,50,1,1,0,4,False,Boo,Team Heretics,omen,True,100,50,2,1,0,2,False,benjyfishy,Team Heretics,deadlock,True,100,50,0,0,1,3,False,Wo0t,Team Heretics,chamber,True,95,40,0,8,0,4,False,grubinho,GIANTX,omen,True,100,,0,1,1,6,False,ara,GIANTX,raze,True,100,,0,2,0,2,False,Cloud,GIANTX,fade,True,100,,0,0,0,5,False,Flickless,GIANTX,viper,True,100,25,0,1,0,2,False,westside,GIANTX,cypher,True,100,,0,0,0,2,False
296.163,1269,ACTIVE_ROUND,3,1,1,77.000,,,MiniBoo,Team Heretics,raze,True,100,50,1,2,1,5,False,RieNs,Team Heretics,fade,True,100,50,1,1,0,4,False,Boo,Team Heretics,omen,True,100,50,2,1,0,2,False,benjyfishy,Team Heretics,deadlock,True,100,50,0,0,1,3,False,Wo0t,Team Heretics,chamber,True,95,40,0,8,0,4,False,grubinho,GIANTX,omen,True,100,,0,1,1,6,False,ara,GIANTX,raze,True,100,,0,2,0,2,False,Cloud,GIANTX,fade,True,100,,0,0,0,5,False,Flickless,GIANTX,viper,True,100,25,0,1,0,2,False,westside,GIANTX,cypher,True,100,,0,0,0,2,False
296.396,1270,ACTIVE_ROUND,3,1,1,77.000,,,MiniBoo,Team Heretics,raze,True,100,50,1,2,1,5,False,RieNs,Team Heretics,fade,True,100,50,1,1,0,4,False,Boo,Team Heretics,omen,True,100,50,2,1,0,2,False,benjyfishy,Team Heretics,deadlock,True,100,50,0,0,1,3,False,Wo0t,Team Heretics,chamber,True,95,40,0,8,0,4,False,grubinho,GIANTX,omen,True,100,,0,1,1,6,False,ara,GIANTX,raze,True,100,,0,2,0,2,False,Cloud,GIANTX,fade,True,100,,0,0,0,5,False,Flickless,GIANTX,viper,True,100,25,0,1,0,2,False,westside,GIANTX,cypher,True,100,,0,0,0,2,False
296.630,1271,ACTIVE_ROUND,3,1,1,76.000,,,MiniBoo,Team Heretics,raze,True,100,50,1,2,1,5,False,RieNs,Team Heretics,fade,True,100,50,1,1,0,4,False,Boo,Team Heretics,omen,True,100,50,2,1,0,2,False,benjyfishy,Team Heretics,deadlock,True,100,50,0,0,1,3,False,Wo0t,Team Heretics,chamber,True,95,40,0,8,0,4,False,grubinho,GIANTX,omen,True,100,,0,1,1,6,False,ara,GIANTX,raze,True,100,,0,2,0,2,False,Cloud,GIANTX,fade,True,100,,0,0,0,5,False,Flickless,GIANTX,viper,True,100,25,0,1,0,2,False,westside,GIANTX,cypher,True,100,,0,0,0,2,False
296.863,1272,ACTIVE_ROUND,3,1,1,76.000,,,MiniBoo,Team Heretics,raze,True,100,50,1,2,1,5,False,RieNs,Team Heretics,fade,True,100,50,1,1,0,4,False,Boo,Team Heretics,omen,True,100,50,2,1,0,2,False,benjyfishy,Team Heretics,deadlock,True,100,50,0,0,1,3,False,Wo0t,Team Heretics,chamber,True,95,40,0,8,0,4,False,grubinho,GIANTX,omen,True,100,,0,1,1,6,False,ara,GIANTX,raze,True,100,,0,2,0,2,False,Cloud,GIANTX,fade,True,100,,0,0,0,5,False,Flickless,GIANTX,viper,True,100,25,0,1,0,2,False,westside,GIANTX,cypher,True,100,,0,0,0,2,False
297.097,1273,ACTIVE_ROUND,3,1,1,76.000,,,MiniBoo,Team Heretics,raze,True,100,50,1,2,1,5,False,RieNs,Team Heretics,fade,True,100,50,1,1,0,4,False,Boo,Team Heretics,omen,True,100,50,2,1,0,2,False,benjyfishy,Team Heretics,deadlock,True,100,50,0,0,1,3,False,Wo0t,Team Heretics,chamber,True,95,40,0,8,0,4,False,grubinho,GIANTX,omen,True,100,,0,1,1,6,False,ara,GIANTX,raze,True,100,,0,2,0,2,False,Cloud,GIANTX,fade,True,100,,0,0,0,5,False,Flickless,GIANTX,viper,True,100,25,0,1,0,2,False,westside,GIANTX,cypher,True,100,,0,0,0,2,False
297.330,1274,ACTIVE_ROUND,3,1,1,76.000,,,MiniBoo,Team Heretics,raze,True,100,50,1,2,1,5,False,RieNs,Team Heretics,fade,True,100,50,1,1,0,4,False,Boo,Team Heretics,omen,True,100,50,2,1,0,2,False,benjyfishy,Team Heretics,deadlock,True,100,50,0,0,1,3,False,Wo0t,Team Heretics,chamber,True,95,40,0,8,0,4,False,grubinho,GIANTX,omen,True,100,,0,1,1,6,False,ara,GIANTX,raze,True,100,,0,2,0,2,False,Cloud,GIANTX,fade,True,100,,0,0,0,5,False,Flickless,GIANTX,viper,True,100,25,0,1,0,2,False,westside,GIANTX,cypher,True,100,,0,0,0,2,False
297.564,1275,ACTIVE_ROUND,3,1,1,75.000,,,MiniBoo,Team Heretics,raze,True,100,50,1,2,1,5,False,RieNs,Team Heretics,fade,True,100,50,1,1,0,4,False,Boo,Team Heretics,omen,True,100,50,2,1,0,2,False,benjyfishy,Team Heretics,deadlock,True,100,50,0,0,1,3,False,Wo0t,Team Heretics,chamber,True,95,40,0,8,0,4,False,grubinho,GIANTX,omen,True,100,,0,1,1,6,False,ara,GIANTX,raze,True,100,,0,2,0,2,False,Cloud,GIANTX,fade,True,100,,0,0,0,5,False,Flickless,GIANTX,viper,True,100,25,0,1,0,2,False,westside,GIANTX,cypher,True,100,,0,0,0,2,False
297.798,1276,ACTIVE_ROUND,3,1,1,75.000,,,MiniBoo,Team Heretics,raze,True,100,50,1,2,1,5,False,RieNs,Team Heretics,fade,True,100,50,1,1,0,4,False,Boo,Team Heretics,omen,True,100,50,2,1,0,2,False,benjyfishy,Team Heretics,deadlock,True,100,50,0,0,1,3,False,Wo0t,Team Heretics,chamber,True,95,40,0,8,0,4,False,grubinho,GIANTX,omen,True,100,,0,1,1,6,False,ara,GIANTX,raze,True,100,,0,2,0,2,False,Cloud,GIANTX,fade,True,100,,0,0,0,5,False,Flickless,GIANTX,viper,True,100,25,0,1,0,2,False,westside,GIANTX,cypher,True,100,,0,0,0,2,False
298.031,1277,ACTIVE_ROUND,3,1,1,75.000,,,MiniBoo,Team Heretics,raze,True,100,50,1,2,1,5,False,RieNs,Team Heretics,fade,True,100,50,1,1,0,4,False,Boo,Team Heretics,omen,True,100,50,2,1,0,2,False,benjyfishy,Team Heretics,deadlock,True,100,50,0,0,1,3,False,Wo0t,Team Heretics,chamber,True,95,40,0,8,0,4,False,grubinho,GIANTX,omen,True,100,,0,1,1,6,False,ara,GIANTX,raze,True,100,,0,2,0,2,False,Cloud,GIANTX,fade,True,100,,0,0,0,5,False,Flickless,GIANTX,viper,True,100,25,0,1,0,2,False,westside,GIANTX,cypher,True,100,,0,0,0,2,False
298.265,1278,ACTIVE_ROUND,3,1,1,75.000,,,MiniBoo,Team Heretics,raze,True,100,50,1,2,1,5,False,RieNs,Team Heretics,fade,True,100,50,1,1,0,4,False,Boo,Team Heretics,omen,True,100,50,2,1,0,2,False,benjyfishy,Team Heretics,deadlock,True,100,50,0,0,1,3,False,Wo0t,Team Heretics,chamber,True,95,40,0,8,0,4,False,grubinho,GIANTX,omen,True,100,,0,1,1,6,False,ara,GIANTX,raze,True,100,,0,2,0,2,False,Cloud,GIANTX,fade,True,100,,0,0,0,5,False,Flickless,GIANTX,viper,True,100,25,0,1,0,2,False,westside,GIANTX,cypher,True,100,,0,0,0,2,False
298.498,1279,ACTIVE_ROUND,3,1,1,75.000,,,MiniBoo,Team Heretics,raze,True,100,50,1,2,1,5,False,RieNs,Team Heretics,fade,True,100,50,1,1,0,4,False,Boo,Team Heretics,omen,True,100,50,2,1,0,2,False,benjyfishy,Team Heretics,deadlock,True,100,50,0,0,1,3,False,Wo0t,Team Heretics,chamber,True,95,40,0,8,0,4,False,grubinho,GIANTX,omen,True,100,,0,1,1,6,False,ara,GIANTX,raze,True,100,,0,2,0,2,False,Cloud,GIANTX,fade,True,100,,0,0,0,5,False,Flickless,GIANTX,viper,True,100,25,0,1,0,2,False,westside,GIANTX,cypher,True,100,,0,0,0,2,False
298.732,1280,ACTIVE_ROUND,3,1,1,74.000,,,MiniBoo,Team Heretics,raze,True,100,50,1,2,1,5,False,RieNs,Team Heretics,fade,True,100,50,1,1,0,4,False,Boo,Team Heretics,omen,True,100,50,2,1,0,2,False,benjyfishy,Team Heretics,deadlock,True,100,50,0,0,1,3,False,Wo0t,Team Heretics,chamber,True,95,40,0,8,0,4,False,grubinho,GIANTX,omen,True,100,,0,1,1,6,False,ara,GIANTX,raze,True,100,,0,2,0,2,False,Cloud,GIANTX,fade,True,100,,0,0,0,5,False,Flickless,GIANTX,viper,True,100,25,0,1,0,2,False,westside,GIANTX,cypher,True,100,,0,0,0,2,False
298.965,1281,ACTIVE_ROUND,3,1,1,74.000,,,MiniBoo,Team Heretics,raze,True,100,50,1,2,1,5,False,RieNs,Team Heretics,fade,True,100,50,1,1,0,4,False,Boo,Team Heretics,omen,True,100,50,2,1,0,2,False,benjyfishy,Team Heretics,deadlock,True,100,50,0,0,1,3,False,Wo0t,Team Heretics,chamber,True,95,40,0,8,0,4,False,grubinho,GIANTX,omen,True,100,,0,1,1,6,False,ara,GIANTX,raze,True,100,,0,2,0,2,False,Cloud,GIANTX,fade,True,100,,0,0,0,5,False,Flickless,GIANTX,viper,True,100,25,0,1,0,2,False,westside,GIANTX,cypher,True,100,,0,0,0,2,False
299.199,1282,ACTIVE_ROUND,3,1,1,74.000,,,MiniBoo,Team Heretics,raze,True,100,50,1,2,1,5,False,RieNs,Team Heretics,fade,True,100,50,1,1,0,4,False,Boo,Team Heretics,omen,True,100,50,2,1,0,2,False,benjyfishy,Team Heretics,deadlock,True,100,50,0,0,1,3,False,Wo0t,Team Heretics,chamber,True,95,40,0,8,0,4,False,grubinho,GIANTX,omen,True,100,,0,1,1,6,False,ara,GIANTX,raze,True,100,,0,2,0,2,False,Cloud,GIANTX,fade,True,100,,0,0,0,5,False,Flickless,GIANTX,viper,True,100,25,0,1,0,2,False,westside,GIANTX,cypher,True,100,,0,0,0,2,False
299.432,1283,ACTIVE_ROUND,3,1,1,74.000,,,MiniBoo,Team Heretics,raze,True,100,50,1,2,1,5,False,RieNs,Team Heretics,fade,True,100,50,1,1,0,4,False,Boo,Team Heretics,omen,True,100,50,2,1,0,2,False,benjyfishy,Team Heretics,deadlock,True,100,50,0,0,1,3,False,Wo0t,Team Heretics,chamber,True,95,40,0,8,0,4,False,grubinho,GIANTX,omen,True,100,,0,1,1,6,False,ara,GIANTX,raze,True,100,,0,2,0,2,False,Cloud,GIANTX,fade,True,100,,0,0,0,5,False,Flickless,GIANTX,viper,True,100,25,0,1,0,2,False,westside,GIANTX,cypher,True,100,,0,0,0,2,False
299.666,1284,ACTIVE_ROUND,3,1,1,73.000,,,MiniBoo,Team Heretics,raze,True,100,50,1,2,1,5,False,RieNs,Team Heretics,fade,True,100,50,1,1,0,4,False,Boo,Team Heretics,omen,True,100,50,2,1,0,2,False,benjyfishy,Team Heretics,deadlock,True,100,50,0,0,1,3,False,Wo0t,Team Heretics,chamber,True,95,40,0,8,0,4,False,grubinho,GIANTX,omen,True,100,,0,1,1,6,False,ara,GIANTX,raze,True,100,,0,2,0,2,False,Cloud,GIANTX,fade,True,100,,0,0,0,5,False,Flickless,GIANTX,viper,True,100,25,0,1,0,2,False,westside,GIANTX,cypher,True,100,,0,0,0,2,False
299.900,1285,ACTIVE_ROUND,3,1,1,73.000,,,MiniBoo,Team Heretics,raze,True,100,50,1,2,1,5,False,RieNs,Team Heretics,fade,True,100,50,1,1,0,4,False,Boo,Team Heretics,omen,True,100,50,2,1,0,2,False,benjyfishy,Team Heretics,deadlock,True,100,50,0,0,1,3,False,Wo0t,Team Heretics,chamber,True,95,40,0,8,0,4,False,grubinho,GIANTX,omen,True,100,,0,1,1,6,False,ara,GIANTX,raze,True,100,,0,2,0,2,False,Cloud,GIANTX,fade,True,100,,0,0,0,5,False,Flickless,GIANTX,viper,True,100,25,0,1,0,2,False,westside,GIANTX,cypher,True,100,,0,0,0,2,False
300.133,1286,ACTIVE_ROUND,3,1,1,73.000,,,MiniBoo,Team Heretics,raze,True,100,50,1,2,1,5,False,RieNs,Team Heretics,fade,True,100,50,1,1,0,4,False,Boo,Team Heretics,omen,True,100,50,2,1,0,2,False,benjyfishy,Team Heretics,deadlock,True,100,50,0,0,1,3,False,Wo0t,Team Heretics,chamber,True,95,40,0,8,0,4,False,grubinho,GIANTX,omen,True,100,,0,1,1,6,False,ara,GIANTX,raze,True,100,,0,2,0,2,False,Cloud,GIANTX,fade,True,100,,0,0,0,5,False,Flickless,GIANTX,viper,True,100,25,0,1,0,2,False,westside,GIANTX,cypher,True,100,,0,0,0,2,False
300.367,1287,ACTIVE_ROUND,3,1,1,73.000,,,MiniBoo,Team Heretics,raze,True,100,50,1,2,1,5,False,RieNs,Team Heretics,fade,True,100,50,1,1,0,4,False,Boo,Team Heretics,omen,True,100,50,2,1,0,2,False,benjyfishy,Team Heretics,deadlock,True,100,50,0,0,1,3,False,Wo0t,Team Heretics,chamber,True,95,40,0,8,0,4,False,grubinho,GIANTX,omen,True,100,,0,1,1,6,False,ara,GIANTX,raze,True,100,,0,2,0,2,False,Cloud,GIANTX,fade,True,100,,0,0,0,5,False,Flickless,GIANTX,viper,True,100,25,0,1,0,2,False,westside,GIANTX,cypher,True,100,,0,0,0,2,False
300.600,1288,ACTIVE_ROUND,3,1,1,72.000,,,MiniBoo,Team Heretics,raze,True,100,50,1,2,1,5,False,RieNs,Team Heretics,fade,True,100,50,1,1,0,4,False,Boo,Team Heretics,omen,True,100,50,2,1,0,2,False,benjyfishy,Team Heretics,deadlock,True,100,50,0,0,1,3,False,Wo0t,Team Heretics,chamber,True,95,40,0,8,0,4,False,grubinho,GIANTX,omen,True,100,,0,1,1,6,False,ara,GIANTX,raze,True,100,,0,2,0,2,False,Cloud,GIANTX,fade,True,100,,0,0,0,5,False,Flickless,GIANTX,viper,True,100,25,0,1,0,2,False,westside,GIANTX,cypher,True,100,,0,0,0,2,False
300.834,1289,ACTIVE_ROUND,3,1,1,72.000,,,MiniBoo,Team Heretics,raze,True,100,50,1,2,1,5,False,RieNs,Team Heretics,fade,True,100,50,1,1,0,4,False,Boo,Team Heretics,omen,True,100,50,2,1,0,2,False,benjyfishy,Team Heretics,deadlock,True,100,50,0,0,1,3,False,Wo0t,Team Heretics,chamber,True,95,8,0,8,0,4,False,grubinho,GIANTX,omen,True,100,,0,1,1,6,False,ara,GIANTX,raze,True,100,,0,2,0,2,False,Cloud,GIANTX,fade,True,100,,0,0,0,5,False,Flickless,GIANTX,viper,True,100,25,0,1,0,2,False,westside,GIANTX,cypher,True,100,,0,0,0,2,False
301.067,1290,ACTIVE_ROUND,3,1,1,72.000,,,MiniBoo,Team Heretics,raze,True,100,50,1,2,1,5,False,RieNs,Team Heretics,fade,True,100,50,1,1,0,4,False,Boo,Team Heretics,omen,True,100,50,2,1,0,2,False,benjyfishy,Team Heretics,deadlock,True,100,50,0,0,1,3,False,Wo0t,Team Heretics,chamber,True,95,8,0,8,0,4,False,grubinho,GIANTX,omen,True,100,,0,1,1,6,False,ara,GIANTX,raze,True,100,,0,2,0,2,False,Cloud,GIANTX,fade,True,100,,0,0,0,5,False,Flickless,GIANTX,viper,True,100,25,0,1,0,2,False,westside,GIANTX,cypher,True,100,,0,0,0,2,False
301.301,1291,ACTIVE_ROUND,3,1,1,72.000,,,MiniBoo,Team Heretics,raze,True,100,50,1,2,1,5,False,RieNs,Team Heretics,fade,True,100,50,1,1,0,4,False,Boo,Team Heretics,omen,True,100,50,2,1,0,2,False,benjyfishy,Team Heretics,deadlock,True,100,50,0,0,1,3,False,Wo0t,Team Heretics,chamber,True,95,8,0,8,0,4,False,grubinho,GIANTX,omen,True,100,,0,1,1,6,False,ara,GIANTX,raze,True,100,,0,2,0,2,False,Cloud,GIANTX,fade,True,100,,0,0,0,5,False,Flickless,GIANTX,viper,True,100,25,0,1,0,2,False,westside,GIANTX,cypher,True,100,,0,0,0,2,False
301.535,1292,ACTIVE_ROUND,3,1,1,71.000,,,MiniBoo,Team Heretics,raze,True,100,50,1,2,1,5,False,RieNs,Team Heretics,fade,True,100,50,1,1,0,4,False,Boo,Team Heretics,omen,True,100,50,2,1,0,2,False,benjyfishy,Team Heretics,deadlock,True,100,50,0,0,1,3,False,Wo0t,Team Heretics,chamber,True,95,8,0,8,0,4,False,grubinho,GIANTX,omen,True,100,,0,1,1,6,False,ara,GIANTX,raze,True,100,,0,2,0,2,False,Cloud,GIANTX,fade,True,100,,0,0,0,5,False,Flickless,GIANTX,viper,True,100,25,0,1,0,2,False,westside,GIANTX,cypher,True,100,,0,0,0,2,False
301.768,1293,ACTIVE_ROUND,3,1,1,71.000,,,MiniBoo,Team Heretics,raze,True,100,50,1,2,1,5,False,RieNs,Team Heretics,fade,True,100,50,1,1,0,4,False,Boo,Team Heretics,omen,True,100,50,2,1,0,2,False,benjyfishy,Team Heretics,deadlock,True,100,50,0,0,1,3,False,Wo0t,Team Heretics,chamber,True,95,8,0,8,0,4,False,grubinho,GIANTX,omen,True,100,,0,1,1,6,False,ara,GIANTX,raze,True,100,,0,2,0,2,False,Cloud,GIANTX,fade,True,100,,0,0,0,5,False,Flickless,GIANTX,viper,True,100,25,0,1,0,2,False,westside,GIANTX,cypher,True,100,,0,0,0,2,False
302.002,1294,ACTIVE_ROUND,3,1,1,71.000,,,MiniBoo,Team Heretics,raze,True,100,50,1,2,1,5,False,RieNs,Team Heretics,fade,True,100,50,1,1,0,4,False,Boo,Team Heretics,omen,True,100,50,2,1,0,2,False,benjyfishy,Team Heretics,deadlock,True,100,50,0,0,1,3,False,Wo0t,Team Heretics,chamber,True,92,1,0,8,0,4,False,grubinho,GIANTX,omen,True,100,,0,1,1,6,False,ara,GIANTX,raze,True,100,,0,2,0,2,False,Cloud,GIANTX,fade,True,100,,0,0,0,5,False,Flickless,GIANTX,viper,True,100,25,0,1,0,2,False,westside,GIANTX,cypher,True,100,,0,0,0,2,False
302.235,1295,ACTIVE_ROUND,3,1,1,71.000,,,MiniBoo,Team Heretics,raze,True,100,50,1,2,1,5,False,RieNs,Team Heretics,fade,True,100,50,1,1,0,4,False,Boo,Team Heretics,omen,True,100,50,2,1,0,2,False,benjyfishy,Team Heretics,deadlock,True,100,50,0,0,1,3,False,Wo0t,Team Heretics,chamber,True,92,1,0,8,0,4,False,grubinho,GIANTX,omen,True,100,,0,1,1,6,False,ara,GIANTX,raze,True,100,,0,2,0,2,False,Cloud,GIANTX,fade,True,100,,0,0,0,5,False,Flickless,GIANTX,viper,True,100,25,0,1,0,2,False,westside,GIANTX,cypher,True,100,,0,0,0,2,False
302.469,1296,ACTIVE_ROUND,3,1,1,71.000,,,MiniBoo,Team Heretics,raze,True,100,50,1,2,1,5,False,RieNs,Team Heretics,fade,True,100,50,1,1,0,4,False,Boo,Team Heretics,omen,True,100,50,2,1,0,2,False,benjyfishy,Team Heretics,deadlock,True,100,50,0,0,1,3,False,Wo0t,Team Heretics,chamber,True,92,1,0,8,0,4,False,grubinho,GIANTX,omen,True,100,,0,1,1,6,False,ara,GIANTX,raze,True,100,,0,2,0,2,False,Cloud,GIANTX,fade,True,100,,0,0,0,5,False,Flickless,GIANTX,viper,True,100,25,0,1,0,2,False,westside,GIANTX,cypher,True,100,,0,0,0,2,False
302.702,1297,ACTIVE_ROUND,3,1,1,70.000,,,MiniBoo,Team Heretics,raze,True,100,50,1,2,1,5,False,RieNs,Team Heretics,fade,True,100,50,1,1,0,4,False,Boo,Team Heretics,omen,True,100,50,2,1,0,2,False,benjyfishy,Team Heretics,deadlock,True,100,50,0,0,1,3,False,Wo0t,Team Heretics,chamber,True,92,1,0,8,0,4,False,grubinho,GIANTX,omen,True,100,,0,1,1,6,False,ara,GIANTX,raze,True,100,,0,2,0,2,False,Cloud,GIANTX,fade,True,100,,0,0,0,5,False,Flickless,GIANTX,viper,True,100,25,0,1,0,2,False,westside,GIANTX,cypher,True,100,,0,0,0,2,False
302.936,1298,ACTIVE_ROUND,3,1,1,70.000,,,MiniBoo,Team Heretics,raze,True,100,50,1,2,1,5,False,RieNs,Team Heretics,fade,True,100,50,1,1,0,4,False,Boo,Team Heretics,omen,True,100,50,2,1,0,2,False,benjyfishy,Team Heretics,deadlock,True,100,50,0,0,1,3,False,Wo0t,Team Heretics,chamber,True,88,1,0,8,0,4,False,grubinho,GIANTX,omen,True,100,,0,1,1,6,False,ara,GIANTX,raze,True,100,,0,2,0,2,False,Cloud,GIANTX,fade,True,100,,0,0,0,5,False,Flickless,GIANTX,viper,True,100,25,0,1,0,2,False,westside,GIANTX,cypher,True,100,,0,0,0,2,False
303.170,1299,ACTIVE_ROUND,3,1,1,70.000,,,MiniBoo,Team Heretics,raze,True,100,50,1,2,1,5,False,RieNs,Team Heretics,fade,True,100,50,1,1,0,4,False,Boo,Team Heretics,omen,True,100,50,2,1,0,2,False,benjyfishy,Team Heretics,deadlock,True,100,50,0,0,1,3,False,Wo0t,Team Heretics,chamber,True,88,1,0,8,0,4,False,grubinho,GIANTX,omen,True,100,,0,1,1,6,False,ara,GIANTX,raze,True,100,,0,2,0,2,False,Cloud,GIANTX,fade,True,100,,0,0,0,5,False,Flickless,GIANTX,viper,True,100,25,0,1,0,2,False,westside,GIANTX,cypher,True,100,,0,0,0,2,False
303.403,1300,ACTIVE_ROUND,3,1,1,70.000,,,MiniBoo,Team Heretics,raze,True,100,50,1,2,1,5,False,RieNs,Team Heretics,fade,True,100,50,1,1,0,4,False,Boo,Team Heretics,omen,True,100,50,2,1,0,2,False,benjyfishy,Team Heretics,deadlock,True,100,50,0,0,1,3,False,Wo0t,Team Heretics,chamber,True,88,1,0,8,0,4,False,grubinho,GIANTX,omen,True,100,,0,1,1,6,False,ara,GIANTX,raze,True,100,,0,2,0,2,False,Cloud,GIANTX,fade,True,100,,0,0,0,5,False,Flickless,GIANTX,viper,True,100,25,0,1,0,2,False,westside,GIANTX,cypher,True,100,,0,0,0,2,False
303.637,1301,ACTIVE_ROUND,3,1,1,69.000,,,MiniBoo,Team Heretics,raze,True,100,50,1,2,1,5,False,RieNs,Team Heretics,fade,True,100,50,1,1,0,4,False,Boo,Team Heretics,omen,True,100,50,2,1,0,2,False,benjyfishy,Team Heretics,deadlock,True,100,50,0,0,1,3,False,Wo0t,Team Heretics,chamber,True,88,1,0,8,0,4,False,grubinho,GIANTX,omen,True,100,,0,1,1,6,False,ara,GIANTX,raze,True,100,,0,2,0,2,False,Cloud,GIANTX,fade,True,100,,0,0,0,5,False,Flickless,GIANTX,viper,True,100,25,0,1,0,2,False,westside,GIANTX,cypher,True,100,,0,0,0,2,False
303.870,1302,ACTIVE_ROUND,3,1,1,69.000,,,MiniBoo,Team Heretics,raze,True,100,50,1,2,1,5,False,RieNs,Team Heretics,fade,True,100,50,1,1,0,4,False,Boo,Team Heretics,omen,True,100,50,2,1,1,2,False,benjyfishy,Team Heretics,deadlock,True,100,50,0,0,1,3,False,Wo0t,Team Heretics,chamber,True,92,1,0,8,0,4,False,grubinho,GIANTX,omen,True,100,,0,1,1,6,False,ara,GIANTX,raze,True,100,,0,2,0,2,False,Cloud,GIANTX,fade,True,100,,0,0,0,5,False,Flickless,GIANTX,viper,True,100,25,0,1,0,2,False,westside,GIANTX,cypher,True,100,,0,0,0,2,False
304.104,1303,ACTIVE_ROUND,3,1,1,69.000,,,MiniBoo,Team Heretics,raze,True,100,50,1,2,1,5,False,RieNs,Team Heretics,fade,True,100,50,1,1,0,4,False,Boo,Team Heretics,omen,True,100,50,2,1,1,2,False,benjyfishy,Team Heretics,deadlock,True,100,50,0,0,1,3,False,Wo0t,Team Heretics,chamber,True,92,1,0,8,0,4,False,grubinho,GIANTX,omen,True,100,,0,1,1,6,False,ara,GIANTX,raze,True,100,,0,2,0,2,False,Cloud,GIANTX,fade,True,100,,0,0,0,5,False,Flickless,GIANTX,viper,True,100,25,0,1,0,2,False,westside,GIANTX,cypher,True,100,,0,0,0,2,False
304.337,1304,ACTIVE_ROUND,3,1,1,69.000,,,MiniBoo,Team Heretics,raze,True,100,50,1,2,1,5,False,RieNs,Team Heretics,fade,True,100,50,1,1,0,4,False,Boo,Team Heretics,omen,True,100,50,2,1,1,2,False,benjyfishy,Team Heretics,deadlock,True,100,50,0,0,1,3,False,Wo0t,Team Heretics,chamber,True,92,1,0,8,0,4,False,grubinho,GIANTX,omen,True,100,,0,1,1,6,False,ara,GIANTX,raze,True,100,,0,2,0,2,False,Cloud,GIANTX,fade,True,100,,0,0,0,5,False,Flickless,GIANTX,viper,True,100,25,0,1,0,2,False,westside,GIANTX,cypher,True,100,,0,0,0,2,False
304.571,1305,ACTIVE_ROUND,3,1,1,68.000,,,MiniBoo,Team Heretics,raze,True,100,50,1,2,1,5,False,RieNs,Team Heretics,fade,True,100,50,1,1,0,4,False,Boo,Team Heretics,omen,True,100,50,2,1,1,2,False,benjyfishy,Team Heretics,deadlock,True,100,50,0,0,1,3,False,Wo0t,Team Heretics,chamber,True,92,1,0,8,0,4,False,grubinho,GIANTX,omen,True,100,,0,1,1,6,False,ara,GIANTX,raze,True,100,,0,2,0,2,False,Cloud,GIANTX,fade,True,100,,0,0,0,5,False,Flickless,GIANTX,viper,True,100,25,0,1,0,2,False,westside,GIANTX,cypher,True,100,,0,0,0,2,False
304.805,1306,ACTIVE_ROUND,3,1,1,68.000,,,MiniBoo,Team Heretics,raze,True,100,50,1,2,1,5,False,RieNs,Team Heretics,fade,True,100,50,1,1,0,4,False,Boo,Team Heretics,omen,True,100,50,2,1,1,2,False,benjyfishy,Team Heretics,deadlock,True,100,50,0,0,1,3,False,Wo0t,Team Heretics,chamber,True,95,23,0,8,0,4,False,grubinho,GIANTX,omen,True,100,,0,1,1,6,False,ara,GIANTX,raze,True,100,,0,2,0,2,False,Cloud,GIANTX,fade,True,100,,0,0,0,5,False,Flickless,GIANTX,viper,True,100,25,0,1,0,2,False,westside,GIANTX,cypher,True,100,,0,0,0,2,False
305.038,1307,ACTIVE_ROUND,3,1,1,68.000,,,MiniBoo,Team Heretics,raze,True,100,50,1,2,1,5,False,RieNs,Team Heretics,fade,True,100,50,1,1,0,4,False,Boo,Team Heretics,omen,True,100,50,2,1,1,2,False,benjyfishy,Team Heretics,deadlock,True,100,50,0,0,1,3,False,Wo0t,Team Heretics,chamber,True,95,23,0,8,0,4,False,grubinho,GIANTX,omen,True,100,,0,1,1,6,False,ara,GIANTX,raze,True,100,,0,2,0,2,False,Cloud,GIANTX,fade,True,100,,0,0,0,5,False,Flickless,GIANTX,viper,True,100,25,0,1,0,2,False,westside,GIANTX,cypher,True,100,,0,0,0,2,False
305.272,1308,ACTIVE_ROUND,3,1,1,68.000,,,MiniBoo,Team Heretics,raze,True,100,50,1,2,1,5,False,RieNs,Team Heretics,fade,True,100,50,1,1,0,4,False,Boo,Team Heretics,omen,True,100,50,2,1,1,2,False,benjyfishy,Team Heretics,deadlock,True,100,50,0,0,1,3,False,Wo0t,Team Heretics,chamber,True,95,23,0,8,0,4,False,grubinho,GIANTX,omen,True,100,,0,1,1,6,False,ara,GIANTX,raze,True,100,,0,2,0,2,False,Cloud,GIANTX,fade,True,100,,0,0,0,5,False,Flickless,GIANTX,viper,True,100,25,0,1,0,2,False,westside,GIANTX,cypher,True,100,,0,0,0,2,False
305.505,1309,ACTIVE_ROUND,3,1,1,67.000,,,MiniBoo,Team Heretics,raze,True,100,50,1,2,1,5,False,RieNs,Team Heretics,fade,True,100,50,1,1,0,4,False,Boo,Team Heretics,omen,True,100,50,2,1,1,2,False,benjyfishy,Team Heretics,deadlock,True,100,50,0,0,1,3,False,Wo0t,Team Heretics,chamber,True,95,23,0,8,0,4,False,grubinho,GIANTX,omen,True,100,,0,1,1,6,False,ara,GIANTX,raze,True,100,,0,2,0,2,False,Cloud,GIANTX,fade,True,100,,0,0,0,5,False,Flickless,GIANTX,viper,True,100,25,0,1,0,2,False,westside,GIANTX,cypher,True,100,,0,0,0,2,False
305.739,1310,ACTIVE_ROUND,3,1,1,67.000,,,MiniBoo,Team Heretics,raze,True,100,50,1,2,1,5,False,RieNs,Team Heretics,fade,True,100,50,1,1,0,4,False,Boo,Team Heretics,omen,True,100,50,2,1,1,2,False,benjyfishy,Team Heretics,deadlock,True,100,50,0,0,1,3,False,Wo0t,Team Heretics,chamber,True,95,23,0,8,0,4,False,grubinho,GIANTX,omen,True,100,,0,1,1,6,False,ara,GIANTX,raze,True,100,,0,2,0,2,False,Cloud,GIANTX,fade,True,100,,0,0,0,5,False,Flickless,GIANTX,viper,True,100,25,0,1,0,2,False,westside,GIANTX,cypher,True,100,,0,0,0,2,False
305.972,1311,ACTIVE_ROUND,3,1,1,67.000,,,MiniBoo,Team Heretics,raze,True,100,50,1,2,1,5,False,RieNs,Team Heretics,fade,True,100,50,1,1,0,4,False,Boo,Team Heretics,omen,True,100,50,2,1,1,2,False,benjyfishy,Team Heretics,deadlock,True,100,50,0,0,1,3,False,Wo0t,Team Heretics,chamber,True,95,40,0,8,0,4,False,grubinho,GIANTX,omen,True,100,,0,1,1,6,False,ara,GIANTX,raze,True,100,,0,2,0,2,False,Cloud,GIANTX,fade,True,100,,0,0,0,5,False,Flickless,GIANTX,viper,True,100,25,0,1,0,2,False,westside,GIANTX,cypher,True,100,,0,0,0,2,False
306.206,1312,ACTIVE_ROUND,3,1,1,67.000,,,MiniBoo,Team Heretics,raze,True,100,50,1,2,1,5,False,RieNs,Team Heretics,fade,True,100,50,1,1,0,4,False,Boo,Team Heretics,omen,True,100,50,2,1,1,2,False,benjyfishy,Team Heretics,deadlock,True,100,50,0,0,1,3,False,Wo0t,Team Heretics,chamber,True,95,40,0,8,0,4,False,grubinho,GIANTX,omen,True,100,,0,1,1,6,False,ara,GIANTX,raze,True,100,,0,2,0,2,False,Cloud,GIANTX,fade,True,100,,0,0,0,5,False,Flickless,GIANTX,viper,True,100,25,0,1,0,2,False,westside,GIANTX,cypher,True,100,,0,0,0,2,False
306.439,1313,ACTIVE_ROUND,3,1,1,67.000,,,MiniBoo,Team Heretics,raze,True,100,50,1,2,1,5,False,RieNs,Team Heretics,fade,True,100,50,1,1,0,4,False,Boo,Team Heretics,omen,True,100,50,2,1,1,2,False,benjyfishy,Team Heretics,deadlock,True,100,50,0,0,1,3,False,Wo0t,Team Heretics,chamber,True,95,40,0,8,0,4,False,grubinho,GIANTX,omen,True,100,,0,1,1,6,False,ara,GIANTX,raze,True,100,,0,2,0,2,False,Cloud,GIANTX,fade,True,100,,0,0,0,5,False,Flickless,GIANTX,viper,True,100,25,0,1,0,2,False,westside,GIANTX,cypher,True,100,,0,0,0,2,False
306.673,1314,ACTIVE_ROUND,3,1,1,66.000,,,MiniBoo,Team Heretics,raze,True,100,50,1,2,1,5,False,RieNs,Team Heretics,fade,True,100,50,1,1,0,4,False,Boo,Team Heretics,omen,True,100,50,2,1,1,2,False,benjyfishy,Team Heretics,deadlock,True,100,50,0,0,1,3,False,Wo0t,Team Heretics,chamber,True,95,40,0,8,0,4,False,grubinho,GIANTX,omen,True,100,,0,1,1,6,False,ara,GIANTX,raze,True,100,,0,2,0,2,False,Cloud,GIANTX,fade,True,100,,0,0,0,5,False,Flickless,GIANTX,viper,True,100,25,0,1,0,2,False,westside,GIANTX,cypher,True,100,,0,0,0,2,False
306.907,1315,ACTIVE_ROUND,3,1,1,66.000,,,MiniBoo,Team Heretics,raze,True,100,50,1,2,1,5,False,RieNs,Team Heretics,fade,True,100,50,1,1,0,4,False,Boo,Team Heretics,omen,True,100,50,2,1,1,2,False,benjyfishy,Team Heretics,deadlock,True,100,50,0,0,1,3,False,Wo0t,Team Heretics,chamber,True,95,40,0,8,1,4,False,grubinho,GIANTX,omen,True,100,,0,1,1,6,False,ara,GIANTX,raze,True,100,,0,2,0,2,False,Cloud,GIANTX,fade,True,100,,0,0,0,5,False,Flickless,GIANTX,viper,True,100,25,0,1,0,2,False,westside,GIANTX,cypher,True,100,,0,0,0,2,False
307.140,1316,ACTIVE_ROUND,3,1,1,66.000,,,MiniBoo,Team Heretics,raze,True,100,50,1,2,1,5,False,RieNs,Team Heretics,fade,True,100,50,1,1,0,4,False,Boo,Team Heretics,omen,True,100,50,2,1,1,2,False,benjyfishy,Team Heretics,deadlock,True,100,50,0,0,1,3,False,Wo0t,Team Heretics,chamber,True,95,40,0,8,1,4,False,grubinho,GIANTX,omen,True,100,,0,1,1,6,False,ara,GIANTX,raze,True,100,,0,2,0,2,False,Cloud,GIANTX,fade,True,100,,0,0,0,5,False,Flickless,GIANTX,viper,True,100,25,0,1,0,2,False,westside,GIANTX,cypher,True,100,,0,0,0,2,False
307.374,1317,ACTIVE_ROUND,3,1,1,66.000,,,MiniBoo,Team Heretics,raze,True,100,50,1,2,1,5,False,RieNs,Team Heretics,fade,True,100,50,1,1,0,4,False,Boo,Team Heretics,omen,True,100,50,2,1,1,2,False,benjyfishy,Team Heretics,deadlock,True,100,50,0,0,1,3,False,Wo0t,Team Heretics,chamber,True,95,40,0,8,1,4,False,grubinho,GIANTX,omen,True,100,,0,1,1,6,False,ara,GIANTX,raze,True,100,,0,2,0,2,False,Cloud,GIANTX,fade,True,100,,0,0,0,5,False,Flickless,GIANTX,viper,True,100,25,0,1,0,2,False,westside,GIANTX,cypher,True,100,,0,0,0,2,False
307.607,1318,ACTIVE_ROUND,3,1,1,65.000,,,MiniBoo,Team Heretics,raze,True,100,50,1,2,1,5,False,RieNs,Team Heretics,fade,True,100,50,1,1,0,4,False,Boo,Team Heretics,omen,True,100,50,2,1,1,2,False,benjyfishy,Team Heretics,deadlock,True,100,50,0,0,1,3,False,Wo0t,Team Heretics,chamber,True,95,40,0,8,1,4,False,grubinho,GIANTX,omen,True,100,,0,1,1,6,False,ara,GIANTX,raze,True,100,,0,2,0,2,False,Cloud,GIANTX,fade,True,100,,0,0,0,5,False,Flickless,GIANTX,viper,True,100,25,0,1,0,2,False,westside,GIANTX,cypher,True,100,,0,0,0,2,False
307.841,1319,ACTIVE_ROUND,3,1,1,65.000,,,MiniBoo,Team Heretics,raze,True,100,50,1,2,1,5,False,RieNs,Team Heretics,fade,True,100,50,1,1,0,4,False,Boo,Team Heretics,omen,True,100,50,2,1,1,2,False,benjyfishy,Team Heretics,deadlock,True,100,50,0,0,1,3,False,Wo0t,Team Heretics,chamber,True,95,40,0,8,1,4,False,grubinho,GIANTX,omen,True,100,,0,1,1,6,False,ara,GIANTX,raze,True,100,,0,2,0,2,False,Cloud,GIANTX,fade,True,100,,0,0,0,5,False,Flickless,GIANTX,viper,True,100,25,0,1,0,2,False,westside,GIANTX,cypher,True,100,,0,0,0,2,False
308.074,1320,ACTIVE_ROUND,3,1,1,65.000,,,MiniBoo,Team Heretics,raze,True,100,50,1,2,1,5,False,RieNs,Team Heretics,fade,True,100,50,1,1,0,4,False,Boo,Team Heretics,omen,True,100,50,2,1,1,2,False,benjyfishy,Team Heretics,deadlock,True,100,50,0,0,1,3,False,Wo0t,Team Heretics,chamber,True,95,40,0,8,1,4,False,grubinho,GIANTX,omen,True,100,,0,1,1,6,False,ara,GIANTX,raze,True,100,,0,2,0,2,False,Cloud,GIANTX,fade,True,100,,0,0,0,5,False,Flickless,GIANTX,viper,True,100,25,0,1,0,2,False,westside,GIANTX,cypher,True,100,,0,0,0,2,False
308.308,1321,ACTIVE_ROUND,3,1,1,65.000,,,MiniBoo,Team Heretics,raze,True,100,50,1,2,1,5,False,RieNs,Team Heretics,fade,True,100,50,1,1,0,4,False,Boo,Team Heretics,omen,True,100,50,2,1,1,2,False,benjyfishy,Team Heretics,deadlock,True,100,50,0,0,1,3,False,Wo0t,Team Heretics,chamber,True,95,40,0,8,1,4,False,grubinho,GIANTX,omen,True,100,,0,1,1,6,False,ara,GIANTX,raze,True,100,,0,2,0,2,False,Cloud,GIANTX,fade,True,100,,0,0,0,5,False,Flickless,GIANTX,viper,True,100,25,0,1,0,2,False,westside,GIANTX,cypher,True,100,,0,0,0,2,False
308.542,1322,ACTIVE_ROUND,3,1,1,64.000,,,MiniBoo,Team Heretics,raze,True,100,50,1,2,1,5,False,RieNs,Team Heretics,fade,True,100,50,1,1,0,4,False,Boo,Team Heretics,omen,True,100,50,2,1,1,2,False,benjyfishy,Team Heretics,deadlock,True,100,50,0,0,1,3,False,Wo0t,Team Heretics,chamber,True,95,40,0,8,1,4,False,grubinho,GIANTX,omen,True,100,,0,1,1,6,False,ara,GIANTX,raze,True,100,,0,2,0,2,False,Cloud,GIANTX,fade,True,100,,0,0,0,5,False,Flickless,GIANTX,viper,True,100,25,0,1,0,2,False,westside,GIANTX,cypher,True,100,,0,0,0,2,False
308.775,1323,ACTIVE_ROUND,3,1,1,64.000,,,MiniBoo,Team Heretics,raze,True,100,50,1,2,1,5,False,RieNs,Team Heretics,fade,True,100,50,1,1,0,4,False,Boo,Team Heretics,omen,True,100,50,2,1,1,2,False,benjyfishy,Team Heretics,deadlock,True,100,50,0,0,1,3,False,Wo0t,Team Heretics,chamber,True,95,40,0,8,1,4,False,grubinho,GIANTX,omen,True,100,,0,1,1,6,False,ara,GIANTX,raze,True,100,,0,2,0,2,False,Cloud,GIANTX,fade,True,100,,0,0,0,5,False,Flickless,GIANTX,viper,True,100,25,0,1,0,2,False,westside,GIANTX,cypher,True,100,,0,0,0,2,False
309.009,1324,ACTIVE_ROUND,3,1,1,64.000,,,MiniBoo,Team Heretics,raze,True,100,50,1,2,1,5,False,RieNs,Team Heretics,fade,True,100,50,1,1,0,4,False,Boo,Team Heretics,omen,True,100,50,2,1,1,2,False,benjyfishy,Team Heretics,deadlock,True,100,50,0,0,1,3,False,Wo0t,Team Heretics,chamber,True,95,40,0,8,1,4,False,grubinho,GIANTX,omen,True,100,,0,1,2,6,False,ara,GIANTX,raze,True,100,,0,2,0,2,False,Cloud,GIANTX,fade,True,100,,0,0,0,5,False,Flickless,GIANTX,viper,True,100,25,0,1,0,2,False,westside,GIANTX,cypher,True,100,,0,0,0,2,False
309.242,1325,ACTIVE_ROUND,3,1,1,64.000,,,MiniBoo,Team Heretics,raze,True,100,50,1,2,1,5,False,RieNs,Team Heretics,fade,True,100,50,1,1,0,4,False,Boo,Team Heretics,omen,True,100,50,2,1,1,2,False,benjyfishy,Team Heretics,deadlock,True,100,50,0,0,1,3,False,Wo0t,Team Heretics,chamber,True,95,40,0,8,1,4,False,grubinho,GIANTX,omen,True,100,,0,1,2,6,False,ara,GIANTX,raze,True,100,,0,2,0,2,False,Cloud,GIANTX,fade,True,100,,0,0,0,5,False,Flickless,GIANTX,viper,True,100,25,0,1,0,2,False,westside,GIANTX,cypher,True,100,,0,0,0,2,False
309.476,1326,ACTIVE_ROUND,3,1,1,64.000,,,MiniBoo,Team Heretics,raze,True,100,50,1,2,1,5,False,RieNs,Team Heretics,fade,True,100,50,1,1,0,4,False,Boo,Team Heretics,omen,True,100,50,2,1,1,2,False,benjyfishy,Team Heretics,deadlock,True,100,50,0,0,1,3,False,Wo0t,Team Heretics,chamber,True,95,40,0,8,1,4,False,grubinho,GIANTX,omen,True,100,,0,1,2,6,False,ara,GIANTX,raze,True,100,,0,2,0,2,False,Cloud,GIANTX,fade,True,100,,0,0,0,5,False,Flickless,GIANTX,viper,True,100,25,0,1,0,2,False,westside,GIANTX,cypher,True,100,,0,0,0,2,False
309.709,1327,ACTIVE_ROUND,3,1,1,63.000,,,MiniBoo,Team Heretics,raze,True,100,50,1,2,1,5,False,RieNs,Team Heretics,fade,True,100,50,1,1,0,4,False,Boo,Team Heretics,omen,True,100,50,2,1,1,2,False,benjyfishy,Team Heretics,deadlock,True,100,50,0,0,1,3,False,Wo0t,Team Heretics,chamber,True,95,40,0,8,1,4,False,grubinho,GIANTX,omen,True,100,,0,1,2,6,False,ara,GIANTX,raze,True,100,,0,2,0,2,False,Cloud,GIANTX,fade,True,100,,0,0,0,5,False,Flickless,GIANTX,viper,True,100,25,0,1,0,2,False,westside,GIANTX,cypher,True,100,,0,0,0,2,False
309.943,1328,ACTIVE_ROUND,3,1,1,63.000,,,MiniBoo,Team Heretics,raze,True,100,50,1,2,1,5,False,RieNs,Team Heretics,fade,True,100,50,1,1,0,4,False,Boo,Team Heretics,omen,True,100,50,2,1,1,2,False,benjyfishy,Team Heretics,deadlock,True,100,50,0,0,1,3,False,Wo0t,Team Heretics,chamber,True,95,40,0,8,1,4,False,grubinho,GIANTX,omen,True,100,,0,1,2,6,False,ara,GIANTX,raze,True,100,,0,2,0,2,False,Cloud,GIANTX,fade,True,100,,0,0,0,5,False,Flickless,GIANTX,viper,True,100,25,0,1,0,2,False,westside,GIANTX,cypher,True,100,,0,0,0,2,False
310.177,1329,ACTIVE_ROUND,3,1,1,63.000,,,MiniBoo,Team Heretics,raze,True,100,50,1,2,1,5,False,RieNs,Team Heretics,fade,True,100,50,1,1,0,4,False,Boo,Team Heretics,omen,True,100,50,2,1,1,2,False,benjyfishy,Team Heretics,deadlock,True,100,50,0,0,1,3,False,Wo0t,Team Heretics,chamber,True,95,40,0,8,1,4,False,grubinho,GIANTX,omen,True,100,,0,1,2,6,False,ara,GIANTX,raze,True,100,,0,2,0,2,False,Cloud,GIANTX,fade,True,100,,0,0,0,5,False,Flickless,GIANTX,viper,True,100,25,0,1,0,2,False,westside,GIANTX,cypher,True,100,,0,0,0,2,False
310.410,1330,ACTIVE_ROUND,3,1,1,63.000,,,MiniBoo,Team Heretics,raze,True,100,50,1,2,1,5,False,RieNs,Team Heretics,fade,True,100,50,1,1,0,4,False,Boo,Team Heretics,omen,True,100,50,2,1,1,2,False,benjyfishy,Team Heretics,deadlock,True,100,50,0,0,1,3,False,Wo0t,Team Heretics,chamber,True,95,40,0,8,1,4,False,grubinho,GIANTX,omen,True,100,,0,1,2,6,False,ara,GIANTX,raze,True,100,,0,2,0,2,False,Cloud,GIANTX,fade,True,100,,0,0,0,5,False,Flickless,GIANTX,viper,True,100,25,0,1,0,2,False,westside,GIANTX,cypher,True,100,,0,0,0,2,False
310.644,1331,ACTIVE_ROUND,3,1,1,62.000,,,MiniBoo,Team Heretics,raze,True,100,50,1,2,1,5,False,RieNs,Team Heretics,fade,True,100,50,1,1,0,4,False,Boo,Team Heretics,omen,True,100,50,2,1,1,2,False,benjyfishy,Team Heretics,deadlock,True,100,50,0,0,1,3,False,Wo0t,Team Heretics,chamber,True,95,40,0,8,1,4,False,grubinho,GIANTX,omen,True,100,,0,1,2,6,False,ara,GIANTX,raze,True,100,,0,2,0,2,False,Cloud,GIANTX,fade,True,100,,0,0,0,5,False,Flickless,GIANTX,viper,True,100,25,0,1,0,2,False,westside,GIANTX,cypher,True,100,,0,0,0,2,False
310.877,1332,ACTIVE_ROUND,3,1,1,62.000,,,MiniBoo,Team Heretics,raze,True,100,50,1,2,1,5,False,RieNs,Team Heretics,fade,True,100,50,1,1,0,4,False,Boo,Team Heretics,omen,True,100,50,2,1,1,2,False,benjyfishy,Team Heretics,deadlock,True,100,50,0,0,1,3,False,Wo0t,Team Heretics,chamber,True,95,40,0,8,1,4,False,grubinho,GIANTX,omen,True,100,,0,1,2,6,False,ara,GIANTX,raze,True,100,,0,2,0,2,False,Cloud,GIANTX,fade,True,100,,0,0,0,5,False,Flickless,GIANTX,viper,True,100,25,0,1,0,2,False,westside,GIANTX,cypher,True,100,,0,0,0,2,False
311.111,1333,ACTIVE_ROUND,3,1,1,62.000,,,MiniBoo,Team Heretics,raze,True,100,50,1,2,1,5,False,RieNs,Team Heretics,fade,True,100,50,1,1,0,4,False,Boo,Team Heretics,omen,True,100,50,2,1,1,2,False,benjyfishy,Team Heretics,deadlock,True,100,50,0,0,1,3,False,Wo0t,Team Heretics,chamber,True,95,40,0,8,1,4,False,grubinho,GIANTX,omen,True,100,,0,1,2,6,False,ara,GIANTX,raze,True,100,,0,2,0,2,False,Cloud,GIANTX,fade,True,100,,0,0,0,5,False,Flickless,GIANTX,viper,True,100,25,0,1,0,2,False,westside,GIANTX,cypher,True,100,,0,0,0,2,False
311.344,1334,ACTIVE_ROUND,3,1,1,62.000,,,MiniBoo,Team Heretics,raze,True,100,50,1,2,1,5,False,RieNs,Team Heretics,fade,True,100,50,1,1,0,4,False,Boo,Team Heretics,omen,True,100,50,2,1,1,2,False,benjyfishy,Team Heretics,deadlock,True,100,50,0,0,1,3,False,Wo0t,Team Heretics,chamber,True,95,40,0,8,1,4,False,grubinho,GIANTX,omen,True,100,,0,1,2,6,False,ara,GIANTX,raze,True,100,,0,2,0,2,False,Cloud,GIANTX,fade,True,100,,0,0,0,5,False,Flickless,GIANTX,viper,True,100,25,0,1,0,2,False,westside,GIANTX,cypher,True,100,,0,0,0,2,False
311.578,1335,ACTIVE_ROUND,3,1,1,61.000,,,MiniBoo,Team Heretics,raze,True,100,50,1,2,1,5,False,RieNs,Team Heretics,fade,True,100,50,1,1,0,4,False,Boo,Team Heretics,omen,True,100,50,2,1,1,2,False,benjyfishy,Team Heretics,deadlock,True,100,50,0,0,1,3,False,Wo0t,Team Heretics,chamber,True,95,40,0,8,1,4,False,grubinho,GIANTX,omen,True,100,,0,1,2,6,False,ara,GIANTX,raze,True,100,,0,2,0,2,False,Cloud,GIANTX,fade,True,100,,0,0,0,5,False,Flickless,GIANTX,viper,True,100,25,0,1,0,2,False,westside,GIANTX,cypher,True,100,,0,0,0,2,False
311.812,1336,ACTIVE_ROUND,3,1,1,61.000,,,MiniBoo,Team Heretics,raze,True,100,50,1,2,1,5,False,RieNs,Team Heretics,fade,True,100,50,1,1,0,4,False,Boo,Team Heretics,omen,True,100,50,2,1,1,2,False,benjyfishy,Team Heretics,deadlock,True,100,50,0,0,1,3,False,Wo0t,Team Heretics,chamber,True,95,40,0,8,1,4,False,grubinho,GIANTX,omen,True,100,,0,1,2,6,False,ara,GIANTX,raze,True,100,,0,2,0,2,False,Cloud,GIANTX,fade,True,100,,0,0,0,5,False,Flickless,GIANTX,viper,True,100,25,0,1,0,2,False,westside,GIANTX,cypher,True,100,,0,0,0,2,False
312.045,1337,ACTIVE_ROUND,3,1,1,61.000,,,MiniBoo,Team Heretics,raze,True,100,50,1,2,1,5,False,RieNs,Team Heretics,fade,True,100,50,1,1,0,4,False,Boo,Team Heretics,omen,True,100,50,2,1,1,2,False,benjyfishy,Team Heretics,deadlock,True,100,50,0,0,1,3,False,Wo0t,Team Heretics,chamber,True,95,40,0,8,1,4,False,grubinho,GIANTX,omen,True,100,,0,1,2,6,False,ara,GIANTX,raze,True,100,,0,2,0,2,False,Cloud,GIANTX,fade,True,100,,0,0,0,5,False,Flickless,GIANTX,viper,True,100,25,0,1,0,2,False,westside,GIANTX,cypher,True,100,,0,0,0,2,False
312.279,1338,ACTIVE_ROUND,3,1,1,61.000,,,MiniBoo,Team Heretics,raze,True,100,50,1,2,1,5,False,RieNs,Team Heretics,fade,True,100,50,1,1,0,4,False,Boo,Team Heretics,omen,True,100,50,2,1,1,2,False,benjyfishy,Team Heretics,deadlock,True,100,50,0,0,1,3,False,Wo0t,Team Heretics,chamber,True,95,40,0,8,1,4,False,grubinho,GIANTX,omen,True,100,,0,1,2,6,False,ara,GIANTX,raze,True,100,,0,2,0,2,False,Cloud,GIANTX,fade,True,100,,0,0,0,5,False,Flickless,GIANTX,viper,True,100,25,0,1,0,2,False,westside,GIANTX,cypher,True,100,,0,0,0,2,False
312.512,1339,ACTIVE_ROUND,3,1,1,60.000,,,MiniBoo,Team Heretics,raze,True,100,50,1,2,1,5,False,RieNs,Team Heretics,fade,True,100,50,1,1,0,4,False,Boo,Team Heretics,omen,True,100,50,2,1,1,2,False,benjyfishy,Team Heretics,deadlock,True,100,50,0,0,1,3,False,Wo0t,Team Heretics,chamber,True,95,40,0,8,1,4,False,grubinho,GIANTX,omen,True,100,,0,1,2,6,False,ara,GIANTX,raze,True,100,,0,2,0,2,False,Cloud,GIANTX,fade,True,100,,0,0,0,5,False,Flickless,GIANTX,viper,True,100,25,0,1,0,2,False,westside,GIANTX,cypher,True,100,,0,0,0,2,False
312.746,1340,ACTIVE_ROUND,3,1,1,60.000,,,MiniBoo,Team Heretics,raze,True,100,50,1,2,1,5,False,RieNs,Team Heretics,fade,True,100,50,1,1,0,4,False,Boo,Team Heretics,omen,True,100,50,2,1,1,2,False,benjyfishy,Team Heretics,deadlock,True,100,50,0,0,1,3,False,Wo0t,Team Heretics,chamber,True,95,40,0,8,1,4,False,grubinho,GIANTX,omen,True,100,,0,1,2,6,False,ara,GIANTX,raze,True,100,,0,2,0,2,False,Cloud,GIANTX,fade,True,100,,0,0,0,5,False,Flickless,GIANTX,viper,True,100,25,0,1,0,2,False,westside,GIANTX,cypher,True,100,,0,0,0,2,False
312.979,1341,ACTIVE_ROUND,3,1,1,60.000,,,MiniBoo,Team Heretics,raze,True,100,50,1,2,1,5,False,RieNs,Team Heretics,fade,True,100,50,1,1,0,4,False,Boo,Team Heretics,omen,True,100,50,2,1,1,2,False,benjyfishy,Team Heretics,deadlock,True,100,50,0,0,1,3,False,Wo0t,Team Heretics,chamber,True,95,40,0,8,1,4,False,grubinho,GIANTX,omen,True,100,,0,1,2,6,False,ara,GIANTX,raze,True,100,,0,2,0,2,False,Cloud,GIANTX,fade,True,100,,0,0,0,5,False,Flickless,GIANTX,viper,True,100,25,0,1,0,2,False,westside,GIANTX,cypher,True,100,,0,0,0,2,False
313.213,1342,ACTIVE_ROUND,3,1,1,60.000,,,MiniBoo,Team Heretics,raze,True,100,50,1,2,1,5,False,RieNs,Team Heretics,fade,True,100,50,1,1,0,4,False,Boo,Team Heretics,omen,True,100,50,2,1,1,2,False,benjyfishy,Team Heretics,deadlock,True,100,50,0,0,1,3,False,Wo0t,Team Heretics,chamber,True,95,40,0,8,1,4,False,grubinho,GIANTX,omen,True,100,,0,1,2,6,False,ara,GIANTX,raze,True,100,,0,2,0,2,False,Cloud,GIANTX,fade,True,100,,0,0,0,5,False,Flickless,GIANTX,viper,True,100,25,0,1,0,2,False,westside,GIANTX,cypher,True,100,,0,0,0,2,False
313.446,1343,ACTIVE_ROUND,3,1,1,60.000,,,MiniBoo,Team Heretics,raze,True,100,50,1,2,1,5,False,RieNs,Team Heretics,fade,True,100,50,1,1,0,4,False,Boo,Team Heretics,omen,True,100,50,2,1,1,2,False,benjyfishy,Team Heretics,deadlock,True,100,50,0,0,1,3,False,Wo0t,Team Heretics,chamber,True,95,40,0,8,1,4,False,grubinho,GIANTX,omen,True,100,,0,1,2,6,False,ara,GIANTX,raze,True,100,,0,2,0,2,False,Cloud,GIANTX,fade,True,100,,0,0,0,5,False,Flickless,GIANTX,viper,True,100,25,0,1,0,2,False,westside,GIANTX,cypher,True,100,,0,0,0,2,False
313.680,1344,ACTIVE_ROUND,3,1,1,59.000,,,MiniBoo,Team Heretics,raze,True,100,50,1,2,1,5,False,RieNs,Team Heretics,fade,True,100,50,1,1,0,4,False,Boo,Team Heretics,omen,True,100,50,2,1,1,2,False,benjyfishy,Team Heretics,deadlock,True,100,50,0,0,1,3,False,Wo0t,Team Heretics,chamber,True,95,40,0,8,1,4,False,grubinho,GIANTX,omen,True,100,,0,1,2,6,False,ara,GIANTX,raze,True,100,,0,2,0,2,False,Cloud,GIANTX,fade,True,100,,0,0,0,5,False,Flickless,GIANTX,viper,True,100,25,0,1,0,2,False,westside,GIANTX,cypher,True,100,,0,0,0,2,False
313.914,1345,ACTIVE_ROUND,3,1,1,59.000,,,MiniBoo,Team Heretics,raze,True,100,50,1,2,1,5,False,RieNs,Team Heretics,fade,True,100,50,0,1,0,4,False,Boo,Team Heretics,omen,True,100,50,2,1,1,2,False,benjyfishy,Team Heretics,deadlock,True,100,50,0,0,1,3,False,Wo0t,Team Heretics,chamber,True,95,40,0,8,1,4,False,grubinho,GIANTX,omen,True,100,,0,1,2,6,False,ara,GIANTX,raze,True,100,,0,2,0,2,False,Cloud,GIANTX,fade,True,100,,0,0,0,5,False,Flickless,GIANTX,viper,True,100,25,0,1,0,2,False,westside,GIANTX,cypher,True,100,,0,0,0,2,False
314.147,1346,ACTIVE_ROUND,3,1,1,59.000,,,MiniBoo,Team Heretics,raze,True,100,50,1,2,1,5,False,RieNs,Team Heretics,fade,True,100,50,0,1,0,4,False,Boo,Team Heretics,omen,True,100,50,2,1,1,2,False,benjyfishy,Team Heretics,deadlock,True,100,50,0,0,1,3,False,Wo0t,Team Heretics,chamber,True,95,40,0,8,1,4,False,grubinho,GIANTX,omen,True,100,,0,1,2,6,False,ara,GIANTX,raze,True,100,,0,2,0,2,False,Cloud,GIANTX,fade,True,100,,0,0,0,5,False,Flickless,GIANTX,viper,True,100,25,0,1,0,2,False,westside,GIANTX,cypher,True,100,,0,0,0,2,False
314.381,1347,ACTIVE_ROUND,3,1,1,59.000,,,MiniBoo,Team Heretics,raze,True,100,50,1,2,1,5,False,RieNs,Team Heretics,fade,True,100,50,0,1,0,4,False,Boo,Team Heretics,omen,True,100,50,2,1,1,2,False,benjyfishy,Team Heretics,deadlock,True,100,50,0,0,1,3,False,Wo0t,Team Heretics,chamber,True,95,40,0,8,1,4,False,grubinho,GIANTX,omen,True,100,,0,1,2,6,False,ara,GIANTX,raze,True,100,,0,2,0,2,False,Cloud,GIANTX,fade,True,100,,0,0,0,5,False,Flickless,GIANTX,viper,True,100,25,0,1,0,2,False,westside,GIANTX,cypher,True,100,,0,0,0,2,False
314.614,1348,ACTIVE_ROUND,3,1,1,58.000,,,MiniBoo,Team Heretics,raze,True,100,50,1,2,1,5,False,RieNs,Team Heretics,fade,True,100,50,0,1,0,4,False,Boo,Team Heretics,omen,True,100,50,2,1,1,2,False,benjyfishy,Team Heretics,deadlock,True,100,50,0,0,1,3,False,Wo0t,Team Heretics,chamber,True,95,40,0,8,1,4,False,grubinho,GIANTX,omen,True,100,,0,1,2,6,False,ara,GIANTX,raze,True,100,,0,2,0,2,False,Cloud,GIANTX,fade,True,100,,0,0,0,5,False,Flickless,GIANTX,viper,True,100,25,0,1,0,2,False,westside,GIANTX,cypher,True,100,,0,0,0,2,False
314.848,1349,ACTIVE_ROUND,3,1,1,58.000,,,MiniBoo,Team Heretics,raze,True,100,50,1,2,1,5,False,RieNs,Team Heretics,fade,True,100,50,0,1,1,4,False,Boo,Team Heretics,omen,True,100,50,2,1,1,2,False,benjyfishy,Team Heretics,deadlock,True,100,50,0,0,1,3,False,Wo0t,Team Heretics,chamber,True,95,40,0,8,1,4,False,grubinho,GIANTX,omen,True,100,,0,1,2,6,False,ara,GIANTX,raze,True,100,,0,2,0,2,False,Cloud,GIANTX,fade,True,100,,0,0,0,5,False,Flickless,GIANTX,viper,True,100,25,0,1,0,2,False,westside,GIANTX,cypher,True,100,,0,0,0,2,False
315.081,1350,ACTIVE_ROUND,3,1,1,58.000,,,MiniBoo,Team Heretics,raze,True,100,50,1,2,1,5,False,RieNs,Team Heretics,fade,True,100,50,0,1,1,4,False,Boo,Team Heretics,omen,True,100,50,2,1,1,2,False,benjyfishy,Team Heretics,deadlock,True,100,50,0,0,1,3,False,Wo0t,Team Heretics,chamber,True,95,40,0,8,1,4,False,grubinho,GIANTX,omen,True,100,,0,1,2,6,False,ara,GIANTX,raze,True,100,,0,2,0,2,False,Cloud,GIANTX,fade,True,100,,0,0,0,5,False,Flickless,GIANTX,viper,True,100,25,0,1,0,2,False,westside,GIANTX,cypher,True,100,,0,0,0,2,False
315.315,1351,ACTIVE_ROUND,3,1,1,58.000,,,MiniBoo,Team Heretics,raze,True,100,50,1,2,1,5,False,RieNs,Team Heretics,fade,True,100,50,0,1,1,4,False,Boo,Team Heretics,omen,True,100,50,2,1,1,2,False,benjyfishy,Team Heretics,deadlock,True,100,50,0,0,1,3,False,Wo0t,Team Heretics,chamber,True,95,40,0,8,1,4,False,grubinho,GIANTX,omen,True,100,,0,1,2,6,False,ara,GIANTX,raze,True,100,,0,2,0,2,False,Cloud,GIANTX,fade,True,100,,0,0,0,5,False,Flickless,GIANTX,viper,True,100,25,0,1,0,2,False,westside,GIANTX,cypher,True,100,,0,0,0,2,False
315.549,1352,ACTIVE_ROUND,3,1,1,57.000,,,MiniBoo,Team Heretics,raze,True,100,50,1,2,1,5,False,RieNs,Team Heretics,fade,True,100,50,0,1,1,4,False,Boo,Team Heretics,omen,True,100,50,2,1,1,2,False,benjyfishy,Team Heretics,deadlock,True,100,50,0,0,1,3,False,Wo0t,Team Heretics,chamber,True,95,40,0,8,1,4,False,grubinho,GIANTX,omen,True,100,,0,1,2,6,False,ara,GIANTX,raze,True,100,,0,2,0,2,False,Cloud,GIANTX,fade,True,100,,0,0,0,5,False,Flickless,GIANTX,viper,True,100,25,0,1,0,2,False,westside,GIANTX,cypher,True,100,,0,0,0,2,False
315.782,1353,ACTIVE_ROUND,3,1,1,57.000,,,MiniBoo,Team Heretics,raze,True,100,50,1,2,1,5,False,RieNs,Team Heretics,fade,True,100,50,0,1,1,4,False,Boo,Team Heretics,omen,True,100,50,2,1,1,2,False,benjyfishy,Team Heretics,deadlock,True,100,50,0,0,1,3,False,Wo0t,Team Heretics,chamber,True,95,40,0,8,1,4,False,grubinho,GIANTX,omen,True,100,,0,1,2,6,False,ara,GIANTX,raze,True,100,,0,2,0,2,False,Cloud,GIANTX,fade,True,100,,0,0,0,5,False,Flickless,GIANTX,viper,True,100,25,0,1,0,2,False,westside,GIANTX,cypher,True,100,,0,0,0,2,False
316.016,1354,ACTIVE_ROUND,3,1,1,57.000,,,MiniBoo,Team Heretics,raze,True,100,50,1,2,1,5,False,RieNs,Team Heretics,fade,True,100,50,0,1,1,4,False,Boo,Team Heretics,omen,True,100,50,2,1,1,2,False,benjyfishy,Team Heretics,deadlock,True,100,50,0,0,1,3,False,Wo0t,Team Heretics,chamber,True,95,40,0,8,1,4,False,grubinho,GIANTX,omen,True,100,,0,1,2,6,False,ara,GIANTX,raze,True,100,,0,2,0,2,False,Cloud,GIANTX,fade,True,100,1,0,0,0,5,False,Flickless,GIANTX,viper,True,100,25,0,1,0,2,False,westside,GIANTX,cypher,True,100,,0,0,0,2,False
316.249,1355,ACTIVE_ROUND,3,1,1,57.000,,,MiniBoo,Team Heretics,raze,True,100,50,1,2,1,5,False,RieNs,Team Heretics,fade,True,100,50,0,1,1,4,False,Boo,Team Heretics,omen,True,100,50,2,1,1,2,False,benjyfishy,Team Heretics,deadlock,True,100,50,0,0,1,3,False,Wo0t,Team Heretics,chamber,True,95,40,0,8,1,4,False,grubinho,GIANTX,omen,True,100,,0,1,2,6,False,ara,GIANTX,raze,True,100,,0,2,0,2,False,Cloud,GIANTX,fade,True,100,1,0,0,0,5,False,Flickless,GIANTX,viper,True,100,25,0,1,0,2,False,westside,GIANTX,cypher,True,100,,0,0,0,2,False
316.483,1356,ACTIVE_ROUND,3,1,1,57.000,,,MiniBoo,Team Heretics,raze,True,100,50,1,2,1,5,False,RieNs,Team Heretics,fade,True,100,50,0,1,1,4,False,Boo,Team Heretics,omen,True,100,50,2,1,1,2,False,benjyfishy,Team Heretics,deadlock,True,100,50,0,0,1,3,False,Wo0t,Team Heretics,chamber,True,95,40,0,8,1,4,False,grubinho,GIANTX,omen,True,100,,0,1,2,6,False,ara,GIANTX,raze,True,100,,0,2,0,2,False,Cloud,GIANTX,fade,True,100,1,0,0,0,5,False,Flickless,GIANTX,viper,True,100,25,0,1,0,2,False,westside,GIANTX,cypher,True,100,,0,0,0,2,False
316.716,1357,ACTIVE_ROUND,3,1,1,56.000,,,MiniBoo,Team Heretics,raze,True,100,50,1,2,1,5,False,RieNs,Team Heretics,fade,True,100,50,0,1,1,4,False,Boo,Team Heretics,omen,True,100,50,2,1,1,2,False,benjyfishy,Team Heretics,deadlock,True,100,50,0,0,1,3,False,Wo0t,Team Heretics,chamber,True,95,40,0,8,1,4,False,grubinho,GIANTX,omen,True,100,,0,1,2,6,False,ara,GIANTX,raze,True,100,,0,2,0,2,False,Cloud,GIANTX,fade,True,100,1,0,0,0,5,False,Flickless,GIANTX,viper,True,100,25,0,1,0,2,False,westside,GIANTX,cypher,True,100,,0,0,0,2,False
316.950,1358,ACTIVE_ROUND,3,1,1,56.000,,,MiniBoo,Team Heretics,raze,True,100,50,1,2,1,5,False,RieNs,Team Heretics,fade,True,100,50,0,1,1,4,False,Boo,Team Heretics,omen,True,100,50,2,1,1,2,False,benjyfishy,Team Heretics,deadlock,True,100,50,0,0,1,3,False,Wo0t,Team Heretics,chamber,True,95,40,0,8,1,4,False,grubinho,GIANTX,omen,True,100,,0,1,2,6,False,ara,GIANTX,raze,True,100,,0,2,0,2,False,Cloud,GIANTX,fade,True,100,1,0,0,0,5,False,Flickless,GIANTX,viper,True,100,25,0,1,0,2,False,westside,GIANTX,cypher,True,100,,0,0,0,2,False
317.184,1359,ACTIVE_ROUND,3,1,1,56.000,,,MiniBoo,Team Heretics,raze,True,100,50,1,2,1,5,False,RieNs,Team Heretics,fade,True,100,50,0,1,1,4,False,Boo,Team Heretics,omen,True,100,50,2,1,1,2,False,benjyfishy,Team Heretics,deadlock,True,100,50,0,0,1,3,False,Wo0t,Team Heretics,chamber,True,95,40,0,8,1,4,False,grubinho,GIANTX,omen,True,100,,0,1,2,6,False,ara,GIANTX,raze,True,100,,0,2,0,2,False,Cloud,GIANTX,fade,True,100,1,0,0,0,5,False,Flickless,GIANTX,viper,True,100,25,0,1,0,2,False,westside,GIANTX,cypher,True,100,,0,0,0,2,False
317.417,1360,ACTIVE_ROUND,3,1,1,56.000,,,MiniBoo,Team Heretics,raze,True,100,50,1,2,1,5,False,RieNs,Team Heretics,fade,True,100,50,0,1,1,4,False,Boo,Team Heretics,omen,True,100,50,2,1,1,2,False,benjyfishy,Team Heretics,deadlock,True,100,50,0,0,1,3,False,Wo0t,Team Heretics,chamber,True,95,40,0,8,1,4,False,grubinho,GIANTX,omen,True,100,,0,1,2,6,False,ara,GIANTX,raze,True,100,,0,2,0,2,False,Cloud,GIANTX,fade,True,100,1,0,0,0,5,False,Flickless,GIANTX,viper,True,100,25,0,1,0,2,False,westside,GIANTX,cypher,True,100,,0,0,0,2,False
317.651,1361,ACTIVE_ROUND,3,1,1,55.000,,,MiniBoo,Team Heretics,raze,True,100,50,1,2,1,5,False,RieNs,Team Heretics,fade,True,100,50,0,1,1,4,False,Boo,Team Heretics,omen,True,100,50,2,1,1,2,False,benjyfishy,Team Heretics,deadlock,True,100,50,0,0,1,3,False,Wo0t,Team Heretics,chamber,True,95,40,0,8,1,4,False,grubinho,GIANTX,omen,True,100,,0,1,2,6,False,ara,GIANTX,raze,True,100,,0,2,0,2,False,Cloud,GIANTX,fade,True,100,1,0,0,0,5,False,Flickless,GIANTX,viper,True,100,25,0,1,0,2,False,westside,GIANTX,cypher,True,100,,0,0,0,2,False
317.884,1362,ACTIVE_ROUND,3,1,1,55.000,,,MiniBoo,Team Heretics,raze,True,100,50,1,2,1,5,False,RieNs,Team Heretics,fade,True,100,50,0,1,1,4,False,Boo,Team Heretics,omen,True,100,50,2,1,1,2,False,benjyfishy,Team Heretics,deadlock,True,100,50,0,0,1,3,False,Wo0t,Team Heretics,chamber,True,95,40,0,8,1,4,False,grubinho,GIANTX,omen,True,100,,0,1,2,6,False,ara,GIANTX,raze,True,100,,0,2,0,2,False,Cloud,GIANTX,fade,True,100,1,0,0,0,5,False,Flickless,GIANTX,viper,True,100,25,0,1,0,2,False,westside,GIANTX,cypher,True,100,,0,0,0,2,False
318.118,1363,ACTIVE_ROUND,3,1,1,55.000,,,MiniBoo,Team Heretics,raze,True,100,50,1,2,1,5,False,RieNs,Team Heretics,fade,True,100,50,0,1,1,4,False,Boo,Team Heretics,omen,True,100,50,2,1,1,2,False,benjyfishy,Team Heretics,deadlock,True,100,50,0,0,1,3,False,Wo0t,Team Heretics,chamber,True,95,40,0,8,1,4,False,grubinho,GIANTX,omen,True,100,,0,1,2,6,False,ara,GIANTX,raze,True,100,,0,2,0,2,False,Cloud,GIANTX,fade,True,100,1,0,0,0,5,False,Flickless,GIANTX,viper,True,100,25,0,1,0,2,False,westside,GIANTX,cypher,True,100,,0,0,0,2,False
318.351,1364,ACTIVE_ROUND,3,1,1,55.000,,,MiniBoo,Team Heretics,raze,True,100,50,1,2,1,5,False,RieNs,Team Heretics,fade,True,100,50,0,1,1,4,False,Boo,Team Heretics,omen,True,100,50,2,1,1,2,False,benjyfishy,Team Heretics,deadlock,True,100,50,0,0,1,3,False,Wo0t,Team Heretics,chamber,True,95,40,0,8,1,4,False,grubinho,GIANTX,omen,True,100,,0,1,2,6,False,ara,GIANTX,raze,True,100,,0,2,0,2,False,Cloud,GIANTX,fade,True,100,1,0,0,0,5,False,Flickless,GIANTX,viper,True,100,25,0,1,0,2,False,westside,GIANTX,cypher,True,100,,0,0,0,2,False
318.585,1365,ACTIVE_ROUND,3,1,1,54.000,,,MiniBoo,Team Heretics,raze,True,100,50,1,2,1,5,False,RieNs,Team Heretics,fade,True,100,50,0,1,1,4,False,Boo,Team Heretics,omen,True,100,50,2,1,1,2,False,benjyfishy,Team Heretics,deadlock,True,100,50,0,0,1,3,False,Wo0t,Team Heretics,chamber,True,95,40,0,8,1,4,False,grubinho,GIANTX,omen,True,100,,0,1,2,6,False,ara,GIANTX,raze,True,100,,0,2,0,2,False,Cloud,GIANTX,fade,True,100,1,0,0,0,5,False,Flickless,GIANTX,viper,True,100,25,0,1,0,2,False,westside,GIANTX,cypher,True,100,,0,0,0,2,False
318.819,1366,ACTIVE_ROUND,3,1,1,54.000,,,MiniBoo,Team Heretics,raze,True,100,50,0,2,1,5,False,RieNs,Team Heretics,fade,True,100,50,0,1,1,4,False,Boo,Team Heretics,omen,True,100,50,2,1,1,2,False,benjyfishy,Team Heretics,deadlock,True,100,50,0,0,1,3,False,Wo0t,Team Heretics,chamber,True,95,40,0,8,1,4,False,grubinho,GIANTX,omen,True,100,,0,1,2,6,False,ara,GIANTX,raze,True,100,,0,2,0,2,False,Cloud,GIANTX,fade,True,100,1,0,0,1,5,False,Flickless,GIANTX,viper,True,100,25,0,1,0,2,False,westside,GIANTX,cypher,True,100,,0,0,0,2,False
319.052,1367,ACTIVE_ROUND,3,1,1,54.000,,,MiniBoo,Team Heretics,raze,True,100,50,0,2,1,5,False,RieNs,Team Heretics,fade,True,100,50,0,1,1,4,False,Boo,Team Heretics,omen,True,100,50,2,1,1,2,False,benjyfishy,Team Heretics,deadlock,True,100,50,0,0,1,3,False,Wo0t,Team Heretics,chamber,True,95,40,0,8,1,4,False,grubinho,GIANTX,omen,True,100,,0,1,2,6,False,ara,GIANTX,raze,True,100,,0,2,0,2,False,Cloud,GIANTX,fade,True,100,1,0,0,1,5,False,Flickless,GIANTX,viper,True,100,25,0,1,0,2,False,westside,GIANTX,cypher,True,100,,0,0,0,2,False
319.286,1368,ACTIVE_ROUND,3,1,1,54.000,,,MiniBoo,Team Heretics,raze,True,100,50,0,2,1,5,False,RieNs,Team Heretics,fade,True,100,50,0,1,1,4,False,Boo,Team Heretics,omen,True,100,50,2,1,1,2,False,benjyfishy,Team Heretics,deadlock,True,100,50,0,0,1,3,False,Wo0t,Team Heretics,chamber,True,95,40,0,8,1,4,False,grubinho,GIANTX,omen,True,100,,0,1,2,6,False,ara,GIANTX,raze,True,100,,0,2,0,2,False,Cloud,GIANTX,fade,True,100,1,0,0,1,5,False,Flickless,GIANTX,viper,True,100,25,0,1,0,2,False,westside,GIANTX,cypher,True,100,,0,0,0,2,False
319.519,1369,ACTIVE_ROUND,3,1,1,53.000,,,MiniBoo,Team Heretics,raze,True,100,50,0,2,1,5,False,RieNs,Team Heretics,fade,True,100,50,0,1,1,4,False,Boo,Team Heretics,omen,True,100,50,2,1,1,2,False,benjyfishy,Team Heretics,deadlock,True,100,50,0,0,1,3,False,Wo0t,Team Heretics,chamber,True,95,40,0,8,1,4,False,grubinho,GIANTX,omen,True,100,,0,1,2,6,False,ara,GIANTX,raze,True,100,,0,2,0,2,False,Cloud,GIANTX,fade,True,100,1,0,0,1,5,False,Flickless,GIANTX,viper,True,100,25,0,1,0,2,False,westside,GIANTX,cypher,True,100,,0,0,0,2,False
319.753,1370,ACTIVE_ROUND,3,1,1,53.000,,,MiniBoo,Team Heretics,raze,True,100,50,0,2,1,5,False,RieNs,Team Heretics,fade,True,100,50,0,1,1,4,False,Boo,Team Heretics,omen,True,100,50,2,1,1,2,False,benjyfishy,Team Heretics,deadlock,True,100,50,0,0,1,3,False,Wo0t,Team Heretics,chamber,True,95,40,0,8,1,4,False,grubinho,GIANTX,omen,True,100,,0,1,2,6,False,ara,GIANTX,raze,True,100,,0,2,0,2,False,Cloud,GIANTX,fade,True,100,1,0,0,1,5,False,Flickless,GIANTX,viper,True,100,25,0,1,0,2,False,westside,GIANTX,cypher,True,100,,0,0,0,2,False
319.986,1371,ACTIVE_ROUND,3,1,1,53.000,,,MiniBoo,Team Heretics,raze,True,100,50,0,2,1,5,False,RieNs,Team Heretics,fade,True,100,50,0,1,1,4,False,Boo,Team Heretics,omen,True,100,50,2,1,1,2,False,benjyfishy,Team Heretics,deadlock,True,100,50,0,0,1,3,False,Wo0t,Team Heretics,chamber,True,95,40,0,8,1,4,False,grubinho,GIANTX,omen,True,100,,0,1,2,6,False,ara,GIANTX,raze,True,100,,0,2,0,2,False,Cloud,GIANTX,fade,True,100,1,0,0,1,5,False,Flickless,GIANTX,viper,True,100,25,0,1,0,2,False,westside,GIANTX,cypher,True,100,,0,0,0,2,False
320.220,1372,ACTIVE_ROUND,3,1,1,53.000,,,MiniBoo,Team Heretics,raze,True,100,50,0,2,1,5,False,RieNs,Team Heretics,fade,True,100,50,0,1,1,4,False,Boo,Team Heretics,omen,True,100,50,2,1,1,2,False,benjyfishy,Team Heretics,deadlock,True,100,50,0,0,1,3,False,Wo0t,Team Heretics,chamber,True,95,40,0,8,1,4,False,grubinho,GIANTX,omen,True,100,,0,1,2,6,False,ara,GIANTX,raze,True,100,,0,2,0,2,False,Cloud,GIANTX,fade,True,100,1,0,0,1,5,False,Flickless,GIANTX,viper,True,100,25,0,1,0,2,False,westside,GIANTX,cypher,True,100,,0,0,0,2,False
320.453,1373,ACTIVE_ROUND,3,1,1,53.000,,,MiniBoo,Team Heretics,raze,True,100,50,0,2,1,5,False,RieNs,Team Heretics,fade,True,100,50,0,1,1,4,False,Boo,Team Heretics,omen,True,100,50,2,1,1,2,False,benjyfishy,Team Heretics,deadlock,True,100,50,0,0,1,3,False,Wo0t,Team Heretics,chamber,True,95,40,0,8,1,4,False,grubinho,GIANTX,omen,True,100,,0,1,2,6,False,ara,GIANTX,raze,True,100,,0,2,0,2,False,Cloud,GIANTX,fade,True,100,1,0,0,1,5,False,Flickless,GIANTX,viper,True,100,25,0,1,0,2,False,westside,GIANTX,cypher,True,100,,0,0,0,2,False
320.687,1374,ACTIVE_ROUND,3,1,1,52.000,,,MiniBoo,Team Heretics,raze,True,100,50,0,2,1,5,False,RieNs,Team Heretics,fade,True,100,50,0,1,1,4,False,Boo,Team Heretics,omen,True,100,50,2,1,1,2,False,benjyfishy,Team Heretics,deadlock,True,100,50,0,0,1,3,False,Wo0t,Team Heretics,chamber,True,95,40,0,8,1,4,False,grubinho,GIANTX,omen,True,100,,0,1,2,6,False,ara,GIANTX,raze,True,100,,0,2,0,2,False,Cloud,GIANTX,fade,True,100,1,0,0,1,5,False,Flickless,GIANTX,viper,True,100,25,0,1,0,2,False,westside,GIANTX,cypher,True,100,,0,0,0,2,False
320.921,1375,ACTIVE_ROUND,3,1,1,52.000,,,MiniBoo,Team Heretics,raze,True,100,50,0,2,1,5,False,RieNs,Team Heretics,fade,True,100,50,0,1,1,4,False,Boo,Team Heretics,omen,True,100,50,1,1,1,2,False,benjyfishy,Team Heretics,deadlock,True,100,50,0,0,1,3,False,Wo0t,Team Heretics,chamber,True,95,40,0,8,1,4,False,grubinho,GIANTX,omen,True,100,,0,1,2,6,False,ara,GIANTX,raze,True,100,,0,2,0,2,False,Cloud,GIANTX,fade,True,100,1,0,0,1,5,False,Flickless,GIANTX,viper,True,100,25,0,1,0,2,False,westside,GIANTX,cypher,True,100,,0,0,0,2,False
321.154,1376,ACTIVE_ROUND,3,1,1,52.000,,,MiniBoo,Team Heretics,raze,True,100,50,0,2,1,5,False,RieNs,Team Heretics,fade,True,100,50,0,1,1,4,False,Boo,Team Heretics,omen,True,100,50,1,1,1,2,False,benjyfishy,Team Heretics,deadlock,True,100,50,0,0,1,3,False,Wo0t,Team Heretics,chamber,True,95,40,0,8,1,4,False,grubinho,GIANTX,omen,True,100,,0,1,2,6,False,ara,GIANTX,raze,True,100,,0,2,0,2,False,Cloud,GIANTX,fade,True,100,1,0,0,1,5,False,Flickless,GIANTX,viper,True,100,25,0,1,0,2,False,westside,GIANTX,cypher,True,100,,0,0,0,2,False
321.388,1377,ACTIVE_ROUND,3,1,1,52.000,,,MiniBoo,Team Heretics,raze,True,100,50,0,2,1,5,False,RieNs,Team Heretics,fade,True,100,50,0,1,1,4,False,Boo,Team Heretics,omen,True,100,50,1,1,1,2,False,benjyfishy,Team Heretics,deadlock,True,100,50,0,0,1,3,False,Wo0t,Team Heretics,chamber,True,95,40,0,8,1,4,False,grubinho,GIANTX,omen,True,100,,0,1,2,6,False,ara,GIANTX,raze,True,100,,0,2,0,2,False,Cloud,GIANTX,fade,True,100,1,0,0,1,5,False,Flickless,GIANTX,viper,True,100,25,0,1,0,2,False,westside,GIANTX,cypher,True,100,,0,0,0,2,False
321.621,1378,ACTIVE_ROUND,3,1,1,51.000,,,MiniBoo,Team Heretics,raze,True,100,50,0,2,1,5,False,RieNs,Team Heretics,fade,True,100,50,0,1,1,4,False,Boo,Team Heretics,omen,True,100,50,1,1,1,2,False,benjyfishy,Team Heretics,deadlock,True,100,50,0,0,1,3,False,Wo0t,Team Heretics,chamber,True,95,40,0,8,1,4,False,grubinho,GIANTX,omen,True,100,,0,1,2,6,False,ara,GIANTX,raze,True,100,,0,2,0,2,False,Cloud,GIANTX,fade,True,100,1,0,0,1,5,False,Flickless,GIANTX,viper,True,100,25,0,1,0,2,False,westside,GIANTX,cypher,True,100,,0,0,0,2,False
321.855,1379,ACTIVE_ROUND,3,1,1,51.000,,,MiniBoo,Team Heretics,raze,True,100,50,0,2,1,5,False,RieNs,Team Heretics,fade,True,100,50,0,1,1,4,False,Boo,Team Heretics,omen,True,100,50,1,1,1,2,False,benjyfishy,Team Heretics,deadlock,True,100,50,0,0,1,3,False,Wo0t,Team Heretics,chamber,True,95,40,0,8,1,4,False,grubinho,GIANTX,omen,True,100,,0,1,2,6,False,ara,GIANTX,raze,True,100,,0,2,0,2,False,Cloud,GIANTX,fade,True,100,1,0,0,1,5,False,Flickless,GIANTX,viper,True,100,25,0,1,0,2,False,westside,GIANTX,cypher,True,100,,0,0,0,2,False
322.088,1380,ACTIVE_ROUND,3,1,1,51.000,,,MiniBoo,Team Heretics,raze,True,100,50,0,2,1,5,False,RieNs,Team Heretics,fade,True,100,50,0,1,1,4,False,Boo,Team Heretics,omen,True,100,50,1,1,1,2,False,benjyfishy,Team Heretics,deadlock,True,100,50,0,0,1,3,False,Wo0t,Team Heretics,chamber,True,95,40,0,8,1,4,False,grubinho,GIANTX,omen,True,100,,0,1,2,6,False,ara,GIANTX,raze,True,100,,0,2,0,2,False,Cloud,GIANTX,fade,True,100,1,0,0,1,5,False,Flickless,GIANTX,viper,True,100,25,0,1,0,2,False,westside,GIANTX,cypher,True,100,,0,0,0,2,False
322.322,1381,ACTIVE_ROUND,3,1,1,51.000,,,MiniBoo,Team Heretics,raze,True,100,50,0,2,1,5,False,RieNs,Team Heretics,fade,True,100,50,0,1,1,4,False,Boo,Team Heretics,omen,True,100,50,1,1,1,2,False,benjyfishy,Team Heretics,deadlock,True,100,50,0,0,1,3,False,Wo0t,Team Heretics,chamber,True,95,40,0,8,1,4,False,grubinho,GIANTX,omen,True,100,,0,1,2,6,False,ara,GIANTX,raze,True,100,,0,2,0,2,False,Cloud,GIANTX,fade,True,100,1,0,0,1,5,False,Flickless,GIANTX,viper,True,100,25,0,1,0,2,False,westside,GIANTX,cypher,True,100,,0,0,0,2,False
322.556,1382,ACTIVE_ROUND,3,1,1,50.000,,,MiniBoo,Team Heretics,raze,True,100,50,0,2,1,5,False,RieNs,Team Heretics,fade,True,100,50,0,1,1,4,False,Boo,Team Heretics,omen,True,100,50,1,1,1,2,False,benjyfishy,Team Heretics,deadlock,True,100,50,0,0,1,3,False,Wo0t,Team Heretics,chamber,True,95,40,0,8,1,4,False,grubinho,GIANTX,omen,True,100,,0,1,2,6,False,ara,GIANTX,raze,True,100,,0,2,0,2,False,Cloud,GIANTX,fade,True,100,1,0,0,1,5,False,Flickless,GIANTX,viper,True,100,25,0,1,0,2,False,westside,GIANTX,cypher,True,100,,0,0,0,2,False
322.789,1383,ACTIVE_ROUND,3,1,1,50.000,,,MiniBoo,Team Heretics,raze,True,100,50,0,2,1,5,False,RieNs,Team Heretics,fade,True,100,50,0,1,1,4,False,Boo,Team Heretics,omen,True,100,50,1,1,0,2,False,benjyfishy,Team Heretics,deadlock,True,100,50,0,0,1,3,False,Wo0t,Team Heretics,chamber,True,95,40,0,8,1,4,False,grubinho,GIANTX,omen,True,100,,0,1,1,6,False,ara,GIANTX,raze,True,100,,0,2,0,2,False,Cloud,GIANTX,fade,True,100,1,0,0,1,5,False,Flickless,GIANTX,viper,True,100,25,0,1,0,2,False,westside,GIANTX,cypher,True,100,,0,0,0,2,False
323.023,1384,ACTIVE_ROUND,3,1,1,50.000,,,MiniBoo,Team Heretics,raze,True,100,50,0,2,1,5,False,RieNs,Team Heretics,fade,True,100,50,0,1,1,4,False,Boo,Team Heretics,omen,True,100,50,1,1,0,2,False,benjyfishy,Team Heretics,deadlock,True,100,50,0,0,1,3,False,Wo0t,Team Heretics,chamber,True,95,40,0,8,1,4,False,grubinho,GIANTX,omen,True,100,,0,1,1,6,False,ara,GIANTX,raze,True,100,,0,2,0,2,False,Cloud,GIANTX,fade,True,100,1,0,0,1,5,False,Flickless,GIANTX,viper,True,100,25,0,1,0,2,False,westside,GIANTX,cypher,True,100,,0,0,0,2,False
323.256,1385,ACTIVE_ROUND,3,1,1,50.000,,,MiniBoo,Team Heretics,raze,True,100,50,0,2,1,5,False,RieNs,Team Heretics,fade,True,100,50,0,1,1,4,False,Boo,Team Heretics,omen,True,100,50,1,1,0,2,False,benjyfishy,Team Heretics,deadlock,True,100,50,0,0,1,3,False,Wo0t,Team Heretics,chamber,True,95,40,0,8,1,4,False,grubinho,GIANTX,omen,True,100,,0,1,1,6,False,ara,GIANTX,raze,True,100,,0,2,0,2,False,Cloud,GIANTX,fade,True,100,1,0,0,1,5,False,Flickless,GIANTX,viper,True,100,25,0,1,0,2,False,westside,GIANTX,cypher,True,100,,0,0,0,2,False
323.490,1386,ACTIVE_ROUND,3,1,1,50.000,,,MiniBoo,Team Heretics,raze,True,100,50,0,2,1,5,False,RieNs,Team Heretics,fade,True,100,50,0,1,1,4,False,Boo,Team Heretics,omen,True,100,50,1,1,0,2,False,benjyfishy,Team Heretics,deadlock,True,100,50,0,0,1,3,False,Wo0t,Team Heretics,chamber,True,95,40,0,8,1,4,False,grubinho,GIANTX,omen,True,100,,0,1,1,6,False,ara,GIANTX,raze,True,100,,0,2,0,2,False,Cloud,GIANTX,fade,True,100,1,0,0,1,5,False,Flickless,GIANTX,viper,True,100,25,0,1,0,2,False,westside,GIANTX,cypher,True,100,,0,0,0,2,False
323.723,1387,ACTIVE_ROUND,3,1,1,49.000,,,MiniBoo,Team Heretics,raze,True,100,50,0,2,1,5,False,RieNs,Team Heretics,fade,True,100,50,0,1,1,4,False,Boo,Team Heretics,omen,True,100,50,1,1,0,2,False,benjyfishy,Team Heretics,deadlock,True,100,50,0,0,1,3,False,Wo0t,Team Heretics,chamber,True,95,40,0,8,1,4,False,grubinho,GIANTX,omen,True,100,,0,1,1,6,False,ara,GIANTX,raze,True,100,,0,2,0,2,False,Cloud,GIANTX,fade,True,100,1,0,0,1,5,False,Flickless,GIANTX,viper,True,100,25,0,1,0,2,False,westside,GIANTX,cypher,True,100,,0,0,0,2,False
323.957,1388,ACTIVE_ROUND,3,1,1,49.000,,,MiniBoo,Team Heretics,raze,True,100,50,0,2,1,5,False,RieNs,Team Heretics,fade,True,100,50,0,1,1,4,False,Boo,Team Heretics,omen,True,100,50,1,1,0,2,False,benjyfishy,Team Heretics,deadlock,True,100,50,0,0,1,3,False,Wo0t,Team Heretics,chamber,True,95,40,0,8,1,4,False,grubinho,GIANTX,omen,True,100,,0,1,1,6,False,ara,GIANTX,raze,True,100,,0,2,0,2,False,Cloud,GIANTX,fade,True,100,1,0,0,1,5,False,Flickless,GIANTX,viper,True,100,25,0,1,0,2,False,westside,GIANTX,cypher,True,100,,0,0,0,2,False
324.191,1389,ACTIVE_ROUND,3,1,1,49.000,,,MiniBoo,Team Heretics,raze,True,100,50,0,2,1,5,False,RieNs,Team Heretics,fade,True,100,50,0,1,1,4,False,Boo,Team Heretics,omen,True,100,50,1,1,0,2,False,benjyfishy,Team Heretics,deadlock,True,100,50,0,0,1,3,False,Wo0t,Team Heretics,chamber,True,95,40,0,8,1,4,False,grubinho,GIANTX,omen,True,100,,0,1,1,6,False,ara,GIANTX,raze,True,100,,0,2,0,2,False,Cloud,GIANTX,fade,True,100,1,0,0,1,5,False,Flickless,GIANTX,viper,True,100,25,0,1,0,2,False,westside,GIANTX,cypher,True,100,,0,0,0,2,False
324.424,1390,ACTIVE_ROUND,3,1,1,49.000,,,MiniBoo,Team Heretics,raze,True,100,50,0,2,1,5,False,RieNs,Team Heretics,fade,True,100,50,0,1,1,4,False,Boo,Team Heretics,omen,True,100,50,1,1,0,2,False,benjyfishy,Team Heretics,deadlock,True,100,50,0,0,1,3,False,Wo0t,Team Heretics,chamber,True,95,40,0,8,1,4,False,grubinho,GIANTX,omen,True,100,,0,1,1,6,False,ara,GIANTX,raze,True,100,,0,2,0,2,False,Cloud,GIANTX,fade,True,100,1,0,0,1,5,False,Flickless,GIANTX,viper,True,100,25,0,1,0,2,False,westside,GIANTX,cypher,True,100,,0,0,0,2,False
324.658,1391,ACTIVE_ROUND,3,1,1,48.000,,,MiniBoo,Team Heretics,raze,True,100,50,0,2,1,5,False,RieNs,Team Heretics,fade,True,100,50,0,1,1,4,False,Boo,Team Heretics,omen,True,100,50,1,1,0,2,False,benjyfishy,Team Heretics,deadlock,True,100,50,0,0,1,3,False,Wo0t,Team Heretics,chamber,True,95,40,0,8,1,4,False,grubinho,GIANTX,omen,True,100,,0,1,1,6,False,ara,GIANTX,raze,True,100,,0,2,0,2,False,Cloud,GIANTX,fade,True,100,1,0,0,1,5,False,Flickless,GIANTX,viper,True,100,25,0,1,0,2,False,westside,GIANTX,cypher,True,100,,0,0,0,2,False
324.891,1392,ACTIVE_ROUND,3,1,1,48.000,,,MiniBoo,Team Heretics,raze,True,100,50,0,2,1,5,False,RieNs,Team Heretics,fade,True,100,50,0,1,0,4,False,Boo,Team Heretics,omen,True,100,50,1,1,0,2,False,benjyfishy,Team Heretics,deadlock,True,100,50,0,0,1,3,False,Wo0t,Team Heretics,chamber,True,95,40,0,8,1,4,False,grubinho,GIANTX,omen,True,100,,0,1,1,6,False,ara,GIANTX,raze,True,100,,0,2,0,2,False,Cloud,GIANTX,fade,True,100,1,0,0,0,5,False,Flickless,GIANTX,viper,True,100,25,0,1,0,2,False,westside,GIANTX,cypher,True,100,,0,0,0,2,False
325.125,1393,ACTIVE_ROUND,3,1,1,48.000,,,MiniBoo,Team Heretics,raze,True,100,50,0,2,1,5,False,RieNs,Team Heretics,fade,True,100,50,0,1,0,4,False,Boo,Team Heretics,omen,True,100,50,1,1,0,2,False,benjyfishy,Team Heretics,deadlock,True,100,50,0,0,1,3,False,Wo0t,Team Heretics,chamber,True,95,40,0,8,1,4,False,grubinho,GIANTX,omen,True,100,,0,1,1,6,False,ara,GIANTX,raze,True,100,,0,2,0,2,False,Cloud,GIANTX,fade,True,100,1,0,0,0,5,False,Flickless,GIANTX,viper,True,100,25,0,1,0,2,False,westside,GIANTX,cypher,True,100,,0,0,0,2,False
325.358,1394,ACTIVE_ROUND,3,1,1,48.000,,,MiniBoo,Team Heretics,raze,True,100,50,0,2,1,5,False,RieNs,Team Heretics,fade,True,100,50,0,1,0,4,False,Boo,Team Heretics,omen,True,100,50,1,1,0,2,False,benjyfishy,Team Heretics,deadlock,True,100,50,0,0,1,3,False,Wo0t,Team Heretics,chamber,True,95,40,0,8,1,4,False,grubinho,GIANTX,omen,True,100,,0,1,1,6,False,ara,GIANTX,raze,True,100,,0,2,0,2,False,Cloud,GIANTX,fade,True,100,1,0,0,0,5,False,Flickless,GIANTX,viper,True,100,25,0,1,0,2,False,westside,GIANTX,cypher,True,100,,0,0,0,2,False
325.592,1395,ACTIVE_ROUND,3,1,1,47.000,,,MiniBoo,Team Heretics,raze,True,100,50,0,2,1,5,False,RieNs,Team Heretics,fade,True,100,50,0,1,0,4,False,Boo,Team Heretics,omen,True,100,50,1,1,0,2,False,benjyfishy,Team Heretics,deadlock,True,100,50,0,0,1,3,False,Wo0t,Team Heretics,chamber,True,95,40,0,8,1,4,False,grubinho,GIANTX,omen,True,100,,0,1,1,6,False,ara,GIANTX,raze,True,100,,0,2,0,2,False,Cloud,GIANTX,fade,True,100,1,0,0,0,5,False,Flickless,GIANTX,viper,True,100,25,0,1,0,2,False,westside,GIANTX,cypher,True,100,,0,0,0,2,False
325.826,1396,ACTIVE_ROUND,3,1,1,47.000,,,MiniBoo,Team Heretics,raze,True,100,50,0,2,1,5,False,RieNs,Team Heretics,fade,True,100,50,0,1,0,4,False,Boo,Team Heretics,omen,True,100,50,1,1,0,2,False,benjyfishy,Team Heretics,deadlock,True,100,50,0,0,1,3,False,Wo0t,Team Heretics,chamber,True,95,40,0,8,1,4,False,grubinho,GIANTX,omen,True,100,,0,1,0,6,False,ara,GIANTX,raze,True,100,,0,2,0,2,False,Cloud,GIANTX,fade,True,100,1,0,0,0,5,False,Flickless,GIANTX,viper,True,100,25,0,1,0,2,False,westside,GIANTX,cypher,True,100,,0,0,0,2,False
326.059,1397,ACTIVE_ROUND,3,1,1,47.000,,,MiniBoo,Team Heretics,raze,True,100,50,0,2,1,5,False,RieNs,Team Heretics,fade,True,100,50,0,1,0,4,False,Boo,Team Heretics,omen,True,100,50,1,1,0,2,False,benjyfishy,Team Heretics,deadlock,True,100,50,0,0,1,3,False,Wo0t,Team Heretics,chamber,True,95,40,0,8,1,4,False,grubinho,GIANTX,omen,True,100,,0,1,0,6,False,ara,GIANTX,raze,True,100,,0,2,0,2,False,Cloud,GIANTX,fade,True,100,1,0,0,0,5,False,Flickless,GIANTX,viper,True,100,25,0,1,0,2,False,westside,GIANTX,cypher,True,100,,0,0,0,2,False
326.293,1398,ACTIVE_ROUND,3,1,1,47.000,,,MiniBoo,Team Heretics,raze,True,100,50,0,2,1,5,False,RieNs,Team Heretics,fade,True,100,50,0,1,0,4,False,Boo,Team Heretics,omen,True,100,50,1,1,0,2,False,benjyfishy,Team Heretics,deadlock,True,100,50,0,0,1,3,False,Wo0t,Team Heretics,chamber,True,95,40,0,8,1,4,False,grubinho,GIANTX,omen,True,100,,0,1,0,6,False,ara,GIANTX,raze,True,100,,0,2,0,2,False,Cloud,GIANTX,fade,True,100,1,0,0,0,5,False,Flickless,GIANTX,viper,True,100,25,0,1,0,2,False,westside,GIANTX,cypher,True,100,,0,0,0,2,False
326.526,1399,ACTIVE_ROUND,3,1,1,46.000,,,MiniBoo,Team Heretics,raze,True,100,50,0,2,1,5,False,RieNs,Team Heretics,fade,True,100,50,0,1,0,4,False,Boo,Team Heretics,omen,True,100,50,1,1,0,2,False,benjyfishy,Team Heretics,deadlock,True,100,50,0,0,1,3,False,Wo0t,Team Heretics,chamber,True,95,40,0,8,1,4,False,grubinho,GIANTX,omen,True,100,,0,1,0,6,False,ara,GIANTX,raze,True,100,,0,2,0,2,False,Cloud,GIANTX,fade,True,100,1,0,0,0,5,False,Flickless,GIANTX,viper,True,100,25,0,1,0,2,False,westside,GIANTX,cypher,True,100,,0,0,0,2,False
326.760,1400,ACTIVE_ROUND,3,1,1,46.000,,,MiniBoo,Team Heretics,raze,True,100,50,0,2,1,5,False,RieNs,Team Heretics,fade,True,100,50,0,1,0,4,False,Boo,Team Heretics,omen,True,100,50,1,1,0,2,False,benjyfishy,Team Heretics,deadlock,True,100,50,0,0,1,3,False,Wo0t,Team Heretics,chamber,True,95,40,0,8,1,4,False,grubinho,GIANTX,omen,True,100,,0,1,0,6,False,ara,GIANTX,raze,True,100,,0,2,0,2,False,Cloud,GIANTX,fade,True,100,1,0,0,0,5,False,Flickless,GIANTX,viper,True,100,25,0,1,0,2,False,westside,GIANTX,cypher,True,100,,0,0,0,2,False
326.993,1401,ACTIVE_ROUND,3,1,1,46.000,,,MiniBoo,Team Heretics,raze,True,100,50,0,2,1,5,False,RieNs,Team Heretics,fade,True,100,50,0,1,0,4,False,Boo,Team Heretics,omen,True,100,50,1,1,0,2,False,benjyfishy,Team Heretics,deadlock,True,100,50,0,0,1,3,False,Wo0t,Team Heretics,chamber,True,95,40,0,8,1,4,False,grubinho,GIANTX,omen,True,100,,0,1,0,6,False,ara,GIANTX,raze,True,100,,0,2,0,2,False,Cloud,GIANTX,fade,True,100,1,0,0,0,5,False,Flickless,GIANTX,viper,True,100,25,0,1,0,2,False,westside,GIANTX,cypher,True,100,,0,0,0,2,False
327.227,1402,ACTIVE_ROUND,3,1,1,46.000,,,MiniBoo,Team Heretics,raze,True,100,50,0,2,1,5,False,RieNs,Team Heretics,fade,True,100,50,0,1,0,4,False,Boo,Team Heretics,omen,True,100,50,1,1,0,2,False,benjyfishy,Team Heretics,deadlock,True,100,50,0,0,1,3,False,Wo0t,Team Heretics,chamber,True,95,40,0,8,1,4,False,grubinho,GIANTX,omen,True,100,,0,1,0,6,False,ara,GIANTX,raze,True,100,,0,2,0,2,False,Cloud,GIANTX,fade,True,100,1,0,0,0,5,False,Flickless,GIANTX,viper,True,100,25,0,1,0,2,False,westside,GIANTX,cypher,True,100,,0,0,0,2,False
327.460,1403,ACTIVE_ROUND,3,1,1,46.000,,,MiniBoo,Team Heretics,raze,True,100,50,0,2,1,5,False,RieNs,Team Heretics,fade,True,100,50,0,1,0,4,False,Boo,Team Heretics,omen,True,100,50,1,1,0,2,False,benjyfishy,Team Heretics,deadlock,True,100,50,0,0,1,3,False,Wo0t,Team Heretics,chamber,True,95,40,0,8,1,4,False,grubinho,GIANTX,omen,True,100,,0,1,0,6,False,ara,GIANTX,raze,True,100,,0,2,0,2,False,Cloud,GIANTX,fade,True,100,1,0,0,0,5,False,Flickless,GIANTX,viper,True,100,25,0,1,0,2,False,westside,GIANTX,cypher,True,100,,0,0,0,2,False
327.694,1404,ACTIVE_ROUND,3,1,1,45.000,,,MiniBoo,Team Heretics,raze,True,100,50,0,2,1,5,False,RieNs,Team Heretics,fade,True,100,50,0,1,0,4,False,Boo,Team Heretics,omen,True,100,50,1,1,0,2,False,benjyfishy,Team Heretics,deadlock,True,100,50,0,0,1,3,False,Wo0t,Team Heretics,chamber,True,95,40,0,8,1,4,False,grubinho,GIANTX,omen,True,100,,0,1,0,6,False,ara,GIANTX,raze,True,100,,0,2,0,2,False,Cloud,GIANTX,fade,True,100,1,0,0,0,5,False,Flickless,GIANTX,viper,True,100,25,0,1,0,2,False,westside,GIANTX,cypher,True,100,,0,0,0,2,False
327.928,1405,ACTIVE_ROUND,3,1,1,45.000,,,MiniBoo,Team Heretics,raze,True,100,50,0,2,1,5,False,RieNs,Team Heretics,fade,True,100,50,0,1,0,4,False,Boo,Team Heretics,omen,True,100,50,1,1,0,2,False,benjyfishy,Team Heretics,deadlock,True,100,50,0,0,1,3,False,Wo0t,Team Heretics,chamber,True,95,40,0,8,1,4,False,grubinho,GIANTX,omen,True,100,,0,0,0,6,False,ara,GIANTX,raze,True,100,,0,1,0,2,False,Cloud,GIANTX,fade,True,100,1,0,0,0,5,False,Flickless,GIANTX,viper,True,100,25,0,1,0,2,False,westside,GIANTX,cypher,True,100,,0,0,0,2,False
328.161,1406,ACTIVE_ROUND,3,1,1,45.000,,,MiniBoo,Team Heretics,raze,True,100,50,0,2,1,5,False,RieNs,Team Heretics,fade,True,100,50,0,1,0,4,False,Boo,Team Heretics,omen,True,100,50,1,1,0,2,False,benjyfishy,Team Heretics,deadlock,True,100,50,0,0,1,3,False,Wo0t,Team Heretics,chamber,True,95,40,0,8,1,4,False,grubinho,GIANTX,omen,True,100,,0,0,0,6,False,ara,GIANTX,raze,True,100,,0,1,0,2,False,Cloud,GIANTX,fade,True,100,1,0,0,0,5,False,Flickless,GIANTX,viper,True,100,25,0,1,0,2,False,westside,GIANTX,cypher,True,100,,0,0,0,2,False
328.395,1407,ACTIVE_ROUND,3,1,1,45.000,,,MiniBoo,Team Heretics,raze,True,100,50,0,2,1,5,False,RieNs,Team Heretics,fade,True,100,50,0,1,0,4,False,Boo,Team Heretics,omen,True,100,50,1,1,0,2,False,benjyfishy,Team Heretics,deadlock,True,100,50,0,0,1,3,False,Wo0t,Team Heretics,chamber,True,95,40,0,8,1,4,False,grubinho,GIANTX,omen,True,100,,0,0,0,6,False,ara,GIANTX,raze,True,100,,0,1,0,2,False,Cloud,GIANTX,fade,True,100,1,0,0,0,5,False,Flickless,GIANTX,viper,True,100,25,0,1,0,2,False,westside,GIANTX,cypher,True,100,,0,0,0,2,False
328.628,1408,ACTIVE_ROUND,3,1,1,44.000,,,MiniBoo,Team Heretics,raze,True,100,50,0,2,1,5,False,RieNs,Team Heretics,fade,True,100,50,0,1,0,4,False,Boo,Team Heretics,omen,True,100,50,1,1,0,2,False,benjyfishy,Team Heretics,deadlock,True,100,50,0,0,1,3,False,Wo0t,Team Heretics,chamber,True,95,40,0,8,1,4,False,grubinho,GIANTX,omen,True,100,,0,0,0,6,False,ara,GIANTX,raze,True,100,,0,1,0,2,False,Cloud,GIANTX,fade,True,100,1,0,0,0,5,False,Flickless,GIANTX,viper,True,100,25,0,1,0,2,False,westside,GIANTX,cypher,True,100,,0,0,0,2,False
328.862,1409,ACTIVE_ROUND,3,1,1,44.000,,,MiniBoo,Team Heretics,raze,True,100,50,0,2,1,5,False,RieNs,Team Heretics,fade,True,100,50,0,1,0,4,False,Boo,Team Heretics,omen,True,100,50,1,1,0,2,False,benjyfishy,Team Heretics,deadlock,True,100,50,0,0,1,3,False,Wo0t,Team Heretics,chamber,True,95,40,0,8,1,4,False,grubinho,GIANTX,omen,True,100,,0,0,0,6,False,ara,GIANTX,raze,True,100,,0,1,0,2,False,Cloud,GIANTX,fade,True,100,1,0,0,0,5,False,Flickless,GIANTX,viper,True,100,25,0,1,0,2,False,westside,GIANTX,cypher,True,100,,0,0,0,2,False
329.095,1410,ACTIVE_ROUND,3,1,1,44.000,,,MiniBoo,Team Heretics,raze,True,100,50,0,2,1,5,False,RieNs,Team Heretics,fade,True,100,50,0,1,0,4,False,Boo,Team Heretics,omen,True,100,50,1,1,0,2,False,benjyfishy,Team Heretics,deadlock,True,100,50,0,0,1,3,False,Wo0t,Team Heretics,chamber,True,95,40,0,8,1,4,False,grubinho,GIANTX,omen,True,100,,0,0,0,6,False,ara,GIANTX,raze,True,100,,0,1,0,2,False,Cloud,GIANTX,fade,True,100,1,0,0,0,5,False,Flickless,GIANTX,viper,True,100,25,0,1,0,2,False,westside,GIANTX,cypher,True,100,,0,0,0,2,False
329.329,1411,ACTIVE_ROUND,3,1,1,44.000,,,MiniBoo,Team Heretics,raze,True,100,50,0,2,1,5,False,RieNs,Team Heretics,fade,True,100,50,0,1,0,4,False,Boo,Team Heretics,omen,True,100,50,1,1,0,2,False,benjyfishy,Team Heretics,deadlock,True,100,50,0,0,1,3,False,Wo0t,Team Heretics,chamber,True,95,40,0,8,1,4,False,grubinho,GIANTX,omen,True,100,,0,0,0,6,False,ara,GIANTX,raze,True,100,,0,1,0,2,False,Cloud,GIANTX,fade,True,100,1,0,0,0,5,False,Flickless,GIANTX,viper,True,100,25,0,1,0,2,False,westside,GIANTX,cypher,True,100,,0,0,0,2,False
329.563,1412,ACTIVE_ROUND,3,1,1,43.000,,,MiniBoo,Team Heretics,raze,True,100,50,0,2,1,5,False,RieNs,Team Heretics,fade,True,100,50,0,1,0,4,False,Boo,Team Heretics,omen,True,100,50,1,1,0,2,False,benjyfishy,Team Heretics,deadlock,True,100,50,0,0,1,3,False,Wo0t,Team Heretics,chamber,True,95,40,0,8,1,4,False,grubinho,GIANTX,omen,True,100,,0,0,0,6,False,ara,GIANTX,raze,True,100,,0,1,0,2,False,Cloud,GIANTX,fade,True,100,1,0,0,0,5,False,Flickless,GIANTX,viper,True,100,25,0,1,0,2,False,westside,GIANTX,cypher,True,100,,0,0,0,2,False
329.796,1413,ACTIVE_ROUND,3,1,1,43.000,,,MiniBoo,Team Heretics,raze,True,100,50,0,2,1,5,False,RieNs,Team Heretics,fade,True,100,50,0,1,0,4,False,Boo,Team Heretics,omen,True,100,50,1,1,0,2,False,benjyfishy,Team Heretics,deadlock,True,100,50,0,0,1,3,False,Wo0t,Team Heretics,chamber,True,95,40,0,8,1,4,False,grubinho,GIANTX,omen,True,100,,0,0,0,6,False,ara,GIANTX,raze,True,100,,0,0,0,2,False,Cloud,GIANTX,fade,True,100,1,0,0,0,5,False,Flickless,GIANTX,viper,True,100,25,0,1,0,2,False,westside,GIANTX,cypher,True,100,,0,0,0,2,False
330.030,1414,ACTIVE_ROUND,3,1,1,43.000,,,MiniBoo,Team Heretics,raze,True,100,50,0,2,1,5,False,RieNs,Team Heretics,fade,True,100,50,0,1,0,4,False,Boo,Team Heretics,omen,True,100,50,1,1,0,2,False,benjyfishy,Team Heretics,deadlock,True,100,50,0,0,1,3,False,Wo0t,Team Heretics,chamber,True,95,40,0,8,1,4,False,grubinho,GIANTX,omen,True,100,,0,0,0,6,False,ara,GIANTX,raze,True,100,,0,0,0,2,False,Cloud,GIANTX,fade,True,100,1,0,0,0,5,False,Flickless,GIANTX,viper,True,100,25,0,1,0,2,False,westside,GIANTX,cypher,True,100,,0,0,0,2,False
330.263,1415,ACTIVE_ROUND,3,1,1,43.000,,,MiniBoo,Team Heretics,raze,True,100,50,0,2,1,5,False,RieNs,Team Heretics,fade,True,100,50,0,1,0,4,False,Boo,Team Heretics,omen,True,100,50,1,1,0,2,False,benjyfishy,Team Heretics,deadlock,True,100,50,0,0,1,3,False,Wo0t,Team Heretics,chamber,True,95,40,0,8,1,4,False,grubinho,GIANTX,omen,True,100,,0,0,0,6,False,ara,GIANTX,raze,True,100,,0,0,0,2,False,Cloud,GIANTX,fade,True,100,1,0,0,0,5,False,Flickless,GIANTX,viper,True,100,25,0,1,0,2,False,westside,GIANTX,cypher,True,100,,0,0,0,2,False
330.497,1416,ACTIVE_ROUND,3,1,1,43.000,,,MiniBoo,Team Heretics,raze,True,100,50,0,2,1,5,False,RieNs,Team Heretics,fade,True,100,50,0,1,0,4,False,Boo,Team Heretics,omen,True,100,50,1,1,0,2,False,benjyfishy,Team Heretics,deadlock,True,100,50,0,0,1,3,False,Wo0t,Team Heretics,chamber,True,95,40,0,8,1,4,False,grubinho,GIANTX,omen,True,100,,0,0,0,6,False,ara,GIANTX,raze,True,100,,0,0,0,2,False,Cloud,GIANTX,fade,True,100,1,0,0,0,5,False,Flickless,GIANTX,viper,True,100,25,0,1,0,2,False,westside,GIANTX,cypher,True,100,,0,0,0,2,False
330.730,1417,ACTIVE_ROUND,3,1,1,42.000,,,MiniBoo,Team Heretics,raze,True,100,50,0,2,1,5,False,RieNs,Team Heretics,fade,True,100,50,0,1,0,4,False,Boo,Team Heretics,omen,True,100,50,1,1,0,2,False,benjyfishy,Team Heretics,deadlock,True,100,50,0,0,1,3,False,Wo0t,Team Heretics,chamber,True,95,40,0,8,1,4,False,grubinho,GIANTX,omen,True,100,,0,0,0,6,False,ara,GIANTX,raze,True,100,,0,0,0,2,False,Cloud,GIANTX,fade,True,100,1,0,0,0,5,False,Flickless,GIANTX,viper,True,100,25,0,1,0,2,False,westside,GIANTX,cypher,True,100,,0,0,0,2,False
330.964,1418,ACTIVE_ROUND,3,1,1,42.000,,,MiniBoo,Team Heretics,raze,True,100,50,0,2,1,5,False,RieNs,Team Heretics,fade,True,100,50,0,1,0,4,False,Boo,Team Heretics,omen,True,100,50,1,1,0,2,False,benjyfishy,Team Heretics,deadlock,True,100,50,0,0,1,3,False,Wo0t,Team Heretics,chamber,True,95,40,0,8,1,4,False,grubinho,GIANTX,omen,True,100,,0,0,0,6,False,ara,GIANTX,raze,True,100,,0,0,0,2,False,Cloud,GIANTX,fade,True,100,1,0,0,0,5,False,Flickless,GIANTX,viper,True,100,25,0,1,0,2,False,westside,GIANTX,cypher,True,100,,0,0,0,2,False
331.198,1419,ACTIVE_ROUND,3,1,1,42.000,,,MiniBoo,Team Heretics,raze,True,100,50,0,2,1,5,False,RieNs,Team Heretics,fade,True,100,50,0,1,0,4,False,Boo,Team Heretics,omen,True,100,50,1,1,0,2,False,benjyfishy,Team Heretics,deadlock,True,100,50,0,0,1,3,False,Wo0t,Team Heretics,chamber,True,95,40,0,8,1,4,False,grubinho,GIANTX,omen,True,100,,0,0,0,6,False,ara,GIANTX,raze,True,100,,0,0,0,2,False,Cloud,GIANTX,fade,True,100,1,0,0,0,5,False,Flickless,GIANTX,viper,True,100,25,0,1,0,2,False,westside,GIANTX,cypher,True,100,,0,0,0,2,False
331.431,1420,ACTIVE_ROUND,3,1,1,42.000,,,MiniBoo,Team Heretics,raze,True,100,50,0,2,1,5,False,RieNs,Team Heretics,fade,True,100,50,0,1,0,4,False,Boo,Team Heretics,omen,True,100,50,1,1,0,2,False,benjyfishy,Team Heretics,deadlock,True,100,50,0,0,1,3,False,Wo0t,Team Heretics,chamber,True,95,40,0,8,1,4,False,grubinho,GIANTX,omen,True,100,,0,0,0,6,False,ara,GIANTX,raze,True,100,,0,0,0,2,False,Cloud,GIANTX,fade,True,100,1,0,0,0,5,False,Flickless,GIANTX,viper,True,100,25,0,1,0,2,False,westside,GIANTX,cypher,True,100,,0,0,0,2,False
331.665,1421,ACTIVE_ROUND,3,1,1,41.000,,,MiniBoo,Team Heretics,raze,True,100,50,0,2,1,5,False,RieNs,Team Heretics,fade,True,100,50,0,1,0,4,False,Boo,Team Heretics,omen,True,100,50,1,1,0,2,False,benjyfishy,Team Heretics,deadlock,True,100,50,0,0,1,3,False,Wo0t,Team Heretics,chamber,True,95,40,0,8,1,4,False,grubinho,GIANTX,omen,True,100,,0,0,0,6,False,ara,GIANTX,raze,True,100,,0,0,0,2,False,Cloud,GIANTX,fade,True,100,1,0,0,0,5,False,Flickless,GIANTX,viper,True,100,25,0,1,0,2,False,westside,GIANTX,cypher,True,100,,0,0,0,2,False
331.898,1422,ACTIVE_ROUND,3,1,1,41.000,,,MiniBoo,Team Heretics,raze,True,100,50,0,2,1,5,False,RieNs,Team Heretics,fade,True,100,50,0,1,0,4,False,Boo,Team Heretics,omen,True,100,50,1,1,0,2,False,benjyfishy,Team Heretics,deadlock,True,100,50,0,0,1,3,False,Wo0t,Team Heretics,chamber,True,95,40,0,8,1,4,False,grubinho,GIANTX,omen,True,100,,0,0,0,6,False,ara,GIANTX,raze,True,100,,0,0,0,2,False,Cloud,GIANTX,fade,True,100,1,0,0,0,5,False,Flickless,GIANTX,viper,True,100,25,0,1,0,2,False,westside,GIANTX,cypher,True,100,,0,0,0,2,False
332.132,1423,ACTIVE_ROUND,3,1,1,41.000,,,MiniBoo,Team Heretics,raze,True,100,50,0,2,1,5,False,RieNs,Team Heretics,fade,True,100,50,0,1,0,4,False,Boo,Team Heretics,omen,True,100,50,1,1,0,2,False,benjyfishy,Team Heretics,deadlock,True,100,50,0,0,1,3,False,Wo0t,Team Heretics,chamber,True,95,40,0,8,1,4,False,grubinho,GIANTX,omen,True,100,,0,0,0,6,False,ara,GIANTX,raze,True,100,,0,0,0,2,False,Cloud,GIANTX,fade,True,100,1,0,0,0,5,False,Flickless,GIANTX,viper,True,100,25,0,1,0,2,False,westside,GIANTX,cypher,True,100,,0,0,0,2,False
332.365,1424,ACTIVE_ROUND,3,1,1,41.000,,,MiniBoo,Team Heretics,raze,True,100,50,0,2,1,5,False,RieNs,Team Heretics,fade,True,100,50,0,1,0,4,False,Boo,Team Heretics,omen,True,100,50,1,1,0,2,False,benjyfishy,Team Heretics,deadlock,True,100,50,0,0,1,3,False,Wo0t,Team Heretics,chamber,True,95,40,0,8,1,4,False,grubinho,GIANTX,omen,True,100,,0,0,0,6,False,ara,GIANTX,raze,True,100,,0,0,0,2,False,Cloud,GIANTX,fade,True,100,1,0,0,0,5,False,Flickless,GIANTX,viper,True,100,25,0,1,0,2,False,westside,GIANTX,cypher,True,100,,0,0,0,2,False
332.599,1425,ACTIVE_ROUND,3,1,1,40.000,,,MiniBoo,Team Heretics,raze,True,100,50,0,2,1,5,False,RieNs,Team Heretics,fade,True,100,50,0,1,0,4,False,Boo,Team Heretics,omen,True,100,50,1,1,0,2,False,benjyfishy,Team Heretics,deadlock,True,100,50,0,0,1,3,False,Wo0t,Team Heretics,chamber,True,95,40,0,8,1,4,False,grubinho,GIANTX,omen,True,100,,0,0,0,6,False,ara,GIANTX,raze,True,100,,0,0,0,2,False,Cloud,GIANTX,fade,True,100,1,0,0,0,5,False,Flickless,GIANTX,viper,True,100,25,0,1,0,2,False,westside,GIANTX,cypher,True,100,,0,0,0,2,False
332.832,1426,ACTIVE_ROUND,3,1,1,40.000,,,MiniBoo,Team Heretics,raze,True,100,50,0,2,1,5,False,RieNs,Team Heretics,fade,True,100,50,0,1,0,4,False,Boo,Team Heretics,omen,True,100,50,1,1,0,2,False,benjyfishy,Team Heretics,deadlock,True,100,50,0,0,1,3,False,Wo0t,Team Heretics,chamber,True,95,40,0,8,1,4,False,grubinho,GIANTX,omen,True,100,,0,0,0,6,False,ara,GIANTX,raze,True,100,,0,0,0,2,False,Cloud,GIANTX,fade,True,100,1,0,0,0,5,False,Flickless,GIANTX,viper,True,100,25,0,0,0,2,False,westside,GIANTX,cypher,True,100,,0,0,0,2,False
333.066,1427,ACTIVE_ROUND,3,1,1,40.000,,,MiniBoo,Team Heretics,raze,True,100,50,0,2,1,5,False,RieNs,Team Heretics,fade,True,100,50,0,1,0,4,False,Boo,Team Heretics,omen,True,100,50,1,1,0,2,False,benjyfishy,Team Heretics,deadlock,True,100,50,0,0,1,3,False,Wo0t,Team Heretics,chamber,True,95,40,0,8,1,4,False,grubinho,GIANTX,omen,True,100,,0,0,0,6,False,ara,GIANTX,raze,True,100,,0,0,0,2,False,Cloud,GIANTX,fade,True,100,1,0,0,0,5,False,Flickless,GIANTX,viper,True,100,25,0,0,0,2,False,westside,GIANTX,cypher,True,100,,0,0,0,2,False
333.300,1428,ACTIVE_ROUND,3,1,1,40.000,,,MiniBoo,Team Heretics,raze,True,100,50,0,2,1,5,False,RieNs,Team Heretics,fade,True,100,50,0,1,0,4,False,Boo,Team Heretics,omen,True,100,50,1,1,0,2,False,benjyfishy,Team Heretics,deadlock,True,100,50,0,0,1,3,False,Wo0t,Team Heretics,chamber,True,95,40,0,8,1,4,False,grubinho,GIANTX,omen,True,100,,0,0,0,6,False,ara,GIANTX,raze,True,100,,0,0,0,2,False,Cloud,GIANTX,fade,True,100,1,0,0,0,5,False,Flickless,GIANTX,viper,True,100,25,0,0,0,2,False,westside,GIANTX,cypher,True,100,,0,0,0,2,False
333.533,1429,ACTIVE_ROUND,3,1,1,39.000,,,MiniBoo,Team Heretics,raze,True,100,50,0,2,1,5,False,RieNs,Team Heretics,fade,True,100,50,0,1,0,4,False,Boo,Team Heretics,omen,True,100,50,1,1,0,2,False,benjyfishy,Team Heretics,deadlock,True,100,50,0,0,1,3,False,Wo0t,Team Heretics,chamber,True,95,40,0,8,1,4,False,grubinho,GIANTX,omen,True,100,,0,0,0,6,False,ara,GIANTX,raze,True,100,,0,0,0,2,False,Cloud,GIANTX,fade,True,100,1,0,0,0,5,False,Flickless,GIANTX,viper,True,100,25,0,0,0,2,False,westside,GIANTX,cypher,True,100,,0,0,0,2,False
333.767,1430,ACTIVE_ROUND,3,1,1,39.000,,,MiniBoo,Team Heretics,raze,True,100,50,0,2,1,5,False,RieNs,Team Heretics,fade,True,100,50,0,1,0,4,False,Boo,Team Heretics,omen,True,100,50,1,1,0,2,False,benjyfishy,Team Heretics,deadlock,True,100,50,0,0,1,3,False,Wo0t,Team Heretics,chamber,True,95,40,0,8,1,4,False,grubinho,GIANTX,omen,True,100,,0,0,0,6,False,ara,GIANTX,raze,True,100,,0,0,0,2,False,Cloud,GIANTX,fade,True,100,1,0,0,0,5,False,Flickless,GIANTX,viper,True,100,25,0,0,0,2,False,westside,GIANTX,cypher,True,100,,0,0,0,2,False
334.000,1431,ACTIVE_ROUND,3,1,1,39.000,,,MiniBoo,Team Heretics,raze,True,100,50,0,2,1,5,False,RieNs,Team Heretics,fade,True,100,50,0,1,0,4,False,Boo,Team Heretics,omen,True,100,50,1,1,1,2,False,benjyfishy,Team Heretics,deadlock,True,100,50,0,0,1,3,False,Wo0t,Team Heretics,chamber,True,95,40,0,8,1,4,False,grubinho,GIANTX,omen,True,100,,0,0,0,6,False,ara,GIANTX,raze,True,100,,0,0,0,2,False,Cloud,GIANTX,fade,True,100,1,0,0,0,5,False,Flickless,GIANTX,viper,True,100,25,0,0,0,2,False,westside,GIANTX,cypher,True,100,,0,0,0,2,False
334.234,1432,ACTIVE_ROUND,3,1,1,39.000,,,MiniBoo,Team Heretics,raze,True,100,50,0,2,1,5,False,RieNs,Team Heretics,fade,True,100,50,0,1,0,4,False,Boo,Team Heretics,omen,True,100,50,1,1,1,2,False,benjyfishy,Team Heretics,deadlock,True,100,50,0,0,1,3,False,Wo0t,Team Heretics,chamber,True,95,40,0,8,1,4,False,grubinho,GIANTX,omen,True,100,,0,0,0,6,False,ara,GIANTX,raze,True,100,,0,0,0,2,False,Cloud,GIANTX,fade,True,100,1,0,0,0,5,False,Flickless,GIANTX,viper,True,100,25,0,0,0,2,False,westside,GIANTX,cypher,True,100,,0,0,0,2,False
334.467,1433,ACTIVE_ROUND,3,1,1,39.000,,,MiniBoo,Team Heretics,raze,True,100,50,0,2,1,5,False,RieNs,Team Heretics,fade,True,100,50,0,1,0,4,False,Boo,Team Heretics,omen,True,100,50,1,1,1,2,False,benjyfishy,Team Heretics,deadlock,True,100,50,0,0,1,3,False,Wo0t,Team Heretics,chamber,True,95,40,0,8,1,4,False,grubinho,GIANTX,omen,True,100,,0,0,0,6,False,ara,GIANTX,raze,True,100,,0,0,0,2,False,Cloud,GIANTX,fade,True,100,1,0,0,0,5,False,Flickless,GIANTX,viper,True,100,25,0,0,0,2,False,westside,GIANTX,cypher,True,100,,0,0,0,2,False
334.701,1434,ACTIVE_ROUND,3,1,1,38.000,,,MiniBoo,Team Heretics,raze,True,100,50,0,2,1,5,False,RieNs,Team Heretics,fade,True,100,50,0,1,0,4,False,Boo,Team Heretics,omen,True,100,50,1,1,1,2,False,benjyfishy,Team Heretics,deadlock,True,100,50,0,0,1,3,False,Wo0t,Team Heretics,chamber,True,95,40,0,8,1,4,False,grubinho,GIANTX,omen,True,100,,0,0,0,6,False,ara,GIANTX,raze,True,100,,0,0,0,2,False,Cloud,GIANTX,fade,True,100,1,0,0,0,5,False,Flickless,GIANTX,viper,True,100,25,0,0,0,2,False,westside,GIANTX,cypher,True,100,,0,0,0,2,False
334.935,1435,ACTIVE_ROUND,3,1,1,38.000,,,MiniBoo,Team Heretics,raze,True,100,50,0,2,1,5,False,RieNs,Team Heretics,fade,True,100,50,0,1,0,4,False,Boo,Team Heretics,omen,True,100,50,1,1,1,2,False,benjyfishy,Team Heretics,deadlock,True,100,50,0,0,1,3,False,Wo0t,Team Heretics,chamber,True,95,40,0,8,1,4,False,grubinho,GIANTX,omen,True,100,,0,0,0,6,False,ara,GIANTX,raze,True,100,,0,0,0,2,False,Cloud,GIANTX,fade,True,100,1,0,0,0,5,False,Flickless,GIANTX,viper,True,100,25,0,0,0,2,False,westside,GIANTX,cypher,True,100,,0,0,0,2,False
335.168,1436,ACTIVE_ROUND,3,1,1,38.000,,,MiniBoo,Team Heretics,raze,True,100,50,0,2,1,5,False,RieNs,Team Heretics,fade,True,100,50,0,1,0,4,False,Boo,Team Heretics,omen,True,100,50,1,1,1,2,False,benjyfishy,Team Heretics,deadlock,True,100,50,0,0,1,3,False,Wo0t,Team Heretics,chamber,True,95,40,0,8,1,4,False,grubinho,GIANTX,omen,True,100,,0,0,0,6,False,ara,GIANTX,raze,True,100,,0,0,0,2,False,Cloud,GIANTX,fade,True,100,1,0,0,0,5,False,Flickless,GIANTX,viper,True,100,25,0,0,0,2,False,westside,GIANTX,cypher,True,100,,0,0,0,2,False
335.402,1437,ACTIVE_ROUND,3,1,1,38.000,,,MiniBoo,Team Heretics,raze,True,100,50,0,2,1,5,False,RieNs,Team Heretics,fade,True,100,50,0,1,0,4,False,Boo,Team Heretics,omen,True,100,50,1,1,1,2,False,benjyfishy,Team Heretics,deadlock,True,100,50,0,0,1,3,False,Wo0t,Team Heretics,chamber,True,95,40,0,8,1,4,False,grubinho,GIANTX,omen,True,100,,0,0,0,6,False,ara,GIANTX,raze,True,100,,0,0,0,2,False,Cloud,GIANTX,fade,True,100,1,0,0,0,5,False,Flickless,GIANTX,viper,True,100,25,0,0,0,2,False,westside,GIANTX,cypher,True,100,,0,0,0,2,False
335.635,1438,ACTIVE_ROUND,3,1,1,37.000,,,MiniBoo,Team Heretics,raze,True,100,50,0,2,1,5,False,RieNs,Team Heretics,fade,True,100,50,0,1,0,4,False,Boo,Team Heretics,omen,True,100,50,1,1,1,2,False,benjyfishy,Team Heretics,deadlock,True,100,50,0,0,1,3,False,Wo0t,Team Heretics,chamber,True,95,40,0,8,1,4,False,grubinho,GIANTX,omen,True,100,,0,0,0,6,False,ara,GIANTX,raze,True,100,,0,0,0,2,False,Cloud,GIANTX,fade,True,100,1,0,0,0,5,False,Flickless,GIANTX,viper,True,100,25,0,0,0,2,False,westside,GIANTX,cypher,True,100,,0,0,0,2,False
335.869,1439,ACTIVE_ROUND,3,1,1,37.000,,,MiniBoo,Team Heretics,raze,True,100,50,0,2,1,5,False,RieNs,Team Heretics,fade,True,100,50,0,1,0,4,False,Boo,Team Heretics,omen,True,100,50,1,1,1,2,False,benjyfishy,Team Heretics,deadlock,True,100,50,0,0,1,3,False,Wo0t,Team Heretics,chamber,True,95,40,0,8,0,4,False,grubinho,GIANTX,omen,True,100,,0,0,0,6,False,ara,GIANTX,raze,True,100,,0,0,0,2,False,Cloud,GIANTX,fade,True,100,1,0,0,0,5,False,Flickless,GIANTX,viper,True,100,25,0,0,0,2,False,westside,GIANTX,cypher,True,100,,0,0,0,2,False
336.102,1440,ACTIVE_ROUND,3,1,1,37.000,,,MiniBoo,Team Heretics,raze,True,100,50,0,2,1,5,False,RieNs,Team Heretics,fade,True,100,50,0,1,0,4,False,Boo,Team Heretics,omen,True,100,50,1,1,1,2,False,benjyfishy,Team Heretics,deadlock,True,100,50,0,0,1,3,False,Wo0t,Team Heretics,chamber,True,95,40,0,8,0,4,False,grubinho,GIANTX,omen,True,100,,0,0,0,6,False,ara,GIANTX,raze,True,100,,0,0,0,2,False,Cloud,GIANTX,fade,True,100,1,0,0,0,5,False,Flickless,GIANTX,viper,True,100,25,0,0,0,2,False,westside,GIANTX,cypher,True,100,,0,0,0,2,False
336.336,1441,ACTIVE_ROUND,3,1,1,37.000,,,MiniBoo,Team Heretics,raze,True,100,50,0,2,1,5,False,RieNs,Team Heretics,fade,True,100,50,0,1,0,4,False,Boo,Team Heretics,omen,True,100,50,1,1,1,2,False,benjyfishy,Team Heretics,deadlock,True,100,50,0,0,1,3,False,Wo0t,Team Heretics,chamber,True,95,40,0,8,0,4,False,grubinho,GIANTX,omen,True,100,,0,0,0,6,False,ara,GIANTX,raze,True,100,,0,0,0,2,False,Cloud,GIANTX,fade,True,100,1,0,0,0,5,False,Flickless,GIANTX,viper,True,100,25,0,0,0,2,False,westside,GIANTX,cypher,True,100,,0,0,0,2,False
336.570,1442,ACTIVE_ROUND,3,1,1,36.000,,,MiniBoo,Team Heretics,raze,True,100,50,0,2,1,5,False,RieNs,Team Heretics,fade,True,100,50,0,1,0,4,False,Boo,Team Heretics,omen,True,100,50,1,1,1,2,False,benjyfishy,Team Heretics,deadlock,True,100,50,0,0,1,3,False,Wo0t,Team Heretics,chamber,True,95,40,0,8,0,4,False,grubinho,GIANTX,omen,True,100,,0,0,0,6,False,ara,GIANTX,raze,True,100,,0,0,0,2,False,Cloud,GIANTX,fade,True,100,1,0,0,0,5,False,Flickless,GIANTX,viper,True,100,25,0,0,0,2,False,westside,GIANTX,cypher,True,100,,0,0,0,2,False
336.803,1443,ACTIVE_ROUND,3,1,1,36.000,,,MiniBoo,Team Heretics,raze,True,100,50,0,2,1,5,False,RieNs,Team Heretics,fade,True,100,50,0,1,0,4,False,Boo,Team Heretics,omen,True,100,50,1,1,1,2,False,benjyfishy,Team Heretics,deadlock,True,100,50,0,0,1,3,False,Wo0t,Team Heretics,chamber,True,95,40,0,8,0,4,False,grubinho,GIANTX,omen,True,100,,0,0,0,6,False,ara,GIANTX,raze,True,100,,0,0,0,2,False,Cloud,GIANTX,fade,True,100,1,0,0,0,5,False,Flickless,GIANTX,viper,True,100,25,0,0,0,2,False,westside,GIANTX,cypher,True,100,,0,0,0,2,False
337.037,1444,ACTIVE_ROUND,3,1,1,36.000,,,MiniBoo,Team Heretics,raze,True,100,50,0,2,1,5,False,RieNs,Team Heretics,fade,True,100,50,0,1,0,4,False,Boo,Team Heretics,omen,True,100,50,1,1,1,2,False,benjyfishy,Team Heretics,deadlock,True,100,50,0,0,1,3,False,Wo0t,Team Heretics,chamber,True,95,40,0,8,0,4,False,grubinho,GIANTX,omen,True,100,,0,0,0,6,False,ara,GIANTX,raze,True,100,,0,0,0,2,False,Cloud,GIANTX,fade,True,100,1,0,0,0,5,False,Flickless,GIANTX,viper,True,100,25,0,0,0,2,False,westside,GIANTX,cypher,True,100,,0,0,0,2,False
337.270,1445,ACTIVE_ROUND,3,1,1,36.000,,,MiniBoo,Team Heretics,raze,True,100,50,0,2,1,5,False,RieNs,Team Heretics,fade,True,100,50,0,1,0,4,False,Boo,Team Heretics,omen,True,100,50,1,1,1,2,False,benjyfishy,Team Heretics,deadlock,True,100,50,0,0,1,3,False,Wo0t,Team Heretics,chamber,True,95,40,0,8,0,4,False,grubinho,GIANTX,omen,True,100,,0,0,0,6,False,ara,GIANTX,raze,True,100,,0,0,0,2,False,Cloud,GIANTX,fade,True,100,1,0,0,0,5,False,Flickless,GIANTX,viper,True,100,25,0,0,0,2,False,westside,GIANTX,cypher,True,100,,0,0,0,2,False
337.737,1447,ACTIVE_ROUND,3,1,1,,0.000,,MiniBoo,Team Heretics,raze,True,100,50,0,2,1,5,False,RieNs,Team Heretics,fade,True,100,50,0,1,0,4,False,Boo,Team Heretics,omen,True,100,50,1,1,1,2,False,benjyfishy,Team Heretics,deadlock,True,100,50,0,0,1,3,False,Wo0t,Team Heretics,chamber,True,95,40,0,8,0,4,False,grubinho,GIANTX,omen,True,100,,0,0,0,6,False,ara,GIANTX,raze,True,100,,0,0,0,2,False,Cloud,GIANTX,fade,True,100,1,0,0,0,5,False,Flickless,GIANTX,viper,True,100,25,0,0,0,2,False,westside,GIANTX,cypher,True,100,,0,0,0,2,False
337.971,1448,ACTIVE_ROUND,3,1,1,,0.234,,MiniBoo,Team Heretics,raze,True,100,50,0,2,1,5,False,RieNs,Team Heretics,fade,True,100,50,0,0,0,4,False,Boo,Team Heretics,omen,True,100,50,1,1,1,2,False,benjyfishy,Team Heretics,deadlock,True,100,50,0,0,1,3,False,Wo0t,Team Heretics,chamber,True,95,40,0,8,0,4,False,grubinho,GIANTX,omen,True,100,,0,0,0,6,False,ara,GIANTX,raze,True,100,,0,0,0,2,False,Cloud,GIANTX,fade,True,100,1,0,0,0,6,False,Flickless,GIANTX,viper,True,100,25,0,0,0,2,False,westside,GIANTX,cypher,True,100,,0,0,0,2,False
338.205,1449,ACTIVE_ROUND,3,1,1,,0.467,,MiniBoo,Team Heretics,raze,True,100,50,0,2,1,5,False,RieNs,Team Heretics,fade,True,100,50,0,0,0,4,False,Boo,Team Heretics,omen,True,100,50,1,1,1,2,False,benjyfishy,Team Heretics,deadlock,True,100,50,0,0,1,3,False,Wo0t,Team Heretics,chamber,True,95,40,0,8,0,4,False,grubinho,GIANTX,omen,True,100,,0,0,0,6,False,ara,GIANTX,raze,True,100,,0,0,0,2,False,Cloud,GIANTX,fade,True,100,1,0,0,0,6,False,Flickless,GIANTX,viper,True,100,25,0,0,0,2,False,westside,GIANTX,cypher,True,100,,0,0,0,2,False
338.438,1450,ACTIVE_ROUND,3,1,1,,0.701,,MiniBoo,Team Heretics,raze,True,100,50,0,2,1,5,False,RieNs,Team Heretics,fade,True,100,50,0,0,0,4,False,Boo,Team Heretics,omen,True,100,50,1,1,1,2,False,benjyfishy,Team Heretics,deadlock,True,100,50,0,0,1,3,False,Wo0t,Team Heretics,chamber,True,95,40,0,8,0,4,False,grubinho,GIANTX,omen,True,100,,0,0,0,6,False,ara,GIANTX,raze,True,100,,0,0,0,2,False,Cloud,GIANTX,fade,True,100,1,0,0,0,6,False,Flickless,GIANTX,viper,True,100,25,0,0,0,2,False,westside,GIANTX,cypher,True,100,,0,0,0,2,False
338.672,1451,ACTIVE_ROUND,3,1,1,,0.934,,MiniBoo,Team Heretics,raze,True,100,50,0,2,1,5,False,RieNs,Team Heretics,fade,True,100,50,0,0,0,4,False,Boo,Team Heretics,omen,True,100,50,1,1,1,2,False,benjyfishy,Team Heretics,deadlock,True,100,50,0,0,1,3,False,Wo0t,Team Heretics,chamber,True,95,40,0,8,0,4,False,grubinho,GIANTX,omen,True,100,,0,0,0,6,False,ara,GIANTX,raze,True,100,,0,0,0,2,False,Cloud,GIANTX,fade,True,100,1,0,0,0,6,False,Flickless,GIANTX,viper,True,100,25,0,0,0,2,False,westside,GIANTX,cypher,True,100,,0,0,0,2,False
338.905,1452,ACTIVE_ROUND,3,1,1,,1.168,,MiniBoo,Team Heretics,raze,True,100,50,0,2,1,5,False,RieNs,Team Heretics,fade,True,100,50,0,0,0,4,False,Boo,Team Heretics,omen,True,100,50,1,1,1,2,False,benjyfishy,Team Heretics,deadlock,True,100,50,0,0,1,3,False,Wo0t,Team Heretics,chamber,True,95,40,0,8,0,4,False,grubinho,GIANTX,omen,True,100,,0,0,0,6,False,ara,GIANTX,raze,True,100,,0,0,0,2,False,Cloud,GIANTX,fade,True,100,1,0,0,0,6,False,Flickless,GIANTX,viper,True,100,25,0,0,0,2,False,westside,GIANTX,cypher,True,100,,0,0,0,2,False
339.139,1453,ACTIVE_ROUND,3,1,1,,1.401,,MiniBoo,Team Heretics,raze,True,100,50,0,2,1,5,False,RieNs,Team Heretics,fade,True,100,50,0,0,0,4,False,Boo,Team Heretics,omen,True,100,50,1,1,1,2,False,benjyfishy,Team Heretics,deadlock,True,100,50,0,0,1,3,False,Wo0t,Team Heretics,chamber,True,95,40,0,8,0,4,False,grubinho,GIANTX,omen,True,100,,0,0,0,6,False,ara,GIANTX,raze,True,100,,0,0,0,2,False,Cloud,GIANTX,fade,True,100,1,0,0,0,6,False,Flickless,GIANTX,viper,True,100,25,0,0,0,2,False,westside,GIANTX,cypher,True,100,,0,0,0,2,False
339.372,1454,ACTIVE_ROUND,3,1,1,,1.635,,MiniBoo,Team Heretics,raze,True,100,50,0,2,1,5,False,RieNs,Team Heretics,fade,True,100,50,0,0,0,4,False,Boo,Team Heretics,omen,True,100,50,1,1,1,2,False,benjyfishy,Team Heretics,deadlock,True,100,50,0,0,1,3,False,Wo0t,Team Heretics,chamber,True,95,40,0,8,0,4,False,grubinho,GIANTX,omen,True,100,,0,0,0,6,False,ara,GIANTX,raze,True,100,,0,0,0,2,False,Cloud,GIANTX,fade,True,100,1,0,0,0,6,False,Flickless,GIANTX,viper,True,100,25,0,0,0,2,False,westside,GIANTX,cypher,True,100,,0,0,0,2,False
339.606,1455,ACTIVE_ROUND,3,1,1,,1.869,,MiniBoo,Team Heretics,raze,True,100,50,0,2,1,5,False,RieNs,Team Heretics,fade,True,100,50,0,0,0,4,False,Boo,Team Heretics,omen,True,100,50,1,1,1,2,False,benjyfishy,Team Heretics,deadlock,True,100,50,0,0,1,3,False,Wo0t,Team Heretics,chamber,True,95,40,0,8,0,4,False,grubinho,GIANTX,omen,True,100,,0,0,0,6,False,ara,GIANTX,raze,True,100,,0,0,0,2,False,Cloud,GIANTX,fade,True,100,1,0,0,0,6,False,Flickless,GIANTX,viper,True,100,25,0,0,0,2,False,westside,GIANTX,cypher,True,100,,0,0,0,2,False
339.839,1456,ACTIVE_ROUND,3,1,1,,2.102,,MiniBoo,Team Heretics,raze,True,100,50,0,2,0,5,False,RieNs,Team Heretics,fade,True,100,50,0,0,0,4,False,Boo,Team Heretics,omen,True,100,50,1,1,1,2,False,benjyfishy,Team Heretics,deadlock,True,100,50,0,0,1,3,False,Wo0t,Team Heretics,chamber,True,95,40,0,8,0,4,False,grubinho,GIANTX,omen,True,100,,0,0,0,6,False,ara,GIANTX,raze,True,100,,0,0,0,2,False,Cloud,GIANTX,fade,True,100,1,0,0,0,6,False,Flickless,GIANTX,viper,True,100,25,0,0,0,2,False,westside,GIANTX,cypher,True,100,,0,0,0,2,False
340.073,1457,ACTIVE_ROUND,3,1,1,,2.336,,MiniBoo,Team Heretics,raze,True,100,50,0,2,0,5,False,RieNs,Team Heretics,fade,True,100,50,0,0,0,4,False,Boo,Team Heretics,omen,True,100,50,1,1,1,2,False,benjyfishy,Team Heretics,deadlock,True,100,50,0,0,1,3,False,Wo0t,Team Heretics,chamber,True,95,40,0,8,0,4,False,grubinho,GIANTX,omen,True,100,,0,0,0,6,False,ara,GIANTX,raze,True,100,,0,0,0,2,False,Cloud,GIANTX,fade,True,100,1,0,0,0,6,False,Flickless,GIANTX,viper,True,100,25,0,0,0,2,False,westside,GIANTX,cypher,True,100,,0,0,0,2,False
340.307,1458,ACTIVE_ROUND,3,1,1,,2.569,,MiniBoo,Team Heretics,raze,True,100,50,0,2,0,5,False,RieNs,Team Heretics,fade,True,100,50,0,0,0,4,False,Boo,Team Heretics,omen,True,100,50,1,1,1,2,False,benjyfishy,Team Heretics,deadlock,True,100,50,0,0,1,3,False,Wo0t,Team Heretics,chamber,True,95,40,0,8,0,4,False,grubinho,GIANTX,omen,True,100,,0,0,0,6,False,ara,GIANTX,raze,True,100,,0,0,0,2,False,Cloud,GIANTX,fade,True,100,1,0,0,0,6,False,Flickless,GIANTX,viper,True,100,25,0,0,0,2,False,westside,GIANTX,cypher,True,100,,0,0,0,2,False
340.540,1459,ACTIVE_ROUND,3,1,1,,2.803,,MiniBoo,Team Heretics,raze,True,100,50,0,2,0,5,False,RieNs,Team Heretics,fade,True,100,50,0,0,0,4,False,Boo,Team Heretics,omen,True,100,50,1,1,1,2,False,benjyfishy,Team Heretics,deadlock,True,100,50,0,0,1,3,False,Wo0t,Team Heretics,chamber,True,95,40,0,8,0,4,False,grubinho,GIANTX,omen,True,100,,0,0,0,6,False,ara,GIANTX,raze,True,100,,0,0,0,2,False,Cloud,GIANTX,fade,True,100,1,0,0,0,6,False,Flickless,GIANTX,viper,True,100,25,0,0,0,2,False,westside,GIANTX,cypher,True,100,,0,0,0,2,False
340.774,1460,ACTIVE_ROUND,3,1,1,,3.036,,MiniBoo,Team Heretics,raze,True,100,50,0,2,0,5,False,RieNs,Team Heretics,fade,True,100,50,0,0,0,4,False,Boo,Team Heretics,omen,True,100,50,1,1,1,2,False,benjyfishy,Team Heretics,deadlock,True,100,50,0,0,1,3,False,Wo0t,Team Heretics,chamber,True,95,40,0,8,0,4,False,grubinho,GIANTX,omen,True,100,,0,0,0,6,False,ara,GIANTX,raze,True,100,,0,0,0,2,False,Cloud,GIANTX,fade,True,100,1,0,0,0,6,False,Flickless,GIANTX,viper,True,100,25,0,0,0,2,False,westside,GIANTX,cypher,True,100,,0,0,0,2,False
341.007,1461,ACTIVE_ROUND,3,1,1,,3.270,,MiniBoo,Team Heretics,raze,True,100,50,0,2,0,5,False,RieNs,Team Heretics,fade,True,100,50,0,0,0,4,False,Boo,Team Heretics,omen,True,100,50,1,1,1,2,False,benjyfishy,Team Heretics,deadlock,True,100,50,0,0,0,3,False,Wo0t,Team Heretics,chamber,True,95,40,0,8,0,4,False,grubinho,GIANTX,omen,True,100,,0,0,0,6,False,ara,GIANTX,raze,True,100,,0,0,0,2,False,Cloud,GIANTX,fade,True,100,1,0,0,0,6,False,Flickless,GIANTX,viper,True,100,25,0,0,0,2,False,westside,GIANTX,cypher,True,100,,0,0,0,2,False
341.241,1462,ACTIVE_ROUND,3,1,1,,3.504,,MiniBoo,Team Heretics,raze,True,100,50,0,2,0,5,False,RieNs,Team Heretics,fade,True,100,50,0,0,0,4,False,Boo,Team Heretics,omen,True,100,50,1,1,1,2,False,benjyfishy,Team Heretics,deadlock,True,100,50,0,0,0,3,False,Wo0t,Team Heretics,chamber,True,95,40,0,8,0,4,False,grubinho,GIANTX,omen,True,100,,0,0,0,6,False,ara,GIANTX,raze,True,100,,0,0,0,2,False,Cloud,GIANTX,fade,True,100,1,0,0,0,6,False,Flickless,GIANTX,viper,True,100,25,0,0,0,2,False,westside,GIANTX,cypher,True,100,,0,0,0,2,False
341.474,1463,ACTIVE_ROUND,3,1,1,,3.737,,MiniBoo,Team Heretics,raze,True,100,50,0,2,0,5,False,RieNs,Team Heretics,fade,True,100,50,0,0,0,4,False,Boo,Team Heretics,omen,True,100,50,1,1,1,2,False,benjyfishy,Team Heretics,deadlock,True,100,50,0,0,0,3,False,Wo0t,Team Heretics,chamber,True,95,40,0,8,0,4,False,grubinho,GIANTX,omen,True,100,,0,0,0,6,False,ara,GIANTX,raze,True,100,,0,0,0,2,False,Cloud,GIANTX,fade,True,100,1,0,0,0,6,False,Flickless,GIANTX,viper,True,100,25,0,0,0,2,False,westside,GIANTX,cypher,True,100,,0,0,0,2,False
341.708,1464,ACTIVE_ROUND,3,1,1,,3.971,,MiniBoo,Team Heretics,raze,True,100,50,0,2,0,5,False,RieNs,Team Heretics,fade,True,100,50,0,0,0,4,False,Boo,Team Heretics,omen,True,100,50,1,1,1,2,False,benjyfishy,Team Heretics,deadlock,True,100,50,0,0,0,3,False,Wo0t,Team Heretics,chamber,True,95,40,0,8,0,4,False,grubinho,GIANTX,omen,True,100,,0,0,0,6,False,ara,GIANTX,raze,True,100,,0,0,0,2,False,Cloud,GIANTX,fade,True,100,1,0,0,0,6,False,Flickless,GIANTX,viper,True,100,25,0,0,0,2,False,westside,GIANTX,cypher,True,100,,0,0,0,2,False
341.942,1465,ACTIVE_ROUND,3,1,1,,4.204,,MiniBoo,Team Heretics,raze,True,100,50,0,2,0,5,False,RieNs,Team Heretics,fade,True,100,50,0,0,0,4,False,Boo,Team Heretics,omen,True,100,50,1,1,1,2,False,benjyfishy,Team Heretics,deadlock,True,100,50,0,0,0,3,False,Wo0t,Team Heretics,chamber,True,95,40,0,8,0,4,False,grubinho,GIANTX,omen,True,100,,0,0,0,6,False,ara,GIANTX,raze,True,100,,0,0,0,2,False,Cloud,GIANTX,fade,True,100,1,0,0,0,6,False,Flickless,GIANTX,viper,True,100,25,0,0,0,2,False,westside,GIANTX,cypher,True,100,,0,0,0,2,False
342.175,1466,ACTIVE_ROUND,3,1,1,,4.438,,MiniBoo,Team Heretics,raze,True,100,50,0,2,0,5,False,RieNs,Team Heretics,fade,True,100,50,0,0,0,4,False,Boo,Team Heretics,omen,True,100,50,1,1,1,2,False,benjyfishy,Team Heretics,deadlock,True,100,50,0,0,0,3,False,Wo0t,Team Heretics,chamber,True,95,40,0,8,0,4,False,grubinho,GIANTX,omen,True,100,,0,0,0,6,False,ara,GIANTX,raze,True,100,,0,0,0,2,False,Cloud,GIANTX,fade,True,100,1,0,0,0,6,False,Flickless,GIANTX,viper,True,100,25,0,0,0,2,False,westside,GIANTX,cypher,True,100,,0,0,0,2,False
342.409,1467,ACTIVE_ROUND,3,1,1,,4.671,,MiniBoo,Team Heretics,raze,True,100,50,0,2,0,5,False,RieNs,Team Heretics,fade,True,100,50,0,0,0,4,False,Boo,Team Heretics,omen,True,100,50,1,1,1,2,False,benjyfishy,Team Heretics,deadlock,True,100,50,0,0,0,3,False,Wo0t,Team Heretics,chamber,True,95,40,0,8,0,4,False,grubinho,GIANTX,omen,True,100,,0,0,0,6,False,ara,GIANTX,raze,True,100,,0,0,0,2,False,Cloud,GIANTX,fade,True,100,1,0,0,0,6,False,Flickless,GIANTX,viper,True,100,25,0,0,0,2,False,westside,GIANTX,cypher,True,100,,0,0,0,2,False
342.642,1468,ACTIVE_ROUND,3,1,1,,4.905,,MiniBoo,Team Heretics,raze,True,100,50,0,2,0,5,False,RieNs,Team Heretics,fade,True,100,50,0,0,0,4,False,Boo,Team Heretics,omen,True,100,50,1,1,1,2,False,benjyfishy,Team Heretics,deadlock,True,100,50,0,0,0,3,False,Wo0t,Team Heretics,chamber,True,95,40,0,8,0,4,False,grubinho,GIANTX,omen,True,100,,0,0,0,6,False,ara,GIANTX,raze,True,100,,0,0,0,2,False,Cloud,GIANTX,fade,True,100,1,0,0,0,6,False,Flickless,GIANTX,viper,True,100,25,0,0,0,2,False,westside,GIANTX,cypher,True,100,,0,0,0,2,False
342.876,1469,ACTIVE_ROUND,3,1,1,,5.138,,MiniBoo,Team Heretics,raze,True,100,50,0,2,0,5,False,RieNs,Team Heretics,fade,True,100,50,0,0,0,4,False,Boo,Team Heretics,omen,True,100,50,1,1,1,2,False,benjyfishy,Team Heretics,deadlock,True,100,50,0,0,0,3,False,Wo0t,Team Heretics,chamber,True,95,40,0,8,0,4,False,grubinho,GIANTX,omen,True,100,,0,0,0,6,False,ara,GIANTX,raze,True,100,,0,0,0,2,False,Cloud,GIANTX,fade,True,100,1,0,0,0,6,False,Flickless,GIANTX,viper,True,100,25,0,0,0,2,False,westside,GIANTX,cypher,True,100,,0,0,0,2,False
343.109,1470,ACTIVE_ROUND,3,1,1,,5.372,,MiniBoo,Team Heretics,raze,True,100,50,0,2,0,5,False,RieNs,Team Heretics,fade,True,100,50,0,0,0,4,False,Boo,Team Heretics,omen,True,100,50,1,1,1,2,False,benjyfishy,Team Heretics,deadlock,True,100,50,0,0,0,3,False,Wo0t,Team Heretics,chamber,True,95,40,0,8,0,4,False,grubinho,GIANTX,omen,True,100,,0,0,0,6,False,ara,GIANTX,raze,True,100,,0,0,0,2,False,Cloud,GIANTX,fade,True,100,1,0,0,0,6,False,Flickless,GIANTX,viper,True,100,25,0,0,0,2,False,westside,GIANTX,cypher,True,100,,0,0,0,2,False
343.343,1471,ACTIVE_ROUND,3,1,1,,5.606,,MiniBoo,Team Heretics,raze,True,100,50,0,2,0,5,False,RieNs,Team Heretics,fade,True,100,50,0,0,0,4,False,Boo,Team Heretics,omen,True,100,50,1,1,1,2,False,benjyfishy,Team Heretics,deadlock,True,100,50,0,0,0,3,False,Wo0t,Team Heretics,chamber,True,95,40,0,8,0,4,False,grubinho,GIANTX,omen,True,100,,0,0,0,6,False,ara,GIANTX,raze,True,100,,0,0,0,2,False,Cloud,GIANTX,fade,True,100,1,0,0,0,6,False,Flickless,GIANTX,viper,True,100,25,0,0,0,2,False,westside,GIANTX,cypher,True,100,,0,0,0,2,False
343.577,1472,ACTIVE_ROUND,3,1,1,,5.839,,MiniBoo,Team Heretics,raze,True,100,50,0,2,0,5,False,RieNs,Team Heretics,fade,True,100,50,0,0,0,4,False,Boo,Team Heretics,omen,True,100,50,1,1,1,2,False,benjyfishy,Team Heretics,deadlock,True,100,50,0,0,0,3,False,Wo0t,Team Heretics,chamber,True,95,40,0,8,0,4,False,grubinho,GIANTX,omen,True,100,,0,0,0,6,False,ara,GIANTX,raze,True,100,,0,0,0,2,False,Cloud,GIANTX,fade,True,100,1,0,0,0,6,False,Flickless,GIANTX,viper,True,100,25,0,0,0,2,False,westside,GIANTX,cypher,True,100,,0,0,0,2,False
343.810,1473,ACTIVE_ROUND,3,1,1,,6.073,,MiniBoo,Team Heretics,raze,True,100,50,0,2,0,5,False,RieNs,Team Heretics,fade,True,100,50,0,0,0,4,False,Boo,Team Heretics,omen,True,100,50,1,1,1,2,False,benjyfishy,Team Heretics,deadlock,True,100,50,0,0,0,3,False,Wo0t,Team Heretics,chamber,True,95,40,0,8,0,4,False,grubinho,GIANTX,omen,True,100,,0,0,0,6,False,ara,GIANTX,raze,True,100,,0,0,0,2,False,Cloud,GIANTX,fade,True,100,1,0,0,0,6,False,Flickless,GIANTX,viper,True,100,25,0,0,0,2,False,westside,GIANTX,cypher,True,100,,0,0,0,2,False
344.044,1474,ACTIVE_ROUND,3,1,1,,6.306,,MiniBoo,Team Heretics,raze,True,100,50,0,2,0,5,False,RieNs,Team Heretics,fade,True,100,50,0,0,0,4,False,Boo,Team Heretics,omen,True,100,50,1,1,1,2,False,benjyfishy,Team Heretics,deadlock,True,100,50,0,0,0,3,False,Wo0t,Team Heretics,chamber,True,95,40,0,8,0,4,False,grubinho,GIANTX,omen,True,100,,0,0,0,6,False,ara,GIANTX,raze,True,100,,0,0,0,2,False,Cloud,GIANTX,fade,True,100,1,0,0,0,6,False,Flickless,GIANTX,viper,True,100,25,0,0,0,2,False,westside,GIANTX,cypher,True,100,,0,0,0,2,False
344.277,1475,ACTIVE_ROUND,3,1,1,,6.540,,MiniBoo,Team Heretics,raze,True,100,50,0,2,0,5,False,RieNs,Team Heretics,fade,True,100,50,0,0,0,4,False,Boo,Team Heretics,omen,True,100,50,1,1,1,2,False,benjyfishy,Team Heretics,deadlock,True,100,50,0,0,0,3,False,Wo0t,Team Heretics,chamber,True,95,40,0,8,0,4,False,grubinho,GIANTX,omen,True,100,,0,0,0,6,False,ara,GIANTX,raze,True,100,,0,0,0,2,False,Cloud,GIANTX,fade,True,100,1,0,0,0,6,False,Flickless,GIANTX,viper,True,100,25,0,0,0,2,False,westside,GIANTX,cypher,True,100,,0,0,0,2,False
344.511,1476,ACTIVE_ROUND,3,1,1,,6.773,,MiniBoo,Team Heretics,raze,True,100,50,0,2,0,5,False,RieNs,Team Heretics,fade,True,100,50,0,0,0,4,False,Boo,Team Heretics,omen,True,100,50,1,1,1,2,False,benjyfishy,Team Heretics,deadlock,True,100,50,0,0,0,3,False,Wo0t,Team Heretics,chamber,True,95,40,0,8,0,4,False,grubinho,GIANTX,omen,True,100,,0,0,0,6,False,ara,GIANTX,raze,True,100,,0,0,0,2,False,Cloud,GIANTX,fade,True,100,1,0,0,0,6,False,Flickless,GIANTX,viper,True,100,25,0,0,0,2,False,westside,GIANTX,cypher,True,100,,0,0,0,2,False
344.744,1477,ACTIVE_ROUND,3,1,1,,7.007,,MiniBoo,Team Heretics,raze,True,100,50,0,2,0,5,False,RieNs,Team Heretics,fade,True,100,50,0,0,0,4,False,Boo,Team Heretics,omen,True,100,50,1,1,1,2,False,benjyfishy,Team Heretics,deadlock,True,100,50,0,0,0,3,False,Wo0t,Team Heretics,chamber,True,95,40,0,8,0,4,False,grubinho,GIANTX,omen,True,100,,0,0,0,6,False,ara,GIANTX,raze,True,100,,0,0,0,2,False,Cloud,GIANTX,fade,True,100,1,0,0,0,6,False,Flickless,GIANTX,viper,True,100,25,0,0,0,2,False,westside,GIANTX,cypher,True,100,,0,0,0,2,False
344.978,1478,ACTIVE_ROUND,3,1,1,,7.241,,MiniBoo,Team Heretics,raze,True,100,50,0,2,0,5,False,RieNs,Team Heretics,fade,True,100,50,0,0,0,4,False,Boo,Team Heretics,omen,True,100,50,1,1,1,2,False,benjyfishy,Team Heretics,deadlock,True,100,50,0,0,0,3,False,Wo0t,Team Heretics,chamber,True,95,40,0,8,0,4,False,grubinho,GIANTX,omen,True,100,,0,0,0,6,False,ara,GIANTX,raze,True,100,,0,0,0,2,False,Cloud,GIANTX,fade,True,100,1,0,0,0,6,False,Flickless,GIANTX,viper,True,100,25,0,0,0,2,False,westside,GIANTX,cypher,True,100,,0,0,0,2,False
345.212,1479,ACTIVE_ROUND,3,1,1,,7.474,,MiniBoo,Team Heretics,raze,True,100,50,0,2,0,5,False,RieNs,Team Heretics,fade,True,100,50,0,0,0,4,False,Boo,Team Heretics,omen,True,100,50,1,1,1,2,False,benjyfishy,Team Heretics,deadlock,True,100,50,0,0,0,3,False,Wo0t,Team Heretics,chamber,True,95,40,0,8,0,4,False,grubinho,GIANTX,omen,True,100,,0,0,0,6,False,ara,GIANTX,raze,True,100,,0,0,0,2,False,Cloud,GIANTX,fade,True,100,1,0,0,0,6,False,Flickless,GIANTX,viper,True,100,25,0,0,0,2,False,westside,GIANTX,cypher,True,100,,0,0,0,2,False
345.445,1480,ACTIVE_ROUND,3,1,1,,7.708,,MiniBoo,Team Heretics,raze,True,100,50,0,2,0,5,False,RieNs,Team Heretics,fade,True,100,50,0,0,0,4,False,Boo,Team Heretics,omen,True,100,50,1,1,1,2,False,benjyfishy,Team Heretics,deadlock,True,100,50,0,0,0,3,False,Wo0t,Team Heretics,chamber,True,95,40,0,8,0,4,False,grubinho,GIANTX,omen,True,100,,0,0,0,6,False,ara,GIANTX,raze,True,100,,0,0,0,2,False,Cloud,GIANTX,fade,True,100,1,0,0,0,6,False,Flickless,GIANTX,viper,True,100,25,0,0,0,2,False,westside,GIANTX,cypher,True,100,,0,0,0,2,False
345.679,1481,ACTIVE_ROUND,3,1,1,,7.941,,MiniBoo,Team Heretics,raze,True,100,50,0,2,0,5,False,RieNs,Team Heretics,fade,True,100,50,0,0,0,4,False,Boo,Team Heretics,omen,True,100,50,1,1,1,2,False,benjyfishy,Team Heretics,deadlock,True,100,50,0,0,0,3,False,Wo0t,Team Heretics,chamber,True,95,40,0,8,0,4,False,grubinho,GIANTX,omen,True,100,,0,0,0,6,False,ara,GIANTX,raze,True,100,,0,0,0,2,False,Cloud,GIANTX,fade,True,100,1,0,0,0,6,False,Flickless,GIANTX,viper,True,100,25,0,0,0,2,False,westside,GIANTX,cypher,True,100,,0,0,0,2,False
345.912,1482,ACTIVE_ROUND,3,1,1,,8.175,,MiniBoo,Team Heretics,raze,True,100,50,0,2,0,5,False,RieNs,Team Heretics,fade,True,100,50,0,0,0,4,False,Boo,Team Heretics,omen,True,100,50,1,1,0,2,False,benjyfishy,Team Heretics,deadlock,True,100,50,0,0,0,3,False,Wo0t,Team Heretics,chamber,True,95,40,0,8,0,4,False,grubinho,GIANTX,omen,True,100,,0,0,0,6,False,ara,GIANTX,raze,True,100,,0,0,0,2,False,Cloud,GIANTX,fade,True,100,1,0,0,0,6,False,Flickless,GIANTX,viper,True,100,25,0,0,0,2,False,westside,GIANTX,cypher,True,100,,0,0,0,2,False
346.146,1483,ACTIVE_ROUND,3,1,1,,8.408,,MiniBoo,Team Heretics,raze,True,100,50,0,2,0,5,False,RieNs,Team Heretics,fade,True,100,50,0,0,0,4,False,Boo,Team Heretics,omen,True,100,50,1,1,0,2,False,benjyfishy,Team Heretics,deadlock,True,100,50,0,0,0,3,False,Wo0t,Team Heretics,chamber,True,95,40,0,8,0,4,False,grubinho,GIANTX,omen,True,100,,0,0,0,6,False,ara,GIANTX,raze,True,100,,0,0,0,2,False,Cloud,GIANTX,fade,True,100,1,0,0,0,6,False,Flickless,GIANTX,viper,True,100,25,0,0,0,2,False,westside,GIANTX,cypher,True,100,,0,0,0,2,False
346.379,1484,ACTIVE_ROUND,3,1,1,,8.642,,MiniBoo,Team Heretics,raze,True,100,50,0,2,0,5,False,RieNs,Team Heretics,fade,True,100,50,0,0,0,4,False,Boo,Team Heretics,omen,True,100,50,1,1,0,2,False,benjyfishy,Team Heretics,deadlock,True,100,50,0,0,0,3,False,Wo0t,Team Heretics,chamber,True,95,40,0,8,0,4,False,grubinho,GIANTX,omen,True,100,,0,0,0,6,False,ara,GIANTX,raze,True,100,,0,0,0,2,False,Cloud,GIANTX,fade,True,100,1,0,0,0,6,False,Flickless,GIANTX,viper,True,100,25,0,0,0,2,False,westside,GIANTX,cypher,True,100,,0,0,0,2,False
346.613,1485,ACTIVE_ROUND,3,1,1,,8.876,,MiniBoo,Team Heretics,raze,True,100,50,0,2,0,5,False,RieNs,Team Heretics,fade,True,100,50,0,0,0,4,False,Boo,Team Heretics,omen,True,100,50,1,1,0,2,False,benjyfishy,Team Heretics,deadlock,True,100,50,0,0,0,3,False,Wo0t,Team Heretics,chamber,True,95,40,0,8,0,4,False,grubinho,GIANTX,omen,True,100,,0,0,0,6,False,ara,GIANTX,raze,True,100,,0,0,0,2,False,Cloud,GIANTX,fade,True,100,1,0,0,0,6,False,Flickless,GIANTX,viper,True,100,25,0,0,0,2,False,westside,GIANTX,cypher,True,100,,0,0,0,2,False
346.846,1486,ACTIVE_ROUND,3,1,1,,9.109,,MiniBoo,Team Heretics,raze,True,100,50,0,2,0,5,False,RieNs,Team Heretics,fade,True,100,50,0,0,0,4,False,Boo,Team Heretics,omen,True,100,50,1,1,0,2,False,benjyfishy,Team Heretics,deadlock,True,100,50,0,0,0,3,False,Wo0t,Team Heretics,chamber,True,95,40,0,8,0,4,False,grubinho,GIANTX,omen,True,100,,0,0,0,6,False,ara,GIANTX,raze,True,100,,0,0,0,2,False,Cloud,GIANTX,fade,True,100,1,0,0,0,6,False,Flickless,GIANTX,viper,True,100,25,0,0,0,2,False,westside,GIANTX,cypher,True,100,,0,0,0,2,False
347.080,1487,ACTIVE_ROUND,3,1,1,,9.343,,MiniBoo,Team Heretics,raze,True,100,50,0,2,0,5,False,RieNs,Team Heretics,fade,True,100,50,0,0,0,4,False,Boo,Team Heretics,omen,True,100,50,1,1,0,2,False,benjyfishy,Team Heretics,deadlock,True,100,50,0,0,0,3,False,Wo0t,Team Heretics,chamber,True,95,40,0,8,0,4,False,grubinho,GIANTX,omen,True,100,,0,0,0,6,False,ara,GIANTX,raze,True,100,,0,0,0,2,False,Cloud,GIANTX,fade,True,100,1,0,0,0,6,False,Flickless,GIANTX,viper,True,100,25,0,0,0,2,False,westside,GIANTX,cypher,True,100,,0,0,0,2,False
347.314,1488,ACTIVE_ROUND,3,1,1,,9.576,,MiniBoo,Team Heretics,raze,True,100,50,0,2,0,5,False,RieNs,Team Heretics,fade,True,100,50,0,0,0,4,False,Boo,Team Heretics,omen,True,100,50,1,1,0,2,False,benjyfishy,Team Heretics,deadlock,True,100,50,0,0,0,3,False,Wo0t,Team Heretics,chamber,True,95,40,0,8,0,4,False,grubinho,GIANTX,omen,True,100,,0,0,0,6,False,ara,GIANTX,raze,True,100,,0,0,0,2,False,Cloud,GIANTX,fade,True,100,1,0,0,0,6,False,Flickless,GIANTX,viper,True,100,25,0,0,0,2,False,westside,GIANTX,cypher,True,100,,0,0,0,2,False
347.547,1489,ACTIVE_ROUND,3,1,1,,9.810,,MiniBoo,Team Heretics,raze,True,100,50,0,2,0,5,False,RieNs,Team Heretics,fade,True,100,50,0,0,0,4,False,Boo,Team Heretics,omen,True,100,50,1,1,0,2,False,benjyfishy,Team Heretics,deadlock,True,100,50,0,0,0,3,False,Wo0t,Team Heretics,chamber,True,95,40,0,8,0,4,False,grubinho,GIANTX,omen,True,100,,0,0,0,6,False,ara,GIANTX,raze,True,100,,0,0,0,2,False,Cloud,GIANTX,fade,True,100,1,0,0,0,6,False,Flickless,GIANTX,viper,True,100,25,0,0,0,2,False,westside,GIANTX,cypher,True,100,,0,0,0,2,False
347.781,1490,ACTIVE_ROUND,3,1,1,,10.043,,MiniBoo,Team Heretics,raze,True,100,50,0,2,0,5,False,RieNs,Team Heretics,fade,True,100,50,0,0,0,4,False,Boo,Team Heretics,omen,True,100,50,1,1,0,2,False,benjyfishy,Team Heretics,deadlock,True,100,50,0,0,0,3,False,Wo0t,Team Heretics,chamber,True,95,40,0,8,0,4,False,grubinho,GIANTX,omen,True,100,,0,0,0,6,False,ara,GIANTX,raze,True,100,,0,0,0,2,False,Cloud,GIANTX,fade,True,100,1,0,0,0,6,False,Flickless,GIANTX,viper,True,100,25,0,0,0,2,False,westside,GIANTX,cypher,True,100,,0,0,0,2,False
348.014,1491,ACTIVE_ROUND,3,1,1,,10.277,,MiniBoo,Team Heretics,raze,True,100,50,0,2,0,5,False,RieNs,Team Heretics,fade,True,100,50,0,0,0,4,False,Boo,Team Heretics,omen,True,100,50,1,1,0,2,False,benjyfishy,Team Heretics,deadlock,True,100,50,0,0,0,3,False,Wo0t,Team Heretics,chamber,True,95,40,0,8,0,4,False,grubinho,GIANTX,omen,True,100,,0,0,0,6,False,ara,GIANTX,raze,True,100,,0,0,0,2,False,Cloud,GIANTX,fade,True,100,1,0,0,0,6,False,Flickless,GIANTX,viper,True,100,25,0,0,0,2,False,westside,GIANTX,cypher,True,100,,0,0,0,2,False
348.248,1492,ACTIVE_ROUND,3,1,1,,10.511,,MiniBoo,Team Heretics,raze,True,100,50,0,2,0,5,False,RieNs,Team Heretics,fade,True,100,50,0,0,0,4,False,Boo,Team Heretics,omen,True,100,50,1,1,0,2,False,benjyfishy,Team Heretics,deadlock,True,100,50,0,0,0,3,False,Wo0t,Team Heretics,chamber,True,95,40,0,8,0,4,False,grubinho,GIANTX,omen,True,100,,0,0,0,6,False,ara,GIANTX,raze,True,100,,0,0,0,2,False,Cloud,GIANTX,fade,True,100,1,0,0,0,6,False,Flickless,GIANTX,viper,True,100,25,0,0,0,2,False,westside,GIANTX,cypher,True,100,,0,0,0,2,False
348.481,1493,ACTIVE_ROUND,3,1,1,,10.744,,MiniBoo,Team Heretics,raze,True,100,50,0,2,0,5,False,RieNs,Team Heretics,fade,True,100,50,0,0,0,4,False,Boo,Team Heretics,omen,True,100,50,1,1,0,2,False,benjyfishy,Team Heretics,deadlock,True,100,50,0,0,0,3,False,Wo0t,Team Heretics,chamber,True,95,40,0,8,0,4,False,grubinho,GIANTX,omen,True,100,,0,0,0,6,False,ara,GIANTX,raze,True,100,,0,0,0,2,False,Cloud,GIANTX,fade,True,100,1,0,0,0,6,False,Flickless,GIANTX,viper,True,100,25,0,0,0,2,False,westside,GIANTX,cypher,True,100,,0,0,0,2,False
348.715,1494,ACTIVE_ROUND,3,1,1,,10.978,,MiniBoo,Team Heretics,raze,True,100,50,0,2,0,5,False,RieNs,Team Heretics,fade,True,100,50,0,0,0,4,False,Boo,Team Heretics,omen,True,100,50,1,1,0,2,False,benjyfishy,Team Heretics,deadlock,True,100,50,0,0,0,3,False,Wo0t,Team Heretics,chamber,True,95,40,0,8,0,4,False,grubinho,GIANTX,omen,True,100,,0,0,0,6,False,ara,GIANTX,raze,True,100,,0,0,0,2,False,Cloud,GIANTX,fade,True,100,1,0,0,0,6,False,Flickless,GIANTX,viper,True,100,25,0,0,0,2,False,westside,GIANTX,cypher,True,100,,0,0,0,2,False
348.949,1495,ACTIVE_ROUND,3,1,1,,11.211,,MiniBoo,Team Heretics,raze,True,100,50,0,1,0,5,False,RieNs,Team Heretics,fade,True,100,50,0,0,0,4,False,Boo,Team Heretics,omen,True,100,50,1,1,0,2,False,benjyfishy,Team Heretics,deadlock,True,100,50,0,0,0,3,False,Wo0t,Team Heretics,chamber,True,95,40,0,8,0,4,False,grubinho,GIANTX,omen,True,100,,0,0,0,6,False,ara,GIANTX,raze,True,100,,0,0,0,2,False,Cloud,GIANTX,fade,True,100,1,0,0,0,6,False,Flickless,GIANTX,viper,True,100,25,0,0,0,2,False,westside,GIANTX,cypher,True,100,,0,0,0,2,False
349.182,1496,ACTIVE_ROUND,3,1,1,,11.445,,MiniBoo,Team Heretics,raze,True,100,50,0,1,0,5,False,RieNs,Team Heretics,fade,True,100,50,0,0,0,4,False,Boo,Team Heretics,omen,True,100,50,1,1,0,2,False,benjyfishy,Team Heretics,deadlock,True,100,50,0,0,0,3,False,Wo0t,Team Heretics,chamber,True,95,40,0,8,0,4,False,grubinho,GIANTX,omen,True,100,,0,0,0,6,False,ara,GIANTX,raze,True,100,,0,0,0,2,False,Cloud,GIANTX,fade,True,100,1,0,0,0,6,False,Flickless,GIANTX,viper,True,100,25,0,0,0,2,False,westside,GIANTX,cypher,True,100,,0,0,0,2,False
349.416,1497,ACTIVE_ROUND,3,1,1,,11.678,,MiniBoo,Team Heretics,raze,True,100,50,0,1,0,5,False,RieNs,Team Heretics,fade,True,100,50,0,0,0,4,False,Boo,Team Heretics,omen,True,100,50,1,1,0,2,False,benjyfishy,Team Heretics,deadlock,True,100,50,0,0,0,3,False,Wo0t,Team Heretics,chamber,True,95,40,0,8,0,4,False,grubinho,GIANTX,omen,True,100,,0,0,0,6,False,ara,GIANTX,raze,True,100,,0,0,0,2,False,Cloud,GIANTX,fade,True,100,1,0,0,0,6,False,Flickless,GIANTX,viper,True,100,25,0,0,0,2,False,westside,GIANTX,cypher,True,100,,0,0,0,2,False
349.649,1498,ACTIVE_ROUND,3,1,1,,11.912,,MiniBoo,Team Heretics,raze,True,100,50,0,1,0,5,False,RieNs,Team Heretics,fade,True,100,50,0,0,0,4,False,Boo,Team Heretics,omen,True,100,50,1,1,0,2,False,benjyfishy,Team Heretics,deadlock,True,100,50,0,0,0,3,False,Wo0t,Team Heretics,chamber,True,95,40,0,8,0,4,False,grubinho,GIANTX,omen,True,100,,0,0,0,6,False,ara,GIANTX,raze,True,100,,0,0,0,2,False,Cloud,GIANTX,fade,True,100,1,0,0,0,6,False,Flickless,GIANTX,viper,True,100,25,0,0,0,2,False,westside,GIANTX,cypher,True,100,,0,0,0,2,False
349.883,1499,ACTIVE_ROUND,3,1,1,,12.145,,MiniBoo,Team Heretics,raze,True,100,50,0,1,0,5,False,RieNs,Team Heretics,fade,True,100,50,0,0,0,4,False,Boo,Team Heretics,omen,True,100,50,1,0,0,2,False,benjyfishy,Team Heretics,deadlock,True,100,50,0,0,0,3,False,Wo0t,Team Heretics,chamber,True,95,40,0,8,0,4,False,grubinho,GIANTX,omen,True,100,,0,0,0,6,False,ara,GIANTX,raze,True,100,,0,0,0,2,False,Cloud,GIANTX,fade,True,100,1,0,0,0,6,False,Flickless,GIANTX,viper,True,100,25,0,0,0,2,False,westside,GIANTX,cypher,True,100,,0,0,0,2,False
350.116,1500,ACTIVE_ROUND,3,1,1,,12.379,,MiniBoo,Team Heretics,raze,True,100,50,0,1,0,5,False,RieNs,Team Heretics,fade,True,100,50,0,0,0,4,False,Boo,Team Heretics,omen,True,100,50,1,0,0,2,False,benjyfishy,Team Heretics,deadlock,True,100,50,0,0,0,3,False,Wo0t,Team Heretics,chamber,True,95,40,0,8,0,4,False,grubinho,GIANTX,omen,True,100,,0,0,0,6,False,ara,GIANTX,raze,True,100,,0,0,0,2,False,Cloud,GIANTX,fade,True,100,1,0,0,0,6,False,Flickless,GIANTX,viper,True,100,25,0,0,0,2,False,westside,GIANTX,cypher,True,100,,0,0,0,2,False
350.350,1501,ACTIVE_ROUND,3,1,1,,12.613,,MiniBoo,Team Heretics,raze,True,100,50,0,1,0,5,False,RieNs,Team Heretics,fade,True,100,50,0,0,0,4,False,Boo,Team Heretics,omen,True,100,50,1,0,0,2,False,benjyfishy,Team Heretics,deadlock,True,100,50,0,0,0,3,False,Wo0t,Team Heretics,chamber,True,95,40,0,8,0,4,False,grubinho,GIANTX,omen,True,100,,0,0,0,6,False,ara,GIANTX,raze,True,100,,0,0,0,2,False,Cloud,GIANTX,fade,True,100,1,0,0,0,6,False,Flickless,GIANTX,viper,True,100,25,0,0,0,2,False,westside,GIANTX,cypher,True,100,,0,0,0,2,False
350.584,1502,ACTIVE_ROUND,3,1,1,,12.846,,MiniBoo,Team Heretics,raze,True,100,50,0,1,0,5,False,RieNs,Team Heretics,fade,True,100,50,0,0,0,4,False,Boo,Team Heretics,omen,True,100,50,1,0,0,2,False,benjyfishy,Team Heretics,deadlock,True,100,50,0,0,0,3,False,Wo0t,Team Heretics,chamber,True,95,40,0,8,0,4,False,grubinho,GIANTX,omen,True,100,,0,0,0,6,False,ara,GIANTX,raze,True,100,,0,0,0,2,False,Cloud,GIANTX,fade,True,100,1,0,0,0,6,False,Flickless,GIANTX,viper,True,100,25,0,0,0,2,False,westside,GIANTX,cypher,True,100,,0,0,0,2,False
350.817,1503,ACTIVE_ROUND,3,1,1,,13.080,,MiniBoo,Team Heretics,raze,True,92,33,0,0,0,5,False,RieNs,Team Heretics,fade,True,100,50,0,0,0,4,False,Boo,Team Heretics,omen,True,100,50,1,0,0,2,False,benjyfishy,Team Heretics,deadlock,True,100,50,0,0,0,3,False,Wo0t,Team Heretics,chamber,True,95,40,0,8,0,4,False,grubinho,GIANTX,omen,True,100,,0,0,0,6,False,ara,GIANTX,raze,True,100,,0,0,0,2,False,Cloud,GIANTX,fade,True,100,1,0,0,0,6,False,Flickless,GIANTX,viper,True,100,25,0,0,0,2,False,westside,GIANTX,cypher,True,100,,0,0,0,2,False
351.051,1504,ACTIVE_ROUND,3,1,1,,13.313,,MiniBoo,Team Heretics,raze,True,92,33,0,0,0,5,False,RieNs,Team Heretics,fade,True,100,50,0,0,0,4,False,Boo,Team Heretics,omen,True,100,50,1,0,0,2,False,benjyfishy,Team Heretics,deadlock,True,100,50,0,0,0,3,False,Wo0t,Team Heretics,chamber,True,95,40,0,8,0,4,False,grubinho,GIANTX,omen,True,100,,0,0,0,6,False,ara,GIANTX,raze,True,100,,0,0,0,2,False,Cloud,GIANTX,fade,True,100,1,0,0,0,6,False,Flickless,GIANTX,viper,True,100,25,0,0,0,2,False,westside,GIANTX,cypher,True,100,,0,0,0,2,False
351.284,1505,ACTIVE_ROUND,3,1,1,,13.547,,MiniBoo,Team Heretics,raze,True,92,33,0,0,0,5,False,RieNs,Team Heretics,fade,True,100,50,0,0,0,4,False,Boo,Team Heretics,omen,True,100,50,1,0,0,2,False,benjyfishy,Team Heretics,deadlock,True,100,50,0,0,0,3,False,Wo0t,Team Heretics,chamber,True,95,40,0,8,0,4,False,grubinho,GIANTX,omen,True,100,,0,0,0,6,False,ara,GIANTX,raze,True,100,,0,0,0,2,False,Cloud,GIANTX,fade,True,100,1,0,0,0,6,False,Flickless,GIANTX,viper,True,100,25,0,0,0,2,False,westside,GIANTX,cypher,True,100,,0,0,0,2,False
351.518,1506,ACTIVE_ROUND,3,1,1,,13.780,,MiniBoo,Team Heretics,raze,True,92,33,0,0,0,5,False,RieNs,Team Heretics,fade,True,100,50,0,0,0,4,False,Boo,Team Heretics,omen,True,100,50,1,0,0,2,False,benjyfishy,Team Heretics,deadlock,True,100,50,0,0,0,3,False,Wo0t,Team Heretics,chamber,True,95,40,0,8,0,4,False,grubinho,GIANTX,omen,True,100,,0,0,0,6,False,ara,GIANTX,raze,True,100,,0,0,0,2,False,Cloud,GIANTX,fade,True,100,1,0,0,0,6,False,Flickless,GIANTX,viper,True,100,25,0,0,0,2,False,westside,GIANTX,cypher,True,100,,0,0,0,2,False
351.751,1507,ACTIVE_ROUND,3,1,1,,14.014,,MiniBoo,Team Heretics,raze,True,92,33,0,0,0,5,False,RieNs,Team Heretics,fade,True,100,50,0,0,0,4,False,Boo,Team Heretics,omen,True,100,50,1,0,0,2,False,benjyfishy,Team Heretics,deadlock,True,100,50,0,0,0,3,False,Wo0t,Team Heretics,chamber,True,95,40,0,8,0,4,False,grubinho,GIANTX,omen,True,100,,0,0,0,6,False,ara,GIANTX,raze,True,100,,0,0,0,2,False,Cloud,GIANTX,fade,True,100,1,0,0,0,6,False,Flickless,GIANTX,viper,True,100,25,0,0,0,2,False,westside,GIANTX,cypher,True,100,,0,0,0,2,False
351.985,1508,ACTIVE_ROUND,3,1,1,,14.248,,MiniBoo,Team Heretics,raze,True,92,33,0,0,0,6,False,RieNs,Team Heretics,fade,True,100,50,0,0,0,4,False,Boo,Team Heretics,omen,True,100,50,1,0,0,2,False,benjyfishy,Team Heretics,deadlock,True,20,50,0,0,0,4,False,Wo0t,Team Heretics,chamber,True,95,40,0,8,0,4,False,grubinho,GIANTX,omen,True,100,,0,0,0,6,False,ara,GIANTX,raze,True,100,,0,0,0,3,False,Cloud,GIANTX,fade,True,100,1,0,0,0,6,False,Flickless,GIANTX,viper,True,100,25,0,0,0,2,False,westside,GIANTX,cypher,True,100,,0,0,0,3,False
352.219,1509,ACTIVE_ROUND,3,1,1,,14.481,,MiniBoo,Team Heretics,raze,True,92,33,0,0,0,6,False,RieNs,Team Heretics,fade,True,100,50,0,0,0,4,False,Boo,Team Heretics,omen,True,100,50,1,0,0,2,False,benjyfishy,Team Heretics,deadlock,True,20,50,0,0,0,4,False,Wo0t,Team Heretics,chamber,True,95,40,0,8,0,4,False,grubinho,GIANTX,omen,True,100,,0,0,0,6,False,ara,GIANTX,raze,False,,,0,0,0,3,False,Cloud,GIANTX,fade,True,100,1,0,0,0,6,False,Flickless,GIANTX,viper,True,100,25,0,0,0,2,False,westside,GIANTX,cypher,False,,,0,0,0,3,False
352.452,1510,ACTIVE_ROUND,3,1,1,,14.715,,MiniBoo,Team Heretics,raze,True,92,33,0,0,0,6,False,RieNs,Team Heretics,fade,True,100,50,0,0,0,4,False,Boo,Team Heretics,omen,True,100,50,1,0,0,2,False,benjyfishy,Team Heretics,deadlock,True,20,50,0,0,0,4,False,Wo0t,Team Heretics,chamber,True,95,40,0,8,0,4,False,grubinho,GIANTX,omen,True,100,,0,0,0,6,False,ara,GIANTX,raze,False,,,0,0,0,3,False,Cloud,GIANTX,fade,True,100,1,0,0,0,6,False,Flickless,GIANTX,viper,True,100,25,0,0,0,2,False,westside,GIANTX,cypher,False,,,0,0,0,3,False
352.686,1511,ACTIVE_ROUND,3,1,1,,14.948,,MiniBoo,Team Heretics,raze,True,92,33,0,0,0,6,False,RieNs,Team Heretics,fade,True,100,50,0,0,0,4,False,Boo,Team Heretics,omen,True,100,50,1,0,0,2,False,benjyfishy,Team Heretics,deadlock,True,20,50,0,0,0,4,False,Wo0t,Team Heretics,chamber,True,95,40,0,8,0,4,False,grubinho,GIANTX,omen,True,100,,0,0,0,6,False,ara,GIANTX,raze,False,,,0,0,0,3,False,Cloud,GIANTX,fade,True,100,1,0,0,0,6,False,Flickless,GIANTX,viper,True,100,25,0,0,0,2,False,westside,GIANTX,cypher,False,,,0,0,0,3,False
352.919,1512,ACTIVE_ROUND,3,1,1,,15.182,,MiniBoo,Team Heretics,raze,True,69,33,0,0,0,6,False,RieNs,Team Heretics,fade,True,100,50,0,0,0,4,False,Boo,Team Heretics,omen,True,100,50,1,0,0,2,False,benjyfishy,Team Heretics,deadlock,True,20,50,0,0,0,4,False,Wo0t,Team Heretics,chamber,True,95,40,0,8,0,4,False,grubinho,GIANTX,omen,True,100,,0,0,1,6,False,ara,GIANTX,raze,False,,,0,0,0,3,False,Cloud,GIANTX,fade,True,100,1,0,0,0,6,False,Flickless,GIANTX,viper,True,100,25,0,0,0,2,False,westside,GIANTX,cypher,False,,,0,0,0,3,False
353.153,1513,ACTIVE_ROUND,3,1,1,,15.415,,MiniBoo,Team Heretics,raze,True,69,33,0,0,0,6,False,RieNs,Team Heretics,fade,True,100,50,0,0,0,4,False,Boo,Team Heretics,omen,True,100,50,1,0,0,2,False,benjyfishy,Team Heretics,deadlock,True,20,50,0,0,0,4,False,Wo0t,Team Heretics,chamber,True,95,40,0,8,0,4,False,grubinho,GIANTX,omen,True,100,,0,0,0,6,False,ara,GIANTX,raze,False,,,0,0,0,3,False,Cloud,GIANTX,fade,True,100,1,0,0,0,6,False,Flickless,GIANTX,viper,True,100,25,0,0,0,2,False,westside,GIANTX,cypher,False,,,0,0,0,3,False
353.386,1514,ACTIVE_ROUND,3,1,1,,15.649,,MiniBoo,Team Heretics,raze,True,69,33,0,0,0,6,False,RieNs,Team Heretics,fade,True,100,50,0,0,0,4,False,Boo,Team Heretics,omen,True,100,50,1,0,0,2,False,benjyfishy,Team Heretics,deadlock,True,20,50,0,0,0,4,False,Wo0t,Team Heretics,chamber,True,95,40,0,8,0,4,False,grubinho,GIANTX,omen,False,,,0,0,0,6,False,ara,GIANTX,raze,False,,,0,0,0,3,False,Cloud,GIANTX,fade,True,100,1,0,0,0,6,False,Flickless,GIANTX,viper,True,100,25,0,0,0,2,False,westside,GIANTX,cypher,False,,,0,0,0,3,False
353.620,1515,ACTIVE_ROUND,3,1,1,,15.883,,MiniBoo,Team Heretics,raze,True,69,33,0,0,0,6,False,RieNs,Team Heretics,fade,True,100,50,0,0,0,4,False,Boo,Team Heretics,omen,True,100,50,1,0,0,2,False,benjyfishy,Team Heretics,deadlock,True,20,50,0,0,0,4,False,Wo0t,Team Heretics,chamber,True,95,40,0,8,0,4,False,grubinho,GIANTX,omen,False,,,0,0,0,6,False,ara,GIANTX,raze,False,,,0,0,0,3,False,Cloud,GIANTX,fade,True,100,1,0,0,0,6,False,Flickless,GIANTX,viper,True,100,25,0,0,0,2,False,westside,GIANTX,cypher,False,,,0,0,0,3,False
353.853,1516,ACTIVE_ROUND,3,1,1,,16.116,,MiniBoo,Team Heretics,raze,True,14,33,0,0,1,7,False,RieNs,Team Heretics,fade,True,100,50,0,0,0,4,False,Boo,Team Heretics,omen,True,100,50,1,0,0,2,False,benjyfishy,Team Heretics,deadlock,True,20,50,0,0,0,4,False,Wo0t,Team Heretics,chamber,True,95,40,0,8,0,4,False,grubinho,GIANTX,omen,False,,,0,0,0,6,False,ara,GIANTX,raze,False,,,0,0,0,3,False,Cloud,GIANTX,fade,True,100,1,0,0,0,6,False,Flickless,GIANTX,viper,True,100,25,0,0,0,2,False,westside,GIANTX,cypher,False,,,0,0,0,3,False
354.087,1517,ACTIVE_ROUND,3,1,1,,16.350,,MiniBoo,Team Heretics,raze,True,14,33,0,0,1,7,False,RieNs,Team Heretics,fade,True,100,50,0,0,0,4,False,Boo,Team Heretics,omen,True,100,50,1,0,0,2,False,benjyfishy,Team Heretics,deadlock,True,20,50,0,0,0,4,False,Wo0t,Team Heretics,chamber,True,95,40,0,8,0,4,False,grubinho,GIANTX,omen,False,,,0,0,0,6,False,ara,GIANTX,raze,False,,,0,0,0,3,False,Cloud,GIANTX,fade,True,100,1,0,0,0,6,False,Flickless,GIANTX,viper,True,100,25,0,0,0,2,False,westside,GIANTX,cypher,False,,,0,0,0,3,False
354.321,1518,ACTIVE_ROUND,3,1,1,,16.583,,MiniBoo,Team Heretics,raze,True,14,33,0,0,1,7,False,RieNs,Team Heretics,fade,True,100,50,0,0,0,4,False,Boo,Team Heretics,omen,True,100,50,1,0,0,2,False,benjyfishy,Team Heretics,deadlock,True,20,50,0,0,0,4,False,Wo0t,Team Heretics,chamber,True,95,40,0,8,0,4,False,grubinho,GIANTX,omen,False,,,0,0,0,6,False,ara,GIANTX,raze,False,,,0,0,0,3,False,Cloud,GIANTX,fade,True,100,1,0,0,0,6,False,Flickless,GIANTX,viper,True,100,25,0,0,0,2,False,westside,GIANTX,cypher,False,,,0,0,0,3,False
354.554,1519,ACTIVE_ROUND,3,1,1,,16.817,,MiniBoo,Team Heretics,raze,True,14,33,0,0,1,7,False,RieNs,Team Heretics,fade,True,100,50,0,0,0,4,False,Boo,Team Heretics,omen,True,100,50,1,0,0,2,False,benjyfishy,Team Heretics,deadlock,True,20,50,0,0,0,4,False,Wo0t,Team Heretics,chamber,True,95,40,0,8,0,4,False,grubinho,GIANTX,omen,False,,,0,0,0,6,False,ara,GIANTX,raze,False,,,0,0,0,3,False,Cloud,GIANTX,fade,True,100,1,0,0,0,6,False,Flickless,GIANTX,viper,True,100,25,0,0,0,2,False,westside,GIANTX,cypher,False,,,0,0,0,3,False
354.788,1520,ACTIVE_ROUND,3,1,1,,17.050,,MiniBoo,Team Heretics,raze,True,14,33,0,0,0,7,False,RieNs,Team Heretics,fade,True,100,50,0,0,0,4,False,Boo,Team Heretics,omen,True,100,50,1,0,0,2,False,benjyfishy,Team Heretics,deadlock,True,20,50,0,0,0,4,False,Wo0t,Team Heretics,chamber,True,95,40,0,8,0,4,False,grubinho,GIANTX,omen,False,,,0,0,0,6,False,ara,GIANTX,raze,False,,,0,0,0,3,False,Cloud,GIANTX,fade,True,100,1,0,0,0,6,False,Flickless,GIANTX,viper,True,100,25,0,0,0,2,False,westside,GIANTX,cypher,False,,,0,0,0,3,False
355.021,1521,ACTIVE_ROUND,3,1,1,,17.284,,MiniBoo,Team Heretics,raze,True,14,33,0,0,0,7,False,RieNs,Team Heretics,fade,True,100,50,0,0,0,4,False,Boo,Team Heretics,omen,True,100,50,1,0,0,2,False,benjyfishy,Team Heretics,deadlock,True,20,50,0,0,0,4,False,Wo0t,Team Heretics,chamber,True,95,40,0,8,0,4,False,grubinho,GIANTX,omen,False,,,0,0,0,6,False,ara,GIANTX,raze,False,,,0,0,0,3,False,Cloud,GIANTX,fade,True,100,1,0,0,0,6,False,Flickless,GIANTX,viper,True,100,25,0,0,0,2,False,westside,GIANTX,cypher,False,,,0,0,0,3,False
355.255,1522,ACTIVE_ROUND,3,1,1,,17.518,,MiniBoo,Team Heretics,raze,True,14,33,0,0,0,7,False,RieNs,Team Heretics,fade,True,100,50,0,0,0,4,False,Boo,Team Heretics,omen,True,100,50,1,0,0,2,False,benjyfishy,Team Heretics,deadlock,True,20,50,0,0,0,4,False,Wo0t,Team Heretics,chamber,True,95,40,0,8,0,4,False,grubinho,GIANTX,omen,False,,,0,0,0,6,False,ara,GIANTX,raze,False,,,0,0,0,3,False,Cloud,GIANTX,fade,True,100,1,0,0,0,6,False,Flickless,GIANTX,viper,True,100,25,0,0,0,2,False,westside,GIANTX,cypher,False,,,0,0,0,3,False
355.488,1523,ACTIVE_ROUND,3,1,1,,17.751,,MiniBoo,Team Heretics,raze,True,14,33,0,0,0,7,False,RieNs,Team Heretics,fade,True,100,50,0,0,0,4,False,Boo,Team Heretics,omen,True,100,50,1,0,0,2,False,benjyfishy,Team Heretics,deadlock,True,20,50,0,0,0,4,False,Wo0t,Team Heretics,chamber,True,95,40,0,8,0,4,False,grubinho,GIANTX,omen,False,,,0,0,0,6,False,ara,GIANTX,raze,False,,,0,0,0,3,False,Cloud,GIANTX,fade,True,100,1,0,0,0,6,False,Flickless,GIANTX,viper,True,100,25,0,0,0,2,False,westside,GIANTX,cypher,False,,,0,0,0,3,False
355.722,1524,ACTIVE_ROUND,3,1,1,,17.985,,MiniBoo,Team Heretics,raze,True,14,33,0,0,0,7,False,RieNs,Team Heretics,fade,True,100,50,0,0,0,4,False,Boo,Team Heretics,omen,True,100,50,1,0,0,2,False,benjyfishy,Team Heretics,deadlock,True,20,50,0,0,0,4,False,Wo0t,Team Heretics,chamber,True,95,40,0,8,0,4,False,grubinho,GIANTX,omen,False,,,0,0,0,6,False,ara,GIANTX,raze,False,,,0,0,0,3,False,Cloud,GIANTX,fade,True,100,1,0,0,0,6,False,Flickless,GIANTX,viper,True,100,25,0,0,0,2,False,westside,GIANTX,cypher,False,,,0,0,0,3,False
355.956,1525,ACTIVE_ROUND,3,1,1,,18.218,,MiniBoo,Team Heretics,raze,True,14,33,0,0,0,7,False,RieNs,Team Heretics,fade,True,100,50,0,0,0,4,False,Boo,Team Heretics,omen,True,100,50,1,0,0,2,False,benjyfishy,Team Heretics,deadlock,True,20,50,0,0,0,4,False,Wo0t,Team Heretics,chamber,True,95,40,0,8,0,4,False,grubinho,GIANTX,omen,False,,,0,0,0,6,False,ara,GIANTX,raze,False,,,0,0,0,3,False,Cloud,GIANTX,fade,True,100,1,0,0,0,6,False,Flickless,GIANTX,viper,True,100,25,0,0,0,2,False,westside,GIANTX,cypher,False,,,0,0,0,3,False
356.189,1526,ACTIVE_ROUND,3,1,1,,18.452,,MiniBoo,Team Heretics,raze,True,14,33,0,0,0,7,False,RieNs,Team Heretics,fade,True,100,50,0,0,0,4,False,Boo,Team Heretics,omen,True,100,50,1,0,0,2,False,benjyfishy,Team Heretics,deadlock,True,20,50,0,0,0,4,False,Wo0t,Team Heretics,chamber,True,95,40,0,8,0,4,False,grubinho,GIANTX,omen,False,,,0,0,0,6,False,ara,GIANTX,raze,False,,,0,0,0,3,False,Cloud,GIANTX,fade,True,100,1,0,0,0,6,False,Flickless,GIANTX,viper,True,100,25,0,0,0,2,False,westside,GIANTX,cypher,False,,,0,0,0,3,False
356.423,1527,ACTIVE_ROUND,3,1,1,,18.685,,MiniBoo,Team Heretics,raze,True,14,33,0,0,0,7,False,RieNs,Team Heretics,fade,True,100,50,0,0,0,4,False,Boo,Team Heretics,omen,True,100,50,1,0,0,2,False,benjyfishy,Team Heretics,deadlock,True,20,50,0,0,0,4,False,Wo0t,Team Heretics,chamber,True,95,40,0,8,0,4,False,grubinho,GIANTX,omen,False,,,0,0,0,6,False,ara,GIANTX,raze,False,,,0,0,0,3,False,Cloud,GIANTX,fade,True,100,1,0,0,0,6,False,Flickless,GIANTX,viper,True,100,25,0,0,0,2,False,westside,GIANTX,cypher,False,,,0,0,0,3,False
356.656,1528,ACTIVE_ROUND,3,1,1,,18.919,,MiniBoo,Team Heretics,raze,True,14,33,0,0,0,7,False,RieNs,Team Heretics,fade,True,100,50,0,0,0,4,False,Boo,Team Heretics,omen,True,100,50,1,0,0,2,False,benjyfishy,Team Heretics,deadlock,True,20,50,0,0,0,4,False,Wo0t,Team Heretics,chamber,True,95,40,0,8,0,4,False,grubinho,GIANTX,omen,False,,,0,0,0,6,False,ara,GIANTX,raze,False,,,0,0,0,3,False,Cloud,GIANTX,fade,True,100,1,0,0,0,6,False,Flickless,GIANTX,viper,True,100,25,0,0,0,2,False,westside,GIANTX,cypher,False,,,0,0,0,3,False
356.890,1529,ACTIVE_ROUND,3,1,1,,19.152,,MiniBoo,Team Heretics,raze,True,14,33,0,0,0,7,True,RieNs,Team Heretics,fade,True,100,50,0,0,0,4,False,Boo,Team Heretics,omen,True,100,50,1,0,0,2,False,benjyfishy,Team Heretics,deadlock,True,20,50,0,0,0,4,False,Wo0t,Team Heretics,chamber,True,95,40,0,8,0,4,False,grubinho,GIANTX,omen,False,,,0,0,0,6,False,ara,GIANTX,raze,False,,,0,0,0,3,False,Cloud,GIANTX,fade,False,,1,0,0,0,7,False,Flickless,GIANTX,viper,True,100,25,0,0,0,2,False,westside,GIANTX,cypher,False,,,0,0,0,3,False
357.123,1530,ACTIVE_ROUND,3,1,1,,19.386,,MiniBoo,Team Heretics,raze,True,14,33,0,0,0,7,True,RieNs,Team Heretics,fade,True,100,50,0,0,0,4,False,Boo,Team Heretics,omen,True,100,50,1,0,0,2,False,benjyfishy,Team Heretics,deadlock,True,20,50,0,0,0,4,False,Wo0t,Team Heretics,chamber,True,95,40,0,8,0,4,False,grubinho,GIANTX,omen,False,,,0,0,0,6,False,ara,GIANTX,raze,False,,,0,0,0,3,False,Cloud,GIANTX,fade,False,,1,0,0,0,7,False,Flickless,GIANTX,viper,True,100,25,0,0,0,2,False,westside,GIANTX,cypher,False,,,0,0,0,3,False
357.357,1531,ACTIVE_ROUND,3,1,1,,19.620,,MiniBoo,Team Heretics,raze,True,14,33,0,0,0,7,True,RieNs,Team Heretics,fade,True,100,50,0,0,0,4,False,Boo,Team Heretics,omen,True,100,50,1,0,0,2,False,benjyfishy,Team Heretics,deadlock,True,20,50,0,0,0,4,False,Wo0t,Team Heretics,chamber,True,95,40,0,8,0,4,False,grubinho,GIANTX,omen,False,,,0,0,0,6,False,ara,GIANTX,raze,False,,,0,0,0,3,False,Cloud,GIANTX,fade,False,,1,0,0,0,7,False,Flickless,GIANTX,viper,True,100,25,0,0,0,2,False,westside,GIANTX,cypher,False,,,0,0,0,3,False
357.591,1532,ACTIVE_ROUND,3,1,1,,19.853,,MiniBoo,Team Heretics,raze,True,14,33,0,0,0,7,True,RieNs,Team Heretics,fade,True,100,50,0,0,0,4,False,Boo,Team Heretics,omen,True,100,50,1,0,0,2,False,benjyfishy,Team Heretics,deadlock,True,20,50,0,0,0,4,False,Wo0t,Team Heretics,chamber,True,95,40,0,8,0,4,False,grubinho,GIANTX,omen,False,,,0,0,0,6,False,ara,GIANTX,raze,False,,,0,0,0,3,False,Cloud,GIANTX,fade,False,,1,0,0,0,7,False,Flickless,GIANTX,viper,True,100,25,0,0,0,2,False,westside,GIANTX,cypher,False,,,0,0,0,3,False
357.824,1533,ACTIVE_ROUND,3,1,1,,20.087,,MiniBoo,Team Heretics,raze,True,14,33,0,0,0,7,True,RieNs,Team Heretics,fade,True,100,50,0,0,0,5,False,Boo,Team Heretics,omen,True,100,50,1,0,0,2,False,benjyfishy,Team Heretics,deadlock,True,20,50,0,0,0,4,False,Wo0t,Team Heretics,chamber,True,95,40,0,8,0,4,False,grubinho,GIANTX,omen,False,,,0,0,0,6,False,ara,GIANTX,raze,False,,,0,0,0,3,False,Cloud,GIANTX,fade,False,,1,0,0,0,7,False,Flickless,GIANTX,viper,True,88,1,0,0,0,3,False,westside,GIANTX,cypher,False,,,0,0,0,3,False
358.058,1534,ACTIVE_ROUND,3,1,1,,20.320,,MiniBoo,Team Heretics,raze,True,14,33,0,0,0,7,True,RieNs,Team Heretics,fade,False,,50,0,0,0,5,False,Boo,Team Heretics,omen,True,100,50,1,0,0,2,False,benjyfishy,Team Heretics,deadlock,True,20,50,0,0,0,4,False,Wo0t,Team Heretics,chamber,True,95,40,0,8,0,4,False,grubinho,GIANTX,omen,False,,,0,0,0,6,False,ara,GIANTX,raze,False,,,0,0,0,3,False,Cloud,GIANTX,fade,False,,1,0,0,0,7,False,Flickless,GIANTX,viper,True,88,1,0,0,0,3,False,westside,GIANTX,cypher,False,,,0,0,0,3,False
358.291,1535,ACTIVE_ROUND,3,1,1,,20.554,,MiniBoo,Team Heretics,raze,True,14,33,0,0,0,7,True,RieNs,Team Heretics,fade,False,,50,0,0,0,5,False,Boo,Team Heretics,omen,True,100,50,1,0,0,2,False,benjyfishy,Team Heretics,deadlock,True,20,50,0,0,0,4,False,Wo0t,Team Heretics,chamber,True,95,40,0,8,0,4,False,grubinho,GIANTX,omen,False,,,0,0,0,6,False,ara,GIANTX,raze,False,,,0,0,0,3,False,Cloud,GIANTX,fade,False,,1,0,0,0,7,False,Flickless,GIANTX,viper,True,88,1,0,0,0,3,False,westside,GIANTX,cypher,False,,,0,0,0,3,False
358.525,1536,ACTIVE_ROUND,3,1,1,,20.787,,MiniBoo,Team Heretics,raze,True,14,33,0,0,0,7,True,RieNs,Team Heretics,fade,False,,50,0,0,0,5,False,Boo,Team Heretics,omen,True,100,50,1,0,0,2,False,benjyfishy,Team Heretics,deadlock,True,20,50,0,0,0,4,False,Wo0t,Team Heretics,chamber,True,95,40,0,8,0,4,False,grubinho,GIANTX,omen,False,,,0,0,0,6,False,ara,GIANTX,raze,False,,,0,0,0,3,False,Cloud,GIANTX,fade,False,,1,0,0,0,7,False,Flickless,GIANTX,viper,True,88,1,0,0,0,3,False,westside,GIANTX,cypher,False,,,0,0,0,3,False
358.758,1537,ACTIVE_ROUND,3,1,1,,21.021,,MiniBoo,Team Heretics,raze,True,14,33,0,0,0,7,True,RieNs,Team Heretics,fade,False,,50,0,0,0,5,False,Boo,Team Heretics,omen,True,100,50,1,0,0,2,False,benjyfishy,Team Heretics,deadlock,True,20,50,0,0,0,4,False,Wo0t,Team Heretics,chamber,True,95,40,0,8,0,4,False,grubinho,GIANTX,omen,False,,,0,0,0,6,False,ara,GIANTX,raze,False,,,0,0,0,3,False,Cloud,GIANTX,fade,False,,1,0,0,0,7,False,Flickless,GIANTX,viper,True,88,1,0,0,0,3,False,westside,GIANTX,cypher,False,,,0,0,0,3,False
358.992,1538,ACTIVE_ROUND,3,1,1,,21.255,,MiniBoo,Team Heretics,raze,True,14,33,0,0,0,7,True,RieNs,Team Heretics,fade,False,,50,0,0,0,5,False,Boo,Team Heretics,omen,True,100,50,1,0,0,2,False,benjyfishy,Team Heretics,deadlock,True,20,50,0,0,0,4,False,Wo0t,Team Heretics,chamber,True,95,40,0,8,0,4,False,grubinho,GIANTX,omen,False,,,0,0,0,6,False,ara,GIANTX,raze,False,,,0,0,0,3,False,Cloud,GIANTX,fade,False,,1,0,0,0,7,False,Flickless,GIANTX,viper,True,88,1,0,0,0,3,False,westside,GIANTX,cypher,False,,,0,0,0,3,False
359.226,1539,ACTIVE_ROUND,3,1,1,,21.488,,MiniBoo,Team Heretics,raze,True,14,33,0,0,0,7,True,RieNs,Team Heretics,fade,False,,50,0,0,0,5,False,Boo,Team Heretics,omen,True,100,50,1,0,0,2,False,benjyfishy,Team Heretics,deadlock,True,20,50,0,0,0,4,False,Wo0t,Team Heretics,chamber,True,95,40,0,8,0,4,False,grubinho,GIANTX,omen,False,,,0,0,0,6,False,ara,GIANTX,raze,False,,,0,0,0,3,False,Cloud,GIANTX,fade,False,,1,0,0,0,7,False,Flickless,GIANTX,viper,True,88,1,0,0,0,3,False,westside,GIANTX,cypher,False,,,0,0,0,3,False
359.459,1540,ACTIVE_ROUND,3,1,1,,21.722,,MiniBoo,Team Heretics,raze,True,14,33,0,0,0,7,True,RieNs,Team Heretics,fade,False,,50,0,0,0,5,False,Boo,Team Heretics,omen,True,100,50,1,0,0,2,False,benjyfishy,Team Heretics,deadlock,True,20,50,0,0,0,4,False,Wo0t,Team Heretics,chamber,True,95,40,0,8,0,4,False,grubinho,GIANTX,omen,False,,,0,0,0,6,False,ara,GIANTX,raze,False,,,0,0,0,3,False,Cloud,GIANTX,fade,False,,1,0,0,0,7,False,Flickless,GIANTX,viper,True,88,1,0,0,0,3,False,westside,GIANTX,cypher,False,,,0,0,0,3,False
359.693,1541,ACTIVE_ROUND,3,1,1,,21.955,,MiniBoo,Team Heretics,raze,True,14,33,0,0,0,7,True,RieNs,Team Heretics,fade,False,,50,0,0,0,5,False,Boo,Team Heretics,omen,True,100,50,1,0,0,2,False,benjyfishy,Team Heretics,deadlock,True,20,50,0,0,0,4,False,Wo0t,Team Heretics,chamber,True,95,40,0,8,0,4,False,grubinho,GIANTX,omen,False,,,0,0,0,6,False,ara,GIANTX,raze,False,,,0,0,0,3,False,Cloud,GIANTX,fade,False,,1,0,0,0,7,False,Flickless,GIANTX,viper,True,88,1,0,0,0,3,False,westside,GIANTX,cypher,False,,,0,0,0,3,False
359.926,1542,ACTIVE_ROUND,3,1,1,,22.189,,MiniBoo,Team Heretics,raze,True,14,33,0,0,0,7,True,RieNs,Team Heretics,fade,False,,50,0,0,0,5,False,Boo,Team Heretics,omen,True,100,50,1,0,0,2,False,benjyfishy,Team Heretics,deadlock,True,20,50,0,0,0,4,False,Wo0t,Team Heretics,chamber,True,95,40,0,8,0,4,False,grubinho,GIANTX,omen,False,,,0,0,0,6,False,ara,GIANTX,raze,False,,,0,0,0,3,False,Cloud,GIANTX,fade,False,,1,0,0,0,7,False,Flickless,GIANTX,viper,True,88,1,0,0,0,3,False,westside,GIANTX,cypher,False,,,0,0,0,3,False
360.160,1543,ACTIVE_ROUND,3,1,1,,22.422,,MiniBoo,Team Heretics,raze,True,14,33,0,0,0,7,True,RieNs,Team Heretics,fade,False,,50,0,0,0,5,False,Boo,Team Heretics,omen,True,100,50,1,0,0,2,False,benjyfishy,Team Heretics,deadlock,True,20,50,0,0,0,4,False,Wo0t,Team Heretics,chamber,True,95,40,0,8,0,4,False,grubinho,GIANTX,omen,False,,,0,0,0,6,False,ara,GIANTX,raze,False,,,0,0,0,3,False,Cloud,GIANTX,fade,False,,1,0,0,0,7,False,Flickless,GIANTX,viper,True,88,1,0,0,0,3,False,westside,GIANTX,cypher,False,,,0,0,0,3,False
360.393,1544,ACTIVE_ROUND,3,1,1,,22.656,,MiniBoo,Team Heretics,raze,True,14,33,0,0,0,7,True,RieNs,Team Heretics,fade,False,,50,0,0,0,5,False,Boo,Team Heretics,omen,True,100,50,1,0,0,2,False,benjyfishy,Team Heretics,deadlock,True,20,50,0,0,0,4,False,Wo0t,Team Heretics,chamber,True,95,40,0,8,0,4,False,grubinho,GIANTX,omen,False,,,0,0,0,6,False,ara,GIANTX,raze,False,,,0,0,0,3,False,Cloud,GIANTX,fade,False,,1,0,0,0,7,False,Flickless,GIANTX,viper,True,88,1,0,0,0,3,False,westside,GIANTX,cypher,False,,,0,0,0,3,False
360.627,1545,ACTIVE_ROUND,3,1,1,,22.890,,MiniBoo,Team Heretics,raze,True,14,33,0,0,0,7,True,RieNs,Team Heretics,fade,False,,50,0,0,0,5,False,Boo,Team Heretics,omen,True,100,50,1,0,0,2,False,benjyfishy,Team Heretics,deadlock,True,20,50,0,0,0,4,False,Wo0t,Team Heretics,chamber,True,95,40,0,8,0,4,False,grubinho,GIANTX,omen,False,,,0,0,0,6,False,ara,GIANTX,raze,False,,,0,0,0,3,False,Cloud,GIANTX,fade,False,,1,0,0,0,7,False,Flickless,GIANTX,viper,True,88,1,0,0,0,3,False,westside,GIANTX,cypher,False,,,0,0,0,3,False
360.861,1546,ACTIVE_ROUND,3,1,1,,23.123,,MiniBoo,Team Heretics,raze,True,14,33,0,0,0,7,True,RieNs,Team Heretics,fade,False,,50,0,0,0,5,False,Boo,Team Heretics,omen,True,100,50,1,0,0,3,False,benjyfishy,Team Heretics,deadlock,True,20,50,0,0,0,4,False,Wo0t,Team Heretics,chamber,True,95,40,0,8,0,4,False,grubinho,GIANTX,omen,False,,,0,0,0,6,False,ara,GIANTX,raze,False,,,0,0,0,3,False,Cloud,GIANTX,fade,False,,1,0,0,0,7,False,Flickless,GIANTX,viper,False,,1,0,0,0,4,False,westside,GIANTX,cypher,False,,,0,0,0,3,False
361.094,1547,ACTIVE_ROUND,3,1,1,,23.357,,MiniBoo,Team Heretics,raze,True,14,33,0,0,0,7,True,RieNs,Team Heretics,fade,False,,50,0,0,0,5,False,Boo,Team Heretics,omen,True,100,50,1,0,0,3,False,benjyfishy,Team Heretics,deadlock,True,20,50,0,0,0,4,False,Wo0t,Team Heretics,chamber,True,95,40,0,8,0,4,False,grubinho,GIANTX,omen,False,,,0,0,0,6,False,ara,GIANTX,raze,False,,,0,0,0,3,False,Cloud,GIANTX,fade,False,,1,0,0,0,7,False,Flickless,GIANTX,viper,False,,1,0,0,0,4,False,westside,GIANTX,cypher,False,,,0,0,0,3,False
361.328,1548,ACTIVE_ROUND,3,1,1,,23.590,,MiniBoo,Team Heretics,raze,True,14,33,0,0,0,7,True,RieNs,Team Heretics,fade,False,,50,0,0,0,5,False,Boo,Team Heretics,omen,True,100,50,1,0,0,3,False,benjyfishy,Team Heretics,deadlock,True,20,50,0,0,0,4,False,Wo0t,Team Heretics,chamber,True,95,40,0,8,0,4,False,grubinho,GIANTX,omen,False,,,0,0,0,6,False,ara,GIANTX,raze,False,,,0,0,0,3,False,Cloud,GIANTX,fade,False,,1,0,0,0,7,False,Flickless,GIANTX,viper,False,,1,0,0,0,4,False,westside,GIANTX,cypher,False,,,0,0,0,3,False
361.561,1549,ACTIVE_ROUND,3,1,1,,23.824,,MiniBoo,Team Heretics,raze,True,14,33,0,0,0,7,True,RieNs,Team Heretics,fade,False,,50,0,0,0,5,False,Boo,Team Heretics,omen,True,100,50,1,0,0,3,False,benjyfishy,Team Heretics,deadlock,True,20,50,0,0,0,4,False,Wo0t,Team Heretics,chamber,True,95,40,0,8,0,4,False,grubinho,GIANTX,omen,False,,,0,0,0,6,False,ara,GIANTX,raze,False,,,0,0,0,3,False,Cloud,GIANTX,fade,False,,1,0,0,0,7,False,Flickless,GIANTX,viper,False,,1,0,0,0,4,False,westside,GIANTX,cypher,False,,,0,0,0,3,False
361.795,1550,ACTIVE_ROUND,3,1,1,,24.057,,MiniBoo,Team Heretics,raze,True,14,33,0,0,0,7,True,RieNs,Team Heretics,fade,False,,50,0,0,0,5,False,Boo,Team Heretics,omen,True,100,50,1,0,0,3,False,benjyfishy,Team Heretics,deadlock,True,20,50,0,0,0,4,False,Wo0t,Team Heretics,chamber,True,95,40,0,8,0,4,False,grubinho,GIANTX,omen,False,,,0,0,0,6,False,ara,GIANTX,raze,False,,,0,0,0,3,False,Cloud,GIANTX,fade,False,,1,0,0,0,7,False,Flickless,GIANTX,viper,False,,1,0,0,0,4,False,westside,GIANTX,cypher,False,,,0,0,0,3,False
362.028,1551,ACTIVE_ROUND,3,1,1,,24.291,,MiniBoo,Team Heretics,raze,True,14,33,0,0,0,7,True,RieNs,Team Heretics,fade,False,,50,0,0,0,5,False,Boo,Team Heretics,omen,True,100,50,1,0,0,3,False,benjyfishy,Team Heretics,deadlock,True,20,50,0,0,0,4,False,Wo0t,Team Heretics,chamber,True,95,40,0,8,0,4,False,grubinho,GIANTX,omen,False,,,0,0,0,6,False,ara,GIANTX,raze,False,,,0,0,0,3,False,Cloud,GIANTX,fade,False,,1,0,0,0,7,False,Flickless,GIANTX,viper,False,,1,0,0,0,4,False,westside,GIANTX,cypher,False,,,0,0,0,3,False
362.262,1552,ACTIVE_ROUND,3,1,1,,24.525,,MiniBoo,Team Heretics,raze,True,14,33,0,0,0,7,True,RieNs,Team Heretics,fade,False,,50,0,0,0,5,False,Boo,Team Heretics,omen,True,100,50,1,0,0,3,False,benjyfishy,Team Heretics,deadlock,True,20,50,0,0,0,4,False,Wo0t,Team Heretics,chamber,True,95,40,0,8,0,4,False,grubinho,GIANTX,omen,False,,,0,0,0,6,False,ara,GIANTX,raze,False,,,0,0,0,3,False,Cloud,GIANTX,fade,False,,1,0,0,0,7,False,Flickless,GIANTX,viper,False,,1,0,0,0,4,False,westside,GIANTX,cypher,False,,,0,0,0,3,False
362.495,1553,ACTIVE_ROUND,3,1,1,,24.758,,MiniBoo,Team Heretics,raze,True,14,33,0,0,0,7,True,RieNs,Team Heretics,fade,False,,50,0,0,0,5,False,Boo,Team Heretics,omen,True,100,50,1,0,0,3,False,benjyfishy,Team Heretics,deadlock,True,20,50,0,0,0,4,False,Wo0t,Team Heretics,chamber,True,95,40,0,8,0,4,False,grubinho,GIANTX,omen,False,,,0,0,0,6,False,ara,GIANTX,raze,False,,,0,0,0,3,False,Cloud,GIANTX,fade,False,,1,0,0,0,7,False,Flickless,GIANTX,viper,False,,1,0,0,0,4,False,westside,GIANTX,cypher,False,,,0,0,0,3,False
362.729,1554,ACTIVE_ROUND,3,1,1,,24.992,,MiniBoo,Team Heretics,raze,True,14,33,0,0,0,7,True,RieNs,Team Heretics,fade,False,,50,0,0,0,5,False,Boo,Team Heretics,omen,True,100,50,1,0,0,3,False,benjyfishy,Team Heretics,deadlock,True,20,50,0,0,0,4,False,Wo0t,Team Heretics,chamber,True,95,40,0,8,0,4,False,grubinho,GIANTX,omen,False,,,0,0,0,6,False,ara,GIANTX,raze,False,,,0,0,0,3,False,Cloud,GIANTX,fade,False,,1,0,0,0,7,False,Flickless,GIANTX,viper,False,,1,0,0,0,4,False,westside,GIANTX,cypher,False,,,0,0,0,3,False
362.963,1555,ACTIVE_ROUND,3,1,1,,25.225,,MiniBoo,Team Heretics,raze,True,14,33,0,0,0,7,True,RieNs,Team Heretics,fade,False,,50,0,0,0,5,False,Boo,Team Heretics,omen,True,100,50,1,0,0,3,False,benjyfishy,Team Heretics,deadlock,True,20,50,0,0,0,4,False,Wo0t,Team Heretics,chamber,True,95,40,0,8,0,4,False,grubinho,GIANTX,omen,False,,,0,0,0,6,False,ara,GIANTX,raze,False,,,0,0,0,3,False,Cloud,GIANTX,fade,False,,1,0,0,0,7,False,Flickless,GIANTX,viper,False,,1,0,0,0,4,False,westside,GIANTX,cypher,False,,,0,0,0,3,False
363.196,1556,ACTIVE_ROUND,3,1,1,,25.459,,MiniBoo,Team Heretics,raze,True,14,33,0,0,0,7,True,RieNs,Team Heretics,fade,False,,50,0,0,0,5,False,Boo,Team Heretics,omen,True,100,50,1,0,0,3,False,benjyfishy,Team Heretics,deadlock,True,20,50,0,0,0,4,False,Wo0t,Team Heretics,chamber,True,95,40,0,8,0,4,False,grubinho,GIANTX,omen,False,,,0,0,0,6,False,ara,GIANTX,raze,False,,,0,0,0,3,False,Cloud,GIANTX,fade,False,,1,0,0,0,7,False,Flickless,GIANTX,viper,False,,1,0,0,0,4,False,westside,GIANTX,cypher,False,,,0,0,0,3,False
363.430,1557,ACTIVE_ROUND,3,1,1,,25.692,,MiniBoo,Team Heretics,raze,True,14,33,0,0,0,7,True,RieNs,Team Heretics,fade,False,,50,0,0,0,5,False,Boo,Team Heretics,omen,True,100,50,1,0,0,3,False,benjyfishy,Team Heretics,deadlock,True,20,50,0,0,0,4,False,Wo0t,Team Heretics,chamber,True,95,40,0,8,0,4,False,grubinho,GIANTX,omen,False,,,0,0,0,6,False,ara,GIANTX,raze,False,,,0,0,0,3,False,Cloud,GIANTX,fade,False,,1,0,0,0,7,False,Flickless,GIANTX,viper,False,,1,0,0,0,4,False,westside,GIANTX,cypher,False,,,0,0,0,3,False
363.663,1558,ACTIVE_ROUND,3,1,1,,25.926,,MiniBoo,Team Heretics,raze,True,14,33,0,0,0,7,True,RieNs,Team Heretics,fade,False,,50,0,0,0,5,False,Boo,Team Heretics,omen,True,100,50,1,0,0,3,False,benjyfishy,Team Heretics,deadlock,True,20,50,0,0,0,4,False,Wo0t,Team Heretics,chamber,True,95,40,0,8,0,4,False,grubinho,GIANTX,omen,False,,,0,0,0,6,False,ara,GIANTX,raze,False,,,0,0,0,3,False,Cloud,GIANTX,fade,False,,1,0,0,0,7,False,Flickless,GIANTX,viper,False,,1,0,0,0,4,False,westside,GIANTX,cypher,False,,,0,0,0,3,False
384.918,1649,PREROUND,4,2,1,,,,MiniBoo,Team Heretics,raze,True,,,1,2,1,7,True,RieNs,Team Heretics,fade,True,,,2,1,1,5,False,Boo,Team Heretics,omen,True,,,2,1,2,3,False,benjyfishy,Team Heretics,deadlock,True,,,1,1,1,5,False,Wo0t,Team Heretics,chamber,True,,,1,8,1,4,False,grubinho,GIANTX,omen,True,,,2,1,2,7,True,ara,GIANTX,raze,True,,,1,1,1,3,False,Cloud,GIANTX,fade,True,,,2,1,1,7,False,Flickless,GIANTX,viper,True,,,1,1,1,4,False,westside,GIANTX,cypher,True,,,0,2,1,3,False
385.151,1650,PREROUND,4,2,1,,,,MiniBoo,Team Heretics,raze,True,,,1,2,1,7,True,RieNs,Team Heretics,fade,True,,,2,1,1,5,False,Boo,Team Heretics,omen,True,,,2,1,2,3,False,benjyfishy,Team Heretics,deadlock,True,,,1,1,1,5,False,Wo0t,Team Heretics,chamber,True,,,1,8,1,4,False,grubinho,GIANTX,omen,True,,,2,1,2,7,True,ara,GIANTX,raze,True,,,1,1,1,3,False,Cloud,GIANTX,fade,True,,,2,1,1,7,False,Flickless,GIANTX,viper,True,,,1,1,1,4,False,westside,GIANTX,cypher,True,,,0,2,1,3,False
385.385,1651,PREROUND,4,2,1,,,,MiniBoo,Team Heretics,raze,True,,,1,2,1,7,True,RieNs,Team Heretics,fade,True,,,2,1,1,5,False,Boo,Team Heretics,omen,True,,,2,1,2,3,False,benjyfishy,Team Heretics,deadlock,True,,,1,1,1,5,False,Wo0t,Team Heretics,chamber,True,,,1,8,1,4,False,grubinho,GIANTX,omen,True,,,2,1,2,7,True,ara,GIANTX,raze,True,,,1,1,1,3,False,Cloud,GIANTX,fade,True,,,2,1,1,7,False,Flickless,GIANTX,viper,True,,,1,1,1,4,False,westside,GIANTX,cypher,True,,,0,2,1,3,False
385.619,1652,PREROUND,4,2,1,,,,MiniBoo,Team Heretics,raze,True,,,1,2,1,7,True,RieNs,Team Heretics,fade,True,,,2,1,1,5,False,Boo,Team Heretics,omen,True,,,2,1,2,3,False,benjyfishy,Team Heretics,deadlock,True,,,1,1,1,5,False,Wo0t,Team Heretics,chamber,True,,,1,8,1,4,False,grubinho,GIANTX,omen,True,,,2,1,2,7,True,ara,GIANTX,raze,True,,,1,1,1,3,False,Cloud,GIANTX,fade,True,,,2,1,1,7,False,Flickless,GIANTX,viper,True,,,1,1,1,4,False,westside,GIANTX,cypher,True,,,0,2,1,3,False
385.852,1653,PREROUND,4,2,1,,,,MiniBoo,Team Heretics,raze,True,,,1,2,1,7,True,RieNs,Team Heretics,fade,True,,,2,1,1,5,False,Boo,Team Heretics,omen,True,,,2,1,2,3,False,benjyfishy,Team Heretics,deadlock,True,,,1,1,1,5,False,Wo0t,Team Heretics,chamber,True,,,1,8,1,4,False,grubinho,GIANTX,omen,True,,,2,1,2,7,True,ara,GIANTX,raze,True,,,1,1,1,3,False,Cloud,GIANTX,fade,True,,,2,1,1,7,False,Flickless,GIANTX,viper,True,,,1,1,0,4,False,westside,GIANTX,cypher,True,,,0,2,1,3,False
386.086,1654,PREROUND,4,2,1,,,,MiniBoo,Team Heretics,raze,True,,,1,2,1,7,True,RieNs,Team Heretics,fade,True,,,2,1,1,5,False,Boo,Team Heretics,omen,True,,,2,1,2,3,False,benjyfishy,Team Heretics,deadlock,True,,,1,1,1,5,False,Wo0t,Team Heretics,chamber,True,,,1,8,1,4,False,grubinho,GIANTX,omen,True,,,2,1,2,7,True,ara,GIANTX,raze,True,,,1,1,1,3,False,Cloud,GIANTX,fade,True,,,2,1,1,7,False,Flickless,GIANTX,viper,True,,,1,1,0,4,False,westside,GIANTX,cypher,True,,,0,2,1,3,False
386.319,1655,PREROUND,4,2,1,,,,MiniBoo,Team Heretics,raze,True,,,1,2,1,7,True,RieNs,Team Heretics,fade,True,,,2,1,1,5,False,Boo,Team Heretics,omen,True,,,2,1,2,3,False,benjyfishy,Team Heretics,deadlock,True,,,1,1,1,5,False,Wo0t,Team Heretics,chamber,True,,,1,8,1,4,False,grubinho,GIANTX,omen,True,,,2,1,2,7,True,ara,GIANTX,raze,True,,,1,1,1,3,False,Cloud,GIANTX,fade,True,,,2,1,1,7,False,Flickless,GIANTX,viper,True,,,1,1,0,4,False,westside,GIANTX,cypher,True,,,0,2,1,3,False
386.553,1656,PREROUND,4,2,1,,,,MiniBoo,Team Heretics,raze,True,,,1,2,1,7,True,RieNs,Team Heretics,fade,True,,,2,1,1,5,False,Boo,Team Heretics,omen,True,,,2,1,2,3,False,benjyfishy,Team Heretics,deadlock,True,,,1,1,1,5,False,Wo0t,Team Heretics,chamber,True,,,1,8,1,4,False,grubinho,GIANTX,omen,True,,,2,1,2,7,True,ara,GIANTX,raze,True,,,1,1,1,3,False,Cloud,GIANTX,fade,True,,,2,1,1,7,False,Flickless,GIANTX,viper,True,,,1,1,0,4,False,westside,GIANTX,cypher,True,,,0,2,1,3,False
386.786,1657,PREROUND,4,2,1,,,,MiniBoo,Team Heretics,raze,True,,,1,2,1,7,True,RieNs,Team Heretics,fade,True,,,2,1,1,5,False,Boo,Team Heretics,omen,True,,,2,1,2,3,False,benjyfishy,Team Heretics,deadlock,True,,,1,1,1,5,False,Wo0t,Team Heretics,chamber,True,,,1,8,1,4,False,grubinho,GIANTX,omen,True,,,2,1,2,7,True,ara,GIANTX,raze,True,,,1,1,1,3,False,Cloud,GIANTX,fade,True,,,2,1,1,7,False,Flickless,GIANTX,viper,True,,,1,1,0,4,False,westside,GIANTX,cypher,True,,,0,2,1,3,False
387.020,1658,PREROUND,4,2,1,,,,MiniBoo,Team Heretics,raze,True,,,1,2,1,7,True,RieNs,Team Heretics,fade,True,,,2,1,1,5,False,Boo,Team Heretics,omen,True,,,2,1,2,3,False,benjyfishy,Team Heretics,deadlock,True,,,1,0,1,5,False,Wo0t,Team Heretics,chamber,True,,,1,8,1,4,False,grubinho,GIANTX,omen,True,,,2,1,2,7,True,ara,GIANTX,raze,True,,,1,1,1,3,False,Cloud,GIANTX,fade,True,,,2,1,1,7,False,Flickless,GIANTX,viper,True,,,1,1,0,4,False,westside,GIANTX,cypher,True,,,0,2,1,3,False
387.254,1659,PREROUND,4,2,1,,,,MiniBoo,Team Heretics,raze,True,,,1,2,1,7,True,RieNs,Team Heretics,fade,True,,,2,1,1,5,False,Boo,Team Heretics,omen,True,,,2,1,2,3,False,benjyfishy,Team Heretics,deadlock,True,,,1,0,1,5,False,Wo0t,Team Heretics,chamber,True,,,1,8,1,4,False,grubinho,GIANTX,omen,True,,,2,1,2,7,True,ara,GIANTX,raze,True,,,1,1,1,3,False,Cloud,GIANTX,fade,True,,,2,1,1,7,False,Flickless,GIANTX,viper,True,,,1,1,0,4,False,westside,GIANTX,cypher,True,,,0,2,1,3,False
387.487,1660,PREROUND,4,2,1,,,,MiniBoo,Team Heretics,raze,True,,,1,2,1,7,True,RieNs,Team Heretics,fade,True,,,2,1,1,5,False,Boo,Team Heretics,omen,True,,,2,1,2,3,False,benjyfishy,Team Heretics,deadlock,True,,,1,0,1,5,False,Wo0t,Team Heretics,chamber,True,,,1,8,1,4,False,grubinho,GIANTX,omen,True,,,2,1,2,7,True,ara,GIANTX,raze,True,,,1,1,1,3,False,Cloud,GIANTX,fade,True,,,2,1,1,7,False,Flickless,GIANTX,viper,True,,,1,1,0,4,False,westside,GIANTX,cypher,True,,,0,2,1,3,False
387.721,1661,PREROUND,4,2,1,,,,MiniBoo,Team Heretics,raze,True,,,1,2,1,7,True,RieNs,Team Heretics,fade,True,,,2,1,1,5,False,Boo,Team Heretics,omen,True,,,2,1,2,3,False,benjyfishy,Team Heretics,deadlock,True,,,1,0,1,5,False,Wo0t,Team Heretics,chamber,True,,,1,8,1,4,False,grubinho,GIANTX,omen,True,,,2,1,2,7,True,ara,GIANTX,raze,True,,,1,1,1,3,False,Cloud,GIANTX,fade,True,,,2,1,1,7,False,Flickless,GIANTX,viper,True,,,1,1,0,4,False,westside,GIANTX,cypher,True,,,0,2,1,3,False
387.954,1662,PREROUND,4,2,1,,,,MiniBoo,Team Heretics,raze,True,,,1,2,1,7,True,RieNs,Team Heretics,fade,True,,,2,1,1,5,False,Boo,Team Heretics,omen,True,,,2,1,2,3,False,benjyfishy,Team Heretics,deadlock,True,,,1,0,1,5,False,Wo0t,Team Heretics,chamber,True,,,1,8,1,4,False,grubinho,GIANTX,omen,True,,,2,1,2,7,True,ara,GIANTX,raze,True,,,1,1,1,3,False,Cloud,GIANTX,fade,True,,,2,1,1,7,False,Flickless,GIANTX,viper,True,,,1,1,0,4,False,westside,GIANTX,cypher,True,,,0,2,1,3,False
388.188,1663,PREROUND,4,2,1,,,,MiniBoo,Team Heretics,raze,True,,,1,2,1,7,True,RieNs,Team Heretics,fade,True,,,2,1,1,5,False,Boo,Team Heretics,omen,True,,,2,1,2,3,False,benjyfishy,Team Heretics,deadlock,True,,,1,0,1,5,False,Wo0t,Team Heretics,chamber,True,,,1,8,1,4,False,grubinho,GIANTX,omen,True,,,2,1,2,7,True,ara,GIANTX,raze,True,,,1,1,1,3,False,Cloud,GIANTX,fade,True,,,2,1,1,7,False,Flickless,GIANTX,viper,True,,,1,1,0,4,False,westside,GIANTX,cypher,True,,,0,2,1,3,False
388.421,1664,PREROUND,4,2,1,,,,MiniBoo,Team Heretics,raze,True,,,1,2,1,7,True,RieNs,Team Heretics,fade,True,,,2,1,1,5,False,Boo,Team Heretics,omen,True,,,2,1,2,3,False,benjyfishy,Team Heretics,deadlock,True,,,1,0,1,5,False,Wo0t,Team Heretics,chamber,True,,,1,8,1,4,False,grubinho,GIANTX,omen,True,,,2,1,2,7,True,ara,GIANTX,raze,True,,,1,1,1,3,False,Cloud,GIANTX,fade,True,,,2,1,1,7,False,Flickless,GIANTX,viper,True,,,1,1,0,4,False,westside,GIANTX,cypher,True,,,0,2,1,3,False
388.655,1665,PREROUND,4,2,1,,,,MiniBoo,Team Heretics,raze,True,,,1,2,1,7,True,RieNs,Team Heretics,fade,True,,,2,1,1,5,False,Boo,Team Heretics,omen,True,,,2,1,2,3,False,benjyfishy,Team Heretics,deadlock,True,,,1,0,1,5,False,Wo0t,Team Heretics,chamber,True,,,1,8,1,4,False,grubinho,GIANTX,omen,True,,,2,1,2,7,True,ara,GIANTX,raze,True,,,1,1,1,3,False,Cloud,GIANTX,fade,True,,,2,1,1,7,False,Flickless,GIANTX,viper,True,,,1,1,0,4,False,westside,GIANTX,cypher,True,,,0,2,1,3,False
388.889,1666,PREROUND,4,2,1,,,,MiniBoo,Team Heretics,raze,True,,,1,2,1,7,True,RieNs,Team Heretics,fade,True,,,2,1,1,5,False,Boo,Team Heretics,omen,True,,,2,1,2,3,False,benjyfishy,Team Heretics,deadlock,True,,,1,0,1,5,False,Wo0t,Team Heretics,chamber,True,,,1,8,1,4,False,grubinho,GIANTX,omen,True,,,2,1,2,7,True,ara,GIANTX,raze,True,,,1,1,1,3,False,Cloud,GIANTX,fade,True,,,2,1,1,7,False,Flickless,GIANTX,viper,True,,,1,1,0,4,False,westside,GIANTX,cypher,True,,,0,2,1,3,False
389.122,1667,PREROUND,4,2,1,,,,MiniBoo,Team Heretics,raze,True,,,1,2,1,7,True,RieNs,Team Heretics,fade,True,,,2,1,1,5,False,Boo,Team Heretics,omen,True,,,2,1,2,3,False,benjyfishy,Team Heretics,deadlock,True,,,1,0,1,5,False,Wo0t,Team Heretics,chamber,True,,,1,8,1,4,False,grubinho,GIANTX,omen,True,,,2,1,2,7,True,ara,GIANTX,raze,True,,,1,1,1,3,False,Cloud,GIANTX,fade,True,,,2,1,1,7,False,Flickless,GIANTX,viper,True,,,1,1,0,4,False,westside,GIANTX,cypher,True,,,0,2,1,3,False
389.356,1668,PREROUND,4,2,1,,,,MiniBoo,Team Heretics,raze,True,,,1,2,1,7,True,RieNs,Team Heretics,fade,True,,,2,1,1,5,False,Boo,Team Heretics,omen,True,,,2,1,2,3,False,benjyfishy,Team Heretics,deadlock,True,,,1,0,1,5,False,Wo0t,Team Heretics,chamber,True,,,1,8,1,4,False,grubinho,GIANTX,omen,True,,,2,1,2,7,True,ara,GIANTX,raze,True,,,1,1,1,3,False,Cloud,GIANTX,fade,True,,,2,1,1,7,False,Flickless,GIANTX,viper,True,,,1,1,0,4,False,westside,GIANTX,cypher,True,,,0,2,1,3,False
389.589,1669,PREROUND,4,2,1,,,,MiniBoo,Team Heretics,raze,True,,,1,2,1,7,True,RieNs,Team Heretics,fade,True,,,2,1,1,5,False,Boo,Team Heretics,omen,True,,,2,1,2,3,False,benjyfishy,Team Heretics,deadlock,True,,,1,0,1,5,False,Wo0t,Team Heretics,chamber,True,,,1,8,1,4,False,grubinho,GIANTX,omen,True,,,2,1,2,7,True,ara,GIANTX,raze,True,,,1,1,1,3,False,Cloud,GIANTX,fade,True,,,2,1,1,7,False,Flickless,GIANTX,viper,True,,,1,1,0,4,False,westside,GIANTX,cypher,True,,,0,2,1,3,False
389.823,1670,PREROUND,4,2,1,,,,MiniBoo,Team Heretics,raze,True,,,1,2,1,7,True,RieNs,Team Heretics,fade,True,,,2,1,1,5,False,Boo,Team Heretics,omen,True,,,2,1,2,3,False,benjyfishy,Team Heretics,deadlock,True,,,1,0,1,5,False,Wo0t,Team Heretics,chamber,True,,,1,8,1,4,False,grubinho,GIANTX,omen,True,,,2,1,2,7,True,ara,GIANTX,raze,True,,,1,1,1,3,False,Cloud,GIANTX,fade,True,,,2,1,1,7,False,Flickless,GIANTX,viper,True,,,1,1,0,4,False,westside,GIANTX,cypher,True,,,0,2,1,3,False
390.056,1671,PREROUND,4,2,1,,,,MiniBoo,Team Heretics,raze,True,,,1,2,1,7,True,RieNs,Team Heretics,fade,True,,,2,1,1,5,False,Boo,Team Heretics,omen,True,,,2,1,2,3,False,benjyfishy,Team Heretics,deadlock,True,,,1,0,1,5,False,Wo0t,Team Heretics,chamber,True,,,1,8,1,4,False,grubinho,GIANTX,omen,True,,,2,1,2,7,True,ara,GIANTX,raze,True,,,1,1,1,3,False,Cloud,GIANTX,fade,True,,,2,1,1,7,False,Flickless,GIANTX,viper,True,,,1,1,0,4,False,westside,GIANTX,cypher,True,,,0,2,1,3,False
390.290,1672,PREROUND,4,2,1,,,,MiniBoo,Team Heretics,raze,True,,,1,2,1,7,True,RieNs,Team Heretics,fade,True,,,2,1,1,5,False,Boo,Team Heretics,omen,True,,,2,1,2,3,False,benjyfishy,Team Heretics,deadlock,True,,,1,0,1,5,False,Wo0t,Team Heretics,chamber,True,,,1,8,1,4,False,grubinho,GIANTX,omen,True,,,2,1,2,7,True,ara,GIANTX,raze,True,,,1,1,1,3,False,Cloud,GIANTX,fade,True,,,2,1,1,7,False,Flickless,GIANTX,viper,True,,,1,1,0,4,False,westside,GIANTX,cypher,True,,,0,2,1,3,False
390.523,1673,PREROUND,4,2,1,,,,MiniBoo,Team Heretics,raze,True,,,1,2,1,7,True,RieNs,Team Heretics,fade,True,,,2,1,1,5,False,Boo,Team Heretics,omen,True,,,2,1,2,3,False,benjyfishy,Team Heretics,deadlock,True,,,1,0,1,5,False,Wo0t,Team Heretics,chamber,True,,,1,8,1,4,False,grubinho,GIANTX,omen,True,,,2,1,2,7,True,ara,GIANTX,raze,True,,,1,1,1,3,False,Cloud,GIANTX,fade,True,,,2,1,1,7,False,Flickless,GIANTX,viper,True,,,1,1,0,4,False,westside,GIANTX,cypher,True,,,0,2,1,3,False
390.757,1674,PREROUND,4,2,1,,,,MiniBoo,Team Heretics,raze,True,,,1,2,1,7,True,RieNs,Team Heretics,fade,True,,,2,1,1,5,False,Boo,Team Heretics,omen,True,,,2,1,2,3,False,benjyfishy,Team Heretics,deadlock,True,,,1,0,1,5,False,Wo0t,Team Heretics,chamber,True,,,1,8,1,4,False,grubinho,GIANTX,omen,True,,,2,1,2,7,True,ara,GIANTX,raze,True,,,1,1,1,3,False,Cloud,GIANTX,fade,True,,,2,1,1,7,False,Flickless,GIANTX,viper,True,,,1,1,0,4,False,westside,GIANTX,cypher,True,,,0,2,1,3,False
390.991,1675,PREROUND,4,2,1,,,,MiniBoo,Team Heretics,raze,True,,,1,2,1,7,True,RieNs,Team Heretics,fade,True,,,2,1,1,5,False,Boo,Team Heretics,omen,True,,,2,1,2,3,False,benjyfishy,Team Heretics,deadlock,True,,,1,0,1,5,False,Wo0t,Team Heretics,chamber,True,,,1,8,1,4,False,grubinho,GIANTX,omen,True,,,2,1,2,7,True,ara,GIANTX,raze,True,,,1,1,1,3,False,Cloud,GIANTX,fade,True,,,2,1,1,7,False,Flickless,GIANTX,viper,True,,,1,1,0,4,False,westside,GIANTX,cypher,True,,,0,2,1,3,False
391.224,1676,PREROUND,4,2,1,,,,MiniBoo,Team Heretics,raze,True,,,1,2,1,7,True,RieNs,Team Heretics,fade,True,,,2,1,1,5,False,Boo,Team Heretics,omen,True,,,2,1,2,3,False,benjyfishy,Team Heretics,deadlock,True,,,1,0,1,5,False,Wo0t,Team Heretics,chamber,True,,,1,8,1,4,False,grubinho,GIANTX,omen,True,,,2,1,2,7,True,ara,GIANTX,raze,True,,,1,1,1,3,False,Cloud,GIANTX,fade,True,,,2,1,1,7,False,Flickless,GIANTX,viper,True,,,1,1,0,4,False,westside,GIANTX,cypher,True,,,0,2,1,3,False
391.458,1677,PREROUND,4,2,1,,,,MiniBoo,Team Heretics,raze,True,,,1,2,1,7,True,RieNs,Team Heretics,fade,True,,,2,1,1,5,False,Boo,Team Heretics,omen,True,,,2,1,2,3,False,benjyfishy,Team Heretics,deadlock,True,,,1,0,1,5,False,Wo0t,Team Heretics,chamber,True,,,1,8,1,4,False,grubinho,GIANTX,omen,True,,,2,1,2,7,True,ara,GIANTX,raze,True,,,1,1,1,3,False,Cloud,GIANTX,fade,True,,,2,1,1,7,False,Flickless,GIANTX,viper,True,,,1,1,0,4,False,westside,GIANTX,cypher,True,,,0,2,1,3,False
391.691,1678,PREROUND,4,2,1,,,,MiniBoo,Team Heretics,raze,True,,,1,2,1,7,True,RieNs,Team Heretics,fade,True,,,2,1,1,5,False,Boo,Team Heretics,omen,True,,,2,1,2,3,False,benjyfishy,Team Heretics,deadlock,True,,,1,0,1,5,False,Wo0t,Team Heretics,chamber,True,,,1,8,1,4,False,grubinho,GIANTX,omen,True,,,2,1,2,7,True,ara,GIANTX,raze,True,,,1,1,1,3,False,Cloud,GIANTX,fade,True,,,2,1,1,7,False,Flickless,GIANTX,viper,True,,,1,1,0,4,False,westside,GIANTX,cypher,True,,,0,2,1,3,False
391.925,1679,PREROUND,4,2,1,,,,MiniBoo,Team Heretics,raze,True,,,1,2,1,7,True,RieNs,Team Heretics,fade,True,,,2,1,1,5,False,Boo,Team Heretics,omen,True,,,2,1,2,3,False,benjyfishy,Team Heretics,deadlock,True,,,1,0,1,5,False,Wo0t,Team Heretics,chamber,True,,,1,8,1,4,False,grubinho,GIANTX,omen,True,,,2,1,2,7,True,ara,GIANTX,raze,True,,,1,1,1,3,False,Cloud,GIANTX,fade,True,,,2,1,1,7,False,Flickless,GIANTX,viper,True,,,1,1,0,4,False,westside,GIANTX,cypher,True,,,0,2,1,3,False
392.158,1680,PREROUND,4,2,1,,,,MiniBoo,Team Heretics,raze,True,,,1,2,1,7,True,RieNs,Team Heretics,fade,True,,,2,1,1,5,False,Boo,Team Heretics,omen,True,,,2,1,2,3,False,benjyfishy,Team Heretics,deadlock,True,,,1,0,1,5,False,Wo0t,Team Heretics,chamber,True,,,1,8,1,4,False,grubinho,GIANTX,omen,True,,,2,1,2,7,True,ara,GIANTX,raze,True,,,1,1,1,3,False,Cloud,GIANTX,fade,True,,,2,1,1,7,False,Flickless,GIANTX,viper,True,,,1,1,0,4,False,westside,GIANTX,cypher,True,,,0,2,1,3,False
392.392,1681,PREROUND,4,2,1,,,,MiniBoo,Team Heretics,raze,True,,,1,2,1,7,True,RieNs,Team Heretics,fade,True,,,2,1,1,5,False,Boo,Team Heretics,omen,True,,,2,1,2,3,False,benjyfishy,Team Heretics,deadlock,True,,,1,0,1,5,False,Wo0t,Team Heretics,chamber,True,,,1,8,1,4,False,grubinho,GIANTX,omen,True,,,2,1,2,7,True,ara,GIANTX,raze,True,,,1,1,1,3,False,Cloud,GIANTX,fade,True,,,2,1,1,7,False,Flickless,GIANTX,viper,True,,,1,1,0,4,False,westside,GIANTX,cypher,True,,,0,2,1,3,False
392.626,1682,PREROUND,4,2,1,,,,MiniBoo,Team Heretics,raze,True,,,1,2,1,7,True,RieNs,Team Heretics,fade,True,,,2,1,1,5,False,Boo,Team Heretics,omen,True,,,2,1,2,3,False,benjyfishy,Team Heretics,deadlock,True,,,1,0,1,5,False,Wo0t,Team Heretics,chamber,True,,,1,8,1,4,False,grubinho,GIANTX,omen,True,,,2,1,2,7,True,ara,GIANTX,raze,True,,,1,1,1,3,False,Cloud,GIANTX,fade,True,,,2,1,1,7,False,Flickless,GIANTX,viper,True,,,1,1,0,4,False,westside,GIANTX,cypher,True,,,0,2,1,3,False
392.859,1683,PREROUND,4,2,1,,,,MiniBoo,Team Heretics,raze,True,,,1,2,1,7,True,RieNs,Team Heretics,fade,True,,,2,1,1,5,False,Boo,Team Heretics,omen,True,,,2,1,2,3,False,benjyfishy,Team Heretics,deadlock,True,,,1,0,1,5,False,Wo0t,Team Heretics,chamber,True,,,1,8,1,4,False,grubinho,GIANTX,omen,True,,,2,1,2,7,True,ara,GIANTX,raze,True,,,1,1,1,3,False,Cloud,GIANTX,fade,True,,,2,1,1,7,False,Flickless,GIANTX,viper,True,,,1,1,0,4,False,westside,GIANTX,cypher,True,,,0,2,1,3,False
393.093,1684,PREROUND,4,2,1,,,,MiniBoo,Team Heretics,raze,True,,,1,2,1,7,True,RieNs,Team Heretics,fade,True,,,2,1,1,5,False,Boo,Team Heretics,omen,True,,,2,1,2,3,False,benjyfishy,Team Heretics,deadlock,True,,,1,0,1,5,False,Wo0t,Team Heretics,chamber,True,,,1,8,1,4,False,grubinho,GIANTX,omen,True,,,2,1,2,7,True,ara,GIANTX,raze,True,,,1,1,1,3,False,Cloud,GIANTX,fade,True,,,2,1,1,7,False,Flickless,GIANTX,viper,True,,,1,1,0,4,False,westside,GIANTX,cypher,True,,,0,2,1,3,False
393.326,1685,PREROUND,4,2,1,,,,MiniBoo,Team Heretics,raze,True,,,1,2,1,7,True,RieNs,Team Heretics,fade,True,,,2,1,1,5,False,Boo,Team Heretics,omen,True,,,2,1,2,3,False,benjyfishy,Team Heretics,deadlock,True,,,1,0,1,5,False,Wo0t,Team Heretics,chamber,True,,,1,8,1,4,False,grubinho,GIANTX,omen,True,,,2,1,2,7,True,ara,GIANTX,raze,True,,,1,1,1,3,False,Cloud,GIANTX,fade,True,,,2,1,1,7,False,Flickless,GIANTX,viper,True,,,1,1,0,4,False,westside,GIANTX,cypher,True,,,0,2,1,3,False
393.560,1686,PREROUND,4,2,1,,,,MiniBoo,Team Heretics,raze,True,,,1,2,1,7,True,RieNs,Team Heretics,fade,True,,,2,1,1,5,False,Boo,Team Heretics,omen,True,,,2,1,2,3,False,benjyfishy,Team Heretics,deadlock,True,,,1,0,1,5,False,Wo0t,Team Heretics,chamber,True,,,1,8,1,4,False,grubinho,GIANTX,omen,True,,,2,1,2,7,True,ara,GIANTX,raze,True,,,1,1,1,3,False,Cloud,GIANTX,fade,True,,,2,1,1,7,False,Flickless,GIANTX,viper,True,,,1,1,0,4,False,westside,GIANTX,cypher,True,,,0,2,1,3,False
393.793,1687,PREROUND,4,2,1,,,,MiniBoo,Team Heretics,raze,True,,,1,2,1,7,True,RieNs,Team Heretics,fade,True,,,2,1,1,5,False,Boo,Team Heretics,omen,True,,,2,1,2,3,False,benjyfishy,Team Heretics,deadlock,True,,,1,0,1,5,False,Wo0t,Team Heretics,chamber,True,,,1,8,1,4,False,grubinho,GIANTX,omen,True,,,2,1,2,7,True,ara,GIANTX,raze,True,,,1,1,1,3,False,Cloud,GIANTX,fade,True,,,2,1,1,7,False,Flickless,GIANTX,viper,True,,,1,1,0,4,False,westside,GIANTX,cypher,True,,,0,2,1,3,False
394.027,1688,PREROUND,4,2,1,,,,MiniBoo,Team Heretics,raze,True,,,1,2,1,7,True,RieNs,Team Heretics,fade,True,,,2,1,1,5,False,Boo,Team Heretics,omen,True,,,2,1,2,3,False,benjyfishy,Team Heretics,deadlock,True,,,1,0,1,5,False,Wo0t,Team Heretics,chamber,True,,,1,8,1,4,False,grubinho,GIANTX,omen,True,,,2,1,2,7,True,ara,GIANTX,raze,True,,,1,1,1,3,False,Cloud,GIANTX,fade,True,,,2,1,1,7,False,Flickless,GIANTX,viper,True,,,1,1,0,4,False,westside,GIANTX,cypher,True,,,0,2,1,3,False
394.261,1689,PREROUND,4,2,1,,,,MiniBoo,Team Heretics,raze,True,,,1,2,1,7,True,RieNs,Team Heretics,fade,True,,,2,1,1,5,False,Boo,Team Heretics,omen,True,,,2,1,2,3,False,benjyfishy,Team Heretics,deadlock,True,,,1,0,1,5,False,Wo0t,Team Heretics,chamber,True,,,1,8,1,4,False,grubinho,GIANTX,omen,True,,,2,1,2,7,True,ara,GIANTX,raze,True,,,1,1,1,3,False,Cloud,GIANTX,fade,True,,,2,1,1,7,False,Flickless,GIANTX,viper,True,,,1,1,0,4,False,westside,GIANTX,cypher,True,,,0,2,1,3,False
394.494,1690,PREROUND,4,2,1,,,,MiniBoo,Team Heretics,raze,True,,,1,2,1,7,True,RieNs,Team Heretics,fade,True,,,2,1,1,5,False,Boo,Team Heretics,omen,True,,,2,1,2,3,False,benjyfishy,Team Heretics,deadlock,True,,,1,0,1,5,False,Wo0t,Team Heretics,chamber,True,,,1,8,1,4,False,grubinho,GIANTX,omen,True,,,2,1,2,7,True,ara,GIANTX,raze,True,,,1,1,1,3,False,Cloud,GIANTX,fade,True,,,2,1,1,7,False,Flickless,GIANTX,viper,True,,,1,1,0,4,False,westside,GIANTX,cypher,True,,,0,2,1,3,False
394.728,1691,PREROUND,4,2,1,,,,MiniBoo,Team Heretics,raze,True,,,1,2,1,7,True,RieNs,Team Heretics,fade,True,,,2,1,1,5,False,Boo,Team Heretics,omen,True,,,2,1,2,3,False,benjyfishy,Team Heretics,deadlock,True,,,1,0,1,5,False,Wo0t,Team Heretics,chamber,True,,,1,8,1,4,False,grubinho,GIANTX,omen,True,,,2,1,2,7,True,ara,GIANTX,raze,True,,,1,1,1,3,False,Cloud,GIANTX,fade,True,,,2,1,1,7,False,Flickless,GIANTX,viper,True,,,1,1,0,4,False,westside,GIANTX,cypher,True,,,0,2,1,3,False
394.961,1692,PREROUND,4,2,1,,,,MiniBoo,Team Heretics,raze,True,,,1,2,1,7,True,RieNs,Team Heretics,fade,True,,,2,1,1,5,False,Boo,Team Heretics,omen,True,,,2,1,2,3,False,benjyfishy,Team Heretics,deadlock,True,,,1,0,1,5,False,Wo0t,Team Heretics,chamber,True,,,1,8,1,4,False,grubinho,GIANTX,omen,True,,,2,1,2,7,True,ara,GIANTX,raze,True,,,1,1,1,3,False,Cloud,GIANTX,fade,True,,,2,1,1,7,False,Flickless,GIANTX,viper,True,,,1,1,0,4,False,westside,GIANTX,cypher,True,,,0,2,1,3,False
395.195,1693,PREROUND,4,2,1,,,,MiniBoo,Team Heretics,raze,True,,,1,2,1,7,True,RieNs,Team Heretics,fade,True,,,2,1,1,5,False,Boo,Team Heretics,omen,True,,,2,1,2,3,False,benjyfishy,Team Heretics,deadlock,True,,,1,0,1,5,False,Wo0t,Team Heretics,chamber,True,,,1,8,1,4,False,grubinho,GIANTX,omen,True,,,2,1,2,7,True,ara,GIANTX,raze,True,,,1,1,1,3,False,Cloud,GIANTX,fade,True,,,2,1,1,7,False,Flickless,GIANTX,viper,True,,,1,1,0,4,False,westside,GIANTX,cypher,True,,,0,2,1,3,False
395.428,1694,PREROUND,4,2,1,,,,MiniBoo,Team Heretics,raze,True,,,1,2,1,7,True,RieNs,Team Heretics,fade,True,,,2,1,1,5,False,Boo,Team Heretics,omen,True,,,2,1,2,3,False,benjyfishy,Team Heretics,deadlock,True,,,1,0,1,5,False,Wo0t,Team Heretics,chamber,True,,,1,8,1,4,False,grubinho,GIANTX,omen,True,,,2,1,2,7,True,ara,GIANTX,raze,True,,,1,1,1,3,False,Cloud,GIANTX,fade,True,,,2,1,1,7,False,Flickless,GIANTX,viper,True,,,1,1,0,4,False,westside,GIANTX,cypher,True,,,0,2,1,3,False
395.662,1695,PREROUND,4,2,1,,,,MiniBoo,Team Heretics,raze,True,,,1,2,1,7,True,RieNs,Team Heretics,fade,True,,,2,1,1,5,False,Boo,Team Heretics,omen,True,,,2,1,2,3,False,benjyfishy,Team Heretics,deadlock,True,,,1,0,1,5,False,Wo0t,Team Heretics,chamber,True,,,1,8,1,4,False,grubinho,GIANTX,omen,True,,,2,1,2,7,True,ara,GIANTX,raze,True,,,1,1,1,3,False,Cloud,GIANTX,fade,True,,,2,1,1,7,False,Flickless,GIANTX,viper,True,,,1,1,0,4,False,westside,GIANTX,cypher,True,,,0,2,1,3,False
395.896,1696,PREROUND,4,2,1,,,,MiniBoo,Team Heretics,raze,True,,,1,2,1,7,True,RieNs,Team Heretics,fade,True,,,2,1,1,5,False,Boo,Team Heretics,omen,True,,,2,1,2,3,False,benjyfishy,Team Heretics,deadlock,True,,,1,0,1,5,False,Wo0t,Team Heretics,chamber,True,,,0,8,1,4,False,grubinho,GIANTX,omen,True,,,2,1,2,7,True,ara,GIANTX,raze,True,,,1,1,1,3,False,Cloud,GIANTX,fade,True,,,2,1,1,7,False,Flickless,GIANTX,viper,True,,,1,1,0,4,False,westside,GIANTX,cypher,True,,,0,2,1,3,False
396.129,1697,PREROUND,4,2,1,,,,MiniBoo,Team Heretics,raze,True,,,1,2,1,7,True,RieNs,Team Heretics,fade,True,,,2,1,1,5,False,Boo,Team Heretics,omen,True,,,2,1,2,3,False,benjyfishy,Team Heretics,deadlock,True,,,1,0,1,5,False,Wo0t,Team Heretics,chamber,True,,,0,8,1,4,False,grubinho,GIANTX,omen,True,,,2,1,2,7,True,ara,GIANTX,raze,True,,,1,1,1,3,False,Cloud,GIANTX,fade,True,,,2,1,1,7,False,Flickless,GIANTX,viper,True,,,1,1,0,4,False,westside,GIANTX,cypher,True,,,0,2,1,3,False
396.363,1698,PREROUND,4,2,1,,,,MiniBoo,Team Heretics,raze,True,,,1,2,1,7,True,RieNs,Team Heretics,fade,True,,,2,1,1,5,False,Boo,Team Heretics,omen,True,,,2,1,2,3,False,benjyfishy,Team Heretics,deadlock,True,,,1,0,1,5,False,Wo0t,Team Heretics,chamber,True,,,0,8,1,4,False,grubinho,GIANTX,omen,True,,,2,1,2,7,True,ara,GIANTX,raze,True,,,1,1,1,3,False,Cloud,GIANTX,fade,True,,,2,1,1,7,False,Flickless,GIANTX,viper,True,,,1,1,0,4,False,westside,GIANTX,cypher,True,,,0,2,1,3,False
396.596,1699,PREROUND,4,2,1,,,,MiniBoo,Team Heretics,raze,True,,,1,2,1,7,True,RieNs,Team Heretics,fade,True,,,2,1,1,5,False,Boo,Team Heretics,omen,True,,,2,1,2,3,False,benjyfishy,Team Heretics,deadlock,True,,,1,0,1,5,False,Wo0t,Team Heretics,chamber,True,,,0,8,1,4,False,grubinho,GIANTX,omen,True,,,2,1,2,7,True,ara,GIANTX,raze,True,,,1,1,1,3,False,Cloud,GIANTX,fade,True,,,2,1,1,7,False,Flickless,GIANTX,viper,True,,,1,1,0,4,False,westside,GIANTX,cypher,True,,,0,2,1,3,False
396.830,1700,PREROUND,4,2,1,,,,MiniBoo,Team Heretics,raze,True,,,1,2,1,7,True,RieNs,Team Heretics,fade,True,,,2,1,1,5,False,Boo,Team Heretics,omen,True,,,2,1,2,3,False,benjyfishy,Team Heretics,deadlock,True,,,1,0,1,5,False,Wo0t,Team Heretics,chamber,True,,,0,8,1,4,False,grubinho,GIANTX,omen,True,,,2,1,2,7,True,ara,GIANTX,raze,True,,,1,1,1,3,False,Cloud,GIANTX,fade,True,,,2,1,1,7,False,Flickless,GIANTX,viper,True,,,1,1,0,4,False,westside,GIANTX,cypher,True,,,0,2,1,3,False
397.063,1701,PREROUND,4,2,1,,,,MiniBoo,Team Heretics,raze,True,,,1,2,1,7,True,RieNs,Team Heretics,fade,True,,,2,1,1,5,False,Boo,Team Heretics,omen,True,,,2,1,2,3,False,benjyfishy,Team Heretics,deadlock,True,,,1,0,1,5,False,Wo0t,Team Heretics,chamber,True,,,0,8,1,4,False,grubinho,GIANTX,omen,True,,,2,1,2,7,True,ara,GIANTX,raze,True,,,1,1,1,3,False,Cloud,GIANTX,fade,True,,,2,1,1,7,False,Flickless,GIANTX,viper,True,,,1,1,0,4,False,westside,GIANTX,cypher,True,,,0,2,1,3,False
397.297,1702,PREROUND,4,2,1,,,,MiniBoo,Team Heretics,raze,True,,,1,2,1,7,True,RieNs,Team Heretics,fade,True,,,2,1,1,5,False,Boo,Team Heretics,omen,True,,,2,1,2,3,False,benjyfishy,Team Heretics,deadlock,True,,,1,0,1,5,False,Wo0t,Team Heretics,chamber,True,,,0,8,1,4,False,grubinho,GIANTX,omen,True,,,2,1,2,7,True,ara,GIANTX,raze,True,,,1,1,1,3,False,Cloud,GIANTX,fade,True,,,2,1,1,7,False,Flickless,GIANTX,viper,True,,,1,1,0,4,False,westside,GIANTX,cypher,True,,,0,2,1,3,False
397.530,1703,PREROUND,4,2,1,,,,MiniBoo,Team Heretics,raze,True,,,1,2,1,7,True,RieNs,Team Heretics,fade,True,,,2,1,1,5,False,Boo,Team Heretics,omen,True,,,2,1,2,3,False,benjyfishy,Team Heretics,deadlock,True,,,1,0,1,5,False,Wo0t,Team Heretics,chamber,True,,,0,8,1,4,False,grubinho,GIANTX,omen,True,,,2,1,2,7,True,ara,GIANTX,raze,True,,,1,1,1,3,False,Cloud,GIANTX,fade,True,,,2,1,1,7,False,Flickless,GIANTX,viper,True,,,1,1,0,4,False,westside,GIANTX,cypher,True,,,0,2,1,3,False
397.764,1704,PREROUND,4,2,1,,,,MiniBoo,Team Heretics,raze,True,,,1,2,1,7,True,RieNs,Team Heretics,fade,True,,,2,1,1,5,False,Boo,Team Heretics,omen,True,,,2,1,2,3,False,benjyfishy,Team Heretics,deadlock,True,,,1,0,1,5,False,Wo0t,Team Heretics,chamber,True,,,0,8,1,4,False,grubinho,GIANTX,omen,True,,,2,1,2,7,True,ara,GIANTX,raze,True,,,1,1,1,3,False,Cloud,GIANTX,fade,True,,,2,1,1,7,False,Flickless,GIANTX,viper,True,,,1,1,0,4,False,westside,GIANTX,cypher,True,,,0,2,1,3,False
397.998,1705,PREROUND,4,2,1,,,,MiniBoo,Team Heretics,raze,True,,,1,2,1,7,True,RieNs,Team Heretics,fade,True,,,2,1,1,5,False,Boo,Team Heretics,omen,True,,,2,1,2,3,False,benjyfishy,Team Heretics,deadlock,True,,,1,0,1,5,False,Wo0t,Team Heretics,chamber,True,,,0,8,1,4,False,grubinho,GIANTX,omen,True,,,2,1,2,7,True,ara,GIANTX,raze,True,,,1,1,1,3,False,Cloud,GIANTX,fade,True,,,2,1,1,7,False,Flickless,GIANTX,viper,True,,,1,1,0,4,False,westside,GIANTX,cypher,True,,,0,2,1,3,False
398.231,1706,PREROUND,4,2,1,,,,MiniBoo,Team Heretics,raze,True,,,1,2,1,7,True,RieNs,Team Heretics,fade,True,,,2,1,1,5,False,Boo,Team Heretics,omen,True,,,2,1,2,3,False,benjyfishy,Team Heretics,deadlock,True,,,1,0,1,5,False,Wo0t,Team Heretics,chamber,True,,,0,8,1,4,False,grubinho,GIANTX,omen,True,,,2,1,2,7,True,ara,GIANTX,raze,True,,,1,1,1,3,False,Cloud,GIANTX,fade,True,,,2,1,1,7,False,Flickless,GIANTX,viper,True,,,1,1,0,4,False,westside,GIANTX,cypher,True,,,0,2,1,3,False
398.465,1707,PREROUND,4,2,1,,,,MiniBoo,Team Heretics,raze,True,,,1,2,1,7,True,RieNs,Team Heretics,fade,True,,,2,1,1,5,False,Boo,Team Heretics,omen,True,,,2,1,2,3,False,benjyfishy,Team Heretics,deadlock,True,,,1,0,1,5,False,Wo0t,Team Heretics,chamber,True,,,0,8,1,4,False,grubinho,GIANTX,omen,True,,,2,1,2,7,True,ara,GIANTX,raze,True,,,1,1,1,3,False,Cloud,GIANTX,fade,True,,,2,1,1,7,False,Flickless,GIANTX,viper,True,,,1,1,0,4,False,westside,GIANTX,cypher,True,,,0,2,1,3,False
398.698,1708,PREROUND,4,2,1,,,,MiniBoo,Team Heretics,raze,True,,,1,2,1,7,True,RieNs,Team Heretics,fade,True,,,2,1,1,5,False,Boo,Team Heretics,omen,True,,,2,1,2,3,False,benjyfishy,Team Heretics,deadlock,True,,,1,0,1,5,False,Wo0t,Team Heretics,chamber,True,,,0,8,1,4,False,grubinho,GIANTX,omen,True,,,2,1,2,7,True,ara,GIANTX,raze,True,,,1,1,1,3,False,Cloud,GIANTX,fade,True,,,2,1,1,7,False,Flickless,GIANTX,viper,True,,,1,1,0,4,False,westside,GIANTX,cypher,True,,,0,2,1,3,False
398.932,1709,PREROUND,4,2,1,,,,MiniBoo,Team Heretics,raze,True,,,1,2,1,7,True,RieNs,Team Heretics,fade,True,,,2,1,1,5,False,Boo,Team Heretics,omen,True,,,2,1,2,3,False,benjyfishy,Team Heretics,deadlock,True,,,1,0,1,5,False,Wo0t,Team Heretics,chamber,True,,,0,8,1,4,False,grubinho,GIANTX,omen,True,,,2,1,2,7,True,ara,GIANTX,raze,True,,,1,1,1,3,False,Cloud,GIANTX,fade,True,,,2,1,1,7,False,Flickless,GIANTX,viper,True,,,1,1,0,4,False,westside,GIANTX,cypher,True,,,0,2,1,3,False
399.165,1710,PREROUND,4,2,1,,,,MiniBoo,Team Heretics,raze,True,,,1,2,1,7,True,RieNs,Team Heretics,fade,True,,,2,1,1,5,False,Boo,Team Heretics,omen,True,,,2,1,2,3,False,benjyfishy,Team Heretics,deadlock,True,,,1,0,1,5,False,Wo0t,Team Heretics,chamber,True,,,0,8,1,4,False,grubinho,GIANTX,omen,True,,,2,1,2,7,True,ara,GIANTX,raze,True,,,1,1,1,3,False,Cloud,GIANTX,fade,True,,,2,1,1,7,False,Flickless,GIANTX,viper,True,,,1,1,0,4,False,westside,GIANTX,cypher,True,,,0,2,1,3,False
399.399,1711,PREROUND,4,2,1,,,,MiniBoo,Team Heretics,raze,True,,,1,2,1,7,True,RieNs,Team Heretics,fade,True,,,2,1,1,5,False,Boo,Team Heretics,omen,True,,,2,1,2,3,False,benjyfishy,Team Heretics,deadlock,True,,,1,0,1,5,False,Wo0t,Team Heretics,chamber,True,,,0,8,1,4,False,grubinho,GIANTX,omen,True,,,2,1,2,7,True,ara,GIANTX,raze,True,,,1,1,1,3,False,Cloud,GIANTX,fade,True,,,2,1,1,7,False,Flickless,GIANTX,viper,True,,,1,1,0,4,False,westside,GIANTX,cypher,True,,,0,2,1,3,False
399.633,1712,PREROUND,4,2,1,,,,MiniBoo,Team Heretics,raze,True,,,1,2,1,7,True,RieNs,Team Heretics,fade,True,,,2,1,1,5,False,Boo,Team Heretics,omen,True,,,2,1,2,3,False,benjyfishy,Team Heretics,deadlock,True,,,1,0,1,5,False,Wo0t,Team Heretics,chamber,True,,,0,8,1,4,False,grubinho,GIANTX,omen,True,,,2,1,2,7,True,ara,GIANTX,raze,True,,,1,1,1,3,False,Cloud,GIANTX,fade,True,,,2,1,1,7,False,Flickless,GIANTX,viper,True,,,1,1,0,4,False,westside,GIANTX,cypher,True,,,0,2,1,3,False
399.866,1713,PREROUND,4,2,1,,,,MiniBoo,Team Heretics,raze,True,,,1,2,1,7,True,RieNs,Team Heretics,fade,True,,,2,1,1,5,False,Boo,Team Heretics,omen,True,,,2,1,2,3,False,benjyfishy,Team Heretics,deadlock,True,,,1,0,1,5,False,Wo0t,Team Heretics,chamber,True,,,0,8,1,4,False,grubinho,GIANTX,omen,True,,,2,1,2,7,True,ara,GIANTX,raze,True,,,1,1,1,3,False,Cloud,GIANTX,fade,True,,,2,1,1,7,False,Flickless,GIANTX,viper,True,,,1,1,0,4,False,westside,GIANTX,cypher,True,,,0,2,1,3,False
400.100,1714,PREROUND,4,2,1,,,,MiniBoo,Team Heretics,raze,True,,,1,2,1,7,True,RieNs,Team Heretics,fade,True,,,2,1,1,5,False,Boo,Team Heretics,omen,True,,,2,1,2,3,False,benjyfishy,Team Heretics,deadlock,True,,,1,0,1,5,False,Wo0t,Team Heretics,chamber,True,,,0,8,1,4,False,grubinho,GIANTX,omen,True,,,2,1,2,7,True,ara,GIANTX,raze,True,,,1,1,1,3,False,Cloud,GIANTX,fade,True,,,2,1,1,7,False,Flickless,GIANTX,viper,True,,,1,1,0,4,False,westside,GIANTX,cypher,True,,,0,2,1,3,False
400.333,1715,PREROUND,4,2,1,,,,MiniBoo,Team Heretics,raze,True,,,1,2,1,7,True,RieNs,Team Heretics,fade,True,,,2,1,1,5,False,Boo,Team Heretics,omen,True,,,2,1,2,3,False,benjyfishy,Team Heretics,deadlock,True,,,1,0,1,5,False,Wo0t,Team Heretics,chamber,True,,,0,8,1,4,False,grubinho,GIANTX,omen,True,,,2,1,2,7,True,ara,GIANTX,raze,True,,,1,1,1,3,False,Cloud,GIANTX,fade,True,,,2,1,1,7,False,Flickless,GIANTX,viper,True,,,1,1,0,4,False,westside,GIANTX,cypher,True,,,0,2,1,3,False
400.567,1716,PREROUND,4,2,1,,,,MiniBoo,Team Heretics,raze,True,,,1,2,1,7,True,RieNs,Team Heretics,fade,True,,,2,1,1,5,False,Boo,Team Heretics,omen,True,,,2,1,2,3,False,benjyfishy,Team Heretics,deadlock,True,,,1,0,1,5,False,Wo0t,Team Heretics,chamber,True,,,0,8,1,4,False,grubinho,GIANTX,omen,True,,,2,1,2,7,True,ara,GIANTX,raze,True,,,1,1,1,3,False,Cloud,GIANTX,fade,True,,,2,1,1,7,False,Flickless,GIANTX,viper,True,,,1,1,0,4,False,westside,GIANTX,cypher,True,,,0,2,1,3,False
400.800,1717,PREROUND,4,2,1,,,,MiniBoo,Team Heretics,raze,True,,,1,2,1,7,True,RieNs,Team Heretics,fade,True,,,2,1,1,5,False,Boo,Team Heretics,omen,True,,,2,1,2,3,False,benjyfishy,Team Heretics,deadlock,True,,,1,0,1,5,False,Wo0t,Team Heretics,chamber,True,,,0,8,1,4,False,grubinho,GIANTX,omen,True,,,2,1,2,7,True,ara,GIANTX,raze,True,,,1,1,1,3,False,Cloud,GIANTX,fade,True,,,2,1,1,7,False,Flickless,GIANTX,viper,True,,,1,1,0,4,False,westside,GIANTX,cypher,True,,,0,2,1,3,False
401.034,1718,PREROUND,4,2,1,,,,MiniBoo,Team Heretics,raze,True,,,1,2,1,7,True,RieNs,Team Heretics,fade,True,,,2,1,1,5,False,Boo,Team Heretics,omen,True,,,2,1,2,3,False,benjyfishy,Team Heretics,deadlock,True,,,1,0,1,5,False,Wo0t,Team Heretics,chamber,True,,,0,8,1,4,False,grubinho,GIANTX,omen,True,,,2,1,2,7,True,ara,GIANTX,raze,True,,,1,1,1,3,False,Cloud,GIANTX,fade,True,,,2,1,1,7,False,Flickless,GIANTX,viper,True,,,1,1,0,4,False,westside,GIANTX,cypher,True,,,0,2,1,3,False
401.268,1719,PREROUND,4,2,1,,,,MiniBoo,Team Heretics,raze,True,,,1,2,1,7,True,RieNs,Team Heretics,fade,True,,,2,1,1,5,False,Boo,Team Heretics,omen,True,,,2,1,2,3,False,benjyfishy,Team Heretics,deadlock,True,,,1,0,1,5,False,Wo0t,Team Heretics,chamber,True,,,0,8,1,4,False,grubinho,GIANTX,omen,True,,,2,1,2,7,True,ara,GIANTX,raze,True,,,1,1,1,3,False,Cloud,GIANTX,fade,True,,,2,1,1,7,False,Flickless,GIANTX,viper,True,,,1,1,0,4,False,westside,GIANTX,cypher,True,,,0,2,1,3,False
401.501,1720,PREROUND,4,2,1,,,,MiniBoo,Team Heretics,raze,True,,,1,2,1,7,True,RieNs,Team Heretics,fade,True,,,2,1,1,5,False,Boo,Team Heretics,omen,True,,,2,1,2,3,False,benjyfishy,Team Heretics,deadlock,True,,,1,0,1,5,False,Wo0t,Team Heretics,chamber,True,,,0,8,1,4,False,grubinho,GIANTX,omen,True,,,2,1,2,7,True,ara,GIANTX,raze,True,,,1,1,1,3,False,Cloud,GIANTX,fade,True,,,2,1,1,7,False,Flickless,GIANTX,viper,True,,,1,1,0,4,False,westside,GIANTX,cypher,True,,,0,2,1,3,False
401.735,1721,PREROUND,4,2,1,,,,MiniBoo,Team Heretics,raze,True,,,1,2,1,7,True,RieNs,Team Heretics,fade,True,,,2,1,1,5,False,Boo,Team Heretics,omen,True,,,2,1,2,3,False,benjyfishy,Team Heretics,deadlock,True,,,1,0,1,5,False,Wo0t,Team Heretics,chamber,True,,,0,8,1,4,False,grubinho,GIANTX,omen,True,,,2,1,2,7,True,ara,GIANTX,raze,True,,,1,1,1,3,False,Cloud,GIANTX,fade,True,,,2,1,1,7,False,Flickless,GIANTX,viper,True,,,1,1,0,4,False,westside,GIANTX,cypher,True,,,0,2,1,3,False
401.968,1722,PREROUND,4,2,1,,,,MiniBoo,Team Heretics,raze,True,,,1,2,1,7,True,RieNs,Team Heretics,fade,True,,,2,1,1,5,False,Boo,Team Heretics,omen,True,,,2,1,2,3,False,benjyfishy,Team Heretics,deadlock,True,,,1,0,1,5,False,Wo0t,Team Heretics,chamber,True,,,0,8,1,4,False,grubinho,GIANTX,omen,True,,,2,1,2,7,True,ara,GIANTX,raze,True,,,1,1,1,3,False,Cloud,GIANTX,fade,True,,,2,1,1,7,False,Flickless,GIANTX,viper,True,,,1,1,0,4,False,westside,GIANTX,cypher,True,,,0,2,1,3,False
402.202,1723,PREROUND,4,2,1,,,,MiniBoo,Team Heretics,raze,True,,,1,2,1,7,True,RieNs,Team Heretics,fade,True,,,2,1,1,5,False,Boo,Team Heretics,omen,True,,,2,1,2,3,False,benjyfishy,Team Heretics,deadlock,True,,,1,0,1,5,False,Wo0t,Team Heretics,chamber,True,,,0,8,1,4,False,grubinho,GIANTX,omen,True,,,2,1,2,7,True,ara,GIANTX,raze,True,,,1,1,1,3,False,Cloud,GIANTX,fade,True,,,2,1,1,7,False,Flickless,GIANTX,viper,True,,,1,1,0,4,False,westside,GIANTX,cypher,True,,,0,2,1,3,False
402.435,1724,PREROUND,4,2,1,,,,MiniBoo,Team Heretics,raze,True,,,1,2,1,7,True,RieNs,Team Heretics,fade,True,,,2,1,1,5,False,Boo,Team Heretics,omen,True,,,2,1,2,3,False,benjyfishy,Team Heretics,deadlock,True,,,1,0,1,5,False,Wo0t,Team Heretics,chamber,True,,,0,8,1,4,False,grubinho,GIANTX,omen,True,,,2,1,2,7,True,ara,GIANTX,raze,True,,,1,1,1,3,False,Cloud,GIANTX,fade,True,,,2,1,1,7,False,Flickless,GIANTX,viper,True,,,1,1,0,4,False,westside,GIANTX,cypher,True,,,0,2,1,3,False
402.669,1725,PREROUND,4,2,1,,,,MiniBoo,Team Heretics,raze,True,,,1,2,1,7,True,RieNs,Team Heretics,fade,True,,,2,1,1,5,False,Boo,Team Heretics,omen,True,,,2,1,2,3,False,benjyfishy,Team Heretics,deadlock,True,,,1,0,1,5,False,Wo0t,Team Heretics,chamber,True,,,0,8,1,4,False,grubinho,GIANTX,omen,True,,,2,1,2,7,True,ara,GIANTX,raze,True,,,1,1,1,3,False,Cloud,GIANTX,fade,True,,,2,1,1,7,False,Flickless,GIANTX,viper,True,,,1,1,0,4,False,westside,GIANTX,cypher,True,,,0,2,1,3,False
402.903,1726,PREROUND,4,2,1,,,,MiniBoo,Team Heretics,raze,True,,,1,2,1,7,True,RieNs,Team Heretics,fade,True,,,2,1,1,5,False,Boo,Team Heretics,omen,True,,,2,1,2,3,False,benjyfishy,Team Heretics,deadlock,True,,,1,0,1,5,False,Wo0t,Team Heretics,chamber,True,,,0,8,1,4,False,grubinho,GIANTX,omen,True,,,2,1,2,7,True,ara,GIANTX,raze,True,,,1,1,1,3,False,Cloud,GIANTX,fade,True,,,2,1,1,7,False,Flickless,GIANTX,viper,True,,,1,1,0,4,False,westside,GIANTX,cypher,True,,,0,2,1,3,False
403.136,1727,PREROUND,4,2,1,,,,MiniBoo,Team Heretics,raze,True,,,1,2,1,7,True,RieNs,Team Heretics,fade,True,,,2,1,1,5,False,Boo,Team Heretics,omen,True,,,2,1,2,3,False,benjyfishy,Team Heretics,deadlock,True,,,1,0,1,5,False,Wo0t,Team Heretics,chamber,True,,,0,8,1,4,False,grubinho,GIANTX,omen,True,,,2,1,2,7,True,ara,GIANTX,raze,True,,,1,1,1,3,False,Cloud,GIANTX,fade,True,,,2,1,1,7,False,Flickless,GIANTX,viper,True,,,1,1,0,4,False,westside,GIANTX,cypher,True,,,0,2,1,3,False
403.370,1728,PREROUND,4,2,1,,,,MiniBoo,Team Heretics,raze,True,,,1,2,1,7,True,RieNs,Team Heretics,fade,True,,,2,1,1,5,False,Boo,Team Heretics,omen,True,,,2,1,2,3,False,benjyfishy,Team Heretics,deadlock,True,,,1,0,1,5,False,Wo0t,Team Heretics,chamber,True,,,0,8,1,4,False,grubinho,GIANTX,omen,True,,,2,1,2,7,True,ara,GIANTX,raze,True,,,1,1,1,3,False,Cloud,GIANTX,fade,True,,,2,1,1,7,False,Flickless,GIANTX,viper,True,,,1,1,0,4,False,westside,GIANTX,cypher,True,,,0,2,1,3,False
403.603,1729,PREROUND,4,2,1,,,,MiniBoo,Team Heretics,raze,True,,,1,2,1,7,True,RieNs,Team Heretics,fade,True,,,2,1,1,5,False,Boo,Team Heretics,omen,True,,,2,1,2,3,False,benjyfishy,Team Heretics,deadlock,True,,,1,0,1,5,False,Wo0t,Team Heretics,chamber,True,,,0,8,1,4,False,grubinho,GIANTX,omen,True,,,2,1,2,7,True,ara,GIANTX,raze,True,,,1,1,1,3,False,Cloud,GIANTX,fade,True,,,2,1,1,7,False,Flickless,GIANTX,viper,True,,,1,1,0,4,False,westside,GIANTX,cypher,True,,,0,2,1,3,False
403.837,1730,PREROUND,4,2,1,,,,MiniBoo,Team Heretics,raze,True,,,1,2,1,7,True,RieNs,Team Heretics,fade,True,,,2,1,1,5,False,Boo,Team Heretics,omen,True,,,2,1,2,3,False,benjyfishy,Team Heretics,deadlock,True,,,1,0,1,5,False,Wo0t,Team Heretics,chamber,True,,,0,8,1,4,False,grubinho,GIANTX,omen,True,,,2,1,2,7,True,ara,GIANTX,raze,True,,,1,1,1,3,False,Cloud,GIANTX,fade,True,,,2,1,1,7,False,Flickless,GIANTX,viper,True,,,1,1,0,4,False,westside,GIANTX,cypher,True,,,0,2,1,3,False
404.070,1731,PREROUND,4,2,1,,,,MiniBoo,Team Heretics,raze,True,,,1,2,1,7,True,RieNs,Team Heretics,fade,True,,,2,1,1,5,False,Boo,Team Heretics,omen,True,,,2,1,2,3,False,benjyfishy,Team Heretics,deadlock,True,,,1,0,1,5,False,Wo0t,Team Heretics,chamber,True,,,0,8,1,4,False,grubinho,GIANTX,omen,True,,,2,1,2,7,True,ara,GIANTX,raze,True,,,1,1,1,3,False,Cloud,GIANTX,fade,True,,,2,1,1,7,False,Flickless,GIANTX,viper,True,,,1,1,0,4,False,westside,GIANTX,cypher,True,,,0,2,1,3,False
404.304,1732,PREROUND,4,2,1,,,,MiniBoo,Team Heretics,raze,True,,,1,2,1,7,True,RieNs,Team Heretics,fade,True,,,2,1,1,5,False,Boo,Team Heretics,omen,True,,,2,1,2,3,False,benjyfishy,Team Heretics,deadlock,True,,,1,0,1,5,False,Wo0t,Team Heretics,chamber,True,,,0,8,1,4,False,grubinho,GIANTX,omen,True,,,2,1,2,7,True,ara,GIANTX,raze,True,,,1,1,1,3,False,Cloud,GIANTX,fade,True,,,2,1,1,7,False,Flickless,GIANTX,viper,True,,,1,1,0,4,False,westside,GIANTX,cypher,True,,,0,2,1,3,False
404.537,1733,PREROUND,4,2,1,,,,MiniBoo,Team Heretics,raze,True,,,1,2,1,7,True,RieNs,Team Heretics,fade,True,,,2,1,1,5,False,Boo,Team Heretics,omen,True,,,2,1,2,3,False,benjyfishy,Team Heretics,deadlock,True,,,1,0,1,5,False,Wo0t,Team Heretics,chamber,True,,,0,8,1,4,False,grubinho,GIANTX,omen,True,,,2,1,2,7,True,ara,GIANTX,raze,True,,,1,1,1,3,False,Cloud,GIANTX,fade,True,,,2,1,1,7,False,Flickless,GIANTX,viper,True,,,1,1,0,4,False,westside,GIANTX,cypher,True,,,0,2,1,3,False
404.771,1734,PREROUND,4,2,1,,,,MiniBoo,Team Heretics,raze,True,,,1,2,1,7,True,RieNs,Team Heretics,fade,True,,,2,1,1,5,False,Boo,Team Heretics,omen,True,,,2,1,2,3,False,benjyfishy,Team Heretics,deadlock,True,,,1,0,1,5,False,Wo0t,Team Heretics,chamber,True,,,0,8,1,4,False,grubinho,GIANTX,omen,True,,,2,1,2,7,True,ara,GIANTX,raze,True,,,1,1,1,3,False,Cloud,GIANTX,fade,True,,,2,1,1,7,False,Flickless,GIANTX,viper,True,,,1,1,0,4,False,westside,GIANTX,cypher,True,,,0,2,1,3,False
405.005,1735,PREROUND,4,2,1,,,,MiniBoo,Team Heretics,raze,True,,,1,2,1,7,True,RieNs,Team Heretics,fade,True,,,2,1,1,5,False,Boo,Team Heretics,omen,True,,,2,1,2,3,False,benjyfishy,Team Heretics,deadlock,True,,,1,0,1,5,False,Wo0t,Team Heretics,chamber,True,,,0,8,1,4,False,grubinho,GIANTX,omen,True,,,2,1,2,7,True,ara,GIANTX,raze,True,,,1,1,1,3,False,Cloud,GIANTX,fade,True,,,2,1,1,7,False,Flickless,GIANTX,viper,True,,,1,1,0,4,False,westside,GIANTX,cypher,True,,,0,2,1,3,False
405.238,1736,PREROUND,4,2,1,,,,MiniBoo,Team Heretics,raze,True,,,1,2,1,7,True,RieNs,Team Heretics,fade,True,,,2,1,1,5,False,Boo,Team Heretics,omen,True,,,2,1,2,3,False,benjyfishy,Team Heretics,deadlock,True,,,1,0,1,5,False,Wo0t,Team Heretics,chamber,True,,,0,8,1,4,False,grubinho,GIANTX,omen,True,,,2,1,2,7,True,ara,GIANTX,raze,True,,,1,1,1,3,False,Cloud,GIANTX,fade,True,,,2,1,1,7,False,Flickless,GIANTX,viper,True,,,1,1,0,4,False,westside,GIANTX,cypher,True,,,0,2,1,3,False
405.472,1737,PREROUND,4,2,1,,,,MiniBoo,Team Heretics,raze,True,,,1,2,1,7,True,RieNs,Team Heretics,fade,True,,,2,1,1,5,False,Boo,Team Heretics,omen,True,,,2,1,2,3,False,benjyfishy,Team Heretics,deadlock,True,,,1,0,1,5,False,Wo0t,Team Heretics,chamber,True,,,0,8,1,4,False,grubinho,GIANTX,omen,True,,,2,1,2,7,True,ara,GIANTX,raze,True,,,1,1,1,3,False,Cloud,GIANTX,fade,True,,,2,1,1,7,False,Flickless,GIANTX,viper,True,,,1,1,0,4,False,westside,GIANTX,cypher,True,,,0,2,1,3,False
405.705,1738,PREROUND,4,2,1,,,,MiniBoo,Team Heretics,raze,True,,,1,2,1,7,True,RieNs,Team Heretics,fade,True,,,2,1,1,5,False,Boo,Team Heretics,omen,True,,,2,1,2,3,False,benjyfishy,Team Heretics,deadlock,True,,,1,0,1,5,False,Wo0t,Team Heretics,chamber,True,,,0,8,1,4,False,grubinho,GIANTX,omen,True,,,2,1,2,7,True,ara,GIANTX,raze,True,,,1,1,1,3,False,Cloud,GIANTX,fade,True,,,2,1,1,7,False,Flickless,GIANTX,viper,True,,,1,1,0,4,False,westside,GIANTX,cypher,True,,,0,2,1,3,False
405.939,1739,PREROUND,4,2,1,,,,MiniBoo,Team Heretics,raze,True,,,1,2,1,7,True,RieNs,Team Heretics,fade,True,,,2,1,1,5,False,Boo,Team Heretics,omen,True,,,2,1,2,3,False,benjyfishy,Team Heretics,deadlock,True,,,1,0,1,5,False,Wo0t,Team Heretics,chamber,True,,,0,8,1,4,False,grubinho,GIANTX,omen,True,,,2,1,2,7,True,ara,GIANTX,raze,True,,,1,1,1,3,False,Cloud,GIANTX,fade,True,,,2,1,1,7,False,Flickless,GIANTX,viper,True,,,1,1,0,4,False,westside,GIANTX,cypher,True,,,0,2,1,3,False
406.172,1740,PREROUND,4,2,1,,,,MiniBoo,Team Heretics,raze,True,,,1,2,1,7,True,RieNs,Team Heretics,fade,True,,,2,1,1,5,False,Boo,Team Heretics,omen,True,,,2,1,2,3,False,benjyfishy,Team Heretics,deadlock,True,,,1,0,1,5,False,Wo0t,Team Heretics,chamber,True,,,0,8,1,4,False,grubinho,GIANTX,omen,True,,,2,1,2,7,True,ara,GIANTX,raze,True,,,1,1,1,3,False,Cloud,GIANTX,fade,True,,,2,1,1,7,False,Flickless,GIANTX,viper,True,,,1,1,0,4,False,westside,GIANTX,cypher,True,,,0,2,1,3,False
406.406,1741,ACTIVE_ROUND,4,2,1,99.000,,,MiniBoo,Team Heretics,raze,True,,,1,2,1,7,True,RieNs,Team Heretics,fade,True,,,2,1,1,5,False,Boo,Team Heretics,omen,True,,,2,1,2,3,False,benjyfishy,Team Heretics,deadlock,True,,,1,0,1,5,False,Wo0t,Team Heretics,chamber,True,,,0,8,1,4,False,grubinho,GIANTX,omen,True,,,2,1,2,7,True,ara,GIANTX,raze,True,,,1,1,1,3,False,Cloud,GIANTX,fade,True,,,2,1,1,7,False,Flickless,GIANTX,viper,True,,,1,1,0,4,False,westside,GIANTX,cypher,True,,,0,2,1,3,False
406.640,1742,ACTIVE_ROUND,4,2,1,99.000,,,MiniBoo,Team Heretics,raze,True,100,50,1,2,1,7,True,RieNs,Team Heretics,fade,True,100,50,2,1,1,5,False,Boo,Team Heretics,omen,True,100,50,2,1,2,3,False,benjyfishy,Team Heretics,deadlock,True,100,50,1,0,1,5,False,Wo0t,Team Heretics,chamber,True,100,40,0,8,1,4,False,grubinho,GIANTX,omen,True,100,25,2,1,2,7,True,ara,GIANTX,raze,True,100,50,1,1,1,3,False,Cloud,GIANTX,fade,True,100,25,2,1,1,7,False,Flickless,GIANTX,viper,True,100,50,1,1,0,4,False,westside,GIANTX,cypher,True,100,25,0,2,1,3,False
406.873,1743,ACTIVE_ROUND,4,2,1,99.000,,,MiniBoo,Team Heretics,raze,True,100,50,1,2,1,7,True,RieNs,Team Heretics,fade,True,100,50,2,1,1,5,False,Boo,Team Heretics,omen,True,100,50,2,1,1,3,False,benjyfishy,Team Heretics,deadlock,True,100,50,1,0,0,5,False,Wo0t,Team Heretics,chamber,True,100,40,0,8,1,4,False,grubinho,GIANTX,omen,True,100,25,2,1,2,7,True,ara,GIANTX,raze,True,100,50,1,1,1,3,False,Cloud,GIANTX,fade,True,100,25,2,1,1,7,False,Flickless,GIANTX,viper,True,100,50,1,1,0,4,False,westside,GIANTX,cypher,True,100,25,0,2,0,3,False
407.107,1744,ACTIVE_ROUND,4,2,1,99.000,,,MiniBoo,Team Heretics,raze,True,100,50,1,2,1,7,True,RieNs,Team Heretics,fade,True,100,50,2,1,1,5,False,Boo,Team Heretics,omen,True,100,50,2,1,1,3,False,benjyfishy,Team Heretics,deadlock,True,100,50,1,0,0,5,False,Wo0t,Team Heretics,chamber,True,100,40,0,8,1,4,False,grubinho,GIANTX,omen,True,100,25,2,1,2,7,True,ara,GIANTX,raze,True,100,50,1,1,1,3,False,Cloud,GIANTX,fade,True,100,25,2,1,1,7,False,Flickless,GIANTX,viper,True,100,50,1,1,0,4,False,westside,GIANTX,cypher,True,100,25,0,2,0,3,False
407.340,1745,ACTIVE_ROUND,4,2,1,98.000,,,MiniBoo,Team Heretics,raze,True,100,50,1,2,1,7,True,RieNs,Team Heretics,fade,True,100,50,2,1,1,5,False,Boo,Team Heretics,omen,True,100,50,2,1,1,3,False,benjyfishy,Team Heretics,deadlock,True,100,50,1,0,0,5,False,Wo0t,Team Heretics,chamber,True,100,40,0,8,1,4,False,grubinho,GIANTX,omen,True,100,25,2,1,2,7,True,ara,GIANTX,raze,True,100,50,1,1,1,3,False,Cloud,GIANTX,fade,True,100,25,2,1,1,7,False,Flickless,GIANTX,viper,True,100,50,1,1,0,4,False,westside,GIANTX,cypher,True,100,25,0,2,0,3,False
407.574,1746,ACTIVE_ROUND,4,2,1,98.000,,,MiniBoo,Team Heretics,raze,True,100,50,1,2,1,7,True,RieNs,Team Heretics,fade,True,100,50,2,1,1,5,False,Boo,Team Heretics,omen,True,100,50,2,1,1,3,False,benjyfishy,Team Heretics,deadlock,True,100,50,1,0,0,5,False,Wo0t,Team Heretics,chamber,True,100,40,0,8,1,4,False,grubinho,GIANTX,omen,True,100,25,2,1,2,7,True,ara,GIANTX,raze,True,100,50,1,1,1,3,False,Cloud,GIANTX,fade,True,100,25,2,1,1,7,False,Flickless,GIANTX,viper,True,100,50,1,1,0,4,False,westside,GIANTX,cypher,True,100,25,0,2,0,3,False
407.807,1747,ACTIVE_ROUND,4,2,1,98.000,,,MiniBoo,Team Heretics,raze,True,100,50,1,2,1,7,True,RieNs,Team Heretics,fade,True,100,50,2,1,1,5,False,Boo,Team Heretics,omen,True,100,50,2,1,1,3,False,benjyfishy,Team Heretics,deadlock,True,100,50,1,0,0,5,False,Wo0t,Team Heretics,chamber,True,100,40,0,8,1,4,False,grubinho,GIANTX,omen,True,100,25,2,1,2,7,True,ara,GIANTX,raze,True,100,50,1,1,1,3,False,Cloud,GIANTX,fade,True,100,25,2,1,0,7,False,Flickless,GIANTX,viper,True,100,50,1,1,0,4,False,westside,GIANTX,cypher,True,100,25,0,2,0,3,False
408.041,1748,ACTIVE_ROUND,4,2,1,98.000,,,MiniBoo,Team Heretics,raze,True,100,50,1,2,1,7,True,RieNs,Team Heretics,fade,True,100,50,2,1,1,5,False,Boo,Team Heretics,omen,True,100,50,2,1,1,3,False,benjyfishy,Team Heretics,deadlock,True,100,50,1,0,0,5,False,Wo0t,Team Heretics,chamber,True,100,40,0,8,1,4,False,grubinho,GIANTX,omen,True,100,25,2,1,2,7,True,ara,GIANTX,raze,True,100,50,1,1,1,3,False,Cloud,GIANTX,fade,True,100,25,2,1,0,7,False,Flickless,GIANTX,viper,True,100,50,1,1,0,4,False,westside,GIANTX,cypher,True,100,25,0,2,0,3,False
408.275,1749,ACTIVE_ROUND,4,2,1,97.000,,,MiniBoo,Team Heretics,raze,True,100,50,1,2,1,7,True,RieNs,Team Heretics,fade,True,100,50,2,1,1,5,False,Boo,Team Heretics,omen,True,100,50,2,1,1,3,False,benjyfishy,Team Heretics,deadlock,True,100,50,1,0,0,5,False,Wo0t,Team Heretics,chamber,True,100,40,0,8,1,4,False,grubinho,GIANTX,omen,True,100,25,2,1,2,7,True,ara,GIANTX,raze,True,100,50,1,1,1,3,False,Cloud,GIANTX,fade,True,100,25,2,1,0,7,False,Flickless,GIANTX,viper,True,100,50,1,1,0,4,False,westside,GIANTX,cypher,True,100,25,0,2,0,3,False
408.508,1750,ACTIVE_ROUND,4,2,1,97.000,,,MiniBoo,Team Heretics,raze,True,100,50,1,2,1,7,True,RieNs,Team Heretics,fade,True,100,50,2,1,1,5,False,Boo,Team Heretics,omen,True,100,50,2,1,1,3,False,benjyfishy,Team Heretics,deadlock,True,100,50,1,0,0,5,False,Wo0t,Team Heretics,chamber,True,100,40,0,8,1,4,False,grubinho,GIANTX,omen,True,100,25,2,1,2,7,True,ara,GIANTX,raze,True,100,50,1,1,1,3,False,Cloud,GIANTX,fade,True,100,25,2,1,0,7,False,Flickless,GIANTX,viper,True,100,50,1,1,0,4,False,westside,GIANTX,cypher,True,100,25,0,2,0,3,False
408.742,1751,ACTIVE_ROUND,4,2,1,97.000,,,MiniBoo,Team Heretics,raze,True,100,50,1,2,1,7,True,RieNs,Team Heretics,fade,True,100,50,2,1,1,5,False,Boo,Team Heretics,omen,True,100,50,2,1,1,3,False,benjyfishy,Team Heretics,deadlock,True,100,50,1,0,0,5,False,Wo0t,Team Heretics,chamber,True,100,40,0,8,1,4,False,grubinho,GIANTX,omen,True,100,25,2,1,2,7,True,ara,GIANTX,raze,True,100,50,1,1,1,3,False,Cloud,GIANTX,fade,True,100,25,2,1,0,7,False,Flickless,GIANTX,viper,True,100,50,1,1,0,4,False,westside,GIANTX,cypher,True,100,25,0,2,0,3,False
408.975,1752,ACTIVE_ROUND,4,2,1,97.000,,,MiniBoo,Team Heretics,raze,True,100,50,1,1,1,0,False,RieNs,Team Heretics,fade,True,100,50,2,1,1,5,False,Boo,Team Heretics,omen,True,100,50,2,0,1,3,False,benjyfishy,Team Heretics,deadlock,True,100,50,1,0,0,5,False,Wo0t,Team Heretics,chamber,True,100,40,0,8,1,4,False,grubinho,GIANTX,omen,True,100,25,2,1,2,7,True,ara,GIANTX,raze,True,100,50,1,1,1,3,False,Cloud,GIANTX,fade,True,100,25,2,1,0,7,False,Flickless,GIANTX,viper,True,100,50,1,1,0,4,False,westside,GIANTX,cypher,True,100,25,0,2,0,3,False
409.209,1753,ACTIVE_ROUND,4,2,1,96.000,,,MiniBoo,Team Heretics,raze,True,100,50,1,1,1,0,False,RieNs,Team Heretics,fade,True,100,50,2,1,1,5,False,Boo,Team Heretics,omen,True,100,50,2,0,1,3,False,benjyfishy,Team Heretics,deadlock,True,100,50,1,0,0,5,False,Wo0t,Team Heretics,chamber,True,100,40,0,8,1,4,False,grubinho,GIANTX,omen,True,100,25,2,1,2,7,True,ara,GIANTX,raze,True,100,50,1,1,1,3,False,Cloud,GIANTX,fade,True,100,25,2,1,0,7,False,Flickless,GIANTX,viper,True,100,50,1,1,0,4,False,westside,GIANTX,cypher,True,100,25,0,2,0,3,False
409.442,1754,ACTIVE_ROUND,4,2,1,96.000,,,MiniBoo,Team Heretics,raze,True,100,50,1,1,1,0,False,RieNs,Team Heretics,fade,True,100,50,2,1,1,5,False,Boo,Team Heretics,omen,True,100,50,2,0,1,3,False,benjyfishy,Team Heretics,deadlock,True,100,50,1,0,0,5,False,Wo0t,Team Heretics,chamber,True,100,40,0,8,1,4,False,grubinho,GIANTX,omen,True,100,25,2,1,2,7,True,ara,GIANTX,raze,True,100,50,1,1,1,3,False,Cloud,GIANTX,fade,True,100,25,2,1,0,7,False,Flickless,GIANTX,viper,True,100,50,1,1,0,4,False,westside,GIANTX,cypher,True,100,25,0,2,0,3,False
409.676,1755,ACTIVE_ROUND,4,2,1,96.000,,,MiniBoo,Team Heretics,raze,True,100,50,1,1,1,0,False,RieNs,Team Heretics,fade,True,100,50,2,1,1,5,False,Boo,Team Heretics,omen,True,100,50,2,0,1,3,False,benjyfishy,Team Heretics,deadlock,True,100,50,1,0,0,5,False,Wo0t,Team Heretics,chamber,True,100,40,0,8,1,4,False,grubinho,GIANTX,omen,True,100,25,2,1,2,7,True,ara,GIANTX,raze,True,100,50,1,1,1,3,False,Cloud,GIANTX,fade,True,100,25,2,1,0,7,False,Flickless,GIANTX,viper,True,100,50,1,1,0,4,False,westside,GIANTX,cypher,True,100,25,0,2,0,3,False
409.909,1756,ACTIVE_ROUND,4,2,1,96.000,,,MiniBoo,Team Heretics,raze,True,100,50,1,1,1,0,False,RieNs,Team Heretics,fade,True,100,50,2,1,0,5,False,Boo,Team Heretics,omen,True,100,50,2,0,1,3,False,benjyfishy,Team Heretics,deadlock,True,100,50,1,0,0,5,False,Wo0t,Team Heretics,chamber,True,100,40,0,8,1,4,False,grubinho,GIANTX,omen,True,100,25,1,1,2,7,True,ara,GIANTX,raze,True,100,50,1,0,1,3,False,Cloud,GIANTX,fade,True,100,25,2,1,0,7,False,Flickless,GIANTX,viper,True,100,50,1,1,0,4,False,westside,GIANTX,cypher,True,100,25,0,1,0,3,False
410.143,1757,ACTIVE_ROUND,4,2,1,96.000,,,MiniBoo,Team Heretics,raze,True,100,50,1,1,1,0,False,RieNs,Team Heretics,fade,True,100,50,2,1,0,5,False,Boo,Team Heretics,omen,True,100,50,2,0,1,3,False,benjyfishy,Team Heretics,deadlock,True,100,50,1,0,0,5,False,Wo0t,Team Heretics,chamber,True,100,40,0,8,1,4,False,grubinho,GIANTX,omen,True,100,25,1,1,2,7,True,ara,GIANTX,raze,True,100,50,1,0,1,3,False,Cloud,GIANTX,fade,True,100,25,2,1,0,7,False,Flickless,GIANTX,viper,True,100,50,1,1,0,4,False,westside,GIANTX,cypher,True,100,25,0,1,0,3,False
410.377,1758,ACTIVE_ROUND,4,2,1,95.000,,,MiniBoo,Team Heretics,raze,True,100,50,1,1,1,0,False,RieNs,Team Heretics,fade,True,100,50,2,1,0,5,False,Boo,Team Heretics,omen,True,100,50,2,0,1,3,False,benjyfishy,Team Heretics,deadlock,True,100,50,1,0,0,5,False,Wo0t,Team Heretics,chamber,True,100,40,0,8,1,4,False,grubinho,GIANTX,omen,True,100,25,1,1,2,7,True,ara,GIANTX,raze,True,100,50,1,0,1,3,False,Cloud,GIANTX,fade,True,100,25,2,1,0,7,False,Flickless,GIANTX,viper,True,100,50,1,1,0,4,False,westside,GIANTX,cypher,True,100,25,0,1,0,3,False
410.610,1759,ACTIVE_ROUND,4,2,1,95.000,,,MiniBoo,Team Heretics,raze,True,100,50,1,1,1,0,False,RieNs,Team Heretics,fade,True,100,50,2,1,0,5,False,Boo,Team Heretics,omen,True,100,50,2,0,1,3,False,benjyfishy,Team Heretics,deadlock,True,100,50,1,0,0,5,False,Wo0t,Team Heretics,chamber,True,100,40,0,8,1,4,False,grubinho,GIANTX,omen,True,100,25,1,1,2,7,True,ara,GIANTX,raze,True,100,50,1,0,1,3,False,Cloud,GIANTX,fade,True,100,25,2,1,0,7,False,Flickless,GIANTX,viper,True,100,50,1,1,0,4,False,westside,GIANTX,cypher,True,100,25,0,1,0,3,False
410.844,1760,ACTIVE_ROUND,4,2,1,95.000,,,MiniBoo,Team Heretics,raze,True,100,50,1,1,1,0,False,RieNs,Team Heretics,fade,True,100,50,2,1,0,5,False,Boo,Team Heretics,omen,True,100,50,2,0,1,3,False,benjyfishy,Team Heretics,deadlock,True,100,50,1,0,0,5,False,Wo0t,Team Heretics,chamber,True,100,40,0,8,1,4,False,grubinho,GIANTX,omen,True,100,25,1,1,2,7,True,ara,GIANTX,raze,True,100,50,1,0,1,3,False,Cloud,GIANTX,fade,True,100,25,2,1,0,7,False,Flickless,GIANTX,viper,True,100,50,1,1,0,4,False,westside,GIANTX,cypher,True,100,25,0,1,0,3,False
411.077,1761,ACTIVE_ROUND,4,2,1,95.000,,,MiniBoo,Team Heretics,raze,True,100,50,1,1,1,0,False,RieNs,Team Heretics,fade,True,100,50,2,1,0,5,False,Boo,Team Heretics,omen,True,100,50,2,0,1,3,False,benjyfishy,Team Heretics,deadlock,True,100,50,1,0,0,5,False,Wo0t,Team Heretics,chamber,True,100,40,0,8,1,4,False,grubinho,GIANTX,omen,True,100,25,1,1,2,7,True,ara,GIANTX,raze,True,100,50,1,0,1,3,False,Cloud,GIANTX,fade,True,100,25,2,1,0,7,False,Flickless,GIANTX,viper,True,100,50,1,1,0,4,False,westside,GIANTX,cypher,True,100,25,0,1,0,3,False
411.311,1762,ACTIVE_ROUND,4,2,1,94.000,,,MiniBoo,Team Heretics,raze,True,100,50,1,1,1,0,False,RieNs,Team Heretics,fade,True,100,50,2,1,0,5,False,Boo,Team Heretics,omen,True,100,50,2,0,1,3,False,benjyfishy,Team Heretics,deadlock,True,100,50,1,0,0,5,False,Wo0t,Team Heretics,chamber,True,100,40,0,8,1,4,False,grubinho,GIANTX,omen,True,100,25,1,1,2,7,True,ara,GIANTX,raze,True,100,50,1,0,1,3,False,Cloud,GIANTX,fade,True,100,25,2,1,0,7,False,Flickless,GIANTX,viper,True,100,50,1,1,0,4,False,westside,GIANTX,cypher,True,100,25,0,1,0,3,False
411.544,1763,ACTIVE_ROUND,4,2,1,94.000,,,MiniBoo,Team Heretics,raze,True,100,50,1,1,1,0,False,RieNs,Team Heretics,fade,True,100,50,0,0,0,5,False,Boo,Team Heretics,omen,True,100,50,2,0,1,3,False,benjyfishy,Team Heretics,deadlock,True,100,50,1,0,0,5,False,Wo0t,Team Heretics,chamber,True,100,40,0,8,1,4,False,grubinho,GIANTX,omen,True,100,25,0,0,0,7,True,ara,GIANTX,raze,True,100,50,1,0,1,3,False,Cloud,GIANTX,fade,True,100,25,2,1,0,7,False,Flickless,GIANTX,viper,True,100,50,1,1,0,4,False,westside,GIANTX,cypher,True,100,25,0,1,0,3,False
411.778,1764,ACTIVE_ROUND,4,2,1,94.000,,,MiniBoo,Team Heretics,raze,True,100,50,1,1,1,0,False,RieNs,Team Heretics,fade,False,,50,0,0,0,5,False,Boo,Team Heretics,omen,True,100,50,2,0,1,3,False,benjyfishy,Team Heretics,deadlock,True,100,50,1,0,0,5,False,Wo0t,Team Heretics,chamber,True,100,40,0,8,1,4,False,grubinho,GIANTX,omen,False,,25,0,0,0,7,True,ara,GIANTX,raze,True,100,50,1,0,1,3,False,Cloud,GIANTX,fade,True,100,25,2,1,0,7,False,Flickless,GIANTX,viper,True,100,50,1,1,0,4,False,westside,GIANTX,cypher,True,100,25,0,1,0,3,False
412.012,1765,ACTIVE_ROUND,4,2,1,94.000,,,MiniBoo,Team Heretics,raze,True,95,39,1,1,1,0,False,RieNs,Team Heretics,fade,False,,50,0,0,0,5,False,Boo,Team Heretics,omen,True,100,50,2,0,1,3,False,benjyfishy,Team Heretics,deadlock,True,100,50,1,0,0,5,False,Wo0t,Team Heretics,chamber,True,100,40,0,8,1,4,False,grubinho,GIANTX,omen,False,,25,0,0,0,7,True,ara,GIANTX,raze,True,100,50,1,0,1,4,False,Cloud,GIANTX,fade,True,100,25,1,1,0,7,False,Flickless,GIANTX,viper,True,100,50,1,1,0,4,False,westside,GIANTX,cypher,True,100,25,0,1,0,3,False
412.245,1766,ACTIVE_ROUND,4,2,1,93.000,,,MiniBoo,Team Heretics,raze,True,95,39,1,1,1,0,False,RieNs,Team Heretics,fade,False,,50,0,0,0,5,False,Boo,Team Heretics,omen,True,100,50,2,0,1,3,False,benjyfishy,Team Heretics,deadlock,True,100,50,1,0,0,5,False,Wo0t,Team Heretics,chamber,True,100,40,0,8,1,4,False,grubinho,GIANTX,omen,False,,25,0,0,0,7,True,ara,GIANTX,raze,True,100,50,1,0,1,4,False,Cloud,GIANTX,fade,True,100,25,1,1,0,7,False,Flickless,GIANTX,viper,True,100,50,1,1,0,4,False,westside,GIANTX,cypher,True,100,25,0,1,0,3,False
412.479,1767,ACTIVE_ROUND,4,2,1,93.000,,,MiniBoo,Team Heretics,raze,True,95,39,1,1,1,0,False,RieNs,Team Heretics,fade,False,,50,0,0,0,5,False,Boo,Team Heretics,omen,True,100,50,2,0,1,3,False,benjyfishy,Team Heretics,deadlock,True,100,50,1,0,0,5,False,Wo0t,Team Heretics,chamber,True,100,40,0,8,1,4,False,grubinho,GIANTX,omen,False,,25,0,0,0,7,True,ara,GIANTX,raze,True,100,50,1,0,1,4,False,Cloud,GIANTX,fade,True,100,25,1,1,0,7,False,Flickless,GIANTX,viper,True,100,50,1,1,0,4,False,westside,GIANTX,cypher,True,100,25,0,1,0,3,False
412.712,1768,ACTIVE_ROUND,4,2,1,93.000,,,MiniBoo,Team Heretics,raze,True,95,39,1,1,1,0,False,RieNs,Team Heretics,fade,False,,50,0,0,0,5,False,Boo,Team Heretics,omen,True,100,50,0,0,0,3,False,benjyfishy,Team Heretics,deadlock,True,100,50,1,0,0,5,False,Wo0t,Team Heretics,chamber,True,100,40,0,8,1,4,False,grubinho,GIANTX,omen,False,,25,0,0,0,7,True,ara,GIANTX,raze,True,100,50,1,0,1,4,False,Cloud,GIANTX,fade,True,100,25,1,1,0,7,False,Flickless,GIANTX,viper,True,100,50,1,1,0,4,False,westside,GIANTX,cypher,True,100,25,0,1,0,3,False
412.946,1769,ACTIVE_ROUND,4,2,1,93.000,,,MiniBoo,Team Heretics,raze,True,95,39,1,1,1,0,False,RieNs,Team Heretics,fade,False,,50,0,0,0,5,False,Boo,Team Heretics,omen,False,,50,0,0,0,4,False,benjyfishy,Team Heretics,deadlock,True,100,50,1,0,0,5,False,Wo0t,Team Heretics,chamber,True,100,40,0,8,1,4,False,grubinho,GIANTX,omen,False,,25,0,0,0,7,True,ara,GIANTX,raze,True,100,50,1,0,1,5,False,Cloud,GIANTX,fade,True,100,25,1,1,0,7,False,Flickless,GIANTX,viper,True,100,50,1,1,0,4,False,westside,GIANTX,cypher,True,100,25,0,1,0,3,False
413.179,1770,ACTIVE_ROUND,4,2,1,93.000,,,MiniBoo,Team Heretics,raze,True,95,39,1,1,1,0,False,RieNs,Team Heretics,fade,False,,50,0,0,0,5,False,Boo,Team Heretics,omen,False,,50,0,0,0,4,False,benjyfishy,Team Heretics,deadlock,True,100,50,1,0,0,5,False,Wo0t,Team Heretics,chamber,True,100,40,0,8,1,4,False,grubinho,GIANTX,omen,False,,25,0,0,0,7,True,ara,GIANTX,raze,True,100,50,1,0,1,5,False,Cloud,GIANTX,fade,True,100,25,1,1,0,7,False,Flickless,GIANTX,viper,True,100,50,1,1,0,4,False,westside,GIANTX,cypher,True,100,25,0,1,0,3,False
413.413,1771,ACTIVE_ROUND,4,2,1,92.000,,,MiniBoo,Team Heretics,raze,True,95,39,1,1,1,0,False,RieNs,Team Heretics,fade,False,,50,0,0,0,5,False,Boo,Team Heretics,omen,False,,50,0,0,0,4,False,benjyfishy,Team Heretics,deadlock,True,100,50,1,0,0,5,False,Wo0t,Team Heretics,chamber,True,100,40,0,8,1,4,False,grubinho,GIANTX,omen,False,,25,0,0,0,7,True,ara,GIANTX,raze,True,100,50,1,0,1,5,False,Cloud,GIANTX,fade,True,100,25,1,1,0,7,False,Flickless,GIANTX,viper,True,100,50,1,1,0,4,False,westside,GIANTX,cypher,True,100,25,0,1,0,3,False
413.647,1772,ACTIVE_ROUND,4,2,1,92.000,,,MiniBoo,Team Heretics,raze,True,95,39,1,1,1,0,False,RieNs,Team Heretics,fade,False,,50,0,0,0,5,False,Boo,Team Heretics,omen,False,,50,0,0,0,4,False,benjyfishy,Team Heretics,deadlock,True,100,50,1,0,0,5,False,Wo0t,Team Heretics,chamber,True,100,40,0,8,1,4,False,grubinho,GIANTX,omen,False,,25,0,0,0,7,True,ara,GIANTX,raze,True,100,50,1,0,1,5,False,Cloud,GIANTX,fade,True,100,25,1,1,0,7,False,Flickless,GIANTX,viper,True,100,50,1,1,0,4,False,westside,GIANTX,cypher,True,100,25,0,1,0,3,False
413.880,1773,ACTIVE_ROUND,4,2,1,92.000,,,MiniBoo,Team Heretics,raze,True,95,39,0,1,1,0,False,RieNs,Team Heretics,fade,False,,50,0,0,0,5,False,Boo,Team Heretics,omen,False,,50,0,0,0,4,False,benjyfishy,Team Heretics,deadlock,True,100,50,1,0,0,5,False,Wo0t,Team Heretics,chamber,True,100,40,0,8,1,4,False,grubinho,GIANTX,omen,False,,25,0,0,0,7,True,ara,GIANTX,raze,True,100,50,1,0,1,5,False,Cloud,GIANTX,fade,True,100,25,1,1,0,7,False,Flickless,GIANTX,viper,True,100,50,1,1,0,4,False,westside,GIANTX,cypher,True,100,25,0,1,0,3,False
414.114,1774,ACTIVE_ROUND,4,2,1,92.000,,,MiniBoo,Team Heretics,raze,True,95,39,0,1,1,0,False,RieNs,Team Heretics,fade,False,,50,0,0,0,5,False,Boo,Team Heretics,omen,False,,50,0,0,0,4,False,benjyfishy,Team Heretics,deadlock,True,100,50,1,0,0,5,False,Wo0t,Team Heretics,chamber,True,100,40,0,8,1,4,False,grubinho,GIANTX,omen,False,,25,0,0,0,7,True,ara,GIANTX,raze,True,100,50,1,0,1,5,False,Cloud,GIANTX,fade,True,100,25,1,1,0,7,False,Flickless,GIANTX,viper,True,100,50,1,1,0,4,False,westside,GIANTX,cypher,True,100,25,0,1,0,3,False
414.347,1775,ACTIVE_ROUND,4,2,1,91.000,,,MiniBoo,Team Heretics,raze,True,95,39,0,1,1,0,False,RieNs,Team Heretics,fade,False,,50,0,0,0,5,False,Boo,Team Heretics,omen,False,,50,0,0,0,4,False,benjyfishy,Team Heretics,deadlock,True,100,50,1,0,0,5,False,Wo0t,Team Heretics,chamber,True,100,40,0,8,1,4,False,grubinho,GIANTX,omen,False,,25,0,0,0,7,True,ara,GIANTX,raze,True,100,50,1,0,1,5,False,Cloud,GIANTX,fade,True,100,25,1,1,0,7,False,Flickless,GIANTX,viper,True,100,50,1,1,0,4,False,westside,GIANTX,cypher,True,100,25,0,1,0,3,False
414.581,1776,ACTIVE_ROUND,4,2,1,91.000,,,MiniBoo,Team Heretics,raze,True,95,39,0,1,1,0,False,RieNs,Team Heretics,fade,False,,50,0,0,0,5,False,Boo,Team Heretics,omen,False,,50,0,0,0,4,False,benjyfishy,Team Heretics,deadlock,True,100,50,1,0,0,5,False,Wo0t,Team Heretics,chamber,True,100,40,0,8,1,4,False,grubinho,GIANTX,omen,False,,25,0,0,0,7,True,ara,GIANTX,raze,True,100,50,1,0,1,5,False,Cloud,GIANTX,fade,True,100,25,1,1,0,7,False,Flickless,GIANTX,viper,True,100,50,1,1,0,4,False,westside,GIANTX,cypher,True,100,25,0,1,0,3,False
414.814,1777,ACTIVE_ROUND,4,2,1,91.000,,,MiniBoo,Team Heretics,raze,True,95,39,0,1,1,0,False,RieNs,Team Heretics,fade,False,,50,0,0,0,5,False,Boo,Team Heretics,omen,False,,50,0,0,0,4,False,benjyfishy,Team Heretics,deadlock,True,100,50,1,0,0,5,False,Wo0t,Team Heretics,chamber,True,100,40,0,8,1,4,False,grubinho,GIANTX,omen,False,,25,0,0,0,7,True,ara,GIANTX,raze,True,100,50,1,0,1,5,False,Cloud,GIANTX,fade,True,100,25,1,1,0,7,False,Flickless,GIANTX,viper,True,100,50,1,1,0,4,False,westside,GIANTX,cypher,True,100,25,0,1,0,3,False
415.048,1778,ACTIVE_ROUND,4,2,1,91.000,,,MiniBoo,Team Heretics,raze,True,95,39,0,1,1,0,False,RieNs,Team Heretics,fade,False,,50,0,0,0,5,False,Boo,Team Heretics,omen,False,,50,0,0,0,4,False,benjyfishy,Team Heretics,deadlock,True,100,50,1,0,0,5,False,Wo0t,Team Heretics,chamber,True,100,40,0,8,1,4,False,grubinho,GIANTX,omen,False,,25,0,0,0,7,True,ara,GIANTX,raze,True,100,50,1,0,1,5,False,Cloud,GIANTX,fade,True,100,25,1,1,0,7,False,Flickless,GIANTX,viper,True,100,50,1,1,0,4,False,westside,GIANTX,cypher,True,100,25,0,1,0,3,False
415.282,1779,ACTIVE_ROUND,4,2,1,90.000,,,MiniBoo,Team Heretics,raze,True,95,39,0,1,1,0,False,RieNs,Team Heretics,fade,False,,50,0,0,0,5,False,Boo,Team Heretics,omen,False,,50,0,0,0,4,False,benjyfishy,Team Heretics,deadlock,True,100,50,1,0,0,5,False,Wo0t,Team Heretics,chamber,True,100,40,0,8,1,4,False,grubinho,GIANTX,omen,False,,25,0,0,0,7,True,ara,GIANTX,raze,True,100,50,1,0,1,5,False,Cloud,GIANTX,fade,True,100,25,1,1,0,7,False,Flickless,GIANTX,viper,True,100,50,1,1,0,4,False,westside,GIANTX,cypher,True,100,25,0,1,0,3,False
415.515,1780,ACTIVE_ROUND,4,2,1,90.000,,,MiniBoo,Team Heretics,raze,True,95,39,0,1,1,0,False,RieNs,Team Heretics,fade,False,,50,0,0,0,5,False,Boo,Team Heretics,omen,False,,50,0,0,0,4,False,benjyfishy,Team Heretics,deadlock,True,100,50,1,0,0,5,False,Wo0t,Team Heretics,chamber,True,100,40,0,8,1,4,False,grubinho,GIANTX,omen,False,,25,0,0,0,7,True,ara,GIANTX,raze,True,100,50,1,0,1,5,False,Cloud,GIANTX,fade,True,100,25,1,1,0,7,False,Flickless,GIANTX,viper,True,100,50,1,1,0,4,False,westside,GIANTX,cypher,True,100,25,0,1,0,3,False
415.749,1781,ACTIVE_ROUND,4,2,1,90.000,,,MiniBoo,Team Heretics,raze,True,95,39,0,1,1,0,False,RieNs,Team Heretics,fade,False,,50,0,0,0,5,False,Boo,Team Heretics,omen,False,,50,0,0,0,4,False,benjyfishy,Team Heretics,deadlock,True,100,50,1,0,0,5,False,Wo0t,Team Heretics,chamber,True,100,40,0,8,1,4,False,grubinho,GIANTX,omen,False,,25,0,0,0,7,True,ara,GIANTX,raze,True,100,50,1,0,1,5,False,Cloud,GIANTX,fade,True,100,25,1,1,0,7,False,Flickless,GIANTX,viper,True,100,50,1,1,0,4,False,westside,GIANTX,cypher,True,100,25,0,1,0,3,False
415.982,1782,ACTIVE_ROUND,4,2,1,90.000,,,MiniBoo,Team Heretics,raze,True,95,39,0,1,1,0,False,RieNs,Team Heretics,fade,False,,50,0,0,0,5,False,Boo,Team Heretics,omen,False,,50,0,0,0,4,False,benjyfishy,Team Heretics,deadlock,True,100,50,1,0,0,5,False,Wo0t,Team Heretics,chamber,True,100,40,0,8,1,4,False,grubinho,GIANTX,omen,False,,25,0,0,0,7,True,ara,GIANTX,raze,True,100,50,0,0,1,5,False,Cloud,GIANTX,fade,True,100,25,1,1,0,7,False,Flickless,GIANTX,viper,True,100,50,1,1,0,4,False,westside,GIANTX,cypher,True,100,25,0,1,0,3,False
416.216,1783,ACTIVE_ROUND,4,2,1,89.000,,,MiniBoo,Team Heretics,raze,True,95,39,0,1,1,0,False,RieNs,Team Heretics,fade,False,,50,0,0,0,5,False,Boo,Team Heretics,omen,False,,50,0,0,0,4,False,benjyfishy,Team Heretics,deadlock,True,100,50,1,0,0,5,False,Wo0t,Team Heretics,chamber,True,100,40,0,8,1,4,False,grubinho,GIANTX,omen,False,,25,0,0,0,7,True,ara,GIANTX,raze,True,100,50,0,0,1,5,False,Cloud,GIANTX,fade,True,100,25,1,1,0,7,False,Flickless,GIANTX,viper,True,100,50,1,1,0,4,False,westside,GIANTX,cypher,True,100,25,0,1,0,3,False
416.449,1784,ACTIVE_ROUND,4,2,1,89.000,,,MiniBoo,Team Heretics,raze,True,95,39,0,1,1,0,False,RieNs,Team Heretics,fade,False,,50,0,0,0,5,False,Boo,Team Heretics,omen,False,,50,0,0,0,4,False,benjyfishy,Team Heretics,deadlock,True,100,50,1,0,0,5,False,Wo0t,Team Heretics,chamber,True,100,40,0,8,1,4,False,grubinho,GIANTX,omen,False,,25,0,0,0,7,True,ara,GIANTX,raze,True,100,50,0,0,1,5,False,Cloud,GIANTX,fade,True,100,25,1,1,0,7,False,Flickless,GIANTX,viper,True,100,50,1,1,0,4,False,westside,GIANTX,cypher,True,100,25,0,1,0,3,False
416.683,1785,ACTIVE_ROUND,4,2,1,89.000,,,MiniBoo,Team Heretics,raze,True,95,39,0,1,1,0,False,RieNs,Team Heretics,fade,False,,50,0,0,0,5,False,Boo,Team Heretics,omen,False,,50,0,0,0,4,False,benjyfishy,Team Heretics,deadlock,True,100,50,1,0,0,5,False,Wo0t,Team Heretics,chamber,True,100,40,0,8,1,4,False,grubinho,GIANTX,omen,False,,25,0,0,0,7,True,ara,GIANTX,raze,True,100,50,0,0,1,5,False,Cloud,GIANTX,fade,True,100,25,1,1,0,7,False,Flickless,GIANTX,viper,True,100,50,1,1,0,4,False,westside,GIANTX,cypher,True,100,25,0,1,0,3,False
416.916,1786,ACTIVE_ROUND,4,2,1,89.000,,,MiniBoo,Team Heretics,raze,True,95,39,0,1,1,0,False,RieNs,Team Heretics,fade,False,,50,0,0,0,5,False,Boo,Team Heretics,omen,False,,50,0,0,0,4,False,benjyfishy,Team Heretics,deadlock,True,100,50,1,0,0,5,False,Wo0t,Team Heretics,chamber,True,100,40,0,8,1,4,False,grubinho,GIANTX,omen,False,,25,0,0,0,7,True,ara,GIANTX,raze,True,100,50,0,0,1,5,False,Cloud,GIANTX,fade,True,100,25,1,1,0,7,False,Flickless,GIANTX,viper,True,100,50,1,1,0,4,False,westside,GIANTX,cypher,True,100,25,0,1,0,3,False
417.150,1787,ACTIVE_ROUND,4,2,1,89.000,,,MiniBoo,Team Heretics,raze,True,95,39,0,1,1,0,False,RieNs,Team Heretics,fade,False,,50,0,0,0,5,False,Boo,Team Heretics,omen,False,,50,0,0,0,4,False,benjyfishy,Team Heretics,deadlock,True,100,50,1,0,0,5,False,Wo0t,Team Heretics,chamber,True,100,40,0,8,1,4,False,grubinho,GIANTX,omen,False,,25,0,0,0,7,True,ara,GIANTX,raze,True,100,50,0,0,1,5,False,Cloud,GIANTX,fade,True,100,25,1,1,0,7,False,Flickless,GIANTX,viper,True,100,50,1,1,0,4,False,westside,GIANTX,cypher,True,100,25,0,1,0,3,False
417.384,1788,ACTIVE_ROUND,4,2,1,88.000,,,MiniBoo,Team Heretics,raze,True,95,39,0,1,1,0,False,RieNs,Team Heretics,fade,False,,50,0,0,0,5,False,Boo,Team Heretics,omen,False,,50,0,0,0,4,False,benjyfishy,Team Heretics,deadlock,True,100,50,1,0,0,5,False,Wo0t,Team Heretics,chamber,True,100,40,0,8,1,4,False,grubinho,GIANTX,omen,False,,25,0,0,0,7,True,ara,GIANTX,raze,True,100,50,0,0,1,5,False,Cloud,GIANTX,fade,True,100,25,1,1,0,7,False,Flickless,GIANTX,viper,True,100,50,1,1,0,4,False,westside,GIANTX,cypher,True,100,25,0,1,0,3,False
417.617,1789,ACTIVE_ROUND,4,2,1,88.000,,,MiniBoo,Team Heretics,raze,True,95,39,0,1,1,0,False,RieNs,Team Heretics,fade,False,,50,0,0,0,5,False,Boo,Team Heretics,omen,False,,50,0,0,0,4,False,benjyfishy,Team Heretics,deadlock,True,100,50,1,0,0,5,False,Wo0t,Team Heretics,chamber,True,100,40,0,8,1,4,False,grubinho,GIANTX,omen,False,,25,0,0,0,7,True,ara,GIANTX,raze,True,100,50,0,0,1,5,False,Cloud,GIANTX,fade,True,100,25,1,1,0,7,False,Flickless,GIANTX,viper,True,100,50,1,1,0,4,False,westside,GIANTX,cypher,True,100,25,0,1,0,3,False
417.851,1790,ACTIVE_ROUND,4,2,1,88.000,,,MiniBoo,Team Heretics,raze,True,95,39,0,1,1,0,False,RieNs,Team Heretics,fade,False,,50,0,0,0,5,False,Boo,Team Heretics,omen,False,,50,0,0,0,4,False,benjyfishy,Team Heretics,deadlock,True,100,50,0,0,0,5,False,Wo0t,Team Heretics,chamber,True,100,40,0,8,1,4,False,grubinho,GIANTX,omen,False,,25,0,0,0,7,True,ara,GIANTX,raze,True,100,50,0,0,1,5,False,Cloud,GIANTX,fade,True,100,25,1,1,0,7,False,Flickless,GIANTX,viper,True,100,50,1,1,0,4,False,westside,GIANTX,cypher,True,100,25,0,1,0,3,False
418.084,1791,ACTIVE_ROUND,4,2,1,88.000,,,MiniBoo,Team Heretics,raze,True,95,39,0,1,1,0,False,RieNs,Team Heretics,fade,False,,50,0,0,0,5,False,Boo,Team Heretics,omen,False,,50,0,0,0,4,False,benjyfishy,Team Heretics,deadlock,True,100,50,0,0,0,5,False,Wo0t,Team Heretics,chamber,True,100,40,0,8,1,4,False,grubinho,GIANTX,omen,False,,25,0,0,0,7,True,ara,GIANTX,raze,True,100,50,0,0,1,5,False,Cloud,GIANTX,fade,True,100,25,1,1,0,7,False,Flickless,GIANTX,viper,True,100,50,1,1,0,4,False,westside,GIANTX,cypher,True,100,25,0,1,0,3,False
418.318,1792,ACTIVE_ROUND,4,2,1,87.000,,,MiniBoo,Team Heretics,raze,True,95,39,0,1,1,0,False,RieNs,Team Heretics,fade,False,,50,0,0,0,5,False,Boo,Team Heretics,omen,False,,50,0,0,0,4,False,benjyfishy,Team Heretics,deadlock,True,100,50,0,0,0,5,False,Wo0t,Team Heretics,chamber,True,100,40,0,0,0,4,False,grubinho,GIANTX,omen,False,,25,0,0,0,7,True,ara,GIANTX,raze,True,100,50,0,0,1,5,False,Cloud,GIANTX,fade,True,100,25,1,1,0,7,False,Flickless,GIANTX,viper,True,100,50,1,1,0,4,False,westside,GIANTX,cypher,True,100,25,0,1,0,3,False
418.551,1793,ACTIVE_ROUND,4,2,1,87.000,,,MiniBoo,Team Heretics,raze,True,95,39,0,1,1,0,False,RieNs,Team Heretics,fade,False,,50,0,0,0,5,False,Boo,Team Heretics,omen,False,,50,0,0,0,4,False,benjyfishy,Team Heretics,deadlock,True,100,50,0,0,0,5,False,Wo0t,Team Heretics,chamber,False,,40,0,0,0,4,False,grubinho,GIANTX,omen,False,,25,0,0,0,7,True,ara,GIANTX,raze,True,100,50,0,0,1,5,False,Cloud,GIANTX,fade,True,100,25,1,1,0,7,False,Flickless,GIANTX,viper,True,100,50,1,1,0,4,False,westside,GIANTX,cypher,True,100,25,0,1,0,3,False
418.785,1794,ACTIVE_ROUND,4,2,1,87.000,,,MiniBoo,Team Heretics,raze,True,95,39,0,1,1,0,False,RieNs,Team Heretics,fade,False,,50,0,0,0,5,False,Boo,Team Heretics,omen,False,,50,0,0,0,4,False,benjyfishy,Team Heretics,deadlock,True,100,50,0,0,0,5,False,Wo0t,Team Heretics,chamber,False,,40,0,0,0,4,False,grubinho,GIANTX,omen,False,,25,0,0,0,7,True,ara,GIANTX,raze,True,100,50,0,0,1,5,False,Cloud,GIANTX,fade,True,100,25,1,1,0,7,False,Flickless,GIANTX,viper,True,100,50,1,1,0,4,False,westside,GIANTX,cypher,True,100,25,0,1,0,3,False
419.019,1795,ACTIVE_ROUND,4,2,1,87.000,,,MiniBoo,Team Heretics,raze,True,95,39,0,1,1,0,False,RieNs,Team Heretics,fade,False,,50,0,0,0,5,False,Boo,Team Heretics,omen,False,,50,0,0,0,4,False,benjyfishy,Team Heretics,deadlock,True,100,50,0,0,0,5,False,Wo0t,Team Heretics,chamber,False,,40,0,0,0,4,False,grubinho,GIANTX,omen,False,,25,0,0,0,7,True,ara,GIANTX,raze,True,100,50,0,0,1,5,False,Cloud,GIANTX,fade,True,100,25,1,1,0,7,False,Flickless,GIANTX,viper,True,100,50,1,1,0,4,False,westside,GIANTX,cypher,True,100,25,0,1,0,4,False
419.252,1796,ACTIVE_ROUND,4,2,1,86.000,,,MiniBoo,Team Heretics,raze,True,95,39,0,1,1,0,False,RieNs,Team Heretics,fade,False,,50,0,0,0,5,False,Boo,Team Heretics,omen,False,,50,0,0,0,4,False,benjyfishy,Team Heretics,deadlock,True,100,50,0,0,0,5,False,Wo0t,Team Heretics,chamber,False,,40,0,0,0,4,False,grubinho,GIANTX,omen,False,,25,0,0,0,7,True,ara,GIANTX,raze,True,100,50,0,0,1,5,False,Cloud,GIANTX,fade,True,100,25,1,1,0,7,False,Flickless,GIANTX,viper,True,100,50,1,1,0,4,False,westside,GIANTX,cypher,True,100,25,0,1,0,4,False
419.486,1797,ACTIVE_ROUND,4,2,1,86.000,,,MiniBoo,Team Heretics,raze,True,95,39,0,1,1,0,False,RieNs,Team Heretics,fade,False,,50,0,0,0,5,False,Boo,Team Heretics,omen,False,,50,0,0,0,4,False,benjyfishy,Team Heretics,deadlock,True,100,50,0,0,0,5,False,Wo0t,Team Heretics,chamber,False,,40,0,0,0,4,False,grubinho,GIANTX,omen,False,,25,0,0,0,7,True,ara,GIANTX,raze,True,100,50,0,0,1,5,False,Cloud,GIANTX,fade,True,100,25,1,1,0,7,False,Flickless,GIANTX,viper,True,100,50,1,1,0,4,False,westside,GIANTX,cypher,True,100,25,0,1,0,4,False
419.719,1798,ACTIVE_ROUND,4,2,1,86.000,,,MiniBoo,Team Heretics,raze,True,95,39,0,1,1,0,False,RieNs,Team Heretics,fade,False,,50,0,0,0,5,False,Boo,Team Heretics,omen,False,,50,0,0,0,4,False,benjyfishy,Team Heretics,deadlock,True,100,50,0,0,0,5,False,Wo0t,Team Heretics,chamber,False,,40,0,0,0,4,False,grubinho,GIANTX,omen,False,,25,0,0,0,7,True,ara,GIANTX,raze,True,100,50,0,0,1,5,False,Cloud,GIANTX,fade,True,100,25,1,1,0,7,False,Flickless,GIANTX,viper,True,100,50,1,1,0,4,False,westside,GIANTX,cypher,True,100,25,0,1,0,4,False
419.953,1799,ACTIVE_ROUND,4,2,1,86.000,,,MiniBoo,Team Heretics,raze,True,95,39,0,1,1,0,False,RieNs,Team Heretics,fade,False,,50,0,0,0,5,False,Boo,Team Heretics,omen,False,,50,0,0,0,4,False,benjyfishy,Team Heretics,deadlock,True,100,50,0,0,0,5,False,Wo0t,Team Heretics,chamber,False,,40,0,0,0,4,False,grubinho,GIANTX,omen,False,,25,0,0,0,7,True,ara,GIANTX,raze,True,100,50,0,0,1,5,False,Cloud,GIANTX,fade,True,100,25,1,1,0,7,False,Flickless,GIANTX,viper,True,100,50,1,1,0,4,False,westside,GIANTX,cypher,True,100,25,0,1,0,4,False
420.186,1800,ACTIVE_ROUND,4,2,1,86.000,,,MiniBoo,Team Heretics,raze,True,95,39,0,1,1,0,False,RieNs,Team Heretics,fade,False,,50,0,0,0,5,False,Boo,Team Heretics,omen,False,,50,0,0,0,4,False,benjyfishy,Team Heretics,deadlock,True,100,50,0,0,0,5,False,Wo0t,Team Heretics,chamber,False,,40,0,0,0,4,False,grubinho,GIANTX,omen,False,,25,0,0,0,7,True,ara,GIANTX,raze,True,100,50,0,0,1,5,False,Cloud,GIANTX,fade,True,100,25,1,1,0,7,False,Flickless,GIANTX,viper,True,100,50,1,1,0,4,False,westside,GIANTX,cypher,True,100,25,0,1,0,4,False
420.420,1801,ACTIVE_ROUND,4,2,1,85.000,,,MiniBoo,Team Heretics,raze,True,95,39,0,1,1,0,False,RieNs,Team Heretics,fade,False,,50,0,0,0,5,False,Boo,Team Heretics,omen,False,,50,0,0,0,4,False,benjyfishy,Team Heretics,deadlock,True,100,50,0,0,0,5,False,Wo0t,Team Heretics,chamber,False,,40,0,0,0,4,False,grubinho,GIANTX,omen,False,,25,0,0,0,7,True,ara,GIANTX,raze,True,100,50,0,0,1,5,False,Cloud,GIANTX,fade,True,100,25,1,1,0,7,False,Flickless,GIANTX,viper,True,100,50,1,1,0,4,False,westside,GIANTX,cypher,True,100,25,0,1,0,4,False
420.654,1802,ACTIVE_ROUND,4,2,1,85.000,,,MiniBoo,Team Heretics,raze,True,95,39,0,1,1,0,False,RieNs,Team Heretics,fade,False,,50,0,0,0,5,False,Boo,Team Heretics,omen,False,,50,0,0,0,4,False,benjyfishy,Team Heretics,deadlock,True,100,50,0,0,0,5,False,Wo0t,Team Heretics,chamber,False,,40,0,0,0,4,False,grubinho,GIANTX,omen,False,,25,0,0,0,7,True,ara,GIANTX,raze,True,100,50,0,0,1,5,False,Cloud,GIANTX,fade,True,100,25,1,1,0,7,False,Flickless,GIANTX,viper,True,100,50,1,1,0,4,False,westside,GIANTX,cypher,True,100,25,0,1,0,4,False
420.887,1803,ACTIVE_ROUND,4,2,1,85.000,,,MiniBoo,Team Heretics,raze,True,95,39,0,0,1,0,False,RieNs,Team Heretics,fade,False,,50,0,0,0,5,False,Boo,Team Heretics,omen,False,,50,0,0,0,4,False,benjyfishy,Team Heretics,deadlock,True,100,50,0,0,0,5,False,Wo0t,Team Heretics,chamber,False,,40,0,0,0,4,False,grubinho,GIANTX,omen,False,,25,0,0,0,7,True,ara,GIANTX,raze,True,100,50,0,0,1,5,False,Cloud,GIANTX,fade,True,100,25,1,1,0,7,False,Flickless,GIANTX,viper,True,100,50,1,1,0,4,False,westside,GIANTX,cypher,True,100,25,0,1,0,4,False
421.121,1804,ACTIVE_ROUND,4,2,1,85.000,,,MiniBoo,Team Heretics,raze,True,95,39,0,0,1,0,False,RieNs,Team Heretics,fade,False,,50,0,0,0,5,False,Boo,Team Heretics,omen,False,,50,0,0,0,4,False,benjyfishy,Team Heretics,deadlock,True,100,50,0,0,0,5,False,Wo0t,Team Heretics,chamber,False,,40,0,0,0,4,False,grubinho,GIANTX,omen,False,,25,0,0,0,7,True,ara,GIANTX,raze,True,100,50,0,0,1,5,False,Cloud,GIANTX,fade,True,100,25,1,1,0,7,False,Flickless,GIANTX,viper,True,100,50,1,1,0,4,False,westside,GIANTX,cypher,True,100,25,0,1,0,4,False
421.354,1805,ACTIVE_ROUND,4,2,1,84.000,,,MiniBoo,Team Heretics,raze,True,95,39,0,0,1,0,False,RieNs,Team Heretics,fade,False,,50,0,0,0,5,False,Boo,Team Heretics,omen,False,,50,0,0,0,4,False,benjyfishy,Team Heretics,deadlock,True,100,50,0,0,0,5,False,Wo0t,Team Heretics,chamber,False,,40,0,0,0,4,False,grubinho,GIANTX,omen,False,,25,0,0,0,7,True,ara,GIANTX,raze,True,100,50,0,0,1,5,False,Cloud,GIANTX,fade,True,100,25,1,1,0,7,False,Flickless,GIANTX,viper,True,100,50,1,1,0,4,False,westside,GIANTX,cypher,True,100,25,0,1,0,4,False
421.588,1806,ACTIVE_ROUND,4,2,1,84.000,,,MiniBoo,Team Heretics,raze,True,95,39,0,0,1,0,False,RieNs,Team Heretics,fade,False,,50,0,0,0,5,False,Boo,Team Heretics,omen,False,,50,0,0,0,4,False,benjyfishy,Team Heretics,deadlock,True,100,50,0,0,0,5,False,Wo0t,Team Heretics,chamber,False,,40,0,0,0,4,False,grubinho,GIANTX,omen,False,,25,0,0,0,7,True,ara,GIANTX,raze,True,100,50,0,0,1,5,False,Cloud,GIANTX,fade,True,100,25,1,1,0,7,False,Flickless,GIANTX,viper,True,100,50,1,1,0,4,False,westside,GIANTX,cypher,True,100,25,0,1,0,4,False
421.821,1807,ACTIVE_ROUND,4,2,1,84.000,,,MiniBoo,Team Heretics,raze,True,95,39,0,0,1,0,False,RieNs,Team Heretics,fade,False,,50,0,0,0,5,False,Boo,Team Heretics,omen,False,,50,0,0,0,4,False,benjyfishy,Team Heretics,deadlock,True,100,50,0,0,0,5,False,Wo0t,Team Heretics,chamber,False,,40,0,0,0,4,False,grubinho,GIANTX,omen,False,,25,0,0,0,7,True,ara,GIANTX,raze,True,100,50,0,0,1,5,False,Cloud,GIANTX,fade,True,100,25,1,1,0,7,False,Flickless,GIANTX,viper,True,100,50,1,1,0,4,False,westside,GIANTX,cypher,True,100,25,0,1,0,4,False
422.055,1808,ACTIVE_ROUND,4,2,1,84.000,,,MiniBoo,Team Heretics,raze,True,95,39,0,0,1,0,False,RieNs,Team Heretics,fade,False,,50,0,0,0,5,False,Boo,Team Heretics,omen,False,,50,0,0,0,4,False,benjyfishy,Team Heretics,deadlock,True,100,50,0,0,0,5,False,Wo0t,Team Heretics,chamber,False,,40,0,0,0,4,False,grubinho,GIANTX,omen,False,,25,0,0,0,7,True,ara,GIANTX,raze,True,100,50,0,0,1,5,False,Cloud,GIANTX,fade,True,100,25,1,1,0,7,False,Flickless,GIANTX,viper,True,100,50,1,1,0,4,False,westside,GIANTX,cypher,True,100,25,0,1,0,4,False
422.289,1809,ACTIVE_ROUND,4,2,1,83.000,,,MiniBoo,Team Heretics,raze,True,95,39,0,0,1,0,False,RieNs,Team Heretics,fade,False,,50,0,0,0,5,False,Boo,Team Heretics,omen,False,,50,0,0,0,4,False,benjyfishy,Team Heretics,deadlock,True,100,50,0,0,0,5,False,Wo0t,Team Heretics,chamber,False,,40,0,0,0,4,False,grubinho,GIANTX,omen,False,,25,0,0,0,7,True,ara,GIANTX,raze,True,100,50,0,0,1,5,False,Cloud,GIANTX,fade,True,100,25,1,1,0,7,False,Flickless,GIANTX,viper,True,100,50,1,1,0,4,False,westside,GIANTX,cypher,True,100,25,0,1,0,4,False
422.522,1810,ACTIVE_ROUND,4,2,1,83.000,,,MiniBoo,Team Heretics,raze,True,95,39,0,0,1,0,False,RieNs,Team Heretics,fade,False,,50,0,0,0,5,False,Boo,Team Heretics,omen,False,,50,0,0,0,4,False,benjyfishy,Team Heretics,deadlock,True,100,50,0,0,0,5,False,Wo0t,Team Heretics,chamber,False,,40,0,0,0,4,False,grubinho,GIANTX,omen,False,,25,0,0,0,7,True,ara,GIANTX,raze,True,100,50,0,0,1,5,False,Cloud,GIANTX,fade,True,100,25,1,1,0,7,False,Flickless,GIANTX,viper,True,100,50,1,1,0,4,False,westside,GIANTX,cypher,True,100,25,0,1,0,4,False
422.756,1811,ACTIVE_ROUND,4,2,1,83.000,,,MiniBoo,Team Heretics,raze,True,95,39,0,0,1,0,False,RieNs,Team Heretics,fade,False,,50,0,0,0,5,False,Boo,Team Heretics,omen,False,,50,0,0,0,4,False,benjyfishy,Team Heretics,deadlock,True,100,50,0,0,0,5,False,Wo0t,Team Heretics,chamber,False,,40,0,0,0,4,False,grubinho,GIANTX,omen,False,,25,0,0,0,7,True,ara,GIANTX,raze,True,100,50,0,0,1,5,False,Cloud,GIANTX,fade,True,100,25,1,1,0,7,False,Flickless,GIANTX,viper,True,100,50,1,1,0,4,False,westside,GIANTX,cypher,True,100,25,0,1,0,4,False
422.989,1812,ACTIVE_ROUND,4,2,1,83.000,,,MiniBoo,Team Heretics,raze,True,95,39,0,0,1,0,False,RieNs,Team Heretics,fade,False,,50,0,0,0,5,False,Boo,Team Heretics,omen,False,,50,0,0,0,4,False,benjyfishy,Team Heretics,deadlock,True,100,50,0,0,0,5,False,Wo0t,Team Heretics,chamber,False,,40,0,0,0,4,False,grubinho,GIANTX,omen,False,,25,0,0,0,7,True,ara,GIANTX,raze,True,100,50,0,0,1,5,False,Cloud,GIANTX,fade,True,100,25,1,1,0,7,False,Flickless,GIANTX,viper,True,100,50,1,1,0,4,False,westside,GIANTX,cypher,True,100,25,0,0,0,4,False
423.223,1813,ACTIVE_ROUND,4,2,1,82.000,,,MiniBoo,Team Heretics,raze,True,95,39,0,0,1,0,False,RieNs,Team Heretics,fade,False,,50,0,0,0,5,False,Boo,Team Heretics,omen,False,,50,0,0,0,4,False,benjyfishy,Team Heretics,deadlock,True,100,50,0,0,0,5,False,Wo0t,Team Heretics,chamber,False,,40,0,0,0,4,False,grubinho,GIANTX,omen,False,,25,0,0,0,7,True,ara,GIANTX,raze,True,100,50,0,0,1,5,False,Cloud,GIANTX,fade,True,100,25,1,1,0,7,False,Flickless,GIANTX,viper,True,100,50,1,1,0,4,False,westside,GIANTX,cypher,True,100,25,0,0,0,4,False
423.456,1814,ACTIVE_ROUND,4,2,1,82.000,,,MiniBoo,Team Heretics,raze,True,95,39,0,0,1,0,False,RieNs,Team Heretics,fade,False,,50,0,0,0,5,False,Boo,Team Heretics,omen,False,,50,0,0,0,4,False,benjyfishy,Team Heretics,deadlock,True,100,50,0,0,0,5,False,Wo0t,Team Heretics,chamber,False,,40,0,0,0,4,False,grubinho,GIANTX,omen,False,,25,0,0,0,7,True,ara,GIANTX,raze,True,100,50,0,0,1,5,False,Cloud,GIANTX,fade,True,100,25,1,1,0,7,False,Flickless,GIANTX,viper,True,100,50,1,1,0,4,False,westside,GIANTX,cypher,True,100,25,0,0,0,4,False
423.690,1815,ACTIVE_ROUND,4,2,1,82.000,,,MiniBoo,Team Heretics,raze,True,95,39,0,0,1,0,False,RieNs,Team Heretics,fade,False,,50,0,0,0,5,False,Boo,Team Heretics,omen,False,,50,0,0,0,4,False,benjyfishy,Team Heretics,deadlock,True,100,50,0,0,0,5,False,Wo0t,Team Heretics,chamber,False,,40,0,0,0,4,False,grubinho,GIANTX,omen,False,,25,0,0,0,7,True,ara,GIANTX,raze,True,100,50,0,0,1,5,False,Cloud,GIANTX,fade,True,100,25,1,1,0,7,False,Flickless,GIANTX,viper,True,100,50,1,1,0,4,False,westside,GIANTX,cypher,True,100,25,0,0,0,4,False
423.923,1816,ACTIVE_ROUND,4,2,1,82.000,,,MiniBoo,Team Heretics,raze,True,95,39,0,0,1,0,False,RieNs,Team Heretics,fade,False,,50,0,0,0,5,False,Boo,Team Heretics,omen,False,,50,0,0,0,4,False,benjyfishy,Team Heretics,deadlock,True,100,50,0,0,0,5,False,Wo0t,Team Heretics,chamber,False,,40,0,0,0,4,False,grubinho,GIANTX,omen,False,,25,0,0,0,7,True,ara,GIANTX,raze,True,100,50,0,0,1,5,False,Cloud,GIANTX,fade,True,100,25,1,1,0,7,False,Flickless,GIANTX,viper,True,100,50,1,1,0,4,False,westside,GIANTX,cypher,True,100,25,0,0,0,4,False
424.157,1817,ACTIVE_ROUND,4,2,1,82.000,,,MiniBoo,Team Heretics,raze,True,95,39,0,0,1,0,False,RieNs,Team Heretics,fade,False,,50,0,0,0,5,False,Boo,Team Heretics,omen,False,,50,0,0,0,4,False,benjyfishy,Team Heretics,deadlock,True,100,50,0,0,0,5,False,Wo0t,Team Heretics,chamber,False,,40,0,0,0,4,False,grubinho,GIANTX,omen,False,,25,0,0,0,7,True,ara,GIANTX,raze,True,100,50,0,0,1,5,False,Cloud,GIANTX,fade,True,100,25,1,1,0,7,False,Flickless,GIANTX,viper,True,100,50,1,1,0,4,False,westside,GIANTX,cypher,True,100,25,0,0,0,4,False
424.391,1818,ACTIVE_ROUND,4,2,1,81.000,,,MiniBoo,Team Heretics,raze,True,95,39,0,0,1,0,False,RieNs,Team Heretics,fade,False,,50,0,0,0,5,False,Boo,Team Heretics,omen,False,,50,0,0,0,4,False,benjyfishy,Team Heretics,deadlock,True,100,50,0,0,0,5,False,Wo0t,Team Heretics,chamber,False,,40,0,0,0,4,False,grubinho,GIANTX,omen,False,,25,0,0,0,7,True,ara,GIANTX,raze,True,100,50,0,0,1,5,False,Cloud,GIANTX,fade,True,100,25,1,1,0,7,False,Flickless,GIANTX,viper,True,100,50,1,1,0,4,False,westside,GIANTX,cypher,True,100,25,0,0,0,4,False
424.624,1819,ACTIVE_ROUND,4,2,1,81.000,,,MiniBoo,Team Heretics,raze,True,95,39,0,0,1,0,False,RieNs,Team Heretics,fade,False,,50,0,0,0,5,False,Boo,Team Heretics,omen,False,,50,0,0,0,4,False,benjyfishy,Team Heretics,deadlock,True,100,50,0,0,0,5,False,Wo0t,Team Heretics,chamber,False,,40,0,0,0,4,False,grubinho,GIANTX,omen,False,,25,0,0,0,7,True,ara,GIANTX,raze,True,100,50,0,0,1,5,False,Cloud,GIANTX,fade,True,100,25,1,1,0,7,False,Flickless,GIANTX,viper,True,100,50,1,1,0,4,False,westside,GIANTX,cypher,True,100,25,0,0,0,4,False
424.858,1820,ACTIVE_ROUND,4,2,1,81.000,,,MiniBoo,Team Heretics,raze,True,95,39,0,0,1,0,False,RieNs,Team Heretics,fade,False,,50,0,0,0,5,False,Boo,Team Heretics,omen,False,,50,0,0,0,4,False,benjyfishy,Team Heretics,deadlock,True,100,50,0,0,0,5,False,Wo0t,Team Heretics,chamber,False,,40,0,0,0,4,False,grubinho,GIANTX,omen,False,,25,0,0,0,7,True,ara,GIANTX,raze,True,100,50,0,0,1,5,False,Cloud,GIANTX,fade,True,100,25,1,1,0,7,False,Flickless,GIANTX,viper,True,100,50,1,0,0,4,False,westside,GIANTX,cypher,True,100,25,0,0,0,4,False
425.091,1821,ACTIVE_ROUND,4,2,1,81.000,,,MiniBoo,Team Heretics,raze,True,95,39,0,0,1,0,False,RieNs,Team Heretics,fade,False,,50,0,0,0,5,False,Boo,Team Heretics,omen,False,,50,0,0,0,4,False,benjyfishy,Team Heretics,deadlock,True,100,50,0,0,0,5,False,Wo0t,Team Heretics,chamber,False,,40,0,0,0,4,False,grubinho,GIANTX,omen,False,,25,0,0,0,7,True,ara,GIANTX,raze,True,100,50,0,0,1,5,False,Cloud,GIANTX,fade,True,100,25,1,1,0,7,False,Flickless,GIANTX,viper,True,100,50,1,0,0,4,False,westside,GIANTX,cypher,True,100,25,0,0,0,4,False
425.325,1822,ACTIVE_ROUND,4,2,1,80.000,,,MiniBoo,Team Heretics,raze,True,95,39,0,0,1,0,False,RieNs,Team Heretics,fade,False,,50,0,0,0,5,False,Boo,Team Heretics,omen,False,,50,0,0,0,4,False,benjyfishy,Team Heretics,deadlock,True,100,50,0,0,0,5,False,Wo0t,Team Heretics,chamber,False,,40,0,0,0,4,False,grubinho,GIANTX,omen,False,,25,0,0,0,7,True,ara,GIANTX,raze,True,100,50,0,0,1,5,False,Cloud,GIANTX,fade,True,100,25,1,1,0,7,False,Flickless,GIANTX,viper,True,100,50,1,0,0,4,False,westside,GIANTX,cypher,True,100,25,0,0,0,4,False
425.558,1823,ACTIVE_ROUND,4,2,1,80.000,,,MiniBoo,Team Heretics,raze,True,95,39,0,0,1,0,False,RieNs,Team Heretics,fade,False,,50,0,0,0,5,False,Boo,Team Heretics,omen,False,,50,0,0,0,4,False,benjyfishy,Team Heretics,deadlock,True,100,50,0,0,0,5,False,Wo0t,Team Heretics,chamber,False,,40,0,0,0,4,False,grubinho,GIANTX,omen,False,,25,0,0,0,7,True,ara,GIANTX,raze,True,100,50,0,0,1,5,False,Cloud,GIANTX,fade,True,100,25,1,1,0,7,False,Flickless,GIANTX,viper,True,100,50,1,0,0,4,False,westside,GIANTX,cypher,True,100,25,0,0,0,4,False
425.792,1824,ACTIVE_ROUND,4,2,1,80.000,,,MiniBoo,Team Heretics,raze,True,95,39,0,0,1,0,False,RieNs,Team Heretics,fade,False,,50,0,0,0,5,False,Boo,Team Heretics,omen,False,,50,0,0,0,4,False,benjyfishy,Team Heretics,deadlock,True,100,50,0,0,0,5,False,Wo0t,Team Heretics,chamber,False,,40,0,0,0,4,False,grubinho,GIANTX,omen,False,,25,0,0,0,7,True,ara,GIANTX,raze,True,100,50,0,0,1,5,False,Cloud,GIANTX,fade,True,100,25,1,1,0,7,False,Flickless,GIANTX,viper,True,100,50,1,0,0,4,False,westside,GIANTX,cypher,True,100,25,0,0,0,4,False
426.026,1825,ACTIVE_ROUND,4,2,1,80.000,,,MiniBoo,Team Heretics,raze,True,95,39,0,0,1,0,False,RieNs,Team Heretics,fade,False,,50,0,0,0,5,False,Boo,Team Heretics,omen,False,,50,0,0,0,4,False,benjyfishy,Team Heretics,deadlock,True,100,50,0,0,0,5,False,Wo0t,Team Heretics,chamber,False,,40,0,0,0,4,False,grubinho,GIANTX,omen,False,,25,0,0,0,7,True,ara,GIANTX,raze,True,100,50,0,0,1,5,False,Cloud,GIANTX,fade,True,100,25,1,1,0,7,False,Flickless,GIANTX,viper,True,100,50,1,0,0,4,False,westside,GIANTX,cypher,True,100,25,0,0,0,4,False
426.259,1826,ACTIVE_ROUND,4,2,1,79.000,,,MiniBoo,Team Heretics,raze,True,95,39,0,0,1,0,False,RieNs,Team Heretics,fade,False,,50,0,0,0,5,False,Boo,Team Heretics,omen,False,,50,0,0,0,4,False,benjyfishy,Team Heretics,deadlock,True,100,50,0,0,0,5,False,Wo0t,Team Heretics,chamber,False,,40,0,0,0,4,False,grubinho,GIANTX,omen,False,,25,0,0,0,7,True,ara,GIANTX,raze,True,100,50,0,0,1,5,False,Cloud,GIANTX,fade,True,100,25,1,1,0,7,False,Flickless,GIANTX,viper,True,100,50,1,0,0,4,False,westside,GIANTX,cypher,True,100,25,0,0,0,4,False
426.493,1827,ACTIVE_ROUND,4,2,1,79.000,,,MiniBoo,Team Heretics,raze,True,95,39,0,0,1,0,False,RieNs,Team Heretics,fade,False,,50,0,0,0,5,False,Boo,Team Heretics,omen,False,,50,0,0,0,4,False,benjyfishy,Team Heretics,deadlock,True,100,50,0,0,0,5,False,Wo0t,Team Heretics,chamber,False,,40,0,0,0,4,False,grubinho,GIANTX,omen,False,,25,0,0,0,7,True,ara,GIANTX,raze,True,100,50,0,0,1,5,False,Cloud,GIANTX,fade,True,100,25,1,1,0,7,False,Flickless,GIANTX,viper,True,100,50,1,0,0,4,False,westside,GIANTX,cypher,True,100,25,0,0,0,4,False
426.726,1828,ACTIVE_ROUND,4,2,1,79.000,,,MiniBoo,Team Heretics,raze,True,95,39,0,0,1,0,False,RieNs,Team Heretics,fade,False,,50,0,0,0,5,False,Boo,Team Heretics,omen,False,,50,0,0,0,4,False,benjyfishy,Team Heretics,deadlock,True,100,50,0,0,0,5,False,Wo0t,Team Heretics,chamber,False,,40,0,0,0,4,False,grubinho,GIANTX,omen,False,,25,0,0,0,7,True,ara,GIANTX,raze,True,100,50,0,0,1,5,False,Cloud,GIANTX,fade,True,100,25,1,1,0,7,False,Flickless,GIANTX,viper,True,100,50,1,0,0,4,False,westside,GIANTX,cypher,True,100,25,0,0,0,4,False
426.960,1829,ACTIVE_ROUND,4,2,1,79.000,,,MiniBoo,Team Heretics,raze,True,95,39,0,0,1,0,False,RieNs,Team Heretics,fade,False,,50,0,0,0,5,False,Boo,Team Heretics,omen,False,,50,0,0,0,4,False,benjyfishy,Team Heretics,deadlock,True,100,50,0,0,0,5,False,Wo0t,Team Heretics,chamber,False,,40,0,0,0,4,False,grubinho,GIANTX,omen,False,,25,0,0,0,7,True,ara,GIANTX,raze,True,100,50,0,0,1,5,False,Cloud,GIANTX,fade,True,100,25,1,1,0,7,False,Flickless,GIANTX,viper,True,100,50,1,0,0,4,False,westside,GIANTX,cypher,True,100,25,0,0,0,4,False
427.193,1830,ACTIVE_ROUND,4,2,1,78.000,,,MiniBoo,Team Heretics,raze,True,95,39,0,0,1,0,False,RieNs,Team Heretics,fade,False,,50,0,0,0,5,False,Boo,Team Heretics,omen,False,,50,0,0,0,4,False,benjyfishy,Team Heretics,deadlock,True,100,50,0,0,0,5,False,Wo0t,Team Heretics,chamber,False,,40,0,0,0,4,False,grubinho,GIANTX,omen,False,,25,0,0,0,7,True,ara,GIANTX,raze,True,100,50,0,0,1,5,False,Cloud,GIANTX,fade,True,100,25,1,1,0,7,False,Flickless,GIANTX,viper,True,100,50,1,0,0,4,False,westside,GIANTX,cypher,True,100,25,0,0,0,4,False
427.427,1831,ACTIVE_ROUND,4,2,1,78.000,,,MiniBoo,Team Heretics,raze,True,95,39,0,0,1,0,False,RieNs,Team Heretics,fade,False,,50,0,0,0,5,False,Boo,Team Heretics,omen,False,,50,0,0,0,4,False,benjyfishy,Team Heretics,deadlock,True,100,50,0,0,0,5,False,Wo0t,Team Heretics,chamber,False,,40,0,0,0,4,False,grubinho,GIANTX,omen,False,,25,0,0,0,7,True,ara,GIANTX,raze,True,100,50,0,0,1,5,False,Cloud,GIANTX,fade,True,100,25,1,1,0,7,False,Flickless,GIANTX,viper,True,100,50,1,0,0,4,False,westside,GIANTX,cypher,True,100,25,0,0,0,4,False
427.661,1832,ACTIVE_ROUND,4,2,1,78.000,,,MiniBoo,Team Heretics,raze,True,95,39,0,0,1,0,False,RieNs,Team Heretics,fade,False,,50,0,0,0,5,False,Boo,Team Heretics,omen,False,,50,0,0,0,4,False,benjyfishy,Team Heretics,deadlock,True,100,50,0,0,0,5,False,Wo0t,Team Heretics,chamber,False,,40,0,0,0,4,False,grubinho,GIANTX,omen,False,,25,0,0,0,7,True,ara,GIANTX,raze,True,100,50,0,0,1,5,False,Cloud,GIANTX,fade,True,100,25,1,1,0,7,False,Flickless,GIANTX,viper,True,100,50,1,0,0,4,False,westside,GIANTX,cypher,True,100,25,0,0,0,4,False
427.894,1833,ACTIVE_ROUND,4,2,1,78.000,,,MiniBoo,Team Heretics,raze,True,95,39,0,0,1,0,False,RieNs,Team Heretics,fade,False,,50,0,0,0,5,False,Boo,Team Heretics,omen,False,,50,0,0,0,4,False,benjyfishy,Team Heretics,deadlock,True,100,50,0,0,0,5,False,Wo0t,Team Heretics,chamber,False,,40,0,0,0,4,False,grubinho,GIANTX,omen,False,,25,0,0,0,7,True,ara,GIANTX,raze,True,100,50,0,0,1,5,False,Cloud,GIANTX,fade,True,100,25,1,1,0,7,False,Flickless,GIANTX,viper,True,100,50,1,0,0,4,False,westside,GIANTX,cypher,True,100,25,0,0,0,4,False
428.128,1834,ACTIVE_ROUND,4,2,1,78.000,,,MiniBoo,Team Heretics,raze,True,95,39,0,0,1,0,False,RieNs,Team Heretics,fade,False,,50,0,0,0,5,False,Boo,Team Heretics,omen,False,,50,0,0,0,4,False,benjyfishy,Team Heretics,deadlock,True,100,50,0,0,0,5,False,Wo0t,Team Heretics,chamber,False,,40,0,0,0,4,False,grubinho,GIANTX,omen,False,,25,0,0,0,7,True,ara,GIANTX,raze,True,100,50,0,0,1,5,False,Cloud,GIANTX,fade,True,100,25,1,1,0,7,False,Flickless,GIANTX,viper,True,100,50,1,0,0,4,False,westside,GIANTX,cypher,True,100,25,0,0,0,4,False
428.361,1835,ACTIVE_ROUND,4,2,1,77.000,,,MiniBoo,Team Heretics,raze,True,95,39,0,0,1,0,False,RieNs,Team Heretics,fade,False,,50,0,0,0,5,False,Boo,Team Heretics,omen,False,,50,0,0,0,4,False,benjyfishy,Team Heretics,deadlock,True,100,50,0,0,0,5,False,Wo0t,Team Heretics,chamber,False,,40,0,0,0,4,False,grubinho,GIANTX,omen,False,,25,0,0,0,7,True,ara,GIANTX,raze,True,100,50,0,0,1,5,False,Cloud,GIANTX,fade,True,100,25,1,1,0,7,False,Flickless,GIANTX,viper,True,100,50,1,0,0,4,False,westside,GIANTX,cypher,True,100,25,0,0,0,4,False
428.595,1836,ACTIVE_ROUND,4,2,1,77.000,,,MiniBoo,Team Heretics,raze,True,95,39,0,0,1,0,False,RieNs,Team Heretics,fade,False,,50,0,0,0,5,False,Boo,Team Heretics,omen,False,,50,0,0,0,4,False,benjyfishy,Team Heretics,deadlock,True,100,50,0,0,0,5,False,Wo0t,Team Heretics,chamber,False,,40,0,0,0,4,False,grubinho,GIANTX,omen,False,,25,0,0,0,7,True,ara,GIANTX,raze,True,100,50,0,0,1,5,False,Cloud,GIANTX,fade,True,100,25,1,1,0,7,False,Flickless,GIANTX,viper,True,100,50,1,0,0,4,False,westside,GIANTX,cypher,True,100,25,0,0,0,4,False
428.828,1837,ACTIVE_ROUND,4,2,1,77.000,,,MiniBoo,Team Heretics,raze,True,95,39,0,0,1,0,False,RieNs,Team Heretics,fade,False,,50,0,0,0,5,False,Boo,Team Heretics,omen,False,,50,0,0,0,4,False,benjyfishy,Team Heretics,deadlock,True,100,50,0,0,0,5,False,Wo0t,Team Heretics,chamber,False,,40,0,0,0,4,False,grubinho,GIANTX,omen,False,,25,0,0,0,7,True,ara,GIANTX,raze,True,100,50,0,0,1,5,False,Cloud,GIANTX,fade,True,100,25,1,1,0,7,False,Flickless,GIANTX,viper,True,100,50,1,0,0,4,False,westside,GIANTX,cypher,True,100,25,0,0,0,4,False
429.062,1838,ACTIVE_ROUND,4,2,1,77.000,,,MiniBoo,Team Heretics,raze,True,95,39,0,0,1,0,False,RieNs,Team Heretics,fade,False,,50,0,0,0,5,False,Boo,Team Heretics,omen,False,,50,0,0,0,4,False,benjyfishy,Team Heretics,deadlock,True,100,50,0,0,0,5,False,Wo0t,Team Heretics,chamber,False,,40,0,0,0,4,False,grubinho,GIANTX,omen,False,,25,0,0,0,7,True,ara,GIANTX,raze,True,100,50,0,0,1,5,False,Cloud,GIANTX,fade,True,100,25,1,1,0,7,False,Flickless,GIANTX,viper,True,100,50,1,0,0,4,False,westside,GIANTX,cypher,True,100,25,0,0,0,4,False
429.296,1839,ACTIVE_ROUND,4,2,1,76.000,,,MiniBoo,Team Heretics,raze,True,95,39,0,0,1,0,False,RieNs,Team Heretics,fade,False,,50,0,0,0,5,False,Boo,Team Heretics,omen,False,,50,0,0,0,4,False,benjyfishy,Team Heretics,deadlock,True,100,50,0,0,0,5,False,Wo0t,Team Heretics,chamber,False,,40,0,0,0,4,False,grubinho,GIANTX,omen,False,,25,0,0,0,7,True,ara,GIANTX,raze,True,100,50,0,0,1,5,False,Cloud,GIANTX,fade,True,100,25,1,1,0,7,False,Flickless,GIANTX,viper,True,100,50,1,0,0,4,False,westside,GIANTX,cypher,True,100,25,0,0,0,4,False
429.529,1840,ACTIVE_ROUND,4,2,1,76.000,,,MiniBoo,Team Heretics,raze,True,95,39,0,0,1,0,False,RieNs,Team Heretics,fade,False,,50,0,0,0,5,False,Boo,Team Heretics,omen,False,,50,0,0,0,4,False,benjyfishy,Team Heretics,deadlock,True,100,50,0,0,0,5,False,Wo0t,Team Heretics,chamber,False,,40,0,0,0,4,False,grubinho,GIANTX,omen,False,,25,0,0,0,7,True,ara,GIANTX,raze,True,100,50,0,0,1,5,False,Cloud,GIANTX,fade,True,100,25,1,1,0,7,False,Flickless,GIANTX,viper,True,100,50,1,0,0,4,False,westside,GIANTX,cypher,True,100,25,0,0,0,4,False
429.763,1841,ACTIVE_ROUND,4,2,1,76.000,,,MiniBoo,Team Heretics,raze,True,95,39,0,0,1,0,False,RieNs,Team Heretics,fade,False,,50,0,0,0,5,False,Boo,Team Heretics,omen,False,,50,0,0,0,4,False,benjyfishy,Team Heretics,deadlock,True,100,50,0,0,0,5,False,Wo0t,Team Heretics,chamber,False,,40,0,0,0,4,False,grubinho,GIANTX,omen,False,,25,0,0,0,7,True,ara,GIANTX,raze,True,100,50,0,0,1,5,False,Cloud,GIANTX,fade,True,100,25,1,1,0,7,False,Flickless,GIANTX,viper,True,100,50,1,0,0,4,False,westside,GIANTX,cypher,True,100,25,0,0,0,4,False
429.996,1842,ACTIVE_ROUND,4,2,1,76.000,,,MiniBoo,Team Heretics,raze,True,95,39,0,0,1,0,False,RieNs,Team Heretics,fade,False,,50,0,0,0,5,False,Boo,Team Heretics,omen,False,,50,0,0,0,4,False,benjyfishy,Team Heretics,deadlock,True,100,50,0,0,0,5,False,Wo0t,Team Heretics,chamber,False,,40,0,0,0,4,False,grubinho,GIANTX,omen,False,,25,0,0,0,7,True,ara,GIANTX,raze,True,100,50,0,0,1,5,False,Cloud,GIANTX,fade,True,100,25,1,1,0,7,False,Flickless,GIANTX,viper,True,100,50,1,0,0,4,False,westside,GIANTX,cypher,True,100,25,0,0,0,4,False
430.230,1843,ACTIVE_ROUND,4,2,1,75.000,,,MiniBoo,Team Heretics,raze,True,95,39,0,0,1,0,False,RieNs,Team Heretics,fade,False,,50,0,0,0,5,False,Boo,Team Heretics,omen,False,,50,0,0,0,4,False,benjyfishy,Team Heretics,deadlock,True,100,50,0,0,0,5,False,Wo0t,Team Heretics,chamber,False,,40,0,0,0,4,False,grubinho,GIANTX,omen,False,,25,0,0,0,7,True,ara,GIANTX,raze,True,100,50,0,0,1,5,False,Cloud,GIANTX,fade,True,100,25,1,1,0,7,False,Flickless,GIANTX,viper,True,100,50,1,0,0,4,False,westside,GIANTX,cypher,True,100,25,0,0,0,4,False
430.463,1844,ACTIVE_ROUND,4,2,1,75.000,,,MiniBoo,Team Heretics,raze,True,95,39,0,0,1,0,False,RieNs,Team Heretics,fade,False,,50,0,0,0,5,False,Boo,Team Heretics,omen,False,,50,0,0,0,4,False,benjyfishy,Team Heretics,deadlock,True,100,50,0,0,0,5,False,Wo0t,Team Heretics,chamber,False,,40,0,0,0,4,False,grubinho,GIANTX,omen,False,,25,0,0,0,7,True,ara,GIANTX,raze,True,100,50,0,0,1,5,False,Cloud,GIANTX,fade,True,100,25,1,1,0,7,False,Flickless,GIANTX,viper,True,100,50,1,0,0,4,False,westside,GIANTX,cypher,True,100,25,0,0,0,4,False
430.697,1845,ACTIVE_ROUND,4,2,1,75.000,,,MiniBoo,Team Heretics,raze,True,95,39,0,0,1,0,False,RieNs,Team Heretics,fade,False,,50,0,0,0,5,False,Boo,Team Heretics,omen,False,,50,0,0,0,4,False,benjyfishy,Team Heretics,deadlock,True,100,50,0,0,0,5,False,Wo0t,Team Heretics,chamber,False,,40,0,0,0,4,False,grubinho,GIANTX,omen,False,,25,0,0,0,7,True,ara,GIANTX,raze,True,100,50,0,0,1,5,False,Cloud,GIANTX,fade,True,100,25,1,1,0,7,False,Flickless,GIANTX,viper,True,100,50,1,0,0,4,False,westside,GIANTX,cypher,True,100,25,0,0,0,4,False
430.930,1846,ACTIVE_ROUND,4,2,1,75.000,,,MiniBoo,Team Heretics,raze,True,95,39,0,0,1,0,False,RieNs,Team Heretics,fade,False,,50,0,0,0,5,False,Boo,Team Heretics,omen,False,,50,0,0,0,4,False,benjyfishy,Team Heretics,deadlock,True,100,50,0,0,0,5,False,Wo0t,Team Heretics,chamber,False,,40,0,0,0,4,False,grubinho,GIANTX,omen,False,,25,0,0,0,7,True,ara,GIANTX,raze,True,100,50,0,0,1,5,False,Cloud,GIANTX,fade,True,100,25,1,1,0,7,False,Flickless,GIANTX,viper,True,100,50,1,0,0,4,False,westside,GIANTX,cypher,True,100,25,0,0,0,4,False
431.164,1847,ACTIVE_ROUND,4,2,1,75.000,,,MiniBoo,Team Heretics,raze,True,95,39,0,0,1,0,False,RieNs,Team Heretics,fade,False,,50,0,0,0,5,False,Boo,Team Heretics,omen,False,,50,0,0,0,4,False,benjyfishy,Team Heretics,deadlock,True,100,50,0,0,0,5,False,Wo0t,Team Heretics,chamber,False,,40,0,0,0,4,False,grubinho,GIANTX,omen,False,,25,0,0,0,7,True,ara,GIANTX,raze,True,100,50,0,0,1,5,False,Cloud,GIANTX,fade,True,100,25,1,1,0,7,False,Flickless,GIANTX,viper,True,100,50,1,0,0,4,False,westside,GIANTX,cypher,True,100,25,0,0,0,4,False
431.398,1848,ACTIVE_ROUND,4,2,1,74.000,,,MiniBoo,Team Heretics,raze,True,95,39,0,0,1,0,False,RieNs,Team Heretics,fade,False,,50,0,0,0,5,False,Boo,Team Heretics,omen,False,,50,0,0,0,4,False,benjyfishy,Team Heretics,deadlock,True,100,50,0,0,0,5,False,Wo0t,Team Heretics,chamber,False,,40,0,0,0,4,False,grubinho,GIANTX,omen,False,,25,0,0,0,7,True,ara,GIANTX,raze,True,100,50,0,0,1,5,False,Cloud,GIANTX,fade,True,100,25,1,1,0,7,False,Flickless,GIANTX,viper,True,100,50,1,0,0,4,False,westside,GIANTX,cypher,True,100,25,0,0,0,4,False
431.631,1849,ACTIVE_ROUND,4,2,1,74.000,,,MiniBoo,Team Heretics,raze,True,95,39,0,0,1,0,False,RieNs,Team Heretics,fade,False,,50,0,0,0,5,False,Boo,Team Heretics,omen,False,,50,0,0,0,4,False,benjyfishy,Team Heretics,deadlock,True,100,50,0,0,0,5,False,Wo0t,Team Heretics,chamber,False,,40,0,0,0,4,False,grubinho,GIANTX,omen,False,,25,0,0,0,7,True,ara,GIANTX,raze,True,100,50,0,0,1,5,False,Cloud,GIANTX,fade,True,100,25,1,1,0,7,False,Flickless,GIANTX,viper,True,100,50,1,0,0,4,False,westside,GIANTX,cypher,True,100,25,0,0,0,4,False
431.865,1850,ACTIVE_ROUND,4,2,1,74.000,,,MiniBoo,Team Heretics,raze,True,95,39,0,0,1,0,False,RieNs,Team Heretics,fade,False,,50,0,0,0,5,False,Boo,Team Heretics,omen,False,,50,0,0,0,4,False,benjyfishy,Team Heretics,deadlock,True,100,50,0,0,0,5,False,Wo0t,Team Heretics,chamber,False,,40,0,0,0,4,False,grubinho,GIANTX,omen,False,,25,0,0,0,7,True,ara,GIANTX,raze,True,100,50,0,0,1,5,False,Cloud,GIANTX,fade,True,100,25,1,1,0,7,False,Flickless,GIANTX,viper,True,100,50,1,0,0,4,False,westside,GIANTX,cypher,True,100,25,0,0,0,4,False
432.098,1851,ACTIVE_ROUND,4,2,1,74.000,,,MiniBoo,Team Heretics,raze,True,95,39,0,0,1,0,False,RieNs,Team Heretics,fade,False,,50,0,0,0,5,False,Boo,Team Heretics,omen,False,,50,0,0,0,4,False,benjyfishy,Team Heretics,deadlock,True,100,50,0,0,0,5,False,Wo0t,Team Heretics,chamber,False,,40,0,0,0,4,False,grubinho,GIANTX,omen,False,,25,0,0,0,7,True,ara,GIANTX,raze,True,100,50,0,0,1,5,False,Cloud,GIANTX,fade,True,100,25,1,1,0,7,False,Flickless,GIANTX,viper,True,100,50,1,0,0,4,False,westside,GIANTX,cypher,True,100,25,0,0,0,4,False
432.332,1852,ACTIVE_ROUND,4,2,1,73.000,,,MiniBoo,Team Heretics,raze,True,95,39,0,0,1,0,False,RieNs,Team Heretics,fade,False,,50,0,0,0,5,False,Boo,Team Heretics,omen,False,,50,0,0,0,4,False,benjyfishy,Team Heretics,deadlock,True,100,50,0,0,0,5,False,Wo0t,Team Heretics,chamber,False,,40,0,0,0,4,False,grubinho,GIANTX,omen,False,,25,0,0,0,7,True,ara,GIANTX,raze,True,100,50,0,0,1,5,False,Cloud,GIANTX,fade,True,100,25,1,1,0,7,False,Flickless,GIANTX,viper,True,100,50,1,0,0,4,False,westside,GIANTX,cypher,True,100,25,0,0,0,4,False
432.565,1853,ACTIVE_ROUND,4,2,1,73.000,,,MiniBoo,Team Heretics,raze,True,95,39,0,0,1,0,False,RieNs,Team Heretics,fade,False,,50,0,0,0,5,False,Boo,Team Heretics,omen,False,,50,0,0,0,4,False,benjyfishy,Team Heretics,deadlock,True,100,50,0,0,0,5,False,Wo0t,Team Heretics,chamber,False,,40,0,0,0,4,False,grubinho,GIANTX,omen,False,,25,0,0,0,7,True,ara,GIANTX,raze,True,100,50,0,0,1,5,False,Cloud,GIANTX,fade,True,100,25,1,1,0,7,False,Flickless,GIANTX,viper,True,100,50,1,0,0,4,False,westside,GIANTX,cypher,True,100,25,0,0,0,4,False
432.799,1854,ACTIVE_ROUND,4,2,1,73.000,,,MiniBoo,Team Heretics,raze,True,95,39,0,0,1,0,False,RieNs,Team Heretics,fade,False,,50,0,0,0,5,False,Boo,Team Heretics,omen,False,,50,0,0,0,4,False,benjyfishy,Team Heretics,deadlock,True,100,50,0,0,0,5,False,Wo0t,Team Heretics,chamber,False,,40,0,0,0,4,False,grubinho,GIANTX,omen,False,,25,0,0,0,7,True,ara,GIANTX,raze,True,100,50,0,0,1,5,False,Cloud,GIANTX,fade,True,100,25,1,1,0,7,False,Flickless,GIANTX,viper,True,100,50,1,0,0,4,False,westside,GIANTX,cypher,True,100,25,0,0,0,4,False
433.033,1855,ACTIVE_ROUND,4,2,1,73.000,,,MiniBoo,Team Heretics,raze,True,95,39,0,0,1,0,False,RieNs,Team Heretics,fade,False,,50,0,0,0,5,False,Boo,Team Heretics,omen,False,,50,0,0,0,4,False,benjyfishy,Team Heretics,deadlock,True,100,50,0,0,0,5,False,Wo0t,Team Heretics,chamber,False,,40,0,0,0,4,False,grubinho,GIANTX,omen,False,,25,0,0,0,7,True,ara,GIANTX,raze,True,100,50,0,0,1,5,False,Cloud,GIANTX,fade,True,100,25,1,1,0,7,False,Flickless,GIANTX,viper,True,100,50,1,0,0,4,False,westside,GIANTX,cypher,True,100,25,0,0,0,4,False
433.266,1856,ACTIVE_ROUND,4,2,1,72.000,,,MiniBoo,Team Heretics,raze,True,95,39,0,0,1,0,False,RieNs,Team Heretics,fade,False,,50,0,0,0,5,False,Boo,Team Heretics,omen,False,,50,0,0,0,4,False,benjyfishy,Team Heretics,deadlock,True,100,50,0,0,0,5,False,Wo0t,Team Heretics,chamber,False,,40,0,0,0,4,False,grubinho,GIANTX,omen,False,,25,0,0,0,7,True,ara,GIANTX,raze,True,100,50,0,0,1,5,False,Cloud,GIANTX,fade,True,100,25,1,1,0,7,False,Flickless,GIANTX,viper,True,100,50,1,0,0,4,False,westside,GIANTX,cypher,True,100,25,0,0,0,4,False
433.500,1857,ACTIVE_ROUND,4,2,1,72.000,,,MiniBoo,Team Heretics,raze,True,95,39,0,0,1,0,False,RieNs,Team Heretics,fade,False,,50,0,0,0,5,False,Boo,Team Heretics,omen,False,,50,0,0,0,4,False,benjyfishy,Team Heretics,deadlock,True,100,50,0,0,0,5,False,Wo0t,Team Heretics,chamber,False,,40,0,0,0,4,False,grubinho,GIANTX,omen,False,,25,0,0,0,7,True,ara,GIANTX,raze,True,100,50,0,0,1,5,False,Cloud,GIANTX,fade,True,100,25,1,1,0,7,False,Flickless,GIANTX,viper,True,100,50,1,0,0,4,False,westside,GIANTX,cypher,True,100,25,0,0,0,4,False
433.733,1858,ACTIVE_ROUND,4,2,1,72.000,,,MiniBoo,Team Heretics,raze,True,95,39,0,0,1,0,False,RieNs,Team Heretics,fade,False,,50,0,0,0,5,False,Boo,Team Heretics,omen,False,,50,0,0,0,4,False,benjyfishy,Team Heretics,deadlock,True,100,50,0,0,0,5,False,Wo0t,Team Heretics,chamber,False,,40,0,0,0,4,False,grubinho,GIANTX,omen,False,,25,0,0,0,7,True,ara,GIANTX,raze,True,100,50,0,0,1,5,False,Cloud,GIANTX,fade,True,100,25,1,1,0,7,False,Flickless,GIANTX,viper,True,100,50,1,0,0,4,False,westside,GIANTX,cypher,True,100,25,0,0,0,4,False
433.967,1859,ACTIVE_ROUND,4,2,1,72.000,,,MiniBoo,Team Heretics,raze,True,95,39,0,0,1,0,False,RieNs,Team Heretics,fade,False,,50,0,0,0,5,False,Boo,Team Heretics,omen,False,,50,0,0,0,4,False,benjyfishy,Team Heretics,deadlock,True,100,50,0,0,0,5,False,Wo0t,Team Heretics,chamber,False,,40,0,0,0,4,False,grubinho,GIANTX,omen,False,,25,0,0,0,7,True,ara,GIANTX,raze,True,100,50,0,0,1,5,False,Cloud,GIANTX,fade,True,100,25,1,1,0,7,False,Flickless,GIANTX,viper,True,100,50,1,0,0,4,False,westside,GIANTX,cypher,True,100,25,0,0,0,4,False
434.200,1860,ACTIVE_ROUND,4,2,1,71.000,,,MiniBoo,Team Heretics,raze,True,95,39,0,0,1,0,False,RieNs,Team Heretics,fade,False,,50,0,0,0,5,False,Boo,Team Heretics,omen,False,,50,0,0,0,4,False,benjyfishy,Team Heretics,deadlock,True,100,50,0,0,0,5,False,Wo0t,Team Heretics,chamber,False,,40,0,0,0,4,False,grubinho,GIANTX,omen,False,,25,0,0,0,7,True,ara,GIANTX,raze,True,100,50,0,0,1,5,False,Cloud,GIANTX,fade,True,100,25,1,1,0,7,False,Flickless,GIANTX,viper,True,100,50,1,0,0,4,False,westside,GIANTX,cypher,True,100,25,0,0,0,4,False
434.434,1861,ACTIVE_ROUND,4,2,1,71.000,,,MiniBoo,Team Heretics,raze,True,95,39,0,0,1,0,False,RieNs,Team Heretics,fade,False,,50,0,0,0,5,False,Boo,Team Heretics,omen,False,,50,0,0,0,4,False,benjyfishy,Team Heretics,deadlock,True,100,50,0,0,0,5,False,Wo0t,Team Heretics,chamber,False,,40,0,0,0,4,False,grubinho,GIANTX,omen,False,,25,0,0,0,7,True,ara,GIANTX,raze,True,100,50,0,0,1,5,False,Cloud,GIANTX,fade,True,100,25,1,1,0,7,False,Flickless,GIANTX,viper,True,100,50,1,0,0,4,False,westside,GIANTX,cypher,True,100,25,0,0,0,4,False
434.668,1862,ACTIVE_ROUND,4,2,1,71.000,,,MiniBoo,Team Heretics,raze,True,95,39,0,0,1,0,False,RieNs,Team Heretics,fade,False,,50,0,0,0,5,False,Boo,Team Heretics,omen,False,,50,0,0,0,4,False,benjyfishy,Team Heretics,deadlock,True,100,50,0,0,0,5,False,Wo0t,Team Heretics,chamber,False,,40,0,0,0,4,False,grubinho,GIANTX,omen,False,,25,0,0,0,7,True,ara,GIANTX,raze,True,100,50,0,0,1,5,False,Cloud,GIANTX,fade,True,100,25,1,1,0,7,False,Flickless,GIANTX,viper,True,100,50,1,0,0,4,False,westside,GIANTX,cypher,True,100,25,0,0,0,4,False
434.901,1863,ACTIVE_ROUND,4,2,1,71.000,,,MiniBoo,Team Heretics,raze,True,95,39,0,0,1,0,False,RieNs,Team Heretics,fade,False,,50,0,0,0,5,False,Boo,Team Heretics,omen,False,,50,0,0,0,4,False,benjyfishy,Team Heretics,deadlock,True,100,50,0,0,0,5,False,Wo0t,Team Heretics,chamber,False,,40,0,0,0,4,False,grubinho,GIANTX,omen,False,,25,0,0,0,7,True,ara,GIANTX,raze,True,100,50,0,0,1,5,False,Cloud,GIANTX,fade,True,100,25,1,1,0,7,False,Flickless,GIANTX,viper,True,100,50,1,0,0,4,False,westside,GIANTX,cypher,True,100,25,0,0,0,4,False
435.602,1866,ACTIVE_ROUND,4,2,1,,0.000,,MiniBoo,Team Heretics,raze,True,95,39,0,0,1,0,False,RieNs,Team Heretics,fade,False,,50,0,0,0,5,False,Boo,Team Heretics,omen,False,,50,0,0,0,4,False,benjyfishy,Team Heretics,deadlock,True,100,50,0,0,0,5,False,Wo0t,Team Heretics,chamber,False,,40,0,0,0,4,False,grubinho,GIANTX,omen,False,,25,0,0,0,7,True,ara,GIANTX,raze,True,100,50,0,0,1,5,False,Cloud,GIANTX,fade,True,100,25,1,1,0,7,False,Flickless,GIANTX,viper,True,100,50,1,0,0,4,False,westside,GIANTX,cypher,True,100,25,0,0,0,4,False
435.835,1867,ACTIVE_ROUND,4,2,1,,0.234,,MiniBoo,Team Heretics,raze,True,95,39,0,0,1,0,False,RieNs,Team Heretics,fade,False,,50,0,0,0,5,False,Boo,Team Heretics,omen,False,,50,0,0,0,4,False,benjyfishy,Team Heretics,deadlock,True,100,50,0,0,0,5,False,Wo0t,Team Heretics,chamber,False,,40,0,0,0,4,False,grubinho,GIANTX,omen,False,,25,0,0,0,7,True,ara,GIANTX,raze,True,100,50,0,0,1,5,False,Cloud,GIANTX,fade,True,100,25,1,1,0,7,True,Flickless,GIANTX,viper,True,100,50,1,0,0,4,False,westside,GIANTX,cypher,True,100,25,0,0,0,4,False
436.069,1868,ACTIVE_ROUND,4,2,1,,0.467,,MiniBoo,Team Heretics,raze,True,95,39,0,0,1,0,False,RieNs,Team Heretics,fade,False,,50,0,0,0,5,False,Boo,Team Heretics,omen,False,,50,0,0,0,4,False,benjyfishy,Team Heretics,deadlock,True,100,50,0,0,0,5,False,Wo0t,Team Heretics,chamber,False,,40,0,0,0,4,False,grubinho,GIANTX,omen,False,,25,0,0,0,7,True,ara,GIANTX,raze,True,100,50,0,0,1,5,False,Cloud,GIANTX,fade,True,100,25,1,1,0,7,True,Flickless,GIANTX,viper,True,100,50,1,0,0,4,False,westside,GIANTX,cypher,True,100,25,0,0,0,4,False
436.303,1869,ACTIVE_ROUND,4,2,1,,0.701,,MiniBoo,Team Heretics,raze,True,95,39,0,0,1,0,False,RieNs,Team Heretics,fade,False,,50,0,0,0,5,False,Boo,Team Heretics,omen,False,,50,0,0,0,4,False,benjyfishy,Team Heretics,deadlock,True,100,50,0,0,0,5,False,Wo0t,Team Heretics,chamber,False,,40,0,0,0,4,False,grubinho,GIANTX,omen,False,,25,0,0,0,7,True,ara,GIANTX,raze,True,100,50,0,0,1,5,False,Cloud,GIANTX,fade,True,100,25,1,1,0,7,True,Flickless,GIANTX,viper,True,100,50,1,0,0,4,False,westside,GIANTX,cypher,True,100,25,0,0,0,4,False
436.536,1870,ACTIVE_ROUND,4,2,1,,0.934,,MiniBoo,Team Heretics,raze,True,95,39,0,0,1,0,False,RieNs,Team Heretics,fade,False,,50,0,0,0,5,False,Boo,Team Heretics,omen,False,,50,0,0,0,4,False,benjyfishy,Team Heretics,deadlock,True,100,50,0,0,0,5,False,Wo0t,Team Heretics,chamber,False,,40,0,0,0,4,False,grubinho,GIANTX,omen,False,,25,0,0,0,7,True,ara,GIANTX,raze,True,100,50,0,0,1,5,False,Cloud,GIANTX,fade,True,100,25,1,1,0,7,True,Flickless,GIANTX,viper,True,100,50,1,0,0,4,False,westside,GIANTX,cypher,True,100,25,0,0,0,4,False
436.770,1871,ACTIVE_ROUND,4,2,1,,1.168,,MiniBoo,Team Heretics,raze,True,95,39,0,0,1,0,False,RieNs,Team Heretics,fade,False,,50,0,0,0,5,False,Boo,Team Heretics,omen,False,,50,0,0,0,4,False,benjyfishy,Team Heretics,deadlock,True,100,50,0,0,0,5,False,Wo0t,Team Heretics,chamber,False,,40,0,0,0,4,False,grubinho,GIANTX,omen,False,,25,0,0,0,7,True,ara,GIANTX,raze,True,100,50,0,0,1,5,False,Cloud,GIANTX,fade,True,100,25,1,1,0,7,True,Flickless,GIANTX,viper,True,100,50,1,0,0,4,False,westside,GIANTX,cypher,True,100,25,0,0,0,4,False
437.003,1872,ACTIVE_ROUND,4,2,1,,1.401,,MiniBoo,Team Heretics,raze,True,95,39,0,0,1,0,False,RieNs,Team Heretics,fade,False,,50,0,0,0,5,False,Boo,Team Heretics,omen,False,,50,0,0,0,4,False,benjyfishy,Team Heretics,deadlock,True,100,50,0,0,0,5,False,Wo0t,Team Heretics,chamber,False,,40,0,0,0,4,False,grubinho,GIANTX,omen,False,,25,0,0,0,7,True,ara,GIANTX,raze,True,100,50,0,0,1,5,False,Cloud,GIANTX,fade,True,100,25,0,1,0,7,True,Flickless,GIANTX,viper,True,100,50,1,0,0,4,False,westside,GIANTX,cypher,True,100,25,0,0,0,4,False
437.237,1873,ACTIVE_ROUND,4,2,1,,1.635,,MiniBoo,Team Heretics,raze,True,95,39,0,0,1,0,False,RieNs,Team Heretics,fade,False,,50,0,0,0,5,False,Boo,Team Heretics,omen,False,,50,0,0,0,4,False,benjyfishy,Team Heretics,deadlock,True,100,50,0,0,0,5,False,Wo0t,Team Heretics,chamber,False,,40,0,0,0,4,False,grubinho,GIANTX,omen,False,,25,0,0,0,7,True,ara,GIANTX,raze,True,100,50,0,0,1,5,False,Cloud,GIANTX,fade,True,100,25,0,1,0,7,True,Flickless,GIANTX,viper,True,100,50,1,0,0,4,False,westside,GIANTX,cypher,True,100,25,0,0,0,4,False
437.470,1874,ACTIVE_ROUND,4,2,1,,1.869,,MiniBoo,Team Heretics,raze,True,95,39,0,0,1,0,False,RieNs,Team Heretics,fade,False,,50,0,0,0,5,False,Boo,Team Heretics,omen,False,,50,0,0,0,4,False,benjyfishy,Team Heretics,deadlock,True,100,50,0,0,0,5,False,Wo0t,Team Heretics,chamber,False,,40,0,0,0,4,False,grubinho,GIANTX,omen,False,,25,0,0,0,7,True,ara,GIANTX,raze,True,100,50,0,0,1,5,False,Cloud,GIANTX,fade,True,100,25,0,1,0,7,True,Flickless,GIANTX,viper,True,100,50,1,0,0,4,False,westside,GIANTX,cypher,True,100,25,0,0,0,4,False
437.704,1875,ACTIVE_ROUND,4,2,1,,2.102,,MiniBoo,Team Heretics,raze,True,95,39,0,0,1,0,False,RieNs,Team Heretics,fade,False,,50,0,0,0,5,False,Boo,Team Heretics,omen,False,,50,0,0,0,4,False,benjyfishy,Team Heretics,deadlock,True,100,50,0,0,0,5,False,Wo0t,Team Heretics,chamber,False,,40,0,0,0,4,False,grubinho,GIANTX,omen,False,,25,0,0,0,7,True,ara,GIANTX,raze,True,100,50,0,0,1,5,False,Cloud,GIANTX,fade,True,100,25,0,1,0,7,True,Flickless,GIANTX,viper,True,100,50,1,0,0,4,False,westside,GIANTX,cypher,True,100,25,0,0,0,4,False
437.938,1876,ACTIVE_ROUND,4,2,1,,2.336,,MiniBoo,Team Heretics,raze,True,95,39,0,0,1,0,False,RieNs,Team Heretics,fade,False,,50,0,0,0,5,False,Boo,Team Heretics,omen,False,,50,0,0,0,4,False,benjyfishy,Team Heretics,deadlock,True,100,50,0,0,0,5,False,Wo0t,Team Heretics,chamber,False,,40,0,0,0,4,False,grubinho,GIANTX,omen,False,,25,0,0,0,7,True,ara,GIANTX,raze,True,100,50,0,0,1,5,False,Cloud,GIANTX,fade,True,100,25,0,1,0,7,True,Flickless,GIANTX,viper,True,100,50,1,0,0,4,False,westside,GIANTX,cypher,True,100,25,0,0,0,4,False
438.171,1877,ACTIVE_ROUND,4,2,1,,2.569,,MiniBoo,Team Heretics,raze,True,95,39,0,0,1,0,False,RieNs,Team Heretics,fade,False,,50,0,0,0,5,False,Boo,Team Heretics,omen,False,,50,0,0,0,4,False,benjyfishy,Team Heretics,deadlock,True,100,50,0,0,0,5,False,Wo0t,Team Heretics,chamber,False,,40,0,0,0,4,False,grubinho,GIANTX,omen,False,,25,0,0,0,7,True,ara,GIANTX,raze,True,100,50,0,0,1,5,False,Cloud,GIANTX,fade,True,100,25,0,1,0,7,True,Flickless,GIANTX,viper,True,100,50,1,0,0,4,False,westside,GIANTX,cypher,True,100,25,0,0,0,4,False
438.405,1878,ACTIVE_ROUND,4,2,1,,2.803,,MiniBoo,Team Heretics,raze,True,95,39,0,0,1,0,False,RieNs,Team Heretics,fade,False,,50,0,0,0,5,False,Boo,Team Heretics,omen,False,,50,0,0,0,4,False,benjyfishy,Team Heretics,deadlock,True,100,50,0,0,0,5,False,Wo0t,Team Heretics,chamber,False,,40,0,0,0,4,False,grubinho,GIANTX,omen,False,,25,0,0,0,7,True,ara,GIANTX,raze,True,100,50,0,0,1,5,False,Cloud,GIANTX,fade,True,100,25,0,1,0,7,True,Flickless,GIANTX,viper,True,100,50,1,0,0,4,False,westside,GIANTX,cypher,True,100,25,0,0,0,4,False
438.638,1879,ACTIVE_ROUND,4,2,1,,3.036,,MiniBoo,Team Heretics,raze,True,95,39,0,0,1,0,False,RieNs,Team Heretics,fade,False,,50,0,0,0,5,False,Boo,Team Heretics,omen,False,,50,0,0,0,4,False,benjyfishy,Team Heretics,deadlock,True,100,50,0,0,0,5,False,Wo0t,Team Heretics,chamber,False,,40,0,0,0,4,False,grubinho,GIANTX,omen,False,,25,0,0,0,7,True,ara,GIANTX,raze,True,100,50,0,0,1,5,False,Cloud,GIANTX,fade,True,100,25,0,1,0,7,True,Flickless,GIANTX,viper,True,100,50,1,0,0,4,False,westside,GIANTX,cypher,True,100,25,0,0,0,4,False
438.872,1880,ACTIVE_ROUND,4,2,1,,3.270,,MiniBoo,Team Heretics,raze,True,95,39,0,0,1,0,False,RieNs,Team Heretics,fade,False,,50,0,0,0,5,False,Boo,Team Heretics,omen,False,,50,0,0,0,4,False,benjyfishy,Team Heretics,deadlock,True,100,50,0,0,0,5,False,Wo0t,Team Heretics,chamber,False,,40,0,0,0,4,False,grubinho,GIANTX,omen,False,,25,0,0,0,7,True,ara,GIANTX,raze,True,100,50,0,0,1,5,False,Cloud,GIANTX,fade,True,100,25,0,1,0,7,True,Flickless,GIANTX,viper,True,100,50,1,0,0,4,False,westside,GIANTX,cypher,True,100,25,0,0,0,4,False
439.105,1881,ACTIVE_ROUND,4,2,1,,3.504,,MiniBoo,Team Heretics,raze,True,95,39,0,0,1,0,False,RieNs,Team Heretics,fade,False,,50,0,0,0,5,False,Boo,Team Heretics,omen,False,,50,0,0,0,4,False,benjyfishy,Team Heretics,deadlock,True,100,50,0,0,0,5,False,Wo0t,Team Heretics,chamber,False,,40,0,0,0,4,False,grubinho,GIANTX,omen,False,,25,0,0,0,7,True,ara,GIANTX,raze,True,100,50,0,0,1,5,False,Cloud,GIANTX,fade,True,100,25,0,1,0,7,True,Flickless,GIANTX,viper,True,100,50,1,0,0,4,False,westside,GIANTX,cypher,True,100,25,0,0,0,4,False
439.339,1882,ACTIVE_ROUND,4,2,1,,3.737,,MiniBoo,Team Heretics,raze,True,95,39,0,0,1,0,False,RieNs,Team Heretics,fade,False,,50,0,0,0,5,False,Boo,Team Heretics,omen,False,,50,0,0,0,4,False,benjyfishy,Team Heretics,deadlock,True,100,50,0,0,0,5,False,Wo0t,Team Heretics,chamber,False,,40,0,0,0,4,False,grubinho,GIANTX,omen,False,,25,0,0,0,7,True,ara,GIANTX,raze,True,100,50,0,0,1,5,False,Cloud,GIANTX,fade,True,100,25,0,1,0,7,True,Flickless,GIANTX,viper,True,100,50,1,0,0,4,False,westside,GIANTX,cypher,True,100,25,0,0,0,4,False
439.572,1883,ACTIVE_ROUND,4,2,1,,3.971,,MiniBoo,Team Heretics,raze,True,95,39,0,0,1,0,False,RieNs,Team Heretics,fade,False,,50,0,0,0,5,False,Boo,Team Heretics,omen,False,,50,0,0,0,4,False,benjyfishy,Team Heretics,deadlock,True,100,50,0,0,0,5,False,Wo0t,Team Heretics,chamber,False,,40,0,0,0,4,False,grubinho,GIANTX,omen,False,,25,0,0,0,7,True,ara,GIANTX,raze,True,100,50,0,0,1,5,False,Cloud,GIANTX,fade,True,100,25,0,1,0,7,True,Flickless,GIANTX,viper,True,100,50,1,0,0,4,False,westside,GIANTX,cypher,True,100,25,0,0,0,4,False
439.806,1884,ACTIVE_ROUND,4,2,1,,4.204,,MiniBoo,Team Heretics,raze,True,95,39,0,0,1,0,False,RieNs,Team Heretics,fade,False,,50,0,0,0,5,False,Boo,Team Heretics,omen,False,,50,0,0,0,4,False,benjyfishy,Team Heretics,deadlock,True,100,50,0,0,0,5,False,Wo0t,Team Heretics,chamber,False,,40,0,0,0,4,False,grubinho,GIANTX,omen,False,,25,0,0,0,7,True,ara,GIANTX,raze,True,100,50,0,0,1,5,False,Cloud,GIANTX,fade,True,100,25,0,1,0,7,True,Flickless,GIANTX,viper,True,100,50,1,0,0,4,False,westside,GIANTX,cypher,True,100,25,0,0,0,4,False
440.040,1885,ACTIVE_ROUND,4,2,1,,4.438,,MiniBoo,Team Heretics,raze,True,95,39,0,0,1,0,False,RieNs,Team Heretics,fade,False,,50,0,0,0,5,False,Boo,Team Heretics,omen,False,,50,0,0,0,4,False,benjyfishy,Team Heretics,deadlock,True,100,50,0,0,0,5,False,Wo0t,Team Heretics,chamber,False,,40,0,0,0,4,False,grubinho,GIANTX,omen,False,,25,0,0,0,7,True,ara,GIANTX,raze,True,100,50,0,0,1,5,False,Cloud,GIANTX,fade,True,100,25,0,1,0,7,True,Flickless,GIANTX,viper,True,100,50,1,0,0,4,False,westside,GIANTX,cypher,True,100,25,0,0,0,4,False
440.273,1886,ACTIVE_ROUND,4,2,1,,4.671,,MiniBoo,Team Heretics,raze,True,95,39,0,0,1,0,False,RieNs,Team Heretics,fade,False,,50,0,0,0,5,False,Boo,Team Heretics,omen,False,,50,0,0,0,4,False,benjyfishy,Team Heretics,deadlock,True,100,50,0,0,0,5,False,Wo0t,Team Heretics,chamber,False,,40,0,0,0,4,False,grubinho,GIANTX,omen,False,,25,0,0,0,7,True,ara,GIANTX,raze,True,100,50,0,0,1,5,False,Cloud,GIANTX,fade,True,100,25,0,1,0,7,True,Flickless,GIANTX,viper,True,100,50,1,0,0,4,False,westside,GIANTX,cypher,True,100,25,0,0,0,4,False
440.507,1887,ACTIVE_ROUND,4,2,1,,4.905,,MiniBoo,Team Heretics,raze,True,95,39,0,0,1,0,False,RieNs,Team Heretics,fade,False,,50,0,0,0,5,False,Boo,Team Heretics,omen,False,,50,0,0,0,4,False,benjyfishy,Team Heretics,deadlock,True,100,50,0,0,0,5,False,Wo0t,Team Heretics,chamber,False,,40,0,0,0,4,False,grubinho,GIANTX,omen,False,,25,0,0,0,7,True,ara,GIANTX,raze,True,100,50,0,0,1,5,False,Cloud,GIANTX,fade,True,100,25,0,1,0,7,True,Flickless,GIANTX,viper,True,100,50,1,0,0,4,False,westside,GIANTX,cypher,True,100,25,0,0,0,4,False
440.740,1888,ACTIVE_ROUND,4,2,1,,5.138,,MiniBoo,Team Heretics,raze,True,95,39,0,0,1,0,False,RieNs,Team Heretics,fade,False,,50,0,0,0,5,False,Boo,Team Heretics,omen,False,,50,0,0,0,4,False,benjyfishy,Team Heretics,deadlock,True,100,50,0,0,0,5,False,Wo0t,Team Heretics,chamber,False,,40,0,0,0,4,False,grubinho,GIANTX,omen,False,,25,0,0,0,7,True,ara,GIANTX,raze,True,100,50,0,0,1,5,False,Cloud,GIANTX,fade,True,100,25,0,1,0,7,True,Flickless,GIANTX,viper,True,100,50,1,0,0,4,False,westside,GIANTX,cypher,True,100,25,0,0,0,4,False
440.974,1889,ACTIVE_ROUND,4,2,1,,5.372,,MiniBoo,Team Heretics,raze,True,95,39,0,0,1,0,False,RieNs,Team Heretics,fade,False,,50,0,0,0,5,False,Boo,Team Heretics,omen,False,,50,0,0,0,4,False,benjyfishy,Team Heretics,deadlock,True,100,50,0,0,0,5,False,Wo0t,Team Heretics,chamber,False,,40,0,0,0,4,False,grubinho,GIANTX,omen,False,,25,0,0,0,7,True,ara,GIANTX,raze,True,100,50,0,0,1,5,False,Cloud,GIANTX,fade,True,100,25,0,1,0,7,True,Flickless,GIANTX,viper,True,100,50,1,0,0,4,False,westside,GIANTX,cypher,True,100,25,0,0,0,4,False
441.207,1890,ACTIVE_ROUND,4,2,1,,5.606,,MiniBoo,Team Heretics,raze,True,95,39,0,0,1,0,False,RieNs,Team Heretics,fade,False,,50,0,0,0,5,False,Boo,Team Heretics,omen,False,,50,0,0,0,4,False,benjyfishy,Team Heretics,deadlock,True,100,50,0,0,0,5,False,Wo0t,Team Heretics,chamber,False,,40,0,0,0,4,False,grubinho,GIANTX,omen,False,,25,0,0,0,7,True,ara,GIANTX,raze,True,100,50,0,0,1,5,False,Cloud,GIANTX,fade,True,100,25,0,1,0,7,True,Flickless,GIANTX,viper,True,100,50,1,0,0,4,False,westside,GIANTX,cypher,True,100,25,0,0,0,4,False
441.441,1891,ACTIVE_ROUND,4,2,1,,5.839,,MiniBoo,Team Heretics,raze,True,95,39,0,0,1,0,False,RieNs,Team Heretics,fade,False,,50,0,0,0,5,False,Boo,Team Heretics,omen,False,,50,0,0,0,4,False,benjyfishy,Team Heretics,deadlock,True,100,50,0,0,0,5,False,Wo0t,Team Heretics,chamber,False,,40,0,0,0,4,False,grubinho,GIANTX,omen,False,,25,0,0,0,7,True,ara,GIANTX,raze,True,100,50,0,0,1,5,False,Cloud,GIANTX,fade,True,100,25,0,1,0,7,True,Flickless,GIANTX,viper,True,100,50,1,0,0,4,False,westside,GIANTX,cypher,True,100,25,0,0,0,4,False
441.675,1892,ACTIVE_ROUND,4,2,1,,6.073,,MiniBoo,Team Heretics,raze,True,95,39,0,0,1,0,False,RieNs,Team Heretics,fade,False,,50,0,0,0,5,False,Boo,Team Heretics,omen,False,,50,0,0,0,4,False,benjyfishy,Team Heretics,deadlock,True,100,50,0,0,0,5,False,Wo0t,Team Heretics,chamber,False,,40,0,0,0,4,False,grubinho,GIANTX,omen,False,,25,0,0,0,7,True,ara,GIANTX,raze,True,100,50,0,0,1,5,False,Cloud,GIANTX,fade,True,100,25,0,1,0,7,True,Flickless,GIANTX,viper,True,100,50,1,0,0,4,False,westside,GIANTX,cypher,True,100,25,0,0,0,4,False
441.908,1893,ACTIVE_ROUND,4,2,1,,6.306,,MiniBoo,Team Heretics,raze,True,95,39,0,0,1,0,False,RieNs,Team Heretics,fade,False,,50,0,0,0,5,False,Boo,Team Heretics,omen,False,,50,0,0,0,4,False,benjyfishy,Team Heretics,deadlock,True,100,50,0,0,0,5,False,Wo0t,Team Heretics,chamber,False,,40,0,0,0,4,False,grubinho,GIANTX,omen,False,,25,0,0,0,7,True,ara,GIANTX,raze,True,100,50,0,0,1,5,False,Cloud,GIANTX,fade,True,100,25,0,1,0,7,True,Flickless,GIANTX,viper,True,100,50,1,0,0,4,False,westside,GIANTX,cypher,True,100,25,0,0,0,4,False
442.142,1894,ACTIVE_ROUND,4,2,1,,6.540,,MiniBoo,Team Heretics,raze,True,95,39,0,0,1,0,False,RieNs,Team Heretics,fade,False,,50,0,0,0,5,False,Boo,Team Heretics,omen,False,,50,0,0,0,4,False,benjyfishy,Team Heretics,deadlock,True,100,50,0,0,0,5,False,Wo0t,Team Heretics,chamber,False,,40,0,0,0,4,False,grubinho,GIANTX,omen,False,,25,0,0,0,7,True,ara,GIANTX,raze,True,100,50,0,0,1,5,False,Cloud,GIANTX,fade,True,100,25,0,1,0,7,True,Flickless,GIANTX,viper,True,100,50,1,0,0,4,False,westside,GIANTX,cypher,True,100,25,0,0,0,4,False
442.375,1895,ACTIVE_ROUND,4,2,1,,6.773,,MiniBoo,Team Heretics,raze,True,95,39,0,0,1,0,False,RieNs,Team Heretics,fade,False,,50,0,0,0,5,False,Boo,Team Heretics,omen,False,,50,0,0,0,4,False,benjyfishy,Team Heretics,deadlock,True,100,50,0,0,0,5,False,Wo0t,Team Heretics,chamber,False,,40,0,0,0,4,False,grubinho,GIANTX,omen,False,,25,0,0,0,7,True,ara,GIANTX,raze,True,100,50,0,0,1,5,False,Cloud,GIANTX,fade,True,100,25,0,1,0,7,True,Flickless,GIANTX,viper,True,100,50,1,0,0,4,False,westside,GIANTX,cypher,True,100,25,0,0,0,4,False
442.609,1896,ACTIVE_ROUND,4,2,1,,7.007,,MiniBoo,Team Heretics,raze,True,95,39,0,0,1,0,False,RieNs,Team Heretics,fade,False,,50,0,0,0,5,False,Boo,Team Heretics,omen,False,,50,0,0,0,4,False,benjyfishy,Team Heretics,deadlock,True,100,50,0,0,0,5,False,Wo0t,Team Heretics,chamber,False,,40,0,0,0,4,False,grubinho,GIANTX,omen,False,,25,0,0,0,7,True,ara,GIANTX,raze,True,100,50,0,0,1,5,False,Cloud,GIANTX,fade,True,100,25,0,1,0,7,True,Flickless,GIANTX,viper,True,100,50,1,0,0,4,False,westside,GIANTX,cypher,True,100,25,0,0,0,4,False
442.842,1897,ACTIVE_ROUND,4,2,1,,7.241,,MiniBoo,Team Heretics,raze,True,95,39,0,0,1,0,False,RieNs,Team Heretics,fade,False,,50,0,0,0,5,False,Boo,Team Heretics,omen,False,,50,0,0,0,4,False,benjyfishy,Team Heretics,deadlock,True,100,50,0,0,0,5,False,Wo0t,Team Heretics,chamber,False,,40,0,0,0,4,False,grubinho,GIANTX,omen,False,,25,0,0,0,7,True,ara,GIANTX,raze,True,100,50,0,0,1,5,False,Cloud,GIANTX,fade,True,100,25,0,1,0,7,True,Flickless,GIANTX,viper,True,100,50,1,0,0,4,False,westside,GIANTX,cypher,True,100,25,0,0,0,4,False
443.076,1898,ACTIVE_ROUND,4,2,1,,7.474,,MiniBoo,Team Heretics,raze,True,95,39,0,0,1,0,False,RieNs,Team Heretics,fade,False,,50,0,0,0,5,False,Boo,Team Heretics,omen,False,,50,0,0,0,4,False,benjyfishy,Team Heretics,deadlock,True,100,50,0,0,0,5,False,Wo0t,Team Heretics,chamber,False,,40,0,0,0,4,False,grubinho,GIANTX,omen,False,,25,0,0,0,7,True,ara,GIANTX,raze,True,100,50,0,0,1,5,False,Cloud,GIANTX,fade,True,100,25,0,1,0,7,True,Flickless,GIANTX,viper,True,100,50,1,0,0,4,False,westside,GIANTX,cypher,True,100,25,0,0,0,4,False
443.310,1899,ACTIVE_ROUND,4,2,1,,7.708,,MiniBoo,Team Heretics,raze,True,95,39,0,0,1,0,False,RieNs,Team Heretics,fade,False,,50,0,0,0,5,False,Boo,Team Heretics,omen,False,,50,0,0,0,4,False,benjyfishy,Team Heretics,deadlock,True,100,50,0,0,0,5,False,Wo0t,Team Heretics,chamber,False,,40,0,0,0,4,False,grubinho,GIANTX,omen,False,,25,0,0,0,7,True,ara,GIANTX,raze,True,100,50,0,0,1,5,False,Cloud,GIANTX,fade,True,100,25,0,1,0,7,True,Flickless,GIANTX,viper,True,100,50,1,0,0,4,False,westside,GIANTX,cypher,True,100,25,0,0,0,4,False
443.543,1900,ACTIVE_ROUND,4,2,1,,7.941,,MiniBoo,Team Heretics,raze,True,95,39,0,0,1,0,False,RieNs,Team Heretics,fade,False,,50,0,0,0,5,False,Boo,Team Heretics,omen,False,,50,0,0,0,4,False,benjyfishy,Team Heretics,deadlock,True,100,50,0,0,0,5,False,Wo0t,Team Heretics,chamber,False,,40,0,0,0,4,False,grubinho,GIANTX,omen,False,,25,0,0,0,7,True,ara,GIANTX,raze,True,100,50,0,0,1,5,False,Cloud,GIANTX,fade,True,100,25,0,1,0,7,True,Flickless,GIANTX,viper,True,100,50,1,0,0,4,False,westside,GIANTX,cypher,True,100,25,0,0,0,4,False
443.777,1901,ACTIVE_ROUND,4,2,1,,8.175,,MiniBoo,Team Heretics,raze,True,95,39,0,0,1,0,False,RieNs,Team Heretics,fade,False,,50,0,0,0,5,False,Boo,Team Heretics,omen,False,,50,0,0,0,4,False,benjyfishy,Team Heretics,deadlock,True,100,50,0,0,0,5,False,Wo0t,Team Heretics,chamber,False,,40,0,0,0,4,False,grubinho,GIANTX,omen,False,,25,0,0,0,7,True,ara,GIANTX,raze,True,100,50,0,0,1,5,False,Cloud,GIANTX,fade,True,100,25,0,1,0,7,True,Flickless,GIANTX,viper,True,100,50,1,0,0,4,False,westside,GIANTX,cypher,True,100,25,0,0,0,4,False
444.010,1902,ACTIVE_ROUND,4,2,1,,8.408,,MiniBoo,Team Heretics,raze,True,95,39,0,0,1,0,False,RieNs,Team Heretics,fade,False,,50,0,0,0,5,False,Boo,Team Heretics,omen,False,,50,0,0,0,4,False,benjyfishy,Team Heretics,deadlock,True,100,50,0,0,0,5,False,Wo0t,Team Heretics,chamber,False,,40,0,0,0,4,False,grubinho,GIANTX,omen,False,,25,0,0,0,7,True,ara,GIANTX,raze,True,100,50,0,0,1,5,False,Cloud,GIANTX,fade,True,100,25,0,1,0,7,True,Flickless,GIANTX,viper,True,100,50,1,0,0,4,False,westside,GIANTX,cypher,True,100,25,0,0,0,4,False
444.244,1903,ACTIVE_ROUND,4,2,1,,8.642,,MiniBoo,Team Heretics,raze,True,95,39,0,0,1,0,False,RieNs,Team Heretics,fade,False,,50,0,0,0,5,False,Boo,Team Heretics,omen,False,,50,0,0,0,4,False,benjyfishy,Team Heretics,deadlock,True,100,50,0,0,0,5,False,Wo0t,Team Heretics,chamber,False,,40,0,0,0,4,False,grubinho,GIANTX,omen,False,,25,0,0,0,7,True,ara,GIANTX,raze,True,100,50,0,0,1,5,False,Cloud,GIANTX,fade,True,100,25,0,1,0,7,True,Flickless,GIANTX,viper,True,100,50,1,0,0,4,False,westside,GIANTX,cypher,True,100,25,0,0,0,4,False
444.477,1904,ACTIVE_ROUND,4,2,1,,8.876,,MiniBoo,Team Heretics,raze,True,95,39,0,0,1,0,False,RieNs,Team Heretics,fade,False,,50,0,0,0,5,False,Boo,Team Heretics,omen,False,,50,0,0,0,4,False,benjyfishy,Team Heretics,deadlock,True,100,50,0,0,0,5,False,Wo0t,Team Heretics,chamber,False,,40,0,0,0,4,False,grubinho,GIANTX,omen,False,,25,0,0,0,7,True,ara,GIANTX,raze,True,100,50,0,0,1,5,False,Cloud,GIANTX,fade,True,100,25,0,1,0,7,True,Flickless,GIANTX,viper,True,100,50,1,0,0,4,False,westside,GIANTX,cypher,True,100,25,0,0,0,4,False
444.711,1905,ACTIVE_ROUND,4,2,1,,9.109,,MiniBoo,Team Heretics,raze,True,95,39,0,0,1,0,False,RieNs,Team Heretics,fade,False,,50,0,0,0,5,False,Boo,Team Heretics,omen,False,,50,0,0,0,4,False,benjyfishy,Team Heretics,deadlock,True,100,50,0,0,0,5,False,Wo0t,Team Heretics,chamber,False,,40,0,0,0,4,False,grubinho,GIANTX,omen,False,,25,0,0,0,7,True,ara,GIANTX,raze,True,100,50,0,0,1,5,False,Cloud,GIANTX,fade,True,100,25,0,1,0,7,True,Flickless,GIANTX,viper,True,100,50,1,0,0,4,False,westside,GIANTX,cypher,True,100,25,0,0,0,4,False
444.945,1906,ACTIVE_ROUND,4,2,1,,9.343,,MiniBoo,Team Heretics,raze,True,95,39,0,0,1,0,False,RieNs,Team Heretics,fade,False,,50,0,0,0,5,False,Boo,Team Heretics,omen,False,,50,0,0,0,4,False,benjyfishy,Team Heretics,deadlock,True,100,50,0,0,0,5,False,Wo0t,Team Heretics,chamber,False,,40,0,0,0,4,False,grubinho,GIANTX,omen,False,,25,0,0,0,7,True,ara,GIANTX,raze,True,100,50,0,0,1,5,False,Cloud,GIANTX,fade,True,100,25,0,1,0,7,True,Flickless,GIANTX,viper,True,100,50,1,0,0,4,False,westside,GIANTX,cypher,True,100,25,0,0,0,4,False
445.178,1907,ACTIVE_ROUND,4,2,1,,9.576,,MiniBoo,Team Heretics,raze,True,95,39,0,0,1,0,False,RieNs,Team Heretics,fade,False,,50,0,0,0,5,False,Boo,Team Heretics,omen,False,,50,0,0,0,4,False,benjyfishy,Team Heretics,deadlock,True,100,50,0,0,0,5,False,Wo0t,Team Heretics,chamber,False,,40,0,0,0,4,False,grubinho,GIANTX,omen,False,,25,0,0,0,7,True,ara,GIANTX,raze,True,100,50,0,0,1,5,False,Cloud,GIANTX,fade,True,100,25,0,1,0,7,True,Flickless,GIANTX,viper,True,100,50,1,0,0,4,False,westside,GIANTX,cypher,True,100,25,0,0,0,4,False
445.412,1908,ACTIVE_ROUND,4,2,1,,9.810,,MiniBoo,Team Heretics,raze,True,95,39,0,0,1,0,False,RieNs,Team Heretics,fade,False,,50,0,0,0,5,False,Boo,Team Heretics,omen,False,,50,0,0,0,4,False,benjyfishy,Team Heretics,deadlock,True,100,50,0,0,0,5,False,Wo0t,Team Heretics,chamber,False,,40,0,0,0,4,False,grubinho,GIANTX,omen,False,,25,0,0,0,7,True,ara,GIANTX,raze,True,100,50,0,0,1,5,False,Cloud,GIANTX,fade,True,100,25,0,1,0,7,True,Flickless,GIANTX,viper,True,100,50,1,0,0,4,False,westside,GIANTX,cypher,True,100,25,0,0,0,4,False
445.645,1909,ACTIVE_ROUND,4,2,1,,10.043,,MiniBoo,Team Heretics,raze,True,95,39,0,0,1,0,False,RieNs,Team Heretics,fade,False,,50,0,0,0,5,False,Boo,Team Heretics,omen,False,,50,0,0,0,4,False,benjyfishy,Team Heretics,deadlock,True,100,50,0,0,0,5,False,Wo0t,Team Heretics,chamber,False,,40,0,0,0,4,False,grubinho,GIANTX,omen,False,,25,0,0,0,7,True,ara,GIANTX,raze,True,100,50,0,0,1,5,False,Cloud,GIANTX,fade,True,100,25,0,1,0,7,True,Flickless,GIANTX,viper,True,100,50,1,0,0,4,False,westside,GIANTX,cypher,True,100,25,0,0,0,4,False
445.879,1910,ACTIVE_ROUND,4,2,1,,10.277,,MiniBoo,Team Heretics,raze,True,95,39,0,0,1,0,False,RieNs,Team Heretics,fade,False,,50,0,0,0,5,False,Boo,Team Heretics,omen,False,,50,0,0,0,4,False,benjyfishy,Team Heretics,deadlock,True,100,50,0,0,0,5,False,Wo0t,Team Heretics,chamber,False,,40,0,0,0,4,False,grubinho,GIANTX,omen,False,,25,0,0,0,7,True,ara,GIANTX,raze,True,100,50,0,0,1,5,False,Cloud,GIANTX,fade,True,100,25,0,1,0,7,True,Flickless,GIANTX,viper,True,100,50,1,0,0,4,False,westside,GIANTX,cypher,True,100,25,0,0,0,4,False
446.112,1911,ACTIVE_ROUND,4,2,1,,10.511,,MiniBoo,Team Heretics,raze,True,95,39,0,0,1,0,False,RieNs,Team Heretics,fade,False,,50,0,0,0,5,False,Boo,Team Heretics,omen,False,,50,0,0,0,4,False,benjyfishy,Team Heretics,deadlock,True,100,50,0,0,0,5,False,Wo0t,Team Heretics,chamber,False,,40,0,0,0,4,False,grubinho,GIANTX,omen,False,,25,0,0,0,7,True,ara,GIANTX,raze,True,100,50,0,0,1,5,False,Cloud,GIANTX,fade,True,100,25,0,1,0,7,True,Flickless,GIANTX,viper,True,100,50,1,0,0,4,False,westside,GIANTX,cypher,True,100,25,0,0,0,4,False
446.346,1912,ACTIVE_ROUND,4,2,1,,10.744,,MiniBoo,Team Heretics,raze,True,95,39,0,0,1,0,False,RieNs,Team Heretics,fade,False,,50,0,0,0,5,False,Boo,Team Heretics,omen,False,,50,0,0,0,4,False,benjyfishy,Team Heretics,deadlock,True,100,50,0,0,0,5,False,Wo0t,Team Heretics,chamber,False,,40,0,0,0,4,False,grubinho,GIANTX,omen,False,,25,0,0,0,7,True,ara,GIANTX,raze,True,100,50,0,0,1,5,False,Cloud,GIANTX,fade,True,100,25,0,1,0,7,True,Flickless,GIANTX,viper,True,100,50,1,0,0,4,False,westside,GIANTX,cypher,True,100,25,0,0,0,4,False
446.579,1913,ACTIVE_ROUND,4,2,1,,10.978,,MiniBoo,Team Heretics,raze,True,95,39,0,0,1,0,False,RieNs,Team Heretics,fade,False,,50,0,0,0,5,False,Boo,Team Heretics,omen,False,,50,0,0,0,4,False,benjyfishy,Team Heretics,deadlock,True,100,50,0,0,0,5,False,Wo0t,Team Heretics,chamber,False,,40,0,0,0,4,False,grubinho,GIANTX,omen,False,,25,0,0,0,7,True,ara,GIANTX,raze,True,100,50,0,0,1,5,False,Cloud,GIANTX,fade,True,100,25,0,1,0,7,True,Flickless,GIANTX,viper,True,100,50,1,0,0,4,False,westside,GIANTX,cypher,True,100,25,0,0,0,4,False
446.813,1914,ACTIVE_ROUND,4,2,1,,11.211,,MiniBoo,Team Heretics,raze,True,95,39,0,0,1,0,False,RieNs,Team Heretics,fade,False,,50,0,0,0,5,False,Boo,Team Heretics,omen,False,,50,0,0,0,4,False,benjyfishy,Team Heretics,deadlock,True,100,50,0,0,1,5,False,Wo0t,Team Heretics,chamber,False,,40,0,0,0,4,False,grubinho,GIANTX,omen,False,,25,0,0,0,7,True,ara,GIANTX,raze,True,100,50,0,0,1,5,False,Cloud,GIANTX,fade,True,100,25,0,1,0,7,True,Flickless,GIANTX,viper,True,100,50,1,0,0,4,False,westside,GIANTX,cypher,True,100,25,0,0,0,4,False
447.047,1915,ACTIVE_ROUND,4,2,1,,11.445,,MiniBoo,Team Heretics,raze,True,95,39,0,0,1,0,False,RieNs,Team Heretics,fade,False,,50,0,0,0,5,False,Boo,Team Heretics,omen,False,,50,0,0,0,4,False,benjyfishy,Team Heretics,deadlock,True,100,50,0,0,1,5,False,Wo0t,Team Heretics,chamber,False,,40,0,0,0,4,False,grubinho,GIANTX,omen,False,,25,0,0,0,7,True,ara,GIANTX,raze,True,100,50,0,0,1,5,False,Cloud,GIANTX,fade,True,100,25,0,1,0,7,True,Flickless,GIANTX,viper,True,100,50,1,0,0,4,False,westside,GIANTX,cypher,True,100,25,0,0,0,4,False
447.280,1916,ACTIVE_ROUND,4,2,1,,11.678,,MiniBoo,Team Heretics,raze,True,95,39,0,0,1,0,False,RieNs,Team Heretics,fade,False,,50,0,0,0,5,False,Boo,Team Heretics,omen,False,,50,0,0,0,4,False,benjyfishy,Team Heretics,deadlock,True,100,50,0,0,1,5,False,Wo0t,Team Heretics,chamber,False,,40,0,0,0,4,False,grubinho,GIANTX,omen,False,,25,0,0,0,7,True,ara,GIANTX,raze,True,100,50,0,0,1,5,False,Cloud,GIANTX,fade,True,100,25,0,1,0,7,True,Flickless,GIANTX,viper,True,100,50,1,0,0,4,False,westside,GIANTX,cypher,True,100,25,0,0,0,4,False
447.514,1917,ACTIVE_ROUND,4,2,1,,11.912,,MiniBoo,Team Heretics,raze,True,95,39,0,0,1,0,False,RieNs,Team Heretics,fade,False,,50,0,0,0,5,False,Boo,Team Heretics,omen,False,,50,0,0,0,4,False,benjyfishy,Team Heretics,deadlock,True,100,50,0,0,1,5,False,Wo0t,Team Heretics,chamber,False,,40,0,0,0,4,False,grubinho,GIANTX,omen,False,,25,0,0,0,7,True,ara,GIANTX,raze,True,100,50,0,0,1,5,False,Cloud,GIANTX,fade,True,100,25,0,1,0,7,True,Flickless,GIANTX,viper,True,100,50,1,0,0,4,False,westside,GIANTX,cypher,True,100,25,0,0,0,4,False
447.747,1918,ACTIVE_ROUND,4,2,1,,12.145,,MiniBoo,Team Heretics,raze,True,95,39,0,0,1,0,False,RieNs,Team Heretics,fade,False,,50,0,0,0,5,False,Boo,Team Heretics,omen,False,,50,0,0,0,4,False,benjyfishy,Team Heretics,deadlock,True,100,50,0,0,1,5,False,Wo0t,Team Heretics,chamber,False,,40,0,0,0,4,False,grubinho,GIANTX,omen,False,,25,0,0,0,7,True,ara,GIANTX,raze,True,100,50,0,0,1,5,False,Cloud,GIANTX,fade,True,100,25,0,1,0,7,True,Flickless,GIANTX,viper,True,100,50,1,0,0,4,False,westside,GIANTX,cypher,True,100,25,0,0,0,4,False
447.981,1919,ACTIVE_ROUND,4,2,1,,12.379,,MiniBoo,Team Heretics,raze,True,95,39,0,0,1,0,False,RieNs,Team Heretics,fade,False,,50,0,0,0,5,False,Boo,Team Heretics,omen,False,,50,0,0,0,4,False,benjyfishy,Team Heretics,deadlock,True,100,50,0,0,1,5,False,Wo0t,Team Heretics,chamber,False,,40,0,0,0,4,False,grubinho,GIANTX,omen,False,,25,0,0,0,7,True,ara,GIANTX,raze,True,100,50,0,0,1,5,False,Cloud,GIANTX,fade,True,100,25,0,1,1,7,True,Flickless,GIANTX,viper,True,100,50,1,0,0,4,False,westside,GIANTX,cypher,True,100,25,0,0,0,4,False
448.214,1920,ACTIVE_ROUND,4,2,1,,12.613,,MiniBoo,Team Heretics,raze,True,95,39,0,0,1,0,False,RieNs,Team Heretics,fade,False,,50,0,0,0,5,False,Boo,Team Heretics,omen,False,,50,0,0,0,4,False,benjyfishy,Team Heretics,deadlock,True,100,50,0,0,1,5,False,Wo0t,Team Heretics,chamber,False,,40,0,0,0,4,False,grubinho,GIANTX,omen,False,,25,0,0,0,7,True,ara,GIANTX,raze,True,100,50,0,0,1,5,False,Cloud,GIANTX,fade,True,100,25,0,1,1,7,True,Flickless,GIANTX,viper,True,100,50,1,0,0,4,False,westside,GIANTX,cypher,True,100,25,0,0,0,4,False
448.448,1921,ACTIVE_ROUND,4,2,1,,12.846,,MiniBoo,Team Heretics,raze,True,95,39,0,0,1,0,False,RieNs,Team Heretics,fade,False,,50,0,0,0,5,False,Boo,Team Heretics,omen,False,,50,0,0,0,4,False,benjyfishy,Team Heretics,deadlock,True,100,50,0,0,1,5,False,Wo0t,Team Heretics,chamber,False,,40,0,0,0,4,False,grubinho,GIANTX,omen,False,,25,0,0,0,7,True,ara,GIANTX,raze,True,100,50,0,0,1,5,False,Cloud,GIANTX,fade,True,100,25,0,1,1,7,True,Flickless,GIANTX,viper,True,100,50,1,0,0,4,False,westside,GIANTX,cypher,True,100,25,0,0,0,4,False
448.682,1922,ACTIVE_ROUND,4,2,1,,13.080,,MiniBoo,Team Heretics,raze,True,95,39,0,0,1,0,False,RieNs,Team Heretics,fade,False,,50,0,0,0,5,False,Boo,Team Heretics,omen,False,,50,0,0,0,4,False,benjyfishy,Team Heretics,deadlock,True,100,50,0,0,1,5,False,Wo0t,Team Heretics,chamber,False,,40,0,0,0,4,False,grubinho,GIANTX,omen,False,,25,0,0,0,7,True,ara,GIANTX,raze,True,100,50,0,0,1,5,False,Cloud,GIANTX,fade,True,100,25,0,1,1,7,True,Flickless,GIANTX,viper,True,100,50,1,0,0,4,False,westside,GIANTX,cypher,True,100,25,0,0,0,4,False
448.915,1923,ACTIVE_ROUND,4,2,1,,13.313,,MiniBoo,Team Heretics,raze,True,95,39,0,0,1,0,False,RieNs,Team Heretics,fade,False,,50,0,0,0,5,False,Boo,Team Heretics,omen,False,,50,0,0,0,4,False,benjyfishy,Team Heretics,deadlock,True,100,50,0,0,1,5,False,Wo0t,Team Heretics,chamber,False,,40,0,0,0,4,False,grubinho,GIANTX,omen,False,,25,0,0,0,7,True,ara,GIANTX,raze,True,100,50,0,0,1,5,False,Cloud,GIANTX,fade,True,100,25,0,1,1,7,True,Flickless,GIANTX,viper,True,100,50,1,0,0,4,False,westside,GIANTX,cypher,True,100,25,0,0,0,4,False
449.149,1924,ACTIVE_ROUND,4,2,1,,13.547,,MiniBoo,Team Heretics,raze,True,95,39,0,0,1,0,False,RieNs,Team Heretics,fade,False,,50,0,0,0,5,False,Boo,Team Heretics,omen,False,,50,0,0,0,4,False,benjyfishy,Team Heretics,deadlock,True,100,50,0,0,1,5,False,Wo0t,Team Heretics,chamber,False,,40,0,0,0,4,False,grubinho,GIANTX,omen,False,,25,0,0,0,7,True,ara,GIANTX,raze,True,100,50,0,0,1,5,False,Cloud,GIANTX,fade,True,100,25,0,1,1,7,True,Flickless,GIANTX,viper,True,100,50,1,0,0,4,False,westside,GIANTX,cypher,True,100,25,0,0,0,4,False
449.382,1925,ACTIVE_ROUND,4,2,1,,13.780,,MiniBoo,Team Heretics,raze,True,95,39,0,0,1,0,False,RieNs,Team Heretics,fade,False,,50,0,0,0,5,False,Boo,Team Heretics,omen,False,,50,0,0,0,4,False,benjyfishy,Team Heretics,deadlock,True,100,50,0,0,1,5,False,Wo0t,Team Heretics,chamber,False,,40,0,0,0,4,False,grubinho,GIANTX,omen,False,,25,0,0,0,7,True,ara,GIANTX,raze,True,100,50,0,0,1,5,False,Cloud,GIANTX,fade,True,100,25,0,1,1,7,True,Flickless,GIANTX,viper,True,100,50,1,0,0,4,False,westside,GIANTX,cypher,True,100,25,0,0,0,4,False
449.616,1926,ACTIVE_ROUND,4,2,1,,14.014,,MiniBoo,Team Heretics,raze,True,95,39,0,0,1,0,False,RieNs,Team Heretics,fade,False,,50,0,0,0,5,False,Boo,Team Heretics,omen,False,,50,0,0,0,4,False,benjyfishy,Team Heretics,deadlock,True,100,50,0,0,1,5,False,Wo0t,Team Heretics,chamber,False,,40,0,0,0,4,False,grubinho,GIANTX,omen,False,,25,0,0,0,7,True,ara,GIANTX,raze,True,100,50,0,0,1,5,False,Cloud,GIANTX,fade,True,100,25,0,1,1,7,True,Flickless,GIANTX,viper,True,100,50,1,0,0,4,False,westside,GIANTX,cypher,True,100,25,0,0,0,4,False
449.849,1927,ACTIVE_ROUND,4,2,1,,14.248,,MiniBoo,Team Heretics,raze,True,95,39,0,0,0,1,False,RieNs,Team Heretics,fade,False,,50,0,0,0,5,False,Boo,Team Heretics,omen,False,,50,0,0,0,4,False,benjyfishy,Team Heretics,deadlock,True,100,50,0,0,1,5,False,Wo0t,Team Heretics,chamber,False,,40,0,0,0,4,False,grubinho,GIANTX,omen,False,,25,0,0,0,7,True,ara,GIANTX,raze,True,100,50,0,0,1,5,False,Cloud,GIANTX,fade,True,100,25,0,1,1,7,True,Flickless,GIANTX,viper,True,100,50,1,0,0,4,False,westside,GIANTX,cypher,True,100,25,0,0,0,4,False
450.083,1928,ACTIVE_ROUND,4,2,1,,14.481,,MiniBoo,Team Heretics,raze,False,,39,0,0,0,1,False,RieNs,Team Heretics,fade,False,,50,0,0,0,5,False,Boo,Team Heretics,omen,False,,50,0,0,0,4,False,benjyfishy,Team Heretics,deadlock,True,100,50,0,0,1,5,False,Wo0t,Team Heretics,chamber,False,,40,0,0,0,4,False,grubinho,GIANTX,omen,False,,25,0,0,0,7,True,ara,GIANTX,raze,True,100,50,0,0,1,5,False,Cloud,GIANTX,fade,True,100,25,0,1,1,7,True,Flickless,GIANTX,viper,True,100,50,1,0,0,4,False,westside,GIANTX,cypher,True,100,25,0,0,0,4,False
450.317,1929,ACTIVE_ROUND,4,2,1,,14.715,,MiniBoo,Team Heretics,raze,False,,39,0,0,0,1,False,RieNs,Team Heretics,fade,False,,50,0,0,0,5,False,Boo,Team Heretics,omen,False,,50,0,0,0,4,False,benjyfishy,Team Heretics,deadlock,True,100,50,0,0,1,5,False,Wo0t,Team Heretics,chamber,False,,40,0,0,0,4,False,grubinho,GIANTX,omen,False,,25,0,0,0,7,True,ara,GIANTX,raze,True,100,50,0,0,1,5,False,Cloud,GIANTX,fade,True,100,25,0,1,1,7,True,Flickless,GIANTX,viper,True,100,50,1,0,0,4,False,westside,GIANTX,cypher,True,100,25,0,0,0,4,False
450.550,1930,ACTIVE_ROUND,4,2,1,,14.948,,MiniBoo,Team Heretics,raze,False,,39,0,0,0,1,False,RieNs,Team Heretics,fade,False,,50,0,0,0,5,False,Boo,Team Heretics,omen,False,,50,0,0,0,4,False,benjyfishy,Team Heretics,deadlock,True,100,50,0,0,1,5,False,Wo0t,Team Heretics,chamber,False,,40,0,0,0,4,False,grubinho,GIANTX,omen,False,,25,0,0,0,7,True,ara,GIANTX,raze,True,100,50,0,0,1,5,False,Cloud,GIANTX,fade,True,100,25,0,1,1,7,True,Flickless,GIANTX,viper,True,100,50,1,0,0,4,False,westside,GIANTX,cypher,True,100,25,0,0,0,4,False
450.784,1931,ACTIVE_ROUND,4,2,1,,15.182,,MiniBoo,Team Heretics,raze,False,,39,0,0,0,1,False,RieNs,Team Heretics,fade,False,,50,0,0,0,5,False,Boo,Team Heretics,omen,False,,50,0,0,0,4,False,benjyfishy,Team Heretics,deadlock,True,100,50,0,0,1,5,False,Wo0t,Team Heretics,chamber,False,,40,0,0,0,4,False,grubinho,GIANTX,omen,False,,25,0,0,0,7,True,ara,GIANTX,raze,True,100,50,0,0,1,5,False,Cloud,GIANTX,fade,True,100,25,0,1,1,7,True,Flickless,GIANTX,viper,True,100,50,1,0,0,4,False,westside,GIANTX,cypher,True,100,25,0,0,0,4,False
451.017,1932,ACTIVE_ROUND,4,2,1,,15.415,,MiniBoo,Team Heretics,raze,False,,39,0,0,0,1,False,RieNs,Team Heretics,fade,False,,50,0,0,0,5,False,Boo,Team Heretics,omen,False,,50,0,0,0,4,False,benjyfishy,Team Heretics,deadlock,True,100,50,0,0,1,5,False,Wo0t,Team Heretics,chamber,False,,40,0,0,0,4,False,grubinho,GIANTX,omen,False,,25,0,0,0,7,True,ara,GIANTX,raze,True,100,50,0,0,1,5,False,Cloud,GIANTX,fade,True,100,25,0,1,1,7,True,Flickless,GIANTX,viper,True,100,50,1,0,0,4,False,westside,GIANTX,cypher,True,100,25,0,0,0,4,False
451.251,1933,ACTIVE_ROUND,4,2,1,,15.649,,MiniBoo,Team Heretics,raze,False,,39,0,0,0,1,False,RieNs,Team Heretics,fade,False,,50,0,0,0,5,False,Boo,Team Heretics,omen,False,,50,0,0,0,4,False,benjyfishy,Team Heretics,deadlock,True,100,50,0,0,1,5,False,Wo0t,Team Heretics,chamber,False,,40,0,0,0,4,False,grubinho,GIANTX,omen,False,,25,0,0,0,7,True,ara,GIANTX,raze,True,100,50,0,0,1,5,False,Cloud,GIANTX,fade,True,100,25,0,1,1,7,True,Flickless,GIANTX,viper,True,100,50,1,0,0,4,False,westside,GIANTX,cypher,True,100,25,0,0,0,4,False
451.484,1934,ACTIVE_ROUND,4,2,1,,15.883,,MiniBoo,Team Heretics,raze,False,,39,0,0,0,1,False,RieNs,Team Heretics,fade,False,,50,0,0,0,5,False,Boo,Team Heretics,omen,False,,50,0,0,0,4,False,benjyfishy,Team Heretics,deadlock,True,100,50,0,0,1,5,False,Wo0t,Team Heretics,chamber,False,,40,0,0,0,4,False,grubinho,GIANTX,omen,False,,25,0,0,0,7,True,ara,GIANTX,raze,True,100,50,0,0,1,5,False,Cloud,GIANTX,fade,True,100,25,0,1,1,7,True,Flickless,GIANTX,viper,True,100,50,1,0,0,4,False,westside,GIANTX,cypher,True,100,25,0,0,0,4,False
451.718,1935,ACTIVE_ROUND,4,2,1,,16.116,,MiniBoo,Team Heretics,raze,False,,39,0,0,0,1,False,RieNs,Team Heretics,fade,False,,50,0,0,0,5,False,Boo,Team Heretics,omen,False,,50,0,0,0,4,False,benjyfishy,Team Heretics,deadlock,True,100,50,0,0,1,5,False,Wo0t,Team Heretics,chamber,False,,40,0,0,0,4,False,grubinho,GIANTX,omen,False,,25,0,0,0,7,True,ara,GIANTX,raze,True,100,50,0,0,1,5,False,Cloud,GIANTX,fade,True,100,25,0,1,1,7,True,Flickless,GIANTX,viper,True,100,50,1,0,0,4,False,westside,GIANTX,cypher,True,100,25,0,0,0,4,False
451.952,1936,ACTIVE_ROUND,4,2,1,,16.350,,MiniBoo,Team Heretics,raze,False,,39,0,0,0,1,False,RieNs,Team Heretics,fade,False,,50,0,0,0,5,False,Boo,Team Heretics,omen,False,,50,0,0,0,4,False,benjyfishy,Team Heretics,deadlock,True,100,50,0,0,1,6,False,Wo0t,Team Heretics,chamber,False,,40,0,0,0,4,False,grubinho,GIANTX,omen,False,,25,0,0,0,7,True,ara,GIANTX,raze,True,100,50,0,0,1,5,False,Cloud,GIANTX,fade,True,100,25,0,1,0,7,True,Flickless,GIANTX,viper,True,100,50,1,0,0,4,False,westside,GIANTX,cypher,True,100,25,0,1,0,5,False
452.185,1937,ACTIVE_ROUND,4,2,1,,16.583,,MiniBoo,Team Heretics,raze,False,,39,0,0,0,1,False,RieNs,Team Heretics,fade,False,,50,0,0,0,5,False,Boo,Team Heretics,omen,False,,50,0,0,0,4,False,benjyfishy,Team Heretics,deadlock,True,100,50,0,0,1,6,False,Wo0t,Team Heretics,chamber,False,,40,0,0,0,4,False,grubinho,GIANTX,omen,False,,25,0,0,0,7,True,ara,GIANTX,raze,True,100,50,0,0,1,5,False,Cloud,GIANTX,fade,True,100,25,0,1,0,7,True,Flickless,GIANTX,viper,True,100,50,1,0,0,4,False,westside,GIANTX,cypher,False,,25,0,1,0,5,False
452.419,1938,ACTIVE_ROUND,4,2,1,,16.817,,MiniBoo,Team Heretics,raze,False,,39,0,0,0,1,False,RieNs,Team Heretics,fade,False,,50,0,0,0,5,False,Boo,Team Heretics,omen,False,,50,0,0,0,4,False,benjyfishy,Team Heretics,deadlock,True,100,50,0,0,1,6,False,Wo0t,Team Heretics,chamber,False,,40,0,0,0,4,False,grubinho,GIANTX,omen,False,,25,0,0,0,7,True,ara,GIANTX,raze,True,100,50,0,0,1,5,False,Cloud,GIANTX,fade,True,100,25,0,1,0,7,True,Flickless,GIANTX,viper,True,100,50,1,0,0,4,False,westside,GIANTX,cypher,False,,25,0,1,0,5,False
452.652,1939,ACTIVE_ROUND,4,2,1,,17.050,,MiniBoo,Team Heretics,raze,False,,39,0,0,0,1,False,RieNs,Team Heretics,fade,False,,50,0,0,0,5,False,Boo,Team Heretics,omen,False,,50,0,0,0,4,False,benjyfishy,Team Heretics,deadlock,True,100,50,0,0,1,6,False,Wo0t,Team Heretics,chamber,False,,40,0,0,0,4,False,grubinho,GIANTX,omen,False,,25,0,0,0,7,True,ara,GIANTX,raze,True,100,50,0,0,1,5,False,Cloud,GIANTX,fade,True,100,25,0,1,0,7,True,Flickless,GIANTX,viper,True,100,50,1,0,0,4,False,westside,GIANTX,cypher,False,,25,0,1,0,5,False
452.886,1940,ACTIVE_ROUND,4,2,1,,17.284,,MiniBoo,Team Heretics,raze,False,,39,0,0,0,1,False,RieNs,Team Heretics,fade,False,,50,0,0,0,5,False,Boo,Team Heretics,omen,False,,50,0,0,0,4,False,benjyfishy,Team Heretics,deadlock,True,100,50,0,0,1,6,False,Wo0t,Team Heretics,chamber,False,,40,0,0,0,4,False,grubinho,GIANTX,omen,False,,25,0,0,0,7,True,ara,GIANTX,raze,True,100,50,0,0,1,5,False,Cloud,GIANTX,fade,True,100,25,0,1,0,7,True,Flickless,GIANTX,viper,True,100,50,1,0,0,4,False,westside,GIANTX,cypher,False,,25,0,1,0,5,False
453.119,1941,ACTIVE_ROUND,4,2,1,,17.517,,MiniBoo,Team Heretics,raze,False,,39,0,0,0,1,False,RieNs,Team Heretics,fade,False,,50,0,0,0,5,False,Boo,Team Heretics,omen,False,,50,0,0,0,4,False,benjyfishy,Team Heretics,deadlock,True,100,50,0,0,1,6,False,Wo0t,Team Heretics,chamber,False,,40,0,0,0,4,False,grubinho,GIANTX,omen,False,,25,0,0,0,7,True,ara,GIANTX,raze,True,100,50,0,0,1,5,False,Cloud,GIANTX,fade,True,100,25,0,1,0,7,True,Flickless,GIANTX,viper,True,100,50,1,0,0,4,False,westside,GIANTX,cypher,False,,25,0,1,0,5,False
453.353,1942,ACTIVE_ROUND,4,2,1,,17.751,,MiniBoo,Team Heretics,raze,False,,39,0,0,0,1,False,RieNs,Team Heretics,fade,False,,50,0,0,0,5,False,Boo,Team Heretics,omen,False,,50,0,0,0,4,False,benjyfishy,Team Heretics,deadlock,True,100,50,0,0,1,6,False,Wo0t,Team Heretics,chamber,False,,40,0,0,0,4,False,grubinho,GIANTX,omen,False,,25,0,0,0,7,True,ara,GIANTX,raze,True,100,50,0,0,1,5,False,Cloud,GIANTX,fade,True,100,25,0,1,0,7,True,Flickless,GIANTX,viper,True,100,50,1,0,0,4,False,westside,GIANTX,cypher,False,,25,0,1,0,5,False
453.586,1943,ACTIVE_ROUND,4,2,1,,17.985,,MiniBoo,Team Heretics,raze,False,,39,0,0,0,1,False,RieNs,Team Heretics,fade,False,,50,0,0,0,5,False,Boo,Team Heretics,omen,False,,50,0,0,0,4,False,benjyfishy,Team Heretics,deadlock,True,100,50,0,0,1,6,False,Wo0t,Team Heretics,chamber,False,,40,0,0,0,4,False,grubinho,GIANTX,omen,False,,25,0,0,0,7,True,ara,GIANTX,raze,True,100,50,0,0,1,5,False,Cloud,GIANTX,fade,True,100,25,0,1,0,7,True,Flickless,GIANTX,viper,True,100,50,1,0,0,4,False,westside,GIANTX,cypher,False,,25,0,1,0,5,False
453.820,1944,ACTIVE_ROUND,4,2,1,,18.218,,MiniBoo,Team Heretics,raze,False,,39,0,0,0,1,False,RieNs,Team Heretics,fade,False,,50,0,0,0,5,False,Boo,Team Heretics,omen,False,,50,0,0,0,4,False,benjyfishy,Team Heretics,deadlock,True,100,50,0,0,1,6,False,Wo0t,Team Heretics,chamber,False,,40,0,0,0,4,False,grubinho,GIANTX,omen,False,,25,0,0,0,7,True,ara,GIANTX,raze,True,100,50,0,0,1,5,False,Cloud,GIANTX,fade,True,100,25,0,1,0,7,True,Flickless,GIANTX,viper,True,100,50,1,0,0,4,False,westside,GIANTX,cypher,False,,25,0,1,0,5,False
454.054,1945,ACTIVE_ROUND,4,2,1,,18.452,,MiniBoo,Team Heretics,raze,False,,39,0,0,0,1,False,RieNs,Team Heretics,fade,False,,50,0,0,0,5,False,Boo,Team Heretics,omen,False,,50,0,0,0,4,False,benjyfishy,Team Heretics,deadlock,True,100,50,0,0,1,6,False,Wo0t,Team Heretics,chamber,False,,40,0,0,0,4,False,grubinho,GIANTX,omen,False,,25,0,0,0,7,True,ara,GIANTX,raze,True,100,50,0,0,1,5,False,Cloud,GIANTX,fade,True,100,25,0,1,0,7,True,Flickless,GIANTX,viper,True,100,50,1,0,0,4,False,westside,GIANTX,cypher,False,,25,0,1,0,5,False
454.287,1946,ACTIVE_ROUND,4,2,1,,18.685,,MiniBoo,Team Heretics,raze,False,,39,0,0,0,1,False,RieNs,Team Heretics,fade,False,,50,0,0,0,5,False,Boo,Team Heretics,omen,False,,50,0,0,0,4,False,benjyfishy,Team Heretics,deadlock,True,100,50,0,0,1,6,False,Wo0t,Team Heretics,chamber,False,,40,0,0,0,4,False,grubinho,GIANTX,omen,False,,25,0,0,0,7,True,ara,GIANTX,raze,True,100,50,0,0,1,5,False,Cloud,GIANTX,fade,True,100,25,0,1,0,7,True,Flickless,GIANTX,viper,True,100,50,1,0,0,4,False,westside,GIANTX,cypher,False,,25,0,1,0,5,False
454.521,1947,ACTIVE_ROUND,4,2,1,,18.919,,MiniBoo,Team Heretics,raze,False,,39,0,0,0,1,False,RieNs,Team Heretics,fade,False,,50,0,0,0,5,False,Boo,Team Heretics,omen,False,,50,0,0,0,4,False,benjyfishy,Team Heretics,deadlock,True,100,50,0,0,1,6,False,Wo0t,Team Heretics,chamber,False,,40,0,0,0,4,False,grubinho,GIANTX,omen,False,,25,0,0,0,7,True,ara,GIANTX,raze,True,100,50,0,0,1,5,False,Cloud,GIANTX,fade,True,100,25,0,1,0,7,True,Flickless,GIANTX,viper,True,100,50,1,0,0,4,False,westside,GIANTX,cypher,False,,25,0,1,0,5,False
454.754,1948,ACTIVE_ROUND,4,2,1,,19.152,,MiniBoo,Team Heretics,raze,False,,39,0,0,0,1,False,RieNs,Team Heretics,fade,False,,50,0,0,0,5,False,Boo,Team Heretics,omen,False,,50,0,0,0,4,False,benjyfishy,Team Heretics,deadlock,True,100,50,0,0,1,6,False,Wo0t,Team Heretics,chamber,False,,40,0,0,0,4,False,grubinho,GIANTX,omen,False,,25,0,0,0,7,True,ara,GIANTX,raze,True,100,50,0,0,1,5,False,Cloud,GIANTX,fade,True,100,25,0,1,0,7,True,Flickless,GIANTX,viper,True,100,50,1,0,0,4,False,westside,GIANTX,cypher,False,,25,0,1,0,5,False
454.988,1949,ACTIVE_ROUND,4,2,1,,19.386,,MiniBoo,Team Heretics,raze,False,,39,0,0,0,1,False,RieNs,Team Heretics,fade,False,,50,0,0,0,5,False,Boo,Team Heretics,omen,False,,50,0,0,0,4,False,benjyfishy,Team Heretics,deadlock,True,100,50,0,0,1,6,False,Wo0t,Team Heretics,chamber,False,,40,0,0,0,4,False,grubinho,GIANTX,omen,False,,25,0,0,0,7,True,ara,GIANTX,raze,True,100,50,0,0,1,5,False,Cloud,GIANTX,fade,True,100,25,0,1,0,7,True,Flickless,GIANTX,viper,True,100,50,1,0,0,4,False,westside,GIANTX,cypher,False,,25,0,1,0,5,False
455.221,1950,ACTIVE_ROUND,4,2,1,,19.620,,MiniBoo,Team Heretics,raze,False,,39,0,0,0,1,False,RieNs,Team Heretics,fade,False,,50,0,0,0,5,False,Boo,Team Heretics,omen,False,,50,0,0,0,4,False,benjyfishy,Team Heretics,deadlock,True,100,50,0,0,1,6,False,Wo0t,Team Heretics,chamber,False,,40,0,0,0,4,False,grubinho,GIANTX,omen,False,,25,0,0,0,7,True,ara,GIANTX,raze,True,100,50,0,0,1,5,False,Cloud,GIANTX,fade,True,100,25,0,1,0,7,True,Flickless,GIANTX,viper,True,100,50,1,0,0,4,False,westside,GIANTX,cypher,False,,25,0,1,0,5,False
455.455,1951,ACTIVE_ROUND,4,2,1,,19.853,,MiniBoo,Team Heretics,raze,False,,39,0,0,0,1,False,RieNs,Team Heretics,fade,False,,50,0,0,0,5,False,Boo,Team Heretics,omen,False,,50,0,0,0,4,False,benjyfishy,Team Heretics,deadlock,True,100,50,0,0,1,6,False,Wo0t,Team Heretics,chamber,False,,40,0,0,0,4,False,grubinho,GIANTX,omen,False,,25,0,0,0,7,True,ara,GIANTX,raze,True,100,50,0,0,1,5,False,Cloud,GIANTX,fade,True,100,25,0,1,0,7,True,Flickless,GIANTX,viper,True,100,50,1,0,0,4,False,westside,GIANTX,cypher,False,,25,0,1,0,5,False
455.689,1952,ACTIVE_ROUND,4,2,1,,20.087,,MiniBoo,Team Heretics,raze,False,,39,0,0,0,1,False,RieNs,Team Heretics,fade,False,,50,0,0,0,5,False,Boo,Team Heretics,omen,False,,50,0,0,0,4,False,benjyfishy,Team Heretics,deadlock,True,100,50,0,0,1,6,False,Wo0t,Team Heretics,chamber,False,,40,0,0,0,4,False,grubinho,GIANTX,omen,False,,25,0,0,0,7,True,ara,GIANTX,raze,True,100,50,0,0,1,5,False,Cloud,GIANTX,fade,True,100,25,0,1,0,7,True,Flickless,GIANTX,viper,True,100,50,1,0,0,4,False,westside,GIANTX,cypher,False,,25,0,1,0,5,False
455.922,1953,ACTIVE_ROUND,4,2,1,,20.320,,MiniBoo,Team Heretics,raze,False,,39,0,0,0,1,False,RieNs,Team Heretics,fade,False,,50,0,0,0,5,False,Boo,Team Heretics,omen,False,,50,0,0,0,4,False,benjyfishy,Team Heretics,deadlock,True,100,50,0,0,1,6,False,Wo0t,Team Heretics,chamber,False,,40,0,0,0,4,False,grubinho,GIANTX,omen,False,,25,0,0,0,7,True,ara,GIANTX,raze,True,100,50,0,0,0,5,False,Cloud,GIANTX,fade,True,100,25,0,1,0,7,True,Flickless,GIANTX,viper,True,100,50,1,0,0,4,False,westside,GIANTX,cypher,False,,25,0,1,0,5,False
456.156,1954,ACTIVE_ROUND,4,2,1,,20.554,,MiniBoo,Team Heretics,raze,False,,39,0,0,0,1,False,RieNs,Team Heretics,fade,False,,50,0,0,0,5,False,Boo,Team Heretics,omen,False,,50,0,0,0,4,False,benjyfishy,Team Heretics,deadlock,True,100,50,0,0,1,6,False,Wo0t,Team Heretics,chamber,False,,40,0,0,0,4,False,grubinho,GIANTX,omen,False,,25,0,0,0,7,True,ara,GIANTX,raze,True,100,50,0,0,0,5,False,Cloud,GIANTX,fade,True,100,25,0,1,0,7,True,Flickless,GIANTX,viper,True,100,50,1,0,0,4,False,westside,GIANTX,cypher,False,,25,0,1,0,5,False
456.389,1955,ACTIVE_ROUND,4,2,1,,20.787,,MiniBoo,Team Heretics,raze,False,,39,0,0,0,1,False,RieNs,Team Heretics,fade,False,,50,0,0,0,5,False,Boo,Team Heretics,omen,False,,50,0,0,0,4,False,benjyfishy,Team Heretics,deadlock,True,100,50,0,0,1,6,False,Wo0t,Team Heretics,chamber,False,,40,0,0,0,4,False,grubinho,GIANTX,omen,False,,25,0,0,0,7,True,ara,GIANTX,raze,True,100,50,0,0,0,5,False,Cloud,GIANTX,fade,True,100,25,0,1,0,7,True,Flickless,GIANTX,viper,True,100,50,1,0,0,4,False,westside,GIANTX,cypher,False,,25,0,1,0,5,False
456.623,1956,ACTIVE_ROUND,4,2,1,,21.021,,MiniBoo,Team Heretics,raze,False,,39,0,0,0,1,False,RieNs,Team Heretics,fade,False,,50,0,0,0,5,False,Boo,Team Heretics,omen,False,,50,0,0,0,4,False,benjyfishy,Team Heretics,deadlock,True,100,50,0,0,1,6,False,Wo0t,Team Heretics,chamber,False,,40,0,0,0,4,False,grubinho,GIANTX,omen,False,,25,0,0,0,7,True,ara,GIANTX,raze,True,100,50,0,0,0,5,False,Cloud,GIANTX,fade,True,100,25,0,1,0,7,True,Flickless,GIANTX,viper,True,100,50,1,0,0,4,False,westside,GIANTX,cypher,False,,25,0,1,0,5,False
456.856,1957,ACTIVE_ROUND,4,2,1,,21.255,,MiniBoo,Team Heretics,raze,False,,39,0,0,0,1,False,RieNs,Team Heretics,fade,False,,50,0,0,0,5,False,Boo,Team Heretics,omen,False,,50,0,0,0,4,False,benjyfishy,Team Heretics,deadlock,True,100,50,0,0,1,6,False,Wo0t,Team Heretics,chamber,False,,40,0,0,0,4,False,grubinho,GIANTX,omen,False,,25,0,0,0,7,True,ara,GIANTX,raze,True,100,50,0,0,0,5,False,Cloud,GIANTX,fade,True,100,25,0,1,0,7,True,Flickless,GIANTX,viper,True,100,50,1,0,0,4,False,westside,GIANTX,cypher,False,,25,0,1,0,5,False
457.090,1958,ACTIVE_ROUND,4,2,1,,21.488,,MiniBoo,Team Heretics,raze,False,,39,0,0,0,1,False,RieNs,Team Heretics,fade,False,,50,0,0,0,5,False,Boo,Team Heretics,omen,False,,50,0,0,0,4,False,benjyfishy,Team Heretics,deadlock,True,100,50,0,0,1,6,False,Wo0t,Team Heretics,chamber,False,,40,0,0,0,4,False,grubinho,GIANTX,omen,False,,25,0,0,0,7,True,ara,GIANTX,raze,True,100,50,0,0,0,5,False,Cloud,GIANTX,fade,True,100,25,0,1,0,7,True,Flickless,GIANTX,viper,True,100,50,1,0,0,4,False,westside,GIANTX,cypher,False,,25,0,1,0,5,False
457.324,1959,ACTIVE_ROUND,4,2,1,,21.722,,MiniBoo,Team Heretics,raze,False,,39,0,0,0,1,False,RieNs,Team Heretics,fade,False,,50,0,0,0,5,False,Boo,Team Heretics,omen,False,,50,0,0,0,4,False,benjyfishy,Team Heretics,deadlock,True,100,50,0,0,1,6,False,Wo0t,Team Heretics,chamber,False,,40,0,0,0,4,False,grubinho,GIANTX,omen,False,,25,0,0,0,7,True,ara,GIANTX,raze,True,100,50,0,0,0,5,False,Cloud,GIANTX,fade,True,100,25,0,1,0,7,True,Flickless,GIANTX,viper,True,100,50,1,0,0,4,False,westside,GIANTX,cypher,False,,25,0,1,0,5,False
457.557,1960,ACTIVE_ROUND,4,2,1,,21.955,,MiniBoo,Team Heretics,raze,False,,39,0,0,0,1,False,RieNs,Team Heretics,fade,False,,50,0,0,0,5,False,Boo,Team Heretics,omen,False,,50,0,0,0,4,False,benjyfishy,Team Heretics,deadlock,True,100,50,0,0,1,6,False,Wo0t,Team Heretics,chamber,False,,40,0,0,0,4,False,grubinho,GIANTX,omen,False,,25,0,0,0,7,True,ara,GIANTX,raze,True,100,50,0,0,0,5,False,Cloud,GIANTX,fade,True,100,25,0,1,0,7,True,Flickless,GIANTX,viper,True,100,50,1,0,0,4,False,westside,GIANTX,cypher,False,,25,0,1,0,5,False
457.791,1961,ACTIVE_ROUND,4,2,1,,22.189,,MiniBoo,Team Heretics,raze,False,,39,0,0,0,1,False,RieNs,Team Heretics,fade,False,,50,0,0,0,5,False,Boo,Team Heretics,omen,False,,50,0,0,0,4,False,benjyfishy,Team Heretics,deadlock,True,100,50,0,0,1,6,False,Wo0t,Team Heretics,chamber,False,,40,0,0,0,4,False,grubinho,GIANTX,omen,False,,25,0,0,0,7,True,ara,GIANTX,raze,True,100,50,0,0,0,5,False,Cloud,GIANTX,fade,True,100,25,0,1,0,7,True,Flickless,GIANTX,viper,True,100,50,1,0,0,4,False,westside,GIANTX,cypher,False,,25,0,1,0,5,False
458.024,1962,ACTIVE_ROUND,4,2,1,,22.422,,MiniBoo,Team Heretics,raze,False,,39,0,0,0,1,False,RieNs,Team Heretics,fade,False,,50,0,0,0,5,False,Boo,Team Heretics,omen,False,,50,0,0,0,4,False,benjyfishy,Team Heretics,deadlock,True,100,50,0,0,1,6,False,Wo0t,Team Heretics,chamber,False,,40,0,0,0,4,False,grubinho,GIANTX,omen,False,,25,0,0,0,7,True,ara,GIANTX,raze,True,100,50,0,0,0,5,False,Cloud,GIANTX,fade,True,100,25,0,1,0,7,True,Flickless,GIANTX,viper,True,100,50,1,0,0,4,False,westside,GIANTX,cypher,False,,25,0,1,0,5,False
458.258,1963,ACTIVE_ROUND,4,2,1,,22.656,,MiniBoo,Team Heretics,raze,False,,39,0,0,0,1,False,RieNs,Team Heretics,fade,False,,50,0,0,0,5,False,Boo,Team Heretics,omen,False,,50,0,0,0,4,False,benjyfishy,Team Heretics,deadlock,True,100,50,0,0,1,6,False,Wo0t,Team Heretics,chamber,False,,40,0,0,0,4,False,grubinho,GIANTX,omen,False,,25,0,0,0,7,True,ara,GIANTX,raze,True,100,50,0,0,0,5,False,Cloud,GIANTX,fade,True,100,25,0,1,0,7,True,Flickless,GIANTX,viper,True,100,50,1,0,0,4,False,westside,GIANTX,cypher,False,,25,0,1,0,5,False
458.491,1964,ACTIVE_ROUND,4,2,1,,22.890,,MiniBoo,Team Heretics,raze,False,,39,0,0,0,1,False,RieNs,Team Heretics,fade,False,,50,0,0,0,5,False,Boo,Team Heretics,omen,False,,50,0,0,0,4,False,benjyfishy,Team Heretics,deadlock,True,100,50,0,0,1,6,False,Wo0t,Team Heretics,chamber,False,,40,0,0,0,4,False,grubinho,GIANTX,omen,False,,25,0,0,0,7,True,ara,GIANTX,raze,True,100,50,0,0,0,5,False,Cloud,GIANTX,fade,True,100,25,0,1,0,7,True,Flickless,GIANTX,viper,True,100,50,1,0,0,4,False,westside,GIANTX,cypher,False,,25,0,1,0,5,False
458.725,1965,ACTIVE_ROUND,4,2,1,,23.123,,MiniBoo,Team Heretics,raze,False,,39,0,0,0,1,False,RieNs,Team Heretics,fade,False,,50,0,0,0,5,False,Boo,Team Heretics,omen,False,,50,0,0,0,4,False,benjyfishy,Team Heretics,deadlock,True,100,50,0,0,1,6,False,Wo0t,Team Heretics,chamber,False,,40,0,0,0,4,False,grubinho,GIANTX,omen,False,,25,0,0,0,7,True,ara,GIANTX,raze,True,100,50,0,0,0,5,False,Cloud,GIANTX,fade,True,100,25,0,1,0,7,True,Flickless,GIANTX,viper,True,100,50,1,0,0,4,False,westside,GIANTX,cypher,False,,25,0,1,0,5,False
458.959,1966,ACTIVE_ROUND,4,2,1,,23.357,,MiniBoo,Team Heretics,raze,False,,39,0,0,0,1,False,RieNs,Team Heretics,fade,False,,50,0,0,0,5,False,Boo,Team Heretics,omen,False,,50,0,0,0,4,False,benjyfishy,Team Heretics,deadlock,True,100,50,0,0,1,6,False,Wo0t,Team Heretics,chamber,False,,40,0,0,0,4,False,grubinho,GIANTX,omen,False,,25,0,0,0,7,True,ara,GIANTX,raze,True,100,50,0,0,0,5,False,Cloud,GIANTX,fade,True,100,25,0,1,0,7,True,Flickless,GIANTX,viper,True,100,50,1,0,0,4,False,westside,GIANTX,cypher,False,,25,0,1,0,5,False
459.192,1967,ACTIVE_ROUND,4,2,1,,23.590,,MiniBoo,Team Heretics,raze,False,,39,0,0,0,1,False,RieNs,Team Heretics,fade,False,,50,0,0,0,5,False,Boo,Team Heretics,omen,False,,50,0,0,0,4,False,benjyfishy,Team Heretics,deadlock,True,100,50,0,0,1,6,False,Wo0t,Team Heretics,chamber,False,,40,0,0,0,4,False,grubinho,GIANTX,omen,False,,25,0,0,0,7,True,ara,GIANTX,raze,True,100,50,0,0,0,5,False,Cloud,GIANTX,fade,True,100,25,0,1,0,7,True,Flickless,GIANTX,viper,True,100,50,1,0,0,4,False,westside,GIANTX,cypher,False,,25,0,1,0,5,False
459.426,1968,ACTIVE_ROUND,4,2,1,,23.824,,MiniBoo,Team Heretics,raze,False,,39,0,0,0,1,False,RieNs,Team Heretics,fade,False,,50,0,0,0,5,False,Boo,Team Heretics,omen,False,,50,0,0,0,4,False,benjyfishy,Team Heretics,deadlock,True,100,50,0,0,1,6,False,Wo0t,Team Heretics,chamber,False,,40,0,0,0,4,False,grubinho,GIANTX,omen,False,,25,0,0,0,7,True,ara,GIANTX,raze,True,100,50,0,0,0,5,False,Cloud,GIANTX,fade,True,100,25,0,1,0,7,True,Flickless,GIANTX,viper,True,100,50,1,0,0,4,False,westside,GIANTX,cypher,False,,25,0,1,0,5,False
459.659,1969,ACTIVE_ROUND,4,2,1,,24.057,,MiniBoo,Team Heretics,raze,False,,39,0,0,0,1,False,RieNs,Team Heretics,fade,False,,50,0,0,0,5,False,Boo,Team Heretics,omen,False,,50,0,0,0,4,False,benjyfishy,Team Heretics,deadlock,True,100,50,0,0,1,6,False,Wo0t,Team Heretics,chamber,False,,40,0,0,0,4,False,grubinho,GIANTX,omen,False,,25,0,0,0,7,True,ara,GIANTX,raze,True,100,50,0,0,0,5,False,Cloud,GIANTX,fade,True,100,25,0,1,0,7,True,Flickless,GIANTX,viper,True,100,50,1,0,0,4,False,westside,GIANTX,cypher,False,,25,0,1,0,5,False
459.893,1970,ACTIVE_ROUND,4,2,1,,24.291,,MiniBoo,Team Heretics,raze,False,,39,0,0,0,1,False,RieNs,Team Heretics,fade,False,,50,0,0,0,5,False,Boo,Team Heretics,omen,False,,50,0,0,0,4,False,benjyfishy,Team Heretics,deadlock,True,100,50,0,0,1,6,False,Wo0t,Team Heretics,chamber,False,,40,0,0,0,4,False,grubinho,GIANTX,omen,False,,25,0,0,0,7,True,ara,GIANTX,raze,True,100,50,0,0,0,5,False,Cloud,GIANTX,fade,True,100,25,0,1,0,7,True,Flickless,GIANTX,viper,True,100,50,1,0,0,4,False,westside,GIANTX,cypher,False,,25,0,1,0,5,False
460.126,1971,ACTIVE_ROUND,4,2,1,,24.524,,MiniBoo,Team Heretics,raze,False,,39,0,0,0,1,False,RieNs,Team Heretics,fade,False,,50,0,0,0,5,False,Boo,Team Heretics,omen,False,,50,0,0,0,4,False,benjyfishy,Team Heretics,deadlock,True,100,50,0,0,1,6,False,Wo0t,Team Heretics,chamber,False,,40,0,0,0,4,False,grubinho,GIANTX,omen,False,,25,0,0,0,7,True,ara,GIANTX,raze,True,100,50,0,0,0,5,False,Cloud,GIANTX,fade,True,100,25,0,1,0,7,True,Flickless,GIANTX,viper,True,100,50,1,0,0,4,False,westside,GIANTX,cypher,False,,25,0,1,0,5,False
460.360,1972,ACTIVE_ROUND,4,2,1,,24.758,,MiniBoo,Team Heretics,raze,False,,39,0,0,0,1,False,RieNs,Team Heretics,fade,False,,50,0,0,0,5,False,Boo,Team Heretics,omen,False,,50,0,0,0,4,False,benjyfishy,Team Heretics,deadlock,True,100,50,0,0,1,6,False,Wo0t,Team Heretics,chamber,False,,40,0,0,0,4,False,grubinho,GIANTX,omen,False,,25,0,0,0,7,True,ara,GIANTX,raze,True,100,50,0,0,0,5,False,Cloud,GIANTX,fade,True,100,25,0,1,0,7,True,Flickless,GIANTX,viper,True,100,50,1,0,0,4,False,westside,GIANTX,cypher,False,,25,0,1,0,5,False
460.593,1973,ACTIVE_ROUND,4,2,1,,24.992,,MiniBoo,Team Heretics,raze,False,,39,0,0,0,1,False,RieNs,Team Heretics,fade,False,,50,0,0,0,5,False,Boo,Team Heretics,omen,False,,50,0,0,0,4,False,benjyfishy,Team Heretics,deadlock,True,100,50,0,0,1,6,False,Wo0t,Team Heretics,chamber,False,,40,0,0,0,4,False,grubinho,GIANTX,omen,False,,25,0,0,0,7,True,ara,GIANTX,raze,True,100,50,0,0,0,5,False,Cloud,GIANTX,fade,True,100,25,0,1,0,7,True,Flickless,GIANTX,viper,True,100,50,1,0,0,4,False,westside,GIANTX,cypher,False,,25,0,1,0,5,False
460.827,1974,ACTIVE_ROUND,4,2,1,,25.225,,MiniBoo,Team Heretics,raze,False,,39,0,0,0,1,False,RieNs,Team Heretics,fade,False,,50,0,0,0,5,False,Boo,Team Heretics,omen,False,,50,0,0,0,4,False,benjyfishy,Team Heretics,deadlock,True,100,50,0,0,1,6,False,Wo0t,Team Heretics,chamber,False,,40,0,0,0,4,False,grubinho,GIANTX,omen,False,,25,0,0,0,7,True,ara,GIANTX,raze,True,100,50,0,0,0,5,False,Cloud,GIANTX,fade,True,100,25,0,1,0,7,True,Flickless,GIANTX,viper,True,100,50,1,0,0,4,False,westside,GIANTX,cypher,False,,25,0,1,0,5,False
461.061,1975,ACTIVE_ROUND,4,2,1,,25.459,,MiniBoo,Team Heretics,raze,False,,39,0,0,0,1,False,RieNs,Team Heretics,fade,False,,50,0,0,0,5,False,Boo,Team Heretics,omen,False,,50,0,0,0,4,False,benjyfishy,Team Heretics,deadlock,True,100,50,0,0,1,6,False,Wo0t,Team Heretics,chamber,False,,40,0,0,0,4,False,grubinho,GIANTX,omen,False,,25,0,0,0,7,True,ara,GIANTX,raze,True,100,50,0,0,0,5,False,Cloud,GIANTX,fade,True,100,25,0,1,0,7,True,Flickless,GIANTX,viper,True,100,50,1,0,0,4,False,westside,GIANTX,cypher,False,,25,0,1,0,5,False
461.294,1976,ACTIVE_ROUND,4,2,1,,25.692,,MiniBoo,Team Heretics,raze,False,,39,0,0,0,1,False,RieNs,Team Heretics,fade,False,,50,0,0,0,5,False,Boo,Team Heretics,omen,False,,50,0,0,0,4,False,benjyfishy,Team Heretics,deadlock,True,100,50,0,0,1,6,False,Wo0t,Team Heretics,chamber,False,,40,0,0,0,4,False,grubinho,GIANTX,omen,False,,25,0,0,0,7,True,ara,GIANTX,raze,True,100,50,0,0,0,5,False,Cloud,GIANTX,fade,True,100,25,0,1,0,7,True,Flickless,GIANTX,viper,True,100,50,1,0,0,4,False,westside,GIANTX,cypher,False,,25,0,1,0,5,False
461.528,1977,ACTIVE_ROUND,4,2,1,,25.926,,MiniBoo,Team Heretics,raze,False,,39,0,0,0,1,False,RieNs,Team Heretics,fade,False,,50,0,0,0,5,False,Boo,Team Heretics,omen,False,,50,0,0,0,4,False,benjyfishy,Team Heretics,deadlock,True,100,50,0,0,1,6,False,Wo0t,Team Heretics,chamber,False,,40,0,0,0,4,False,grubinho,GIANTX,omen,False,,25,0,0,0,7,True,ara,GIANTX,raze,True,100,50,0,0,0,5,False,Cloud,GIANTX,fade,True,100,25,0,1,0,7,True,Flickless,GIANTX,viper,True,100,50,1,0,0,4,False,westside,GIANTX,cypher,False,,25,0,1,0,5,False
461.761,1978,ACTIVE_ROUND,4,2,1,,26.159,,MiniBoo,Team Heretics,raze,False,,39,0,0,0,1,False,RieNs,Team Heretics,fade,False,,50,0,0,0,5,False,Boo,Team Heretics,omen,False,,50,0,0,0,4,False,benjyfishy,Team Heretics,deadlock,True,100,50,0,0,1,6,False,Wo0t,Team Heretics,chamber,False,,40,0,0,0,4,False,grubinho,GIANTX,omen,False,,25,0,0,0,7,True,ara,GIANTX,raze,True,100,50,0,0,0,5,False,Cloud,GIANTX,fade,True,100,25,0,1,0,7,True,Flickless,GIANTX,viper,True,100,50,1,0,0,4,False,westside,GIANTX,cypher,False,,25,0,1,0,5,False
461.995,1979,ACTIVE_ROUND,4,2,1,,26.393,,MiniBoo,Team Heretics,raze,False,,39,0,0,0,1,False,RieNs,Team Heretics,fade,False,,50,0,0,0,5,False,Boo,Team Heretics,omen,False,,50,0,0,0,4,False,benjyfishy,Team Heretics,deadlock,True,100,50,0,0,1,6,False,Wo0t,Team Heretics,chamber,False,,40,0,0,0,4,False,grubinho,GIANTX,omen,False,,25,0,0,0,7,True,ara,GIANTX,raze,True,100,50,0,0,0,5,False,Cloud,GIANTX,fade,True,100,25,0,1,0,7,True,Flickless,GIANTX,viper,True,100,50,1,0,0,4,False,westside,GIANTX,cypher,False,,25,0,1,0,5,False
462.228,1980,ACTIVE_ROUND,4,2,1,,26.627,,MiniBoo,Team Heretics,raze,False,,39,0,0,0,1,False,RieNs,Team Heretics,fade,False,,50,0,0,0,5,False,Boo,Team Heretics,omen,False,,50,0,0,0,4,False,benjyfishy,Team Heretics,deadlock,True,100,50,0,0,1,6,False,Wo0t,Team Heretics,chamber,False,,40,0,0,0,4,False,grubinho,GIANTX,omen,False,,25,0,0,0,7,True,ara,GIANTX,raze,True,100,50,0,0,0,5,False,Cloud,GIANTX,fade,True,100,25,0,1,0,7,True,Flickless,GIANTX,viper,True,100,50,1,0,0,4,False,westside,GIANTX,cypher,False,,25,0,1,0,5,False
462.462,1981,ACTIVE_ROUND,4,2,1,,26.860,,MiniBoo,Team Heretics,raze,False,,39,0,0,0,1,False,RieNs,Team Heretics,fade,False,,50,0,0,0,5,False,Boo,Team Heretics,omen,False,,50,0,0,0,4,False,benjyfishy,Team Heretics,deadlock,True,100,50,0,0,1,6,False,Wo0t,Team Heretics,chamber,False,,40,0,0,0,4,False,grubinho,GIANTX,omen,False,,25,0,0,0,7,True,ara,GIANTX,raze,True,100,50,0,0,0,5,False,Cloud,GIANTX,fade,True,100,25,0,1,0,7,True,Flickless,GIANTX,viper,True,100,50,1,0,0,4,False,westside,GIANTX,cypher,False,,25,0,1,0,5,False
462.696,1982,ACTIVE_ROUND,4,2,1,,27.094,,MiniBoo,Team Heretics,raze,False,,39,0,0,0,1,False,RieNs,Team Heretics,fade,False,,50,0,0,0,5,False,Boo,Team Heretics,omen,False,,50,0,0,0,4,False,benjyfishy,Team Heretics,deadlock,True,100,50,0,0,1,6,False,Wo0t,Team Heretics,chamber,False,,40,0,0,0,4,False,grubinho,GIANTX,omen,False,,25,0,0,0,7,True,ara,GIANTX,raze,True,100,50,0,0,0,5,False,Cloud,GIANTX,fade,True,100,25,0,1,0,7,True,Flickless,GIANTX,viper,True,100,50,1,0,0,4,False,westside,GIANTX,cypher,False,,25,0,1,0,5,False
462.929,1983,ACTIVE_ROUND,4,2,1,,27.327,,MiniBoo,Team Heretics,raze,False,,39,0,0,0,1,False,RieNs,Team Heretics,fade,False,,50,0,0,0,5,False,Boo,Team Heretics,omen,False,,50,0,0,0,4,False,benjyfishy,Team Heretics,deadlock,True,100,50,0,0,0,6,False,Wo0t,Team Heretics,chamber,False,,40,0,0,0,4,False,grubinho,GIANTX,omen,False,,25,0,0,0,7,True,ara,GIANTX,raze,True,100,50,0,0,0,5,False,Cloud,GIANTX,fade,True,100,25,0,1,0,7,True,Flickless,GIANTX,viper,True,100,50,1,0,0,4,False,westside,GIANTX,cypher,False,,25,0,1,0,5,False
463.163,1984,ACTIVE_ROUND,4,2,1,,27.561,,MiniBoo,Team Heretics,raze,False,,39,0,0,0,1,False,RieNs,Team Heretics,fade,False,,50,0,0,0,5,False,Boo,Team Heretics,omen,False,,50,0,0,0,4,False,benjyfishy,Team Heretics,deadlock,True,100,50,0,0,0,6,False,Wo0t,Team Heretics,chamber,False,,40,0,0,0,4,False,grubinho,GIANTX,omen,False,,25,0,0,0,7,True,ara,GIANTX,raze,True,100,50,0,0,0,5,False,Cloud,GIANTX,fade,True,100,25,0,1,0,7,True,Flickless,GIANTX,viper,True,100,50,1,0,0,4,False,westside,GIANTX,cypher,False,,25,0,1,0,5,False
463.396,1985,ACTIVE_ROUND,4,2,1,,27.794,,MiniBoo,Team Heretics,raze,False,,39,0,0,0,1,False,RieNs,Team Heretics,fade,False,,50,0,0,0,5,False,Boo,Team Heretics,omen,False,,50,0,0,0,4,False,benjyfishy,Team Heretics,deadlock,True,100,50,0,0,0,6,False,Wo0t,Team Heretics,chamber,False,,40,0,0,0,4,False,grubinho,GIANTX,omen,False,,25,0,0,0,7,True,ara,GIANTX,raze,True,100,50,0,0,0,5,False,Cloud,GIANTX,fade,True,100,25,0,1,0,7,True,Flickless,GIANTX,viper,True,100,50,1,0,0,4,False,westside,GIANTX,cypher,False,,25,0,1,0,5,False
463.630,1986,ACTIVE_ROUND,4,2,1,,28.028,,MiniBoo,Team Heretics,raze,False,,39,0,0,0,1,False,RieNs,Team Heretics,fade,False,,50,0,0,0,5,False,Boo,Team Heretics,omen,False,,50,0,0,0,4,False,benjyfishy,Team Heretics,deadlock,True,100,50,0,0,0,6,False,Wo0t,Team Heretics,chamber,False,,40,0,0,0,4,False,grubinho,GIANTX,omen,False,,25,0,0,0,7,True,ara,GIANTX,raze,True,100,50,0,0,0,5,False,Cloud,GIANTX,fade,True,100,25,0,1,0,7,True,Flickless,GIANTX,viper,True,100,50,1,0,0,4,False,westside,GIANTX,cypher,False,,25,0,1,0,5,False
463.863,1987,ACTIVE_ROUND,4,2,1,,28.262,,MiniBoo,Team Heretics,raze,False,,39,0,0,0,1,False,RieNs,Team Heretics,fade,False,,50,0,0,0,5,False,Boo,Team Heretics,omen,False,,50,0,0,0,4,False,benjyfishy,Team Heretics,deadlock,True,100,50,0,0,0,6,False,Wo0t,Team Heretics,chamber,False,,40,0,0,0,4,False,grubinho,GIANTX,omen,False,,25,0,0,0,7,True,ara,GIANTX,raze,True,100,50,0,0,0,5,False,Cloud,GIANTX,fade,True,100,25,0,1,0,7,True,Flickless,GIANTX,viper,True,100,50,1,0,0,4,False,westside,GIANTX,cypher,False,,25,0,1,0,5,False
464.097,1988,ACTIVE_ROUND,4,2,1,,28.495,,MiniBoo,Team Heretics,raze,False,,39,0,0,0,1,False,RieNs,Team Heretics,fade,False,,50,0,0,0,5,False,Boo,Team Heretics,omen,False,,50,0,0,0,4,False,benjyfishy,Team Heretics,deadlock,True,100,50,0,0,0,6,False,Wo0t,Team Heretics,chamber,False,,40,0,0,0,4,False,grubinho,GIANTX,omen,False,,25,0,0,0,7,True,ara,GIANTX,raze,True,100,50,0,0,0,5,False,Cloud,GIANTX,fade,True,100,25,0,1,0,7,True,Flickless,GIANTX,viper,True,100,50,1,0,0,4,False,westside,GIANTX,cypher,False,,25,0,1,0,5,False
464.331,1989,ACTIVE_ROUND,4,2,1,,28.729,,MiniBoo,Team Heretics,raze,False,,39,0,0,0,1,False,RieNs,Team Heretics,fade,False,,50,0,0,0,5,False,Boo,Team Heretics,omen,False,,50,0,0,0,4,False,benjyfishy,Team Heretics,deadlock,True,100,50,0,0,0,6,False,Wo0t,Team Heretics,chamber,False,,40,0,0,0,4,False,grubinho,GIANTX,omen,False,,25,0,0,0,7,True,ara,GIANTX,raze,True,100,50,0,0,0,5,False,Cloud,GIANTX,fade,True,100,25,0,1,0,7,True,Flickless,GIANTX,viper,True,100,50,1,0,0,4,False,westside,GIANTX,cypher,False,,25,0,1,0,5,False
464.564,1990,ACTIVE_ROUND,4,2,1,,28.962,,MiniBoo,Team Heretics,raze,False,,39,0,0,0,1,False,RieNs,Team Heretics,fade,False,,50,0,0,0,5,False,Boo,Team Heretics,omen,False,,50,0,0,0,4,False,benjyfishy,Team Heretics,deadlock,True,100,50,0,0,0,6,False,Wo0t,Team Heretics,chamber,False,,40,0,0,0,4,False,grubinho,GIANTX,omen,False,,25,0,0,0,7,True,ara,GIANTX,raze,True,100,50,0,0,0,5,False,Cloud,GIANTX,fade,True,100,25,0,1,0,7,True,Flickless,GIANTX,viper,True,100,50,1,0,0,4,False,westside,GIANTX,cypher,False,,25,0,1,0,5,False
464.798,1991,ACTIVE_ROUND,4,2,1,,29.196,,MiniBoo,Team Heretics,raze,False,,39,0,0,0,1,False,RieNs,Team Heretics,fade,False,,50,0,0,0,5,False,Boo,Team Heretics,omen,False,,50,0,0,0,4,False,benjyfishy,Team Heretics,deadlock,True,100,50,0,0,0,6,False,Wo0t,Team Heretics,chamber,False,,40,0,0,0,4,False,grubinho,GIANTX,omen,False,,25,0,0,0,7,True,ara,GIANTX,raze,True,100,50,0,0,0,5,False,Cloud,GIANTX,fade,True,100,25,0,1,0,7,True,Flickless,GIANTX,viper,True,100,50,1,0,0,4,False,westside,GIANTX,cypher,False,,25,0,1,0,5,False
465.031,1992,ACTIVE_ROUND,4,2,1,,29.429,,MiniBoo,Team Heretics,raze,False,,39,0,0,0,1,False,RieNs,Team Heretics,fade,False,,50,0,0,0,5,False,Boo,Team Heretics,omen,False,,50,0,0,0,4,False,benjyfishy,Team Heretics,deadlock,True,100,50,0,0,0,6,False,Wo0t,Team Heretics,chamber,False,,40,0,0,0,4,False,grubinho,GIANTX,omen,False,,25,0,0,0,7,True,ara,GIANTX,raze,True,100,50,0,0,0,5,False,Cloud,GIANTX,fade,True,100,25,0,1,0,7,True,Flickless,GIANTX,viper,True,100,50,1,0,0,4,False,westside,GIANTX,cypher,False,,25,0,1,0,5,False
465.265,1993,ACTIVE_ROUND,4,2,1,,29.663,,MiniBoo,Team Heretics,raze,False,,39,0,0,0,1,False,RieNs,Team Heretics,fade,False,,50,0,0,0,5,False,Boo,Team Heretics,omen,False,,50,0,0,0,4,False,benjyfishy,Team Heretics,deadlock,True,100,50,0,0,0,6,False,Wo0t,Team Heretics,chamber,False,,40,0,0,0,4,False,grubinho,GIANTX,omen,False,,25,0,0,0,7,True,ara,GIANTX,raze,True,100,50,0,0,0,5,False,Cloud,GIANTX,fade,True,100,25,0,1,0,7,True,Flickless,GIANTX,viper,True,100,50,1,0,0,4,False,westside,GIANTX,cypher,False,,25,0,1,0,5,False
465.498,1994,ACTIVE_ROUND,4,2,1,,29.897,,MiniBoo,Team Heretics,raze,False,,39,0,0,0,1,False,RieNs,Team Heretics,fade,False,,50,0,0,0,5,False,Boo,Team Heretics,omen,False,,50,0,0,0,4,False,benjyfishy,Team Heretics,deadlock,True,100,50,0,0,0,6,False,Wo0t,Team Heretics,chamber,False,,40,0,0,0,4,False,grubinho,GIANTX,omen,False,,25,0,0,0,7,True,ara,GIANTX,raze,True,100,50,0,0,0,5,False,Cloud,GIANTX,fade,True,100,25,0,1,0,7,True,Flickless,GIANTX,viper,True,100,50,1,0,0,4,False,westside,GIANTX,cypher,False,,25,0,1,0,5,False
465.732,1995,ACTIVE_ROUND,4,2,1,,30.130,,MiniBoo,Team Heretics,raze,False,,39,0,0,0,1,False,RieNs,Team Heretics,fade,False,,50,0,0,0,5,False,Boo,Team Heretics,omen,False,,50,0,0,0,4,False,benjyfishy,Team Heretics,deadlock,True,100,50,0,0,0,6,False,Wo0t,Team Heretics,chamber,False,,40,0,0,0,4,False,grubinho,GIANTX,omen,False,,25,0,0,0,7,True,ara,GIANTX,raze,True,100,50,0,0,0,5,False,Cloud,GIANTX,fade,True,100,25,0,1,0,7,True,Flickless,GIANTX,viper,True,100,50,1,0,0,4,False,westside,GIANTX,cypher,False,,25,0,1,0,5,False
465.966,1996,ACTIVE_ROUND,4,2,1,,30.364,,MiniBoo,Team Heretics,raze,False,,39,0,0,0,1,False,RieNs,Team Heretics,fade,False,,50,0,0,0,5,False,Boo,Team Heretics,omen,False,,50,0,0,0,4,False,benjyfishy,Team Heretics,deadlock,True,100,50,0,0,0,6,False,Wo0t,Team Heretics,chamber,False,,40,0,0,0,4,False,grubinho,GIANTX,omen,False,,25,0,0,0,7,True,ara,GIANTX,raze,True,100,50,0,0,0,5,False,Cloud,GIANTX,fade,True,100,25,0,1,0,7,True,Flickless,GIANTX,viper,True,100,50,1,0,0,4,False,westside,GIANTX,cypher,False,,25,0,1,0,5,False
466.199,1997,ACTIVE_ROUND,4,2,1,,30.597,,MiniBoo,Team Heretics,raze,False,,39,0,0,0,1,False,RieNs,Team Heretics,fade,False,,50,0,0,0,5,False,Boo,Team Heretics,omen,False,,50,0,0,0,4,False,benjyfishy,Team Heretics,deadlock,True,100,50,0,0,0,6,False,Wo0t,Team Heretics,chamber,False,,40,0,0,0,4,False,grubinho,GIANTX,omen,False,,25,0,0,0,7,True,ara,GIANTX,raze,True,100,50,0,0,0,5,False,Cloud,GIANTX,fade,True,100,25,0,1,0,7,True,Flickless,GIANTX,viper,True,100,50,1,0,0,4,False,westside,GIANTX,cypher,False,,25,0,1,0,5,False
466.433,1998,ACTIVE_ROUND,4,2,1,,30.831,,MiniBoo,Team Heretics,raze,False,,39,0,0,0,1,False,RieNs,Team Heretics,fade,False,,50,0,0,0,5,False,Boo,Team Heretics,omen,False,,50,0,0,0,4,False,benjyfishy,Team Heretics,deadlock,True,100,50,0,0,0,6,False,Wo0t,Team Heretics,chamber,False,,40,0,0,0,4,False,grubinho,GIANTX,omen,False,,25,0,0,0,7,True,ara,GIANTX,raze,True,100,50,0,0,0,5,False,Cloud,GIANTX,fade,True,100,25,0,1,0,7,True,Flickless,GIANTX,viper,True,100,50,1,0,0,4,False,westside,GIANTX,cypher,False,,25,0,1,0,5,False
466.666,1999,ACTIVE_ROUND,4,2,1,,31.064,,MiniBoo,Team Heretics,raze,False,,39,0,0,0,1,False,RieNs,Team Heretics,fade,False,,50,0,0,0,5,False,Boo,Team Heretics,omen,False,,50,0,0,0,4,False,benjyfishy,Team Heretics,deadlock,True,100,50,0,0,0,6,False,Wo0t,Team Heretics,chamber,False,,40,0,0,0,4,False,grubinho,GIANTX,omen,False,,25,0,0,0,7,True,ara,GIANTX,raze,True,100,50,0,0,0,5,False,Cloud,GIANTX,fade,True,100,25,0,1,0,7,True,Flickless,GIANTX,viper,True,100,50,1,0,0,4,False,westside,GIANTX,cypher,False,,25,0,1,0,5,False
466.900,2000,ACTIVE_ROUND,4,2,1,,31.298,,MiniBoo,Team Heretics,raze,False,,39,0,0,0,1,False,RieNs,Team Heretics,fade,False,,50,0,0,0,5,False,Boo,Team Heretics,omen,False,,50,0,0,0,4,False,benjyfishy,Team Heretics,deadlock,True,100,50,0,0,0,6,False,Wo0t,Team Heretics,chamber,False,,40,0,0,0,4,False,grubinho,GIANTX,omen,False,,25,0,0,0,7,True,ara,GIANTX,raze,True,100,50,0,0,0,5,False,Cloud,GIANTX,fade,True,100,25,0,1,0,7,True,Flickless,GIANTX,viper,True,100,50,1,0,0,4,False,westside,GIANTX,cypher,False,,25,0,1,0,5,False
467.133,2001,ACTIVE_ROUND,4,2,1,,31.531,,MiniBoo,Team Heretics,raze,False,,39,0,0,0,1,False,RieNs,Team Heretics,fade,False,,50,0,0,0,5,False,Boo,Team Heretics,omen,False,,50,0,0,0,4,False,benjyfishy,Team Heretics,deadlock,True,100,50,0,0,0,6,False,Wo0t,Team Heretics,chamber,False,,40,0,0,0,4,False,grubinho,GIANTX,omen,False,,25,0,0,0,7,True,ara,GIANTX,raze,True,100,50,0,0,0,5,False,Cloud,GIANTX,fade,True,100,25,0,1,0,7,True,Flickless,GIANTX,viper,True,100,50,1,0,0,4,False,westside,GIANTX,cypher,False,,25,0,1,0,5,False
467.367,2002,ACTIVE_ROUND,4,2,1,,31.765,,MiniBoo,Team Heretics,raze,False,,39,0,0,0,1,False,RieNs,Team Heretics,fade,False,,50,0,0,0,5,False,Boo,Team Heretics,omen,False,,50,0,0,0,4,False,benjyfishy,Team Heretics,deadlock,True,100,50,0,0,0,6,False,Wo0t,Team Heretics,chamber,False,,40,0,0,0,4,False,grubinho,GIANTX,omen,False,,25,0,0,0,7,True,ara,GIANTX,raze,True,100,50,0,0,0,5,False,Cloud,GIANTX,fade,True,100,25,0,1,0,7,True,Flickless,GIANTX,viper,True,100,50,1,0,0,4,False,westside,GIANTX,cypher,False,,25,0,1,0,5,False
467.600,2003,ACTIVE_ROUND,4,2,1,,31.999,,MiniBoo,Team Heretics,raze,False,,39,0,0,0,1,False,RieNs,Team Heretics,fade,False,,50,0,0,0,5,False,Boo,Team Heretics,omen,False,,50,0,0,0,4,False,benjyfishy,Team Heretics,deadlock,True,100,50,0,0,0,6,False,Wo0t,Team Heretics,chamber,False,,40,0,0,0,4,False,grubinho,GIANTX,omen,False,,25,0,0,0,7,True,ara,GIANTX,raze,True,100,50,0,0,0,5,False,Cloud,GIANTX,fade,True,100,25,0,1,0,7,True,Flickless,GIANTX,viper,True,100,50,1,0,0,4,False,westside,GIANTX,cypher,False,,25,0,1,0,5,False
467.834,2004,ACTIVE_ROUND,4,2,1,,32.232,,MiniBoo,Team Heretics,raze,False,,39,0,0,0,1,False,RieNs,Team Heretics,fade,False,,50,0,0,0,5,False,Boo,Team Heretics,omen,False,,50,0,0,0,4,False,benjyfishy,Team Heretics,deadlock,True,100,50,0,0,0,6,False,Wo0t,Team Heretics,chamber,False,,40,0,0,0,4,False,grubinho,GIANTX,omen,False,,25,0,0,0,7,True,ara,GIANTX,raze,True,100,50,0,0,0,5,False,Cloud,GIANTX,fade,True,100,25,0,0,0,7,True,Flickless,GIANTX,viper,True,100,50,0,0,0,4,False,westside,GIANTX,cypher,False,,25,0,1,0,5,False
468.068,2005,ACTIVE_ROUND,4,2,1,,32.466,,MiniBoo,Team Heretics,raze,False,,39,0,0,0,1,False,RieNs,Team Heretics,fade,False,,50,0,0,0,5,False,Boo,Team Heretics,omen,False,,50,0,0,0,4,False,benjyfishy,Team Heretics,deadlock,True,100,50,0,0,0,6,False,Wo0t,Team Heretics,chamber,False,,40,0,0,0,4,False,grubinho,GIANTX,omen,False,,25,0,0,0,7,True,ara,GIANTX,raze,True,100,50,0,0,0,5,False,Cloud,GIANTX,fade,True,100,25,0,0,0,7,True,Flickless,GIANTX,viper,True,100,50,0,0,0,4,False,westside,GIANTX,cypher,False,,25,0,1,0,5,False
468.301,2006,ACTIVE_ROUND,4,2,1,,32.699,,MiniBoo,Team Heretics,raze,False,,39,0,0,0,1,False,RieNs,Team Heretics,fade,False,,50,0,0,0,5,False,Boo,Team Heretics,omen,False,,50,0,0,0,4,False,benjyfishy,Team Heretics,deadlock,True,100,50,0,0,0,6,False,Wo0t,Team Heretics,chamber,False,,40,0,0,0,4,False,grubinho,GIANTX,omen,False,,25,0,0,0,7,True,ara,GIANTX,raze,True,100,50,0,0,0,5,False,Cloud,GIANTX,fade,True,100,25,0,0,0,7,True,Flickless,GIANTX,viper,True,100,50,0,0,0,4,False,westside,GIANTX,cypher,False,,25,0,1,0,5,False
468.535,2007,ACTIVE_ROUND,4,2,1,,32.933,,MiniBoo,Team Heretics,raze,False,,39,0,0,0,1,False,RieNs,Team Heretics,fade,False,,50,0,0,0,5,False,Boo,Team Heretics,omen,False,,50,0,0,0,4,False,benjyfishy,Team Heretics,deadlock,True,100,50,0,0,0,6,False,Wo0t,Team Heretics,chamber,False,,40,0,0,0,4,False,grubinho,GIANTX,omen,False,,25,0,0,0,7,True,ara,GIANTX,raze,True,100,50,0,0,0,5,False,Cloud,GIANTX,fade,True,100,25,0,0,0,7,True,Flickless,GIANTX,viper,True,100,50,0,0,0,4,False,westside,GIANTX,cypher,False,,25,0,1,0,5,False
468.768,2008,ACTIVE_ROUND,4,2,1,,33.166,,MiniBoo,Team Heretics,raze,False,,39,0,0,0,1,False,RieNs,Team Heretics,fade,False,,50,0,0,0,5,False,Boo,Team Heretics,omen,False,,50,0,0,0,4,False,benjyfishy,Team Heretics,deadlock,True,100,50,0,0,0,6,False,Wo0t,Team Heretics,chamber,False,,40,0,0,0,4,False,grubinho,GIANTX,omen,False,,25,0,0,0,7,True,ara,GIANTX,raze,True,100,50,0,0,0,5,False,Cloud,GIANTX,fade,True,100,25,0,0,0,7,True,Flickless,GIANTX,viper,True,100,50,0,0,0,4,False,westside,GIANTX,cypher,False,,25,0,1,0,5,False
469.002,2009,ACTIVE_ROUND,4,2,1,,33.400,,MiniBoo,Team Heretics,raze,False,,39,0,0,0,1,False,RieNs,Team Heretics,fade,False,,50,0,0,0,5,False,Boo,Team Heretics,omen,False,,50,0,0,0,4,False,benjyfishy,Team Heretics,deadlock,True,99,46,0,0,0,6,False,Wo0t,Team Heretics,chamber,False,,40,0,0,0,4,False,grubinho,GIANTX,omen,False,,25,0,0,0,7,True,ara,GIANTX,raze,True,100,50,0,0,0,5,False,Cloud,GIANTX,fade,True,100,25,0,0,0,7,True,Flickless,GIANTX,viper,True,100,50,0,0,0,4,False,westside,GIANTX,cypher,False,,25,0,1,0,5,False
469.235,2010,ACTIVE_ROUND,4,2,1,,33.634,,MiniBoo,Team Heretics,raze,False,,39,0,0,0,1,False,RieNs,Team Heretics,fade,False,,50,0,0,0,5,False,Boo,Team Heretics,omen,False,,50,0,0,0,4,False,benjyfishy,Team Heretics,deadlock,True,99,46,0,0,0,6,False,Wo0t,Team Heretics,chamber,False,,40,0,0,0,4,False,grubinho,GIANTX,omen,False,,25,0,0,0,7,True,ara,GIANTX,raze,True,100,50,0,0,0,5,False,Cloud,GIANTX,fade,True,100,25,0,0,0,7,True,Flickless,GIANTX,viper,True,100,50,0,0,0,4,False,westside,GIANTX,cypher,False,,25,0,1,0,5,False
469.469,2011,ACTIVE_ROUND,4,2,1,,33.867,,MiniBoo,Team Heretics,raze,False,,39,0,0,0,1,False,RieNs,Team Heretics,fade,False,,50,0,0,0,5,False,Boo,Team Heretics,omen,False,,50,0,0,0,4,False,benjyfishy,Team Heretics,deadlock,True,99,46,0,0,0,6,False,Wo0t,Team Heretics,chamber,False,,40,0,0,0,4,False,grubinho,GIANTX,omen,False,,25,0,0,0,7,True,ara,GIANTX,raze,True,100,50,0,0,0,5,False,Cloud,GIANTX,fade,True,100,25,0,0,0,7,True,Flickless,GIANTX,viper,True,100,50,0,0,0,4,False,westside,GIANTX,cypher,False,,25,0,1,0,5,False
469.703,2012,ACTIVE_ROUND,4,2,1,,34.101,,MiniBoo,Team Heretics,raze,False,,39,0,0,0,1,False,RieNs,Team Heretics,fade,False,,50,0,0,0,5,False,Boo,Team Heretics,omen,False,,50,0,0,0,4,False,benjyfishy,Team Heretics,deadlock,True,99,46,0,0,0,6,False,Wo0t,Team Heretics,chamber,False,,40,0,0,0,4,False,grubinho,GIANTX,omen,False,,25,0,0,0,7,True,ara,GIANTX,raze,True,100,50,0,0,0,5,False,Cloud,GIANTX,fade,True,100,25,0,0,0,7,True,Flickless,GIANTX,viper,True,100,50,0,0,0,4,False,westside,GIANTX,cypher,False,,25,0,1,0,5,False
469.936,2013,ACTIVE_ROUND,4,2,1,,34.334,,MiniBoo,Team Heretics,raze,False,,39,0,0,0,1,False,RieNs,Team Heretics,fade,False,,50,0,0,0,5,False,Boo,Team Heretics,omen,False,,50,0,0,0,4,False,benjyfishy,Team Heretics,deadlock,True,46,1,0,0,0,6,False,Wo0t,Team Heretics,chamber,False,,40,0,0,0,4,False,grubinho,GIANTX,omen,False,,25,0,0,0,7,True,ara,GIANTX,raze,True,100,50,0,0,0,5,False,Cloud,GIANTX,fade,True,100,25,0,0,0,7,True,Flickless,GIANTX,viper,True,100,50,0,0,0,4,False,westside,GIANTX,cypher,False,,25,0,1,0,5,False
470.170,2014,ACTIVE_ROUND,4,2,1,,34.568,,MiniBoo,Team Heretics,raze,False,,39,0,0,0,1,False,RieNs,Team Heretics,fade,False,,50,0,0,0,5,False,Boo,Team Heretics,omen,False,,50,0,0,0,4,False,benjyfishy,Team Heretics,deadlock,True,46,1,0,0,0,6,False,Wo0t,Team Heretics,chamber,False,,40,0,0,0,4,False,grubinho,GIANTX,omen,False,,25,0,0,0,7,True,ara,GIANTX,raze,True,100,50,0,0,0,5,False,Cloud,GIANTX,fade,True,100,25,0,0,0,7,True,Flickless,GIANTX,viper,True,100,50,0,0,0,4,False,westside,GIANTX,cypher,False,,25,0,1,0,5,False
470.403,2015,ACTIVE_ROUND,4,2,1,,34.801,,MiniBoo,Team Heretics,raze,False,,39,0,0,0,1,False,RieNs,Team Heretics,fade,False,,50,0,0,0,5,False,Boo,Team Heretics,omen,False,,50,0,0,0,4,False,benjyfishy,Team Heretics,deadlock,True,46,1,0,0,0,6,False,Wo0t,Team Heretics,chamber,False,,40,0,0,0,4,False,grubinho,GIANTX,omen,False,,25,0,0,0,7,True,ara,GIANTX,raze,True,100,50,0,0,0,5,False,Cloud,GIANTX,fade,True,100,25,0,0,0,7,True,Flickless,GIANTX,viper,True,100,50,0,0,0,4,False,westside,GIANTX,cypher,False,,25,0,1,0,5,False
470.637,2016,ACTIVE_ROUND,4,2,1,,35.035,,MiniBoo,Team Heretics,raze,False,,39,0,0,0,1,False,RieNs,Team Heretics,fade,False,,50,0,0,0,5,False,Boo,Team Heretics,omen,False,,50,0,0,0,4,False,benjyfishy,Team Heretics,deadlock,True,46,1,0,0,0,6,False,Wo0t,Team Heretics,chamber,False,,40,0,0,0,4,False,grubinho,GIANTX,omen,False,,25,0,0,0,7,True,ara,GIANTX,raze,True,100,50,0,0,0,5,False,Cloud,GIANTX,fade,True,100,25,0,0,0,7,True,Flickless,GIANTX,viper,True,100,50,0,0,0,4,False,westside,GIANTX,cypher,False,,25,0,1,0,5,False
470.870,2017,ACTIVE_ROUND,4,2,1,,35.269,,MiniBoo,Team Heretics,raze,False,,39,0,0,0,1,False,RieNs,Team Heretics,fade,False,,50,0,0,0,5,False,Boo,Team Heretics,omen,False,,50,0,0,0,4,False,benjyfishy,Team Heretics,deadlock,True,58,1,0,0,0,6,False,Wo0t,Team Heretics,chamber,False,,40,0,0,0,4,False,grubinho,GIANTX,omen,False,,25,0,0,0,7,True,ara,GIANTX,raze,True,100,50,0,0,0,5,False,Cloud,GIANTX,fade,True,100,25,0,0,0,7,True,Flickless,GIANTX,viper,True,100,50,0,0,0,4,False,westside,GIANTX,cypher,False,,25,0,1,0,5,False
471.104,2018,ACTIVE_ROUND,4,2,1,,35.502,,MiniBoo,Team Heretics,raze,False,,39,0,0,0,1,False,RieNs,Team Heretics,fade,False,,50,0,0,0,5,False,Boo,Team Heretics,omen,False,,50,0,0,0,4,False,benjyfishy,Team Heretics,deadlock,True,58,1,0,0,0,6,False,Wo0t,Team Heretics,chamber,False,,40,0,0,0,4,False,grubinho,GIANTX,omen,False,,25,0,0,0,7,True,ara,GIANTX,raze,True,100,50,0,0,0,5,False,Cloud,GIANTX,fade,True,100,25,0,0,0,7,True,Flickless,GIANTX,viper,True,100,50,0,0,0,4,False,westside,GIANTX,cypher,False,,25,0,1,0,5,False
471.338,2019,ACTIVE_ROUND,4,2,1,,35.736,,MiniBoo,Team Heretics,raze,False,,39,0,0,0,1,False,RieNs,Team Heretics,fade,False,,50,0,0,0,5,False,Boo,Team Heretics,omen,False,,50,0,0,0,4,False,benjyfishy,Team Heretics,deadlock,True,58,1,0,0,0,6,False,Wo0t,Team Heretics,chamber,False,,40,0,0,0,4,False,grubinho,GIANTX,omen,False,,25,0,0,0,7,True,ara,GIANTX,raze,True,100,50,0,0,0,5,False,Cloud,GIANTX,fade,True,100,25,0,0,0,7,True,Flickless,GIANTX,viper,True,100,50,0,0,0,4,False,westside,GIANTX,cypher,False,,25,0,1,0,5,False
471.571,2020,POST_ROUND,4,2,2,,,0.000,MiniBoo,Team Heretics,raze,False,,39,0,0,0,1,False,RieNs,Team Heretics,fade,False,,50,0,0,0,5,False,Boo,Team Heretics,omen,False,,50,0,0,0,4,False,benjyfishy,Team Heretics,deadlock,True,58,1,0,0,0,6,False,Wo0t,Team Heretics,chamber,False,,40,0,0,0,4,False,grubinho,GIANTX,omen,False,,25,0,0,0,7,True,ara,GIANTX,raze,True,100,50,0,0,0,5,False,Cloud,GIANTX,fade,True,100,25,0,0,0,7,True,Flickless,GIANTX,viper,True,100,50,0,0,0,4,False,westside,GIANTX,cypher,False,,25,0,1,0,5,False
471.805,2021,POST_ROUND,4,2,2,,,0.234,MiniBoo,Team Heretics,raze,False,,39,0,0,0,1,False,RieNs,Team Heretics,fade,False,,50,0,0,0,5,False,Boo,Team Heretics,omen,False,,50,0,0,0,4,False,benjyfishy,Team Heretics,deadlock,False,,1,0,0,0,7,True,Wo0t,Team Heretics,chamber,False,,40,0,0,0,4,False,grubinho,GIANTX,omen,False,,25,0,0,0,7,True,ara,GIANTX,raze,True,100,50,0,0,0,5,False,Cloud,GIANTX,fade,True,100,25,0,0,0,7,True,Flickless,GIANTX,viper,True,100,50,0,0,0,4,False,westside,GIANTX,cypher,False,,25,0,1,0,5,False
472.038,2022,POST_ROUND,4,2,2,,,0.467,MiniBoo,Team Heretics,raze,False,,39,0,0,0,1,False,RieNs,Team Heretics,fade,False,,50,0,0,0,5,False,Boo,Team Heretics,omen,False,,50,0,0,0,4,False,benjyfishy,Team Heretics,deadlock,False,,1,0,0,0,7,True,Wo0t,Team Heretics,chamber,False,,40,0,0,0,4,False,grubinho,GIANTX,omen,False,,25,0,0,0,7,True,ara,GIANTX,raze,True,100,50,0,0,0,5,False,Cloud,GIANTX,fade,True,100,25,0,0,0,7,True,Flickless,GIANTX,viper,True,100,50,0,0,0,4,False,westside,GIANTX,cypher,False,,25,0,1,0,5,False
472.272,2023,POST_ROUND,4,2,2,,,0.701,MiniBoo,Team Heretics,raze,False,,39,0,0,0,1,False,RieNs,Team Heretics,fade,False,,50,0,0,0,5,False,Boo,Team Heretics,omen,False,,50,0,0,0,4,False,benjyfishy,Team Heretics,deadlock,False,,1,0,0,0,7,True,Wo0t,Team Heretics,chamber,False,,40,0,0,0,4,False,grubinho,GIANTX,omen,False,,25,0,0,0,7,True,ara,GIANTX,raze,True,100,50,0,0,0,5,False,Cloud,GIANTX,fade,True,100,25,0,0,0,7,True,Flickless,GIANTX,viper,True,100,50,0,0,0,4,False,westside,GIANTX,cypher,False,,25,0,1,0,5,False
472.505,2024,POST_ROUND,4,2,2,,,0.934,MiniBoo,Team Heretics,raze,False,,39,0,0,0,1,False,RieNs,Team Heretics,fade,False,,50,0,0,0,5,False,Boo,Team Heretics,omen,False,,50,0,0,0,4,False,benjyfishy,Team Heretics,deadlock,False,,1,0,0,0,7,True,Wo0t,Team Heretics,chamber,False,,40,0,0,0,4,False,grubinho,GIANTX,omen,False,,25,0,0,0,7,True,ara,GIANTX,raze,True,100,50,0,0,0,5,False,Cloud,GIANTX,fade,True,100,25,0,0,0,7,True,Flickless,GIANTX,viper,True,100,50,0,0,0,4,False,westside,GIANTX,cypher,False,,25,0,1,0,5,False
472.739,2025,POST_ROUND,4,2,2,,,1.168,MiniBoo,Team Heretics,raze,False,,39,0,0,0,1,False,RieNs,Team Heretics,fade,False,,50,0,0,0,5,False,Boo,Team Heretics,omen,False,,50,0,0,0,4,False,benjyfishy,Team Heretics,deadlock,False,,1,0,0,0,7,True,Wo0t,Team Heretics,chamber,False,,40,0,0,0,4,False,grubinho,GIANTX,omen,False,,25,0,0,0,7,True,ara,GIANTX,raze,True,100,50,0,0,0,5,False,Cloud,GIANTX,fade,True,100,25,0,0,0,7,True,Flickless,GIANTX,viper,True,100,50,0,0,0,4,False,westside,GIANTX,cypher,False,,25,0,1,0,5,False
472.973,2026,POST_ROUND,4,2,2,,,1.401,MiniBoo,Team Heretics,raze,False,,39,0,0,0,1,False,RieNs,Team Heretics,fade,False,,50,0,0,0,5,False,Boo,Team Heretics,omen,False,,50,0,0,0,4,False,benjyfishy,Team Heretics,deadlock,False,,1,0,0,0,7,True,Wo0t,Team Heretics,chamber,False,,40,0,0,0,4,False,grubinho,GIANTX,omen,False,,25,0,0,0,7,True,ara,GIANTX,raze,True,100,50,0,0,0,5,False,Cloud,GIANTX,fade,True,100,25,0,0,0,7,True,Flickless,GIANTX,viper,True,100,50,0,0,0,4,False,westside,GIANTX,cypher,False,,25,0,1,0,5,False
473.206,2027,POST_ROUND,4,2,2,,,1.635,MiniBoo,Team Heretics,raze,False,,39,0,0,0,1,False,RieNs,Team Heretics,fade,False,,50,0,0,0,5,False,Boo,Team Heretics,omen,False,,50,0,0,0,4,False,benjyfishy,Team Heretics,deadlock,False,,1,0,0,0,7,True,Wo0t,Team Heretics,chamber,False,,40,0,0,0,4,False,grubinho,GIANTX,omen,False,,25,0,0,0,7,True,ara,GIANTX,raze,True,100,50,0,0,0,5,False,Cloud,GIANTX,fade,True,100,25,0,0,0,7,True,Flickless,GIANTX,viper,True,100,50,0,0,0,4,False,westside,GIANTX,cypher,False,,25,0,1,0,5,False
473.440,2028,POST_ROUND,4,2,2,,,1.869,MiniBoo,Team Heretics,raze,False,,39,0,0,0,1,False,RieNs,Team Heretics,fade,False,,50,0,0,0,5,False,Boo,Team Heretics,omen,False,,50,0,0,0,4,False,benjyfishy,Team Heretics,deadlock,False,,1,0,0,0,7,True,Wo0t,Team Heretics,chamber,False,,40,0,0,0,4,False,grubinho,GIANTX,omen,False,,25,0,0,0,7,True,ara,GIANTX,raze,True,100,50,0,0,0,5,False,Cloud,GIANTX,fade,True,100,25,0,0,0,7,True,Flickless,GIANTX,viper,True,100,50,0,0,0,4,False,westside,GIANTX,cypher,False,,25,0,1,0,5,False
473.673,2029,POST_ROUND,4,2,2,,,2.102,MiniBoo,Team Heretics,raze,False,,39,0,0,0,1,False,RieNs,Team Heretics,fade,False,,50,0,0,0,5,False,Boo,Team Heretics,omen,False,,50,0,0,0,4,False,benjyfishy,Team Heretics,deadlock,False,,1,0,0,0,7,True,Wo0t,Team Heretics,chamber,False,,40,0,0,0,4,False,grubinho,GIANTX,omen,False,,25,0,0,0,7,True,ara,GIANTX,raze,True,100,50,0,0,0,5,False,Cloud,GIANTX,fade,True,100,25,0,0,0,7,True,Flickless,GIANTX,viper,True,100,50,0,0,0,4,False,westside,GIANTX,cypher,False,,25,0,1,0,5,False
473.907,2030,POST_ROUND,4,2,2,,,2.336,MiniBoo,Team Heretics,raze,False,,39,0,0,0,1,False,RieNs,Team Heretics,fade,False,,50,0,0,0,5,False,Boo,Team Heretics,omen,False,,50,0,0,0,4,False,benjyfishy,Team Heretics,deadlock,False,,1,0,0,0,7,True,Wo0t,Team Heretics,chamber,False,,40,0,0,0,4,False,grubinho,GIANTX,omen,False,,25,0,0,0,7,True,ara,GIANTX,raze,True,100,50,0,0,0,5,False,Cloud,GIANTX,fade,True,100,25,0,0,0,7,True,Flickless,GIANTX,viper,True,100,50,0,0,0,4,False,westside,GIANTX,cypher,False,,25,0,1,0,5,False
474.140,2031,POST_ROUND,4,2,2,,,2.569,MiniBoo,Team Heretics,raze,False,,39,0,0,0,1,False,RieNs,Team Heretics,fade,False,,50,0,0,0,5,False,Boo,Team Heretics,omen,False,,50,0,0,0,4,False,benjyfishy,Team Heretics,deadlock,False,,1,0,0,0,7,True,Wo0t,Team Heretics,chamber,False,,40,0,0,0,4,False,grubinho,GIANTX,omen,False,,25,0,0,0,7,True,ara,GIANTX,raze,True,100,50,0,0,0,5,False,Cloud,GIANTX,fade,True,100,25,0,0,0,7,True,Flickless,GIANTX,viper,True,100,50,0,0,0,4,False,westside,GIANTX,cypher,False,,25,0,1,0,5,False
474.374,2032,POST_ROUND,4,2,2,,,2.803,MiniBoo,Team Heretics,raze,False,,39,0,0,0,1,False,RieNs,Team Heretics,fade,False,,50,0,0,0,5,False,Boo,Team Heretics,omen,False,,50,0,0,0,4,False,benjyfishy,Team Heretics,deadlock,False,,1,0,0,0,7,True,Wo0t,Team Heretics,chamber,False,,40,0,0,0,4,False,grubinho,GIANTX,omen,False,,25,0,0,0,7,True,ara,GIANTX,raze,True,100,50,0,0,0,5,False,Cloud,GIANTX,fade,True,100,25,0,0,0,7,True,Flickless,GIANTX,viper,True,100,50,0,0,0,4,False,westside,GIANTX,cypher,False,,25,0,1,0,5,False
474.607,2033,POST_ROUND,4,2,2,,,3.036,MiniBoo,Team Heretics,raze,False,,39,0,0,0,1,False,RieNs,Team Heretics,fade,False,,50,0,0,0,5,False,Boo,Team Heretics,omen,False,,50,0,0,0,4,False,benjyfishy,Team Heretics,deadlock,False,,1,0,0,0,7,True,Wo0t,Team Heretics,chamber,False,,40,0,0,0,4,False,grubinho,GIANTX,omen,False,,25,0,0,0,7,True,ara,GIANTX,raze,True,100,50,0,0,0,5,False,Cloud,GIANTX,fade,True,100,25,0,0,0,7,True,Flickless,GIANTX,viper,True,100,50,0,0,0,4,False,westside,GIANTX,cypher,False,,25,0,1,0,5,False
474.841,2034,POST_ROUND,4,2,2,,,3.270,MiniBoo,Team Heretics,raze,False,,39,0,0,0,1,False,RieNs,Team Heretics,fade,False,,50,0,0,0,5,False,Boo,Team Heretics,omen,False,,50,0,0,0,4,False,benjyfishy,Team Heretics,deadlock,False,,1,0,0,0,7,True,Wo0t,Team Heretics,chamber,False,,40,0,0,0,4,False,grubinho,GIANTX,omen,False,,25,0,0,0,7,True,ara,GIANTX,raze,True,100,50,0,0,0,5,False,Cloud,GIANTX,fade,True,100,25,0,0,0,7,True,Flickless,GIANTX,viper,True,100,50,0,0,0,4,False,westside,GIANTX,cypher,False,,25,0,1,0,5,False
475.075,2035,POST_ROUND,4,2,2,,,3.504,MiniBoo,Team Heretics,raze,False,,39,0,0,0,1,False,RieNs,Team Heretics,fade,False,,50,0,0,0,5,False,Boo,Team Heretics,omen,False,,50,0,0,0,4,False,benjyfishy,Team Heretics,deadlock,False,,1,0,0,0,7,True,Wo0t,Team Heretics,chamber,False,,40,0,0,0,4,False,grubinho,GIANTX,omen,False,,25,0,0,0,7,True,ara,GIANTX,raze,True,100,50,0,0,0,5,False,Cloud,GIANTX,fade,True,100,25,0,0,0,7,True,Flickless,GIANTX,viper,True,100,50,0,0,0,4,False,westside,GIANTX,cypher,False,,25,0,1,0,5,False
475.308,2036,POST_ROUND,4,2,2,,,3.737,MiniBoo,Team Heretics,raze,False,,39,0,0,0,1,False,RieNs,Team Heretics,fade,False,,50,0,0,0,5,False,Boo,Team Heretics,omen,False,,50,0,0,0,4,False,benjyfishy,Team Heretics,deadlock,False,,1,0,0,0,7,True,Wo0t,Team Heretics,chamber,False,,40,0,0,0,4,False,grubinho,GIANTX,omen,False,,25,0,0,0,7,True,ara,GIANTX,raze,True,100,50,0,0,0,5,False,Cloud,GIANTX,fade,True,100,25,0,0,0,7,True,Flickless,GIANTX,viper,True,100,50,0,0,0,4,False,westside,GIANTX,cypher,False,,25,0,1,0,5,False
475.542,2037,POST_ROUND,4,2,2,,,3.971,MiniBoo,Team Heretics,raze,False,,39,0,0,0,1,False,RieNs,Team Heretics,fade,False,,50,0,0,0,5,False,Boo,Team Heretics,omen,False,,50,0,0,0,4,False,benjyfishy,Team Heretics,deadlock,False,,1,0,0,0,7,True,Wo0t,Team Heretics,chamber,False,,40,0,0,0,4,False,grubinho,GIANTX,omen,False,,25,0,0,0,7,True,ara,GIANTX,raze,True,100,50,0,0,0,5,False,Cloud,GIANTX,fade,True,100,25,0,0,0,7,True,Flickless,GIANTX,viper,True,100,50,0,0,0,4,False,westside,GIANTX,cypher,False,,25,0,1,0,5,False
475.775,2038,POST_ROUND,4,2,2,,,4.204,MiniBoo,Team Heretics,raze,False,,39,0,0,0,1,False,RieNs,Team Heretics,fade,False,,50,0,0,0,5,False,Boo,Team Heretics,omen,False,,50,0,0,0,4,False,benjyfishy,Team Heretics,deadlock,False,,1,0,0,0,7,True,Wo0t,Team Heretics,chamber,False,,40,0,0,0,4,False,grubinho,GIANTX,omen,False,,25,0,0,0,7,True,ara,GIANTX,raze,True,100,50,0,0,0,5,False,Cloud,GIANTX,fade,True,100,25,0,0,0,7,True,Flickless,GIANTX,viper,True,100,50,0,0,0,4,False,westside,GIANTX,cypher,False,,25,0,1,0,5,False
476.009,2039,POST_ROUND,4,2,2,,,4.438,MiniBoo,Team Heretics,raze,False,,39,0,0,0,1,False,RieNs,Team Heretics,fade,False,,50,0,0,0,5,False,Boo,Team Heretics,omen,False,,50,0,0,0,4,False,benjyfishy,Team Heretics,deadlock,False,,1,0,0,0,7,True,Wo0t,Team Heretics,chamber,False,,40,0,0,0,4,False,grubinho,GIANTX,omen,False,,25,0,0,0,7,True,ara,GIANTX,raze,True,100,50,0,0,0,5,False,Cloud,GIANTX,fade,True,100,25,0,0,0,7,True,Flickless,GIANTX,viper,True,100,50,0,0,0,4,False,westside,GIANTX,cypher,False,,25,0,1,0,5,False
476.242,2040,POST_ROUND,4,2,2,,,4.671,MiniBoo,Team Heretics,raze,False,,39,0,0,0,1,False,RieNs,Team Heretics,fade,False,,50,0,0,0,5,False,Boo,Team Heretics,omen,False,,50,0,0,0,4,False,benjyfishy,Team Heretics,deadlock,False,,1,0,0,0,7,True,Wo0t,Team Heretics,chamber,False,,40,0,0,0,4,False,grubinho,GIANTX,omen,False,,25,0,0,0,7,True,ara,GIANTX,raze,True,100,50,0,0,0,5,False,Cloud,GIANTX,fade,True,100,25,0,0,0,7,True,Flickless,GIANTX,viper,True,100,50,0,0,0,4,False,westside,GIANTX,cypher,False,,25,0,1,0,5,False
476.476,2041,POST_ROUND,4,2,2,,,4.905,MiniBoo,Team Heretics,raze,False,,39,0,0,0,1,False,RieNs,Team Heretics,fade,False,,50,0,0,0,5,False,Boo,Team Heretics,omen,False,,50,0,0,0,4,False,benjyfishy,Team Heretics,deadlock,False,,1,0,0,0,7,True,Wo0t,Team Heretics,chamber,False,,40,0,0,0,4,False,grubinho,GIANTX,omen,False,,25,0,0,0,7,True,ara,GIANTX,raze,True,100,50,0,0,0,5,False,Cloud,GIANTX,fade,True,100,25,0,0,0,7,True,Flickless,GIANTX,viper,True,100,50,0,0,0,4,False,westside,GIANTX,cypher,False,,25,0,1,0,5,False
476.710,2042,POST_ROUND,4,2,2,,,5.138,MiniBoo,Team Heretics,raze,False,,39,0,0,0,1,False,RieNs,Team Heretics,fade,False,,50,0,0,0,5,False,Boo,Team Heretics,omen,False,,50,0,0,0,4,False,benjyfishy,Team Heretics,deadlock,False,,1,0,0,0,7,True,Wo0t,Team Heretics,chamber,False,,40,0,0,0,4,False,grubinho,GIANTX,omen,False,,25,0,0,0,7,True,ara,GIANTX,raze,True,100,50,0,0,0,5,False,Cloud,GIANTX,fade,True,100,25,0,0,0,7,True,Flickless,GIANTX,viper,True,100,50,0,0,0,4,False,westside,GIANTX,cypher,False,,25,0,1,0,5,False
476.943,2043,POST_ROUND,4,2,2,,,5.372,MiniBoo,Team Heretics,raze,False,,39,0,0,0,1,False,RieNs,Team Heretics,fade,False,,50,0,0,0,5,False,Boo,Team Heretics,omen,False,,50,0,0,0,4,False,benjyfishy,Team Heretics,deadlock,False,,1,0,0,0,7,True,Wo0t,Team Heretics,chamber,False,,40,0,0,0,4,False,grubinho,GIANTX,omen,False,,25,0,0,0,7,True,ara,GIANTX,raze,True,100,50,0,0,0,5,False,Cloud,GIANTX,fade,True,100,25,0,0,0,7,True,Flickless,GIANTX,viper,True,100,50,0,0,0,4,False,westside,GIANTX,cypher,False,,25,0,1,0,5,False
477.177,2044,POST_ROUND,4,2,2,,,5.606,MiniBoo,Team Heretics,raze,False,,39,0,0,0,1,False,RieNs,Team Heretics,fade,False,,50,0,0,0,5,False,Boo,Team Heretics,omen,False,,50,0,0,0,4,False,benjyfishy,Team Heretics,deadlock,False,,1,0,0,0,7,True,Wo0t,Team Heretics,chamber,False,,40,0,0,0,4,False,grubinho,GIANTX,omen,False,,25,0,0,0,7,True,ara,GIANTX,raze,True,100,50,0,0,0,5,False,Cloud,GIANTX,fade,True,100,25,0,0,0,7,True,Flickless,GIANTX,viper,True,100,50,0,0,0,4,False,westside,GIANTX,cypher,False,,25,0,1,0,5,False
477.410,2045,POST_ROUND,4,2,2,,,5.839,MiniBoo,Team Heretics,raze,False,,39,0,0,0,1,False,RieNs,Team Heretics,fade,False,,50,0,0,0,5,False,Boo,Team Heretics,omen,False,,50,0,0,0,4,False,benjyfishy,Team Heretics,deadlock,False,,1,0,0,0,7,True,Wo0t,Team Heretics,chamber,False,,40,0,0,0,4,False,grubinho,GIANTX,omen,False,,25,0,0,0,7,True,ara,GIANTX,raze,True,100,50,0,0,0,5,False,Cloud,GIANTX,fade,True,100,25,0,0,0,7,True,Flickless,GIANTX,viper,True,100,50,0,0,0,4,False,westside,GIANTX,cypher,False,,25,0,1,0,5,False
477.644,2046,POST_ROUND,4,2,2,,,6.073,MiniBoo,Team Heretics,raze,False,,39,0,0,0,1,False,RieNs,Team Heretics,fade,False,,50,0,0,0,5,False,Boo,Team Heretics,omen,False,,50,0,0,0,4,False,benjyfishy,Team Heretics,deadlock,False,,1,0,0,0,7,True,Wo0t,Team Heretics,chamber,False,,40,0,0,0,4,False,grubinho,GIANTX,omen,False,,25,0,0,0,7,True,ara,GIANTX,raze,True,100,50,0,0,0,5,False,Cloud,GIANTX,fade,True,100,25,0,0,0,7,True,Flickless,GIANTX,viper,True,100,50,0,0,0,4,False,westside,GIANTX,cypher,False,,25,0,1,0,5,False
477.877,2047,POST_ROUND,4,2,2,,,6.306,MiniBoo,Team Heretics,raze,False,,39,0,0,0,1,False,RieNs,Team Heretics,fade,False,,50,0,0,0,5,False,Boo,Team Heretics,omen,False,,50,0,0,0,4,False,benjyfishy,Team Heretics,deadlock,False,,1,0,0,0,7,True,Wo0t,Team Heretics,chamber,False,,40,0,0,0,4,False,grubinho,GIANTX,omen,False,,25,0,0,0,7,True,ara,GIANTX,raze,True,100,50,0,0,0,5,False,Cloud,GIANTX,fade,True,100,25,0,0,0,7,True,Flickless,GIANTX,viper,True,100,50,0,0,0,4,False,westside,GIANTX,cypher,False,,25,0,1,0,5,False
478.111,2048,POST_ROUND,4,2,2,,,6.540,MiniBoo,Team Heretics,raze,False,,39,0,0,0,1,False,RieNs,Team Heretics,fade,False,,50,0,0,0,5,False,Boo,Team Heretics,omen,False,,50,0,0,0,4,False,benjyfishy,Team Heretics,deadlock,False,,1,0,0,0,7,True,Wo0t,Team Heretics,chamber,False,,40,0,0,0,4,False,grubinho,GIANTX,omen,False,,25,0,0,0,7,True,ara,GIANTX,raze,True,100,50,0,0,0,5,False,Cloud,GIANTX,fade,True,100,25,0,0,0,7,True,Flickless,GIANTX,viper,True,100,50,0,0,0,4,False,westside,GIANTX,cypher,False,,25,0,1,0,5,False
497.497,2131,PREROUND,5,2,2,,,,MiniBoo,Team Heretics,raze,True,,,1,2,1,1,False,RieNs,Team Heretics,fade,True,,,2,1,1,6,False,Boo,Team Heretics,omen,True,,,2,1,2,4,False,benjyfishy,Team Heretics,deadlock,True,,,1,1,1,7,True,Wo0t,Team Heretics,chamber,True,,,0,8,1,5,False,grubinho,GIANTX,omen,True,,,2,1,2,7,True,ara,GIANTX,raze,True,,,1,2,1,5,False,Cloud,GIANTX,fade,True,,,2,1,1,7,True,Flickless,GIANTX,viper,True,,,1,1,0,4,False,westside,GIANTX,cypher,True,,,0,2,1,5,False
497.731,2132,PREROUND,5,2,2,,,,MiniBoo,Team Heretics,raze,True,,,1,2,1,1,False,RieNs,Team Heretics,fade,True,,,2,1,1,6,False,Boo,Team Heretics,omen,True,,,2,1,2,4,False,benjyfishy,Team Heretics,deadlock,True,,,1,1,1,7,True,Wo0t,Team Heretics,chamber,True,,,0,8,1,5,False,grubinho,GIANTX,omen,True,,,2,1,2,7,True,ara,GIANTX,raze,True,,,1,2,1,5,False,Cloud,GIANTX,fade,True,,,2,1,1,7,True,Flickless,GIANTX,viper,True,,,1,1,0,4,False,westside,GIANTX,cypher,True,,,0,2,1,5,False
497.964,2133,PREROUND,5,2,2,,,,MiniBoo,Team Heretics,raze,True,,,1,2,1,1,False,RieNs,Team Heretics,fade,True,,,2,1,1,6,False,Boo,Team Heretics,omen,True,,,2,1,2,4,False,benjyfishy,Team Heretics,deadlock,True,,,1,1,1,7,True,Wo0t,Team Heretics,chamber,True,,,0,8,1,5,False,grubinho,GIANTX,omen,True,,,2,1,2,7,True,ara,GIANTX,raze,True,,,1,2,1,5,False,Cloud,GIANTX,fade,True,,,2,1,1,7,True,Flickless,GIANTX,viper,True,,,1,1,0,4,False,westside,GIANTX,cypher,True,,,0,2,1,5,False
498.198,2134,PREROUND,5,2,2,,,,MiniBoo,Team Heretics,raze,True,,,1,2,1,1,False,RieNs,Team Heretics,fade,True,,,2,1,1,6,False,Boo,Team Heretics,omen,True,,,2,1,2,4,False,benjyfishy,Team Heretics,deadlock,True,,,1,1,1,7,True,Wo0t,Team Heretics,chamber,True,,,0,8,1,5,False,grubinho,GIANTX,omen,True,,,2,1,2,7,True,ara,GIANTX,raze,True,,,1,2,1,5,False,Cloud,GIANTX,fade,True,,,2,1,1,7,True,Flickless,GIANTX,viper,True,,,1,1,0,4,False,westside,GIANTX,cypher,True,,,0,2,1,5,False
498.431,2135,PREROUND,5,2,2,,,,MiniBoo,Team Heretics,raze,True,,,1,2,1,1,False,RieNs,Team Heretics,fade,True,,,2,1,1,6,False,Boo,Team Heretics,omen,True,,,2,1,2,4,False,benjyfishy,Team Heretics,deadlock,True,,,1,1,1,7,True,Wo0t,Team Heretics,chamber,True,,,0,8,1,5,False,grubinho,GIANTX,omen,True,,,2,1,2,7,True,ara,GIANTX,raze,True,,,1,2,1,5,False,Cloud,GIANTX,fade,True,,,2,1,1,7,True,Flickless,GIANTX,viper,True,,,1,1,0,4,False,westside,GIANTX,cypher,True,,,0,2,1,5,False
498.665,2136,PREROUND,5,2,2,,,,MiniBoo,Team Heretics,raze,True,,,1,2,1,1,False,RieNs,Team Heretics,fade,True,,,2,1,1,6,False,Boo,Team Heretics,omen,True,,,2,1,2,4,False,benjyfishy,Team Heretics,deadlock,True,,,1,1,1,7,True,Wo0t,Team Heretics,chamber,True,,,0,8,1,5,False,grubinho,GIANTX,omen,True,,,2,1,2,7,True,ara,GIANTX,raze,True,,,1,2,1,5,False,Cloud,GIANTX,fade,True,,,2,1,1,7,True,Flickless,GIANTX,viper,True,,,1,1,0,4,False,westside,GIANTX,cypher,True,,,0,2,1,5,False
498.898,2137,PREROUND,5,2,2,,,,MiniBoo,Team Heretics,raze,True,,,1,2,1,1,False,RieNs,Team Heretics,fade,True,,,2,1,1,6,False,Boo,Team Heretics,omen,True,,,2,1,2,4,False,benjyfishy,Team Heretics,deadlock,True,,,1,1,1,7,True,Wo0t,Team Heretics,chamber,True,,,0,8,1,5,False,grubinho,GIANTX,omen,True,,,2,1,2,7,True,ara,GIANTX,raze,True,,,1,2,1,5,False,Cloud,GIANTX,fade,True,,,2,1,1,7,True,Flickless,GIANTX,viper,True,,,1,1,0,4,False,westside,GIANTX,cypher,True,,,0,2,1,5,False
499.132,2138,PREROUND,5,2,2,,,,MiniBoo,Team Heretics,raze,True,,,1,2,1,1,False,RieNs,Team Heretics,fade,True,,,2,1,1,6,False,Boo,Team Heretics,omen,True,,,2,1,2,4,False,benjyfishy,Team Heretics,deadlock,True,,,1,1,1,7,True,Wo0t,Team Heretics,chamber,True,,,0,8,1,5,False,grubinho,GIANTX,omen,True,,,2,1,2,7,True,ara,GIANTX,raze,True,,,1,2,1,5,False,Cloud,GIANTX,fade,True,,,2,1,1,7,True,Flickless,GIANTX,viper,True,,,1,1,0,4,False,westside,GIANTX,cypher,True,,,0,2,1,5,False
499.366,2139,PREROUND,5,2,2,,,,MiniBoo,Team Heretics,raze,True,,,1,2,1,1,False,RieNs,Team Heretics,fade,True,,,2,1,1,6,False,Boo,Team Heretics,omen,True,,,2,1,2,4,False,benjyfishy,Team Heretics,deadlock,True,,,1,1,1,7,True,Wo0t,Team Heretics,chamber,True,,,0,8,1,5,False,grubinho,GIANTX,omen,True,,,2,1,2,7,True,ara,GIANTX,raze,True,,,1,2,1,5,False,Cloud,GIANTX,fade,True,,,2,1,1,7,True,Flickless,GIANTX,viper,True,,,1,1,0,4,False,westside,GIANTX,cypher,True,,,0,2,1,5,False
499.599,2140,PREROUND,5,2,2,,,,MiniBoo,Team Heretics,raze,True,,,1,2,1,1,False,RieNs,Team Heretics,fade,True,,,2,1,1,6,False,Boo,Team Heretics,omen,True,,,2,1,2,4,False,benjyfishy,Team Heretics,deadlock,True,,,1,1,1,7,True,Wo0t,Team Heretics,chamber,True,,,0,8,1,5,False,grubinho,GIANTX,omen,True,,,2,1,2,7,True,ara,GIANTX,raze,True,,,1,2,1,5,False,Cloud,GIANTX,fade,True,,,2,1,1,7,True,Flickless,GIANTX,viper,True,,,1,1,0,4,False,westside,GIANTX,cypher,True,,,0,2,1,5,False
499.833,2141,PREROUND,5,2,2,,,,MiniBoo,Team Heretics,raze,True,,,1,2,1,1,False,RieNs,Team Heretics,fade,True,,,2,1,1,6,False,Boo,Team Heretics,omen,True,,,2,1,2,4,False,benjyfishy,Team Heretics,deadlock,True,,,1,1,1,7,True,Wo0t,Team Heretics,chamber,True,,,0,8,1,5,False,grubinho,GIANTX,omen,True,,,2,1,2,7,True,ara,GIANTX,raze,True,,,1,2,1,5,False,Cloud,GIANTX,fade,True,,,2,1,1,7,True,Flickless,GIANTX,viper,True,,,1,1,0,4,False,westside,GIANTX,cypher,True,,,0,2,1,5,False
500.066,2142,PREROUND,5,2,2,,,,MiniBoo,Team Heretics,raze,True,,,1,2,1,1,False,RieNs,Team Heretics,fade,True,,,2,1,1,6,False,Boo,Team Heretics,omen,True,,,2,1,2,4,False,benjyfishy,Team Heretics,deadlock,True,,,1,1,1,7,True,Wo0t,Team Heretics,chamber,True,,,0,8,1,5,False,grubinho,GIANTX,omen,True,,,2,1,2,7,True,ara,GIANTX,raze,True,,,1,2,1,5,False,Cloud,GIANTX,fade,True,,,2,1,1,7,True,Flickless,GIANTX,viper,True,,,1,1,0,4,False,westside,GIANTX,cypher,True,,,0,2,1,5,False
500.300,2143,PREROUND,5,2,2,,,,MiniBoo,Team Heretics,raze,True,,,1,2,1,1,False,RieNs,Team Heretics,fade,True,,,2,1,1,6,False,Boo,Team Heretics,omen,True,,,2,1,2,4,False,benjyfishy,Team Heretics,deadlock,True,,,1,1,1,7,True,Wo0t,Team Heretics,chamber,True,,,0,8,1,5,False,grubinho,GIANTX,omen,True,,,2,1,2,7,True,ara,GIANTX,raze,True,,,1,2,1,5,False,Cloud,GIANTX,fade,True,,,2,1,1,7,True,Flickless,GIANTX,viper,True,,,1,1,0,4,False,westside,GIANTX,cypher,True,,,0,2,1,5,False
500.533,2144,PREROUND,5,2,2,,,,MiniBoo,Team Heretics,raze,True,,,1,2,1,1,False,RieNs,Team Heretics,fade,True,,,2,1,1,6,False,Boo,Team Heretics,omen,True,,,2,1,2,4,False,benjyfishy,Team Heretics,deadlock,True,,,1,1,1,7,True,Wo0t,Team Heretics,chamber,True,,,0,8,1,5,False,grubinho,GIANTX,omen,True,,,2,1,2,7,True,ara,GIANTX,raze,True,,,1,2,1,5,False,Cloud,GIANTX,fade,True,,,2,1,1,7,True,Flickless,GIANTX,viper,True,,,1,1,0,4,False,westside,GIANTX,cypher,True,,,0,2,1,5,False
500.767,2145,PREROUND,5,2,2,,,,MiniBoo,Team Heretics,raze,True,,,1,2,1,1,False,RieNs,Team Heretics,fade,True,,,2,1,1,6,False,Boo,Team Heretics,omen,True,,,2,1,2,4,False,benjyfishy,Team Heretics,deadlock,True,,,1,1,1,7,True,Wo0t,Team Heretics,chamber,True,,,0,8,1,5,False,grubinho,GIANTX,omen,True,,,2,1,2,7,True,ara,GIANTX,raze,True,,,1,2,1,5,False,Cloud,GIANTX,fade,True,,,2,1,1,7,True,Flickless,GIANTX,viper,True,,,1,1,0,4,False,westside,GIANTX,cypher,True,,,0,2,1,5,False
501.000,2146,PREROUND,5,2,2,,,,MiniBoo,Team Heretics,raze,True,,,1,2,1,1,False,RieNs,Team Heretics,fade,True,,,2,1,1,6,False,Boo,Team Heretics,omen,True,,,2,1,2,4,False,benjyfishy,Team Heretics,deadlock,True,,,1,1,1,7,True,Wo0t,Team Heretics,chamber,True,,,0,8,1,5,False,grubinho,GIANTX,omen,True,,,2,1,2,7,True,ara,GIANTX,raze,True,,,1,2,1,5,False,Cloud,GIANTX,fade,True,,,2,1,1,7,True,Flickless,GIANTX,viper,True,,,1,1,0,4,False,westside,GIANTX,cypher,True,,,0,2,1,5,False
501.234,2147,PREROUND,5,2,2,,,,MiniBoo,Team Heretics,raze,True,,,1,2,1,1,False,RieNs,Team Heretics,fade,True,,,2,1,1,6,False,Boo,Team Heretics,omen,True,,,2,1,2,4,False,benjyfishy,Team Heretics,deadlock,True,,,1,1,1,7,True,Wo0t,Team Heretics,chamber,True,,,0,8,1,5,False,grubinho,GIANTX,omen,True,,,2,1,2,7,True,ara,GIANTX,raze,True,,,1,2,1,5,False,Cloud,GIANTX,fade,True,,,2,1,1,7,True,Flickless,GIANTX,viper,True,,,1,1,0,4,False,westside,GIANTX,cypher,True,,,0,2,1,5,False
501.468,2148,PREROUND,5,2,2,,,,MiniBoo,Team Heretics,raze,True,,,1,2,1,1,False,RieNs,Team Heretics,fade,True,,,2,1,1,6,False,Boo,Team Heretics,omen,True,,,2,1,2,4,False,benjyfishy,Team Heretics,deadlock,True,,,1,1,1,7,True,Wo0t,Team Heretics,chamber,True,,,0,8,1,5,False,grubinho,GIANTX,omen,True,,,2,1,2,7,True,ara,GIANTX,raze,True,,,1,2,1,5,False,Cloud,GIANTX,fade,True,,,2,1,1,7,True,Flickless,GIANTX,viper,True,,,1,1,0,4,False,westside,GIANTX,cypher,True,,,0,2,1,5,False
501.701,2149,PREROUND,5,2,2,,,,MiniBoo,Team Heretics,raze,True,,,1,2,1,1,False,RieNs,Team Heretics,fade,True,,,2,1,1,6,False,Boo,Team Heretics,omen,True,,,2,1,2,4,False,benjyfishy,Team Heretics,deadlock,True,,,1,1,1,7,True,Wo0t,Team Heretics,chamber,True,,,0,8,1,5,False,grubinho,GIANTX,omen,True,,,2,1,2,7,True,ara,GIANTX,raze,True,,,1,2,1,5,False,Cloud,GIANTX,fade,True,,,2,1,1,7,True,Flickless,GIANTX,viper,True,,,1,1,0,4,False,westside,GIANTX,cypher,True,,,0,2,1,5,False
501.935,2150,PREROUND,5,2,2,,,,MiniBoo,Team Heretics,raze,True,,,1,2,1,1,False,RieNs,Team Heretics,fade,True,,,2,1,1,6,False,Boo,Team Heretics,omen,True,,,2,1,2,4,False,benjyfishy,Team Heretics,deadlock,True,,,1,1,1,7,True,Wo0t,Team Heretics,chamber,True,,,0,8,1,5,False,grubinho,GIANTX,omen,True,,,2,1,2,7,True,ara,GIANTX,raze,True,,,1,2,1,5,False,Cloud,GIANTX,fade,True,,,2,1,1,7,True,Flickless,GIANTX,viper,True,,,1,1,0,4,False,westside,GIANTX,cypher,True,,,0,2,1,5,False
502.168,2151,PREROUND,5,2,2,,,,MiniBoo,Team Heretics,raze,True,,,1,2,1,1,False,RieNs,Team Heretics,fade,True,,,2,1,1,6,False,Boo,Team Heretics,omen,True,,,2,1,2,4,False,benjyfishy,Team Heretics,deadlock,True,,,1,1,1,7,True,Wo0t,Team Heretics,chamber,True,,,0,8,1,5,False,grubinho,GIANTX,omen,True,,,2,1,2,7,True,ara,GIANTX,raze,True,,,1,2,1,5,False,Cloud,GIANTX,fade,True,,,2,1,1,7,True,Flickless,GIANTX,viper,True,,,1,1,0,4,False,westside,GIANTX,cypher,True,,,0,2,1,5,False
502.402,2152,PREROUND,5,2,2,,,,MiniBoo,Team Heretics,raze,True,,,1,2,1,1,False,RieNs,Team Heretics,fade,True,,,2,1,1,6,False,Boo,Team Heretics,omen,True,,,2,1,2,4,False,benjyfishy,Team Heretics,deadlock,True,,,1,1,1,7,True,Wo0t,Team Heretics,chamber,True,,,0,8,1,5,False,grubinho,GIANTX,omen,True,,,2,1,2,7,True,ara,GIANTX,raze,True,,,1,2,1,5,False,Cloud,GIANTX,fade,True,,,2,1,1,7,True,Flickless,GIANTX,viper,True,,,1,1,0,4,False,westside,GIANTX,cypher,True,,,0,2,1,5,False
502.635,2153,PREROUND,5,2,2,,,,MiniBoo,Team Heretics,raze,True,,,1,2,1,1,False,RieNs,Team Heretics,fade,True,,,2,1,1,6,False,Boo,Team Heretics,omen,True,,,2,1,2,4,False,benjyfishy,Team Heretics,deadlock,True,,,1,1,1,7,True,Wo0t,Team Heretics,chamber,True,,,0,8,1,5,False,grubinho,GIANTX,omen,True,,,2,1,2,7,True,ara,GIANTX,raze,True,,,1,2,1,5,False,Cloud,GIANTX,fade,True,,,2,1,1,7,True,Flickless,GIANTX,viper,True,,,1,1,0,4,False,westside,GIANTX,cypher,True,,,0,2,1,5,False
502.869,2154,PREROUND,5,2,2,,,,MiniBoo,Team Heretics,raze,True,,,1,2,1,1,False,RieNs,Team Heretics,fade,True,,,2,1,1,6,False,Boo,Team Heretics,omen,True,,,2,1,2,4,False,benjyfishy,Team Heretics,deadlock,True,,,1,1,1,7,True,Wo0t,Team Heretics,chamber,True,,,0,8,1,5,False,grubinho,GIANTX,omen,True,,,2,1,2,7,True,ara,GIANTX,raze,True,,,1,2,1,5,False,Cloud,GIANTX,fade,True,,,2,1,1,7,True,Flickless,GIANTX,viper,True,,,1,1,0,4,False,westside,GIANTX,cypher,True,,,0,2,1,5,False
503.103,2155,PREROUND,5,2,2,,,,MiniBoo,Team Heretics,raze,True,,,1,2,1,1,False,RieNs,Team Heretics,fade,True,,,2,1,1,6,False,Boo,Team Heretics,omen,True,,,2,1,2,4,False,benjyfishy,Team Heretics,deadlock,True,,,1,1,1,7,True,Wo0t,Team Heretics,chamber,True,,,0,8,1,5,False,grubinho,GIANTX,omen,True,,,2,1,2,7,True,ara,GIANTX,raze,True,,,1,2,1,5,False,Cloud,GIANTX,fade,True,,,2,1,1,7,True,Flickless,GIANTX,viper,True,,,1,1,0,4,False,westside,GIANTX,cypher,True,,,0,2,1,5,False
503.336,2156,PREROUND,5,2,2,,,,MiniBoo,Team Heretics,raze,True,,,1,2,1,1,False,RieNs,Team Heretics,fade,True,,,2,1,1,6,False,Boo,Team Heretics,omen,True,,,2,1,2,4,False,benjyfishy,Team Heretics,deadlock,True,,,1,1,1,7,True,Wo0t,Team Heretics,chamber,True,,,0,8,1,5,False,grubinho,GIANTX,omen,True,,,2,1,2,7,True,ara,GIANTX,raze,True,,,1,2,1,5,False,Cloud,GIANTX,fade,True,,,2,1,1,7,True,Flickless,GIANTX,viper,True,,,1,1,0,4,False,westside,GIANTX,cypher,True,,,0,2,1,5,False
503.570,2157,PREROUND,5,2,2,,,,MiniBoo,Team Heretics,raze,True,,,1,2,1,1,False,RieNs,Team Heretics,fade,True,,,2,1,1,6,False,Boo,Team Heretics,omen,True,,,2,1,2,4,False,benjyfishy,Team Heretics,deadlock,True,,,1,1,1,7,True,Wo0t,Team Heretics,chamber,True,,,0,8,1,5,False,grubinho,GIANTX,omen,True,,,2,1,2,7,True,ara,GIANTX,raze,True,,,1,2,1,5,False,Cloud,GIANTX,fade,True,,,2,1,1,7,True,Flickless,GIANTX,viper,True,,,1,1,0,4,False,westside,GIANTX,cypher,True,,,0,2,1,5,False
503.803,2158,PREROUND,5,2,2,,,,MiniBoo,Team Heretics,raze,True,,,1,2,1,1,False,RieNs,Team Heretics,fade,True,,,2,1,1,6,False,Boo,Team Heretics,omen,True,,,2,1,2,4,False,benjyfishy,Team Heretics,deadlock,True,,,1,1,1,7,True,Wo0t,Team Heretics,chamber,True,,,0,8,1,5,False,grubinho,GIANTX,omen,True,,,2,1,2,7,True,ara,GIANTX,raze,True,,,1,2,1,5,False,Cloud,GIANTX,fade,True,,,2,1,1,7,True,Flickless,GIANTX,viper,True,,,1,1,0,4,False,westside,GIANTX,cypher,True,,,0,2,1,5,False
504.037,2159,PREROUND,5,2,2,,,,MiniBoo,Team Heretics,raze,True,,,1,2,1,1,False,RieNs,Team Heretics,fade,True,,,2,1,1,6,False,Boo,Team Heretics,omen,True,,,2,1,2,4,False,benjyfishy,Team Heretics,deadlock,True,,,1,1,1,7,True,Wo0t,Team Heretics,chamber,True,,,0,8,1,5,False,grubinho,GIANTX,omen,True,,,2,1,2,7,True,ara,GIANTX,raze,True,,,1,2,1,5,False,Cloud,GIANTX,fade,True,,,2,1,1,7,True,Flickless,GIANTX,viper,True,,,1,1,0,4,False,westside,GIANTX,cypher,True,,,0,2,1,5,False
504.270,2160,PREROUND,5,2,2,,,,MiniBoo,Team Heretics,raze,True,,,1,2,1,1,False,RieNs,Team Heretics,fade,True,,,2,1,1,6,False,Boo,Team Heretics,omen,True,,,2,1,2,4,False,benjyfishy,Team Heretics,deadlock,True,,,1,1,1,7,True,Wo0t,Team Heretics,chamber,True,,,0,8,1,5,False,grubinho,GIANTX,omen,True,,,2,1,2,7,True,ara,GIANTX,raze,True,,,1,2,1,5,False,Cloud,GIANTX,fade,True,,,2,1,1,7,True,Flickless,GIANTX,viper,True,,,1,1,0,4,False,westside,GIANTX,cypher,True,,,0,2,1,5,False
504.504,2161,PREROUND,5,2,2,,,,MiniBoo,Team Heretics,raze,True,,,1,2,1,1,False,RieNs,Team Heretics,fade,True,,,2,1,1,6,False,Boo,Team Heretics,omen,True,,,2,1,2,4,False,benjyfishy,Team Heretics,deadlock,True,,,1,1,1,7,True,Wo0t,Team Heretics,chamber,True,,,0,8,1,5,False,grubinho,GIANTX,omen,True,,,2,1,2,7,True,ara,GIANTX,raze,True,,,1,2,1,5,False,Cloud,GIANTX,fade,True,,,2,1,1,7,True,Flickless,GIANTX,viper,True,,,1,1,0,4,False,westside,GIANTX,cypher,True,,,0,2,1,5,False
504.738,2162,PREROUND,5,2,2,,,,MiniBoo,Team Heretics,raze,True,,,1,2,1,1,False,RieNs,Team Heretics,fade,True,,,2,1,1,6,False,Boo,Team Heretics,omen,True,,,2,1,2,4,False,benjyfishy,Team Heretics,deadlock,True,,,1,1,1,7,True,Wo0t,Team Heretics,chamber,True,,,0,8,1,5,False,grubinho,GIANTX,omen,True,,,2,1,2,7,True,ara,GIANTX,raze,True,,,1,2,1,5,False,Cloud,GIANTX,fade,True,,,2,1,1,7,True,Flickless,GIANTX,viper,True,,,1,1,0,4,False,westside,GIANTX,cypher,True,,,0,2,1,5,False
504.971,2163,PREROUND,5,2,2,,,,MiniBoo,Team Heretics,raze,True,,,1,2,1,1,False,RieNs,Team Heretics,fade,True,,,2,1,1,6,False,Boo,Team Heretics,omen,True,,,2,1,2,4,False,benjyfishy,Team Heretics,deadlock,True,,,1,1,1,7,True,Wo0t,Team Heretics,chamber,True,,,0,8,1,5,False,grubinho,GIANTX,omen,True,,,2,1,2,7,True,ara,GIANTX,raze,True,,,1,2,1,5,False,Cloud,GIANTX,fade,True,,,2,1,1,7,True,Flickless,GIANTX,viper,True,,,1,1,0,4,False,westside,GIANTX,cypher,True,,,0,2,1,5,False
505.205,2164,PREROUND,5,2,2,,,,MiniBoo,Team Heretics,raze,True,,,1,2,1,1,False,RieNs,Team Heretics,fade,True,,,2,1,1,6,False,Boo,Team Heretics,omen,True,,,2,1,2,4,False,benjyfishy,Team Heretics,deadlock,True,,,1,1,1,7,True,Wo0t,Team Heretics,chamber,True,,,0,8,1,5,False,grubinho,GIANTX,omen,True,,,2,1,2,7,True,ara,GIANTX,raze,True,,,1,2,1,5,False,Cloud,GIANTX,fade,True,,,2,1,1,7,True,Flickless,GIANTX,viper,True,,,1,1,0,4,False,westside,GIANTX,cypher,True,,,0,2,1,5,False
505.438,2165,PREROUND,5,2,2,,,,MiniBoo,Team Heretics,raze,True,,,1,2,1,1,False,RieNs,Team Heretics,fade,True,,,2,1,1,6,False,Boo,Team Heretics,omen,True,,,2,1,2,4,False,benjyfishy,Team Heretics,deadlock,True,,,1,1,1,7,True,Wo0t,Team Heretics,chamber,True,,,0,8,1,5,False,grubinho,GIANTX,omen,True,,,2,1,2,7,True,ara,GIANTX,raze,True,,,1,2,1,5,False,Cloud,GIANTX,fade,True,,,2,1,1,7,True,Flickless,GIANTX,viper,True,,,1,1,0,4,False,westside,GIANTX,cypher,True,,,0,2,1,5,False
505.672,2166,PREROUND,5,2,2,,,,MiniBoo,Team Heretics,raze,True,,,1,2,1,1,False,RieNs,Team Heretics,fade,True,,,2,1,1,6,False,Boo,Team Heretics,omen,True,,,2,1,2,4,False,benjyfishy,Team Heretics,deadlock,True,,,1,1,1,7,True,Wo0t,Team Heretics,chamber,True,,,0,8,1,5,False,grubinho,GIANTX,omen,True,,,2,1,2,7,True,ara,GIANTX,raze,True,,,1,2,1,5,False,Cloud,GIANTX,fade,True,,,2,1,1,7,True,Flickless,GIANTX,viper,True,,,1,1,0,4,False,westside,GIANTX,cypher,True,,,0,2,1,5,False
505.905,2167,PREROUND,5,2,2,,,,MiniBoo,Team Heretics,raze,True,,,1,2,1,1,False,RieNs,Team Heretics,fade,True,,,2,1,1,6,False,Boo,Team Heretics,omen,True,,,2,1,2,4,False,benjyfishy,Team Heretics,deadlock,True,,,1,1,1,7,True,Wo0t,Team Heretics,chamber,True,,,0,8,1,5,False,grubinho,GIANTX,omen,True,,,2,1,2,7,True,ara,GIANTX,raze,True,,,1,2,1,5,False,Cloud,GIANTX,fade,True,,,2,1,1,7,True,Flickless,GIANTX,viper,True,,,1,1,0,4,False,westside,GIANTX,cypher,True,,,0,2,1,5,False
506.139,2168,PREROUND,5,2,2,,,,MiniBoo,Team Heretics,raze,True,,,1,2,1,1,False,RieNs,Team Heretics,fade,True,,,2,1,1,6,False,Boo,Team Heretics,omen,True,,,2,1,2,4,False,benjyfishy,Team Heretics,deadlock,True,,,1,1,1,7,True,Wo0t,Team Heretics,chamber,True,,,0,8,1,5,False,grubinho,GIANTX,omen,True,,,2,1,2,7,True,ara,GIANTX,raze,True,,,1,2,1,5,False,Cloud,GIANTX,fade,True,,,2,1,1,7,True,Flickless,GIANTX,viper,True,,,1,1,0,4,False,westside,GIANTX,cypher,True,,,0,2,1,5,False
506.373,2169,PREROUND,5,2,2,,,,MiniBoo,Team Heretics,raze,True,,,1,2,1,1,False,RieNs,Team Heretics,fade,True,,,2,1,1,6,False,Boo,Team Heretics,omen,True,,,2,1,2,4,False,benjyfishy,Team Heretics,deadlock,True,,,1,1,1,7,True,Wo0t,Team Heretics,chamber,True,,,0,8,1,5,False,grubinho,GIANTX,omen,True,,,2,1,2,7,True,ara,GIANTX,raze,True,,,1,2,1,5,False,Cloud,GIANTX,fade,True,,,2,1,1,7,True,Flickless,GIANTX,viper,True,,,1,1,0,4,False,westside,GIANTX,cypher,True,,,0,2,1,5,False
506.606,2170,PREROUND,5,2,2,,,,MiniBoo,Team Heretics,raze,True,,,1,2,1,1,False,RieNs,Team Heretics,fade,True,,,2,1,1,6,False,Boo,Team Heretics,omen,True,,,2,1,2,4,False,benjyfishy,Team Heretics,deadlock,True,,,1,1,1,7,True,Wo0t,Team Heretics,chamber,True,,,0,8,1,5,False,grubinho,GIANTX,omen,True,,,2,1,2,7,True,ara,GIANTX,raze,True,,,1,2,1,5,False,Cloud,GIANTX,fade,True,,,2,1,1,7,True,Flickless,GIANTX,viper,True,,,1,1,0,4,False,westside,GIANTX,cypher,True,,,0,2,1,5,False
506.840,2171,PREROUND,5,2,2,,,,MiniBoo,Team Heretics,raze,True,,,1,2,1,1,False,RieNs,Team Heretics,fade,True,,,2,1,1,6,False,Boo,Team Heretics,omen,True,,,2,1,2,4,False,benjyfishy,Team Heretics,deadlock,True,,,1,1,1,7,True,Wo0t,Team Heretics,chamber,True,,,0,8,1,5,False,grubinho,GIANTX,omen,True,,,2,1,2,7,True,ara,GIANTX,raze,True,,,1,2,1,5,False,Cloud,GIANTX,fade,True,,,2,1,1,7,True,Flickless,GIANTX,viper,True,,,1,1,0,4,False,westside,GIANTX,cypher,True,,,0,2,1,5,False
507.073,2172,PREROUND,5,2,2,,,,MiniBoo,Team Heretics,raze,True,,,1,2,1,1,False,RieNs,Team Heretics,fade,True,,,2,1,1,6,False,Boo,Team Heretics,omen,True,,,2,1,2,4,False,benjyfishy,Team Heretics,deadlock,True,,,1,1,1,7,True,Wo0t,Team Heretics,chamber,True,,,0,8,1,5,False,grubinho,GIANTX,omen,True,,,2,1,2,7,True,ara,GIANTX,raze,True,,,1,2,1,5,False,Cloud,GIANTX,fade,True,,,2,1,1,7,True,Flickless,GIANTX,viper,True,,,1,1,0,4,False,westside,GIANTX,cypher,True,,,0,2,1,5,False
507.307,2173,PREROUND,5,2,2,,,,MiniBoo,Team Heretics,raze,True,,,1,2,1,1,False,RieNs,Team Heretics,fade,True,,,2,1,1,6,False,Boo,Team Heretics,omen,True,,,2,1,2,4,False,benjyfishy,Team Heretics,deadlock,True,,,1,1,1,7,True,Wo0t,Team Heretics,chamber,True,,,0,8,1,5,False,grubinho,GIANTX,omen,True,,,2,1,2,7,True,ara,GIANTX,raze,True,,,1,2,1,5,False,Cloud,GIANTX,fade,True,,,2,1,1,7,True,Flickless,GIANTX,viper,True,,,1,1,0,4,False,westside,GIANTX,cypher,True,,,0,2,1,5,False
507.540,2174,PREROUND,5,2,2,,,,MiniBoo,Team Heretics,raze,True,,,1,2,1,1,False,RieNs,Team Heretics,fade,True,,,2,1,1,6,False,Boo,Team Heretics,omen,True,,,2,1,2,4,False,benjyfishy,Team Heretics,deadlock,True,,,1,1,1,7,True,Wo0t,Team Heretics,chamber,True,,,0,8,1,5,False,grubinho,GIANTX,omen,True,,,2,1,2,7,True,ara,GIANTX,raze,True,,,1,2,1,5,False,Cloud,GIANTX,fade,True,,,2,1,1,7,True,Flickless,GIANTX,viper,True,,,1,1,0,4,False,westside,GIANTX,cypher,True,,,0,2,1,5,False
507.774,2175,PREROUND,5,2,2,,,,MiniBoo,Team Heretics,raze,True,,,1,2,1,1,False,RieNs,Team Heretics,fade,True,,,2,1,1,6,False,Boo,Team Heretics,omen,True,,,2,1,2,4,False,benjyfishy,Team Heretics,deadlock,True,,,1,1,1,7,True,Wo0t,Team Heretics,chamber,True,,,0,8,1,5,False,grubinho,GIANTX,omen,True,,,2,1,2,7,True,ara,GIANTX,raze,True,,,1,2,1,5,False,Cloud,GIANTX,fade,True,,,2,1,1,7,True,Flickless,GIANTX,viper,True,,,1,1,0,4,False,westside,GIANTX,cypher,True,,,0,2,1,5,False
508.007,2176,PREROUND,5,2,2,,,,MiniBoo,Team Heretics,raze,True,,,1,2,1,1,False,RieNs,Team Heretics,fade,True,,,2,1,1,6,False,Boo,Team Heretics,omen,True,,,2,1,2,4,False,benjyfishy,Team Heretics,deadlock,True,,,1,1,1,7,True,Wo0t,Team Heretics,chamber,True,,,0,8,1,5,False,grubinho,GIANTX,omen,True,,,2,1,2,7,True,ara,GIANTX,raze,True,,,1,2,1,5,False,Cloud,GIANTX,fade,True,,,2,1,1,7,True,Flickless,GIANTX,viper,True,,,1,1,0,4,False,westside,GIANTX,cypher,True,,,0,2,1,5,False
508.241,2177,PREROUND,5,2,2,,,,MiniBoo,Team Heretics,raze,True,,,1,2,1,1,False,RieNs,Team Heretics,fade,True,,,2,1,1,6,False,Boo,Team Heretics,omen,True,,,2,1,2,4,False,benjyfishy,Team Heretics,deadlock,True,,,1,1,1,7,True,Wo0t,Team Heretics,chamber,True,,,0,8,1,5,False,grubinho,GIANTX,omen,True,,,2,1,2,7,True,ara,GIANTX,raze,True,,,1,2,1,5,False,Cloud,GIANTX,fade,True,,,2,1,1,7,True,Flickless,GIANTX,viper,True,,,1,1,0,4,False,westside,GIANTX,cypher,True,,,0,2,1,5,False
508.475,2178,PREROUND,5,2,2,,,,MiniBoo,Team Heretics,raze,True,,,1,2,1,1,False,RieNs,Team Heretics,fade,True,,,2,1,1,6,False,Boo,Team Heretics,omen,True,,,2,1,2,4,False,benjyfishy,Team Heretics,deadlock,True,,,1,1,1,7,True,Wo0t,Team Heretics,chamber,True,,,0,8,1,5,False,grubinho,GIANTX,omen,True,,,2,1,2,7,True,ara,GIANTX,raze,True,,,1,2,1,5,False,Cloud,GIANTX,fade,True,,,2,1,1,7,True,Flickless,GIANTX,viper,True,,,1,1,0,4,False,westside,GIANTX,cypher,True,,,0,2,1,5,False
508.708,2179,ACTIVE_ROUND,5,2,2,99.000,,,MiniBoo,Team Heretics,raze,True,,,1,2,1,1,False,RieNs,Team Heretics,fade,True,,,2,1,1,6,False,Boo,Team Heretics,omen,True,,,2,1,2,4,False,benjyfishy,Team Heretics,deadlock,True,,,1,1,1,7,True,Wo0t,Team Heretics,chamber,True,,,0,8,1,5,False,grubinho,GIANTX,omen,True,,,2,1,2,7,True,ara,GIANTX,raze,True,,,1,2,1,5,False,Cloud,GIANTX,fade,True,,,2,1,1,7,True,Flickless,GIANTX,viper,True,,,1,1,0,4,False,westside,GIANTX,cypher,True,,,0,2,1,5,False
508.942,2180,ACTIVE_ROUND,5,2,2,99.000,,,MiniBoo,Team Heretics,raze,True,100,50,1,2,1,1,False,RieNs,Team Heretics,fade,True,100,25,2,1,1,6,False,Boo,Team Heretics,omen,True,100,25,2,1,2,4,False,benjyfishy,Team Heretics,deadlock,True,100,50,1,1,1,7,True,Wo0t,Team Heretics,chamber,True,100,50,0,8,1,5,False,grubinho,GIANTX,omen,True,100,25,2,1,2,7,True,ara,GIANTX,raze,True,100,50,1,2,1,5,False,Cloud,GIANTX,fade,True,100,25,2,1,1,7,True,Flickless,GIANTX,viper,True,100,50,1,1,0,4,False,westside,GIANTX,cypher,True,100,25,0,2,1,5,False
509.175,2181,ACTIVE_ROUND,5,2,2,99.000,,,MiniBoo,Team Heretics,raze,True,100,50,1,2,1,1,False,RieNs,Team Heretics,fade,True,100,25,2,1,1,6,False,Boo,Team Heretics,omen,True,100,25,2,1,2,4,False,benjyfishy,Team Heretics,deadlock,True,100,50,1,1,1,7,True,Wo0t,Team Heretics,chamber,True,100,50,0,8,1,5,False,grubinho,GIANTX,omen,True,100,25,2,1,2,7,True,ara,GIANTX,raze,True,100,50,1,2,1,5,False,Cloud,GIANTX,fade,True,100,25,2,1,1,7,True,Flickless,GIANTX,viper,True,100,50,1,1,0,4,False,westside,GIANTX,cypher,True,100,25,0,2,1,5,False
509.409,2182,ACTIVE_ROUND,5,2,2,99.000,,,MiniBoo,Team Heretics,raze,True,100,50,1,2,1,1,False,RieNs,Team Heretics,fade,True,100,25,2,1,1,6,False,Boo,Team Heretics,omen,True,100,25,2,1,2,4,False,benjyfishy,Team Heretics,deadlock,True,100,50,1,1,1,7,True,Wo0t,Team Heretics,chamber,True,100,50,0,8,1,5,False,grubinho,GIANTX,omen,True,100,25,2,1,2,7,True,ara,GIANTX,raze,True,100,50,1,2,1,5,False,Cloud,GIANTX,fade,True,100,25,2,1,1,7,True,Flickless,GIANTX,viper,True,100,50,1,1,0,4,False,westside,GIANTX,cypher,True,100,25,0,2,1,5,False
509.642,2183,ACTIVE_ROUND,5,2,2,98.000,,,MiniBoo,Team Heretics,raze,True,100,50,1,2,1,1,False,RieNs,Team Heretics,fade,True,100,25,2,1,1,6,False,Boo,Team Heretics,omen,True,100,25,2,1,2,4,False,benjyfishy,Team Heretics,deadlock,True,100,50,1,1,1,7,True,Wo0t,Team Heretics,chamber,True,100,50,0,8,1,5,False,grubinho,GIANTX,omen,True,100,25,2,1,2,7,True,ara,GIANTX,raze,True,100,50,1,2,1,5,False,Cloud,GIANTX,fade,True,100,25,2,1,1,7,True,Flickless,GIANTX,viper,True,100,50,1,1,0,4,False,westside,GIANTX,cypher,True,100,25,0,2,1,5,False
509.876,2184,ACTIVE_ROUND,5,2,2,98.000,,,MiniBoo,Team Heretics,raze,True,100,50,1,2,0,1,False,RieNs,Team Heretics,fade,True,100,25,2,1,0,6,False,Boo,Team Heretics,omen,True,100,25,2,1,1,4,False,benjyfishy,Team Heretics,deadlock,True,100,50,1,1,0,7,True,Wo0t,Team Heretics,chamber,True,100,50,0,8,1,5,False,grubinho,GIANTX,omen,True,100,25,1,1,2,7,True,ara,GIANTX,raze,True,100,50,1,2,1,5,False,Cloud,GIANTX,fade,True,100,25,2,1,0,7,True,Flickless,GIANTX,viper,True,100,50,1,1,0,4,False,westside,GIANTX,cypher,True,100,25,0,1,1,5,False
510.110,2185,ACTIVE_ROUND,5,2,2,98.000,,,MiniBoo,Team Heretics,raze,True,100,50,1,2,0,1,False,RieNs,Team Heretics,fade,True,100,25,2,1,0,6,False,Boo,Team Heretics,omen,True,100,25,2,1,1,4,False,benjyfishy,Team Heretics,deadlock,True,100,50,1,1,0,7,True,Wo0t,Team Heretics,chamber,True,100,50,0,8,1,5,False,grubinho,GIANTX,omen,True,100,25,1,1,2,7,True,ara,GIANTX,raze,True,100,50,1,2,1,5,False,Cloud,GIANTX,fade,True,100,25,2,1,0,7,True,Flickless,GIANTX,viper,True,100,50,1,1,0,4,False,westside,GIANTX,cypher,True,100,25,0,1,1,5,False
510.343,2186,ACTIVE_ROUND,5,2,2,98.000,,,MiniBoo,Team Heretics,raze,True,100,50,1,2,0,1,False,RieNs,Team Heretics,fade,True,100,25,2,1,0,6,False,Boo,Team Heretics,omen,True,100,25,2,1,1,4,False,benjyfishy,Team Heretics,deadlock,True,100,50,1,1,0,7,True,Wo0t,Team Heretics,chamber,True,100,50,0,8,1,5,False,grubinho,GIANTX,omen,True,100,25,1,1,2,7,True,ara,GIANTX,raze,True,100,50,1,2,1,5,False,Cloud,GIANTX,fade,True,100,25,2,1,0,7,True,Flickless,GIANTX,viper,True,100,50,1,1,0,4,False,westside,GIANTX,cypher,True,100,25,0,1,1,5,False
510.577,2187,ACTIVE_ROUND,5,2,2,98.000,,,MiniBoo,Team Heretics,raze,True,100,50,1,2,0,1,False,RieNs,Team Heretics,fade,True,100,25,2,1,0,6,False,Boo,Team Heretics,omen,True,100,25,2,1,1,4,False,benjyfishy,Team Heretics,deadlock,True,100,50,1,1,0,7,True,Wo0t,Team Heretics,chamber,True,100,50,0,8,1,5,False,grubinho,GIANTX,omen,True,100,25,1,1,2,7,True,ara,GIANTX,raze,True,100,50,1,2,1,5,False,Cloud,GIANTX,fade,True,100,25,2,1,0,7,True,Flickless,GIANTX,viper,True,100,50,1,1,0,4,False,westside,GIANTX,cypher,True,100,25,0,1,1,5,False
510.810,2188,ACTIVE_ROUND,5,2,2,97.000,,,MiniBoo,Team Heretics,raze,True,100,50,1,2,0,1,False,RieNs,Team Heretics,fade,True,100,25,2,1,0,6,False,Boo,Team Heretics,omen,True,100,25,2,1,1,4,False,benjyfishy,Team Heretics,deadlock,True,100,50,1,1,0,7,True,Wo0t,Team Heretics,chamber,True,100,50,0,8,1,5,False,grubinho,GIANTX,omen,True,100,25,1,1,2,7,True,ara,GIANTX,raze,True,100,50,1,2,1,5,False,Cloud,GIANTX,fade,True,100,25,2,1,0,7,True,Flickless,GIANTX,viper,True,100,50,1,1,0,4,False,westside,GIANTX,cypher,True,100,25,0,1,1,5,False
511.044,2189,ACTIVE_ROUND,5,2,2,97.000,,,MiniBoo,Team Heretics,raze,True,100,50,1,2,0,1,False,RieNs,Team Heretics,fade,True,100,25,2,1,0,6,False,Boo,Team Heretics,omen,True,100,25,2,1,1,4,False,benjyfishy,Team Heretics,deadlock,True,100,50,1,1,0,7,True,Wo0t,Team Heretics,chamber,True,100,50,0,8,1,5,False,grubinho,GIANTX,omen,True,100,25,1,1,2,7,True,ara,GIANTX,raze,True,100,50,1,2,1,5,False,Cloud,GIANTX,fade,True,100,25,2,1,0,7,True,Flickless,GIANTX,viper,True,100,50,1,1,0,4,False,westside,GIANTX,cypher,True,100,25,0,1,1,5,False
511.277,2190,ACTIVE_ROUND,5,2,2,97.000,,,MiniBoo,Team Heretics,raze,True,100,50,1,2,0,1,False,RieNs,Team Heretics,fade,True,100,25,2,1,0,6,False,Boo,Team Heretics,omen,True,100,25,2,1,1,4,False,benjyfishy,Team Heretics,deadlock,True,100,50,1,1,0,7,True,Wo0t,Team Heretics,chamber,True,100,50,0,8,1,5,False,grubinho,GIANTX,omen,True,100,25,1,1,2,7,True,ara,GIANTX,raze,True,100,50,1,2,1,5,False,Cloud,GIANTX,fade,True,100,25,2,1,0,7,True,Flickless,GIANTX,viper,True,100,50,1,1,0,4,False,westside,GIANTX,cypher,True,100,25,0,1,1,5,False
511.511,2191,ACTIVE_ROUND,5,2,2,97.000,,,MiniBoo,Team Heretics,raze,True,100,50,1,2,0,1,False,RieNs,Team Heretics,fade,True,100,25,2,1,0,6,False,Boo,Team Heretics,omen,True,100,25,2,1,1,4,False,benjyfishy,Team Heretics,deadlock,True,100,50,1,1,0,7,True,Wo0t,Team Heretics,chamber,True,100,50,0,8,1,5,False,grubinho,GIANTX,omen,True,100,25,1,1,2,7,True,ara,GIANTX,raze,True,100,50,1,2,1,5,False,Cloud,GIANTX,fade,True,100,25,2,1,0,7,True,Flickless,GIANTX,viper,True,100,50,1,1,0,4,False,westside,GIANTX,cypher,True,100,25,0,1,1,5,False
511.745,2192,ACTIVE_ROUND,5,2,2,96.000,,,MiniBoo,Team Heretics,raze,True,100,50,1,2,0,1,False,RieNs,Team Heretics,fade,True,100,25,2,1,0,6,False,Boo,Team Heretics,omen,True,100,25,2,1,1,4,False,benjyfishy,Team Heretics,deadlock,True,100,50,1,1,0,7,True,Wo0t,Team Heretics,chamber,True,100,50,0,8,1,5,False,grubinho,GIANTX,omen,True,100,25,1,1,2,7,True,ara,GIANTX,raze,True,100,50,1,2,1,5,False,Cloud,GIANTX,fade,True,100,25,2,1,0,7,True,Flickless,GIANTX,viper,True,100,50,1,1,0,4,False,westside,GIANTX,cypher,True,100,25,0,1,1,5,False
511.978,2193,ACTIVE_ROUND,5,2,2,96.000,,,MiniBoo,Team Heretics,raze,True,100,50,1,2,0,1,False,RieNs,Team Heretics,fade,True,69,25,2,1,0,6,False,Boo,Team Heretics,omen,True,100,25,2,0,1,4,False,benjyfishy,Team Heretics,deadlock,True,100,50,1,1,0,7,True,Wo0t,Team Heretics,chamber,True,100,50,0,8,1,5,False,grubinho,GIANTX,omen,True,100,25,1,1,2,7,True,ara,GIANTX,raze,True,100,50,1,2,1,5,False,Cloud,GIANTX,fade,True,100,25,2,1,0,7,True,Flickless,GIANTX,viper,True,100,50,1,1,0,4,False,westside,GIANTX,cypher,True,100,25,0,1,1,5,False
512.212,2194,ACTIVE_ROUND,5,2,2,96.000,,,MiniBoo,Team Heretics,raze,True,100,50,1,2,0,1,False,RieNs,Team Heretics,fade,True,69,25,2,1,0,6,False,Boo,Team Heretics,omen,True,100,25,2,0,1,4,False,benjyfishy,Team Heretics,deadlock,True,100,50,1,1,0,7,True,Wo0t,Team Heretics,chamber,True,100,50,0,8,1,5,False,grubinho,GIANTX,omen,True,100,25,1,1,2,7,True,ara,GIANTX,raze,True,100,50,1,2,1,5,False,Cloud,GIANTX,fade,True,100,25,2,1,0,7,True,Flickless,GIANTX,viper,True,100,50,1,1,0,4,False,westside,GIANTX,cypher,True,100,25,0,1,1,5,False
512.445,2195,ACTIVE_ROUND,5,2,2,96.000,,,MiniBoo,Team Heretics,raze,True,100,50,1,2,0,1,False,RieNs,Team Heretics,fade,True,69,25,2,1,0,6,False,Boo,Team Heretics,omen,True,100,25,2,0,1,4,False,benjyfishy,Team Heretics,deadlock,True,100,50,1,1,0,7,True,Wo0t,Team Heretics,chamber,True,100,50,0,8,1,5,False,grubinho,GIANTX,omen,True,100,25,1,1,2,7,True,ara,GIANTX,raze,True,100,50,1,2,1,5,False,Cloud,GIANTX,fade,True,100,25,2,1,0,7,True,Flickless,GIANTX,viper,True,100,50,1,1,0,4,False,westside,GIANTX,cypher,True,100,25,0,1,1,5,False
512.679,2196,ACTIVE_ROUND,5,2,2,95.000,,,MiniBoo,Team Heretics,raze,True,100,50,1,2,0,1,False,RieNs,Team Heretics,fade,True,69,25,2,1,0,6,False,Boo,Team Heretics,omen,True,100,25,2,0,1,4,False,benjyfishy,Team Heretics,deadlock,True,100,50,1,1,0,7,True,Wo0t,Team Heretics,chamber,True,100,50,0,8,1,5,False,grubinho,GIANTX,omen,True,100,25,1,1,2,7,True,ara,GIANTX,raze,True,100,50,1,2,1,5,False,Cloud,GIANTX,fade,True,100,25,2,1,0,7,True,Flickless,GIANTX,viper,True,100,50,1,1,0,4,False,westside,GIANTX,cypher,True,100,25,0,1,1,5,False
512.912,2197,ACTIVE_ROUND,5,2,2,95.000,,,MiniBoo,Team Heretics,raze,True,100,50,1,2,0,1,False,RieNs,Team Heretics,fade,True,69,25,2,1,0,6,False,Boo,Team Heretics,omen,True,91,1,1,0,1,4,False,benjyfishy,Team Heretics,deadlock,True,100,50,1,1,0,7,True,Wo0t,Team Heretics,chamber,True,100,50,0,8,1,5,False,grubinho,GIANTX,omen,True,100,25,1,1,2,7,True,ara,GIANTX,raze,True,100,50,1,2,1,5,False,Cloud,GIANTX,fade,True,100,25,2,1,0,7,True,Flickless,GIANTX,viper,True,100,50,1,1,0,4,False,westside,GIANTX,cypher,True,100,25,0,1,1,5,False
513.146,2198,ACTIVE_ROUND,5,2,2,95.000,,,MiniBoo,Team Heretics,raze,True,100,50,1,2,0,1,False,RieNs,Team Heretics,fade,True,69,25,2,1,0,6,False,Boo,Team Heretics,omen,True,91,1,1,0,1,4,False,benjyfishy,Team Heretics,deadlock,True,100,50,1,1,0,7,True,Wo0t,Team Heretics,chamber,True,100,50,0,8,1,5,False,grubinho,GIANTX,omen,True,100,25,1,1,2,7,True,ara,GIANTX,raze,True,100,50,1,2,1,5,False,Cloud,GIANTX,fade,True,100,25,2,1,0,7,True,Flickless,GIANTX,viper,True,100,50,1,1,0,4,False,westside,GIANTX,cypher,True,100,25,0,1,1,5,False
513.380,2199,ACTIVE_ROUND,5,2,2,95.000,,,MiniBoo,Team Heretics,raze,True,100,50,1,2,0,1,False,RieNs,Team Heretics,fade,True,69,25,2,1,0,6,False,Boo,Team Heretics,omen,True,91,1,1,0,1,4,False,benjyfishy,Team Heretics,deadlock,True,100,50,1,1,0,7,True,Wo0t,Team Heretics,chamber,True,100,50,0,8,1,5,False,grubinho,GIANTX,omen,True,100,25,1,1,2,7,True,ara,GIANTX,raze,True,100,50,1,2,1,5,False,Cloud,GIANTX,fade,True,100,25,2,1,0,7,True,Flickless,GIANTX,viper,True,100,50,1,1,0,4,False,westside,GIANTX,cypher,True,100,25,0,1,1,5,False
513.613,2200,ACTIVE_ROUND,5,2,2,94.000,,,MiniBoo,Team Heretics,raze,True,100,50,1,2,0,1,False,RieNs,Team Heretics,fade,True,69,25,2,1,0,6,False,Boo,Team Heretics,omen,True,91,1,1,0,1,4,False,benjyfishy,Team Heretics,deadlock,True,100,50,1,1,0,7,True,Wo0t,Team Heretics,chamber,True,100,50,0,8,1,5,False,grubinho,GIANTX,omen,True,100,25,1,1,2,7,True,ara,GIANTX,raze,True,100,50,1,2,1,5,False,Cloud,GIANTX,fade,True,100,25,2,1,0,7,True,Flickless,GIANTX,viper,True,100,50,1,1,0,4,False,westside,GIANTX,cypher,True,100,25,0,1,1,5,False
513.847,2201,ACTIVE_ROUND,5,2,2,94.000,,,MiniBoo,Team Heretics,raze,True,100,50,1,2,0,1,False,RieNs,Team Heretics,fade,True,69,25,2,1,0,6,False,Boo,Team Heretics,omen,True,91,1,1,0,1,4,False,benjyfishy,Team Heretics,deadlock,True,100,50,1,1,0,7,True,Wo0t,Team Heretics,chamber,True,100,50,0,8,1,5,False,grubinho,GIANTX,omen,True,100,25,1,1,2,7,True,ara,GIANTX,raze,True,100,50,1,2,1,5,False,Cloud,GIANTX,fade,True,100,25,2,1,0,7,True,Flickless,GIANTX,viper,True,100,50,1,1,0,4,False,westside,GIANTX,cypher,True,100,25,0,1,1,5,False
514.080,2202,ACTIVE_ROUND,5,2,2,94.000,,,MiniBoo,Team Heretics,raze,True,100,50,1,2,0,1,False,RieNs,Team Heretics,fade,True,94,25,2,1,0,6,False,Boo,Team Heretics,omen,True,91,1,1,0,1,4,False,benjyfishy,Team Heretics,deadlock,True,100,50,0,1,0,7,True,Wo0t,Team Heretics,chamber,True,100,50,0,8,1,5,False,grubinho,GIANTX,omen,True,100,25,1,1,2,7,True,ara,GIANTX,raze,True,100,50,1,2,1,5,False,Cloud,GIANTX,fade,True,100,25,1,1,0,7,True,Flickless,GIANTX,viper,True,100,50,1,1,0,4,False,westside,GIANTX,cypher,True,100,25,0,1,1,5,False
514.314,2203,ACTIVE_ROUND,5,2,2,94.000,,,MiniBoo,Team Heretics,raze,True,100,50,1,2,0,1,False,RieNs,Team Heretics,fade,True,94,25,2,1,0,6,False,Boo,Team Heretics,omen,True,91,1,1,0,1,4,False,benjyfishy,Team Heretics,deadlock,True,100,50,0,1,0,7,True,Wo0t,Team Heretics,chamber,True,100,50,0,8,1,5,False,grubinho,GIANTX,omen,True,100,25,1,1,2,7,True,ara,GIANTX,raze,True,100,50,1,2,1,5,False,Cloud,GIANTX,fade,True,100,25,1,1,0,7,True,Flickless,GIANTX,viper,True,100,50,1,1,0,4,False,westside,GIANTX,cypher,True,100,25,0,1,1,5,False
514.547,2204,ACTIVE_ROUND,5,2,2,94.000,,,MiniBoo,Team Heretics,raze,True,100,50,1,2,0,1,False,RieNs,Team Heretics,fade,True,94,25,2,1,0,6,False,Boo,Team Heretics,omen,True,91,1,1,0,1,4,False,benjyfishy,Team Heretics,deadlock,True,100,50,0,1,0,7,True,Wo0t,Team Heretics,chamber,True,100,50,0,8,1,5,False,grubinho,GIANTX,omen,True,100,25,1,1,2,7,True,ara,GIANTX,raze,True,100,50,1,2,1,5,False,Cloud,GIANTX,fade,True,100,25,1,1,0,7,True,Flickless,GIANTX,viper,True,100,50,1,1,0,4,False,westside,GIANTX,cypher,True,100,25,0,1,1,5,False
514.781,2205,ACTIVE_ROUND,5,2,2,93.000,,,MiniBoo,Team Heretics,raze,True,100,50,1,2,0,1,False,RieNs,Team Heretics,fade,True,94,25,2,1,0,6,False,Boo,Team Heretics,omen,True,91,1,1,0,1,4,False,benjyfishy,Team Heretics,deadlock,True,100,50,0,1,0,7,True,Wo0t,Team Heretics,chamber,True,100,50,0,8,1,5,False,grubinho,GIANTX,omen,True,100,25,1,1,2,7,True,ara,GIANTX,raze,True,100,50,1,2,1,5,False,Cloud,GIANTX,fade,True,100,25,1,1,0,7,True,Flickless,GIANTX,viper,True,100,50,1,1,0,4,False,westside,GIANTX,cypher,True,100,25,0,1,1,5,False
515.014,2206,ACTIVE_ROUND,5,2,2,93.000,,,MiniBoo,Team Heretics,raze,True,100,50,1,2,0,1,False,RieNs,Team Heretics,fade,True,100,25,2,1,0,6,False,Boo,Team Heretics,omen,True,100,3,1,0,1,4,False,benjyfishy,Team Heretics,deadlock,True,100,50,0,1,0,7,True,Wo0t,Team Heretics,chamber,True,100,50,0,8,1,5,False,grubinho,GIANTX,omen,True,100,25,1,1,2,7,True,ara,GIANTX,raze,True,100,50,1,2,1,5,False,Cloud,GIANTX,fade,True,100,25,1,1,0,7,True,Flickless,GIANTX,viper,True,100,50,1,1,0,4,False,westside,GIANTX,cypher,True,100,25,0,1,1,5,False
515.248,2207,ACTIVE_ROUND,5,2,2,93.000,,,MiniBoo,Team Heretics,raze,True,100,50,1,2,0,1,False,RieNs,Team Heretics,fade,True,100,25,2,1,0,6,False,Boo,Team Heretics,omen,True,100,3,1,0,1,4,False,benjyfishy,Team Heretics,deadlock,True,100,50,0,1,0,7,True,Wo0t,Team Heretics,chamber,True,100,50,0,8,1,5,False,grubinho,GIANTX,omen,True,100,25,1,1,2,7,True,ara,GIANTX,raze,True,100,50,1,2,1,5,False,Cloud,GIANTX,fade,True,100,25,1,1,0,7,True,Flickless,GIANTX,viper,True,100,50,1,1,0,4,False,westside,GIANTX,cypher,True,100,25,0,1,1,5,False
515.482,2208,ACTIVE_ROUND,5,2,2,93.000,,,MiniBoo,Team Heretics,raze,True,100,50,1,2,0,1,False,RieNs,Team Heretics,fade,True,100,25,2,1,0,6,False,Boo,Team Heretics,omen,True,100,3,1,0,1,4,False,benjyfishy,Team Heretics,deadlock,True,100,50,0,1,0,7,True,Wo0t,Team Heretics,chamber,True,100,50,0,8,1,5,False,grubinho,GIANTX,omen,True,100,25,1,1,2,7,True,ara,GIANTX,raze,True,100,50,1,2,1,5,False,Cloud,GIANTX,fade,True,100,25,1,1,0,7,True,Flickless,GIANTX,viper,True,100,50,1,1,0,4,False,westside,GIANTX,cypher,True,100,25,0,1,1,5,False
515.715,2209,ACTIVE_ROUND,5,2,2,92.000,,,MiniBoo,Team Heretics,raze,True,100,50,1,2,0,1,False,RieNs,Team Heretics,fade,True,100,25,2,1,0,6,False,Boo,Team Heretics,omen,True,100,3,1,0,1,4,False,benjyfishy,Team Heretics,deadlock,True,100,50,0,1,0,7,True,Wo0t,Team Heretics,chamber,True,100,50,0,8,1,5,False,grubinho,GIANTX,omen,True,100,25,1,1,2,7,True,ara,GIANTX,raze,True,100,50,1,2,1,5,False,Cloud,GIANTX,fade,True,100,25,1,1,0,7,True,Flickless,GIANTX,viper,True,100,50,1,1,0,4,False,westside,GIANTX,cypher,True,100,25,0,1,1,5,False
515.949,2210,ACTIVE_ROUND,5,2,2,92.000,,,MiniBoo,Team Heretics,raze,True,100,50,1,2,0,1,False,RieNs,Team Heretics,fade,True,100,25,2,1,0,6,False,Boo,Team Heretics,omen,True,100,25,1,0,1,4,False,benjyfishy,Team Heretics,deadlock,True,100,50,0,0,0,7,True,Wo0t,Team Heretics,chamber,True,100,50,0,8,1,5,False,grubinho,GIANTX,omen,True,100,25,1,0,2,7,True,ara,GIANTX,raze,True,100,50,0,2,1,5,False,Cloud,GIANTX,fade,True,100,25,1,1,0,7,True,Flickless,GIANTX,viper,True,100,50,1,1,0,4,False,westside,GIANTX,cypher,True,100,25,0,1,1,5,False
516.182,2211,ACTIVE_ROUND,5,2,2,92.000,,,MiniBoo,Team Heretics,raze,True,100,50,1,2,0,1,False,RieNs,Team Heretics,fade,True,100,25,2,1,0,6,False,Boo,Team Heretics,omen,True,100,25,1,0,1,4,False,benjyfishy,Team Heretics,deadlock,True,100,50,0,0,0,7,True,Wo0t,Team Heretics,chamber,True,100,50,0,8,1,5,False,grubinho,GIANTX,omen,True,100,25,1,0,2,7,True,ara,GIANTX,raze,True,100,50,0,2,1,5,False,Cloud,GIANTX,fade,True,100,25,1,1,0,7,True,Flickless,GIANTX,viper,True,100,50,1,1,0,4,False,westside,GIANTX,cypher,True,100,25,0,1,1,5,False
516.416,2212,ACTIVE_ROUND,5,2,2,92.000,,,MiniBoo,Team Heretics,raze,True,100,50,1,2,0,1,False,RieNs,Team Heretics,fade,True,100,25,2,1,0,6,False,Boo,Team Heretics,omen,True,100,25,1,0,1,4,False,benjyfishy,Team Heretics,deadlock,True,100,50,0,0,0,7,True,Wo0t,Team Heretics,chamber,True,100,50,0,8,1,5,False,grubinho,GIANTX,omen,True,100,25,1,0,2,7,True,ara,GIANTX,raze,True,100,50,0,2,1,5,False,Cloud,GIANTX,fade,True,100,25,1,1,0,7,True,Flickless,GIANTX,viper,True,100,50,1,1,0,4,False,westside,GIANTX,cypher,True,100,25,0,1,1,5,False
516.649,2213,ACTIVE_ROUND,5,2,2,91.000,,,MiniBoo,Team Heretics,raze,True,100,50,1,2,0,1,False,RieNs,Team Heretics,fade,True,100,25,2,1,0,6,False,Boo,Team Heretics,omen,True,100,25,1,0,1,4,False,benjyfishy,Team Heretics,deadlock,True,100,50,0,0,0,7,True,Wo0t,Team Heretics,chamber,True,100,50,0,8,1,5,False,grubinho,GIANTX,omen,True,100,25,1,0,2,7,True,ara,GIANTX,raze,True,100,50,0,2,1,5,False,Cloud,GIANTX,fade,True,100,25,1,1,0,7,True,Flickless,GIANTX,viper,True,100,50,1,1,0,4,False,westside,GIANTX,cypher,True,100,25,0,1,1,5,False
516.883,2214,ACTIVE_ROUND,5,2,2,91.000,,,MiniBoo,Team Heretics,raze,True,100,50,1,2,0,1,False,RieNs,Team Heretics,fade,True,100,25,2,1,0,6,False,Boo,Team Heretics,omen,True,100,25,1,0,1,4,False,benjyfishy,Team Heretics,deadlock,True,100,50,0,0,0,7,True,Wo0t,Team Heretics,chamber,True,100,50,0,7,0,5,False,grubinho,GIANTX,omen,True,100,25,1,0,2,7,True,ara,GIANTX,raze,True,100,50,0,2,1,5,False,Cloud,GIANTX,fade,True,100,25,1,1,0,7,True,Flickless,GIANTX,viper,True,100,50,1,1,0,4,False,westside,GIANTX,cypher,True,100,25,0,1,1,5,False
517.117,2215,ACTIVE_ROUND,5,2,2,91.000,,,MiniBoo,Team Heretics,raze,True,100,50,1,2,0,1,False,RieNs,Team Heretics,fade,True,100,25,2,1,0,6,False,Boo,Team Heretics,omen,True,100,25,1,0,1,4,False,benjyfishy,Team Heretics,deadlock,True,100,50,0,0,0,7,True,Wo0t,Team Heretics,chamber,True,100,50,0,7,0,5,False,grubinho,GIANTX,omen,True,100,25,1,0,2,7,True,ara,GIANTX,raze,True,100,50,0,2,1,5,False,Cloud,GIANTX,fade,True,100,25,1,1,0,7,True,Flickless,GIANTX,viper,True,100,50,1,1,0,4,False,westside,GIANTX,cypher,True,100,25,0,1,1,5,False
517.350,2216,ACTIVE_ROUND,5,2,2,91.000,,,MiniBoo,Team Heretics,raze,True,100,50,1,2,0,1,False,RieNs,Team Heretics,fade,True,100,25,2,1,0,6,False,Boo,Team Heretics,omen,True,100,25,1,0,1,4,False,benjyfishy,Team Heretics,deadlock,True,100,50,0,0,0,7,True,Wo0t,Team Heretics,chamber,True,100,50,0,7,0,5,False,grubinho,GIANTX,omen,True,100,25,1,0,2,7,True,ara,GIANTX,raze,True,100,50,0,2,1,5,False,Cloud,GIANTX,fade,True,100,25,1,1,0,7,True,Flickless,GIANTX,viper,True,100,50,1,1,0,4,False,westside,GIANTX,cypher,True,100,25,0,1,1,5,False
517.584,2217,ACTIVE_ROUND,5,2,2,91.000,,,MiniBoo,Team Heretics,raze,True,100,50,1,2,0,1,False,RieNs,Team Heretics,fade,True,100,25,2,1,0,6,False,Boo,Team Heretics,omen,True,100,25,1,0,1,4,False,benjyfishy,Team Heretics,deadlock,True,100,50,0,0,0,7,True,Wo0t,Team Heretics,chamber,True,100,50,0,7,0,5,False,grubinho,GIANTX,omen,True,100,25,1,0,2,7,True,ara,GIANTX,raze,True,100,50,0,2,1,5,False,Cloud,GIANTX,fade,True,100,25,1,1,0,7,True,Flickless,GIANTX,viper,True,100,50,1,1,0,4,False,westside,GIANTX,cypher,True,100,25,0,1,1,5,False
517.817,2218,ACTIVE_ROUND,5,2,2,90.000,,,MiniBoo,Team Heretics,raze,True,100,50,1,2,0,2,False,RieNs,Team Heretics,fade,True,100,25,2,1,0,6,False,Boo,Team Heretics,omen,True,100,25,1,0,1,4,False,benjyfishy,Team Heretics,deadlock,True,100,50,0,0,0,7,True,Wo0t,Team Heretics,chamber,True,100,50,0,7,0,5,False,grubinho,GIANTX,omen,True,100,25,1,0,2,7,True,ara,GIANTX,raze,True,100,50,0,2,1,5,False,Cloud,GIANTX,fade,True,100,25,1,1,0,7,True,Flickless,GIANTX,viper,True,100,50,1,1,0,4,False,westside,GIANTX,cypher,True,100,25,0,1,1,5,False
518.051,2219,ACTIVE_ROUND,5,2,2,90.000,,,MiniBoo,Team Heretics,raze,True,100,50,1,2,0,2,False,RieNs,Team Heretics,fade,True,100,25,2,1,0,6,False,Boo,Team Heretics,omen,True,100,25,1,0,1,4,False,benjyfishy,Team Heretics,deadlock,True,100,50,0,0,0,7,True,Wo0t,Team Heretics,chamber,True,100,50,0,7,0,5,False,grubinho,GIANTX,omen,True,100,25,1,0,2,7,True,ara,GIANTX,raze,True,100,50,0,2,1,5,False,Cloud,GIANTX,fade,True,100,25,1,1,0,7,True,Flickless,GIANTX,viper,True,100,50,1,1,0,4,False,westside,GIANTX,cypher,True,100,25,0,1,1,5,False
518.284,2220,ACTIVE_ROUND,5,2,2,90.000,,,MiniBoo,Team Heretics,raze,True,100,50,1,2,0,2,False,RieNs,Team Heretics,fade,True,100,25,2,1,0,6,False,Boo,Team Heretics,omen,True,100,25,1,0,1,4,False,benjyfishy,Team Heretics,deadlock,True,100,50,0,0,0,7,True,Wo0t,Team Heretics,chamber,True,100,50,0,7,0,5,False,grubinho,GIANTX,omen,True,100,25,1,0,2,7,True,ara,GIANTX,raze,True,100,50,0,2,1,5,False,Cloud,GIANTX,fade,True,100,25,1,1,0,7,True,Flickless,GIANTX,viper,True,100,50,1,1,0,4,False,westside,GIANTX,cypher,True,100,25,0,1,1,5,False
518.518,2221,ACTIVE_ROUND,5,2,2,90.000,,,MiniBoo,Team Heretics,raze,True,100,50,1,2,0,2,False,RieNs,Team Heretics,fade,True,100,25,2,1,0,6,False,Boo,Team Heretics,omen,True,100,25,1,0,1,4,False,benjyfishy,Team Heretics,deadlock,True,100,50,0,0,0,7,True,Wo0t,Team Heretics,chamber,True,100,50,0,7,0,5,False,grubinho,GIANTX,omen,True,100,25,1,0,2,7,True,ara,GIANTX,raze,True,100,50,0,2,1,5,False,Cloud,GIANTX,fade,True,100,25,1,1,0,7,True,Flickless,GIANTX,viper,True,100,50,1,1,0,4,False,westside,GIANTX,cypher,True,100,25,0,1,1,5,False
518.752,2222,ACTIVE_ROUND,5,2,2,89.000,,,MiniBoo,Team Heretics,raze,True,100,50,1,2,0,2,False,RieNs,Team Heretics,fade,True,100,25,2,1,0,6,False,Boo,Team Heretics,omen,True,100,25,1,0,1,4,False,benjyfishy,Team Heretics,deadlock,True,100,50,0,0,0,7,True,Wo0t,Team Heretics,chamber,True,100,50,0,7,0,5,False,grubinho,GIANTX,omen,True,100,25,1,0,2,7,True,ara,GIANTX,raze,True,100,50,0,2,1,5,False,Cloud,GIANTX,fade,True,100,25,1,1,0,7,True,Flickless,GIANTX,viper,True,100,50,1,1,0,4,False,westside,GIANTX,cypher,True,100,25,0,1,1,5,False
518.985,2223,ACTIVE_ROUND,5,2,2,89.000,,,MiniBoo,Team Heretics,raze,True,100,50,1,2,0,2,False,RieNs,Team Heretics,fade,True,100,25,2,1,0,6,False,Boo,Team Heretics,omen,True,100,25,1,0,1,4,False,benjyfishy,Team Heretics,deadlock,True,100,50,0,0,0,7,True,Wo0t,Team Heretics,chamber,True,100,50,0,7,0,5,False,grubinho,GIANTX,omen,True,100,25,1,0,2,7,True,ara,GIANTX,raze,True,100,50,0,2,1,5,False,Cloud,GIANTX,fade,True,100,25,1,1,0,7,True,Flickless,GIANTX,viper,True,100,50,1,1,0,4,False,westside,GIANTX,cypher,True,100,25,0,1,1,5,False
519.219,2224,ACTIVE_ROUND,5,2,2,89.000,,,MiniBoo,Team Heretics,raze,True,100,50,1,2,0,2,False,RieNs,Team Heretics,fade,True,100,25,2,1,0,6,False,Boo,Team Heretics,omen,True,100,25,1,0,1,4,False,benjyfishy,Team Heretics,deadlock,True,100,50,0,0,0,7,True,Wo0t,Team Heretics,chamber,True,100,50,0,7,0,5,False,grubinho,GIANTX,omen,True,100,25,1,0,2,7,True,ara,GIANTX,raze,True,100,50,0,2,1,5,False,Cloud,GIANTX,fade,True,100,25,1,1,0,7,True,Flickless,GIANTX,viper,True,100,50,1,1,0,4,False,westside,GIANTX,cypher,True,100,25,0,1,1,5,False
519.452,2225,ACTIVE_ROUND,5,2,2,89.000,,,MiniBoo,Team Heretics,raze,True,100,50,1,2,0,2,False,RieNs,Team Heretics,fade,True,100,25,2,1,0,6,False,Boo,Team Heretics,omen,True,100,25,1,0,1,4,False,benjyfishy,Team Heretics,deadlock,True,100,50,0,0,0,7,True,Wo0t,Team Heretics,chamber,True,100,50,0,7,0,5,False,grubinho,GIANTX,omen,True,100,25,1,0,2,7,True,ara,GIANTX,raze,True,100,50,0,2,1,5,False,Cloud,GIANTX,fade,True,100,25,1,1,0,7,True,Flickless,GIANTX,viper,True,100,50,1,1,0,4,False,westside,GIANTX,cypher,True,100,25,0,1,1,5,False
519.686,2226,ACTIVE_ROUND,5,2,2,88.000,,,MiniBoo,Team Heretics,raze,True,100,50,1,2,0,2,False,RieNs,Team Heretics,fade,True,100,25,2,1,0,6,False,Boo,Team Heretics,omen,True,100,25,1,0,1,4,False,benjyfishy,Team Heretics,deadlock,True,100,50,0,0,0,7,True,Wo0t,Team Heretics,chamber,True,100,50,0,7,0,5,False,grubinho,GIANTX,omen,True,100,25,1,0,2,7,True,ara,GIANTX,raze,True,100,50,0,2,1,5,False,Cloud,GIANTX,fade,True,100,25,1,1,0,7,True,Flickless,GIANTX,viper,True,100,50,1,1,0,4,False,westside,GIANTX,cypher,True,100,25,0,1,1,5,False
519.919,2227,ACTIVE_ROUND,5,2,2,88.000,,,MiniBoo,Team Heretics,raze,True,100,50,1,2,0,2,False,RieNs,Team Heretics,fade,True,100,25,2,1,0,6,False,Boo,Team Heretics,omen,True,100,25,1,0,1,4,False,benjyfishy,Team Heretics,deadlock,True,100,50,0,0,0,7,True,Wo0t,Team Heretics,chamber,True,100,50,0,7,0,5,False,grubinho,GIANTX,omen,True,100,25,1,0,1,7,True,ara,GIANTX,raze,True,100,50,0,2,1,5,False,Cloud,GIANTX,fade,True,100,25,1,1,0,7,True,Flickless,GIANTX,viper,True,100,50,1,1,0,4,False,westside,GIANTX,cypher,True,100,25,0,1,1,5,False
520.153,2228,ACTIVE_ROUND,5,2,2,88.000,,,MiniBoo,Team Heretics,raze,True,100,50,1,2,0,2,False,RieNs,Team Heretics,fade,True,100,25,2,1,0,6,False,Boo,Team Heretics,omen,True,100,25,1,0,1,4,False,benjyfishy,Team Heretics,deadlock,True,100,50,0,0,0,7,True,Wo0t,Team Heretics,chamber,True,100,50,0,7,0,5,False,grubinho,GIANTX,omen,True,100,25,1,0,1,7,True,ara,GIANTX,raze,True,100,50,0,2,1,5,False,Cloud,GIANTX,fade,True,100,25,1,1,0,7,True,Flickless,GIANTX,viper,True,100,50,1,1,0,4,False,westside,GIANTX,cypher,True,100,25,0,1,1,5,False
520.387,2229,ACTIVE_ROUND,5,2,2,88.000,,,MiniBoo,Team Heretics,raze,True,100,50,1,2,0,2,False,RieNs,Team Heretics,fade,True,100,25,2,1,0,6,False,Boo,Team Heretics,omen,True,100,25,1,0,1,4,False,benjyfishy,Team Heretics,deadlock,True,100,50,0,0,0,7,True,Wo0t,Team Heretics,chamber,True,100,50,0,7,0,5,False,grubinho,GIANTX,omen,True,100,25,1,0,1,7,True,ara,GIANTX,raze,True,100,50,0,2,1,5,False,Cloud,GIANTX,fade,True,100,25,1,1,0,7,True,Flickless,GIANTX,viper,True,100,50,1,1,0,4,False,westside,GIANTX,cypher,True,100,25,0,1,1,5,False
520.620,2230,ACTIVE_ROUND,5,2,2,87.000,,,MiniBoo,Team Heretics,raze,True,100,50,1,2,0,2,False,RieNs,Team Heretics,fade,True,100,25,2,1,0,6,False,Boo,Team Heretics,omen,True,100,25,1,0,1,4,False,benjyfishy,Team Heretics,deadlock,True,100,50,0,0,0,7,True,Wo0t,Team Heretics,chamber,True,100,50,0,7,0,5,False,grubinho,GIANTX,omen,True,100,25,1,0,1,7,True,ara,GIANTX,raze,True,100,50,0,2,1,5,False,Cloud,GIANTX,fade,True,100,25,1,1,0,7,True,Flickless,GIANTX,viper,True,100,50,1,1,0,4,False,westside,GIANTX,cypher,True,100,25,0,1,1,5,False
520.854,2231,ACTIVE_ROUND,5,2,2,87.000,,,MiniBoo,Team Heretics,raze,True,100,50,1,2,0,2,False,RieNs,Team Heretics,fade,True,100,25,2,1,0,6,False,Boo,Team Heretics,omen,True,100,25,1,0,0,4,False,benjyfishy,Team Heretics,deadlock,True,100,50,0,0,0,7,True,Wo0t,Team Heretics,chamber,True,100,50,0,7,0,5,False,grubinho,GIANTX,omen,True,100,25,1,0,1,7,True,ara,GIANTX,raze,True,100,50,0,2,0,5,False,Cloud,GIANTX,fade,True,100,25,1,1,0,0,False,Flickless,GIANTX,viper,True,100,50,1,1,0,4,False,westside,GIANTX,cypher,True,100,25,0,1,1,5,False
521.087,2232,ACTIVE_ROUND,5,2,2,87.000,,,MiniBoo,Team Heretics,raze,True,100,50,1,2,0,2,False,RieNs,Team Heretics,fade,True,100,25,2,1,0,6,False,Boo,Team Heretics,omen,True,100,25,1,0,0,4,False,benjyfishy,Team Heretics,deadlock,True,100,50,0,0,0,7,True,Wo0t,Team Heretics,chamber,True,100,50,0,7,0,5,False,grubinho,GIANTX,omen,True,100,25,1,0,1,7,True,ara,GIANTX,raze,True,100,50,0,2,0,5,False,Cloud,GIANTX,fade,True,100,25,1,1,0,0,False,Flickless,GIANTX,viper,True,100,50,1,1,0,4,False,westside,GIANTX,cypher,True,100,25,0,1,1,5,False
521.321,2233,ACTIVE_ROUND,5,2,2,87.000,,,MiniBoo,Team Heretics,raze,True,100,50,1,2,0,2,False,RieNs,Team Heretics,fade,True,100,25,2,1,0,6,False,Boo,Team Heretics,omen,True,100,25,1,0,0,4,False,benjyfishy,Team Heretics,deadlock,True,100,50,0,0,0,7,True,Wo0t,Team Heretics,chamber,True,100,50,0,7,0,5,False,grubinho,GIANTX,omen,True,100,25,1,0,1,7,True,ara,GIANTX,raze,True,100,50,0,2,0,5,False,Cloud,GIANTX,fade,True,100,25,1,1,0,0,False,Flickless,GIANTX,viper,True,100,50,1,1,0,4,False,westside,GIANTX,cypher,True,100,25,0,1,1,5,False
521.554,2234,ACTIVE_ROUND,5,2,2,87.000,,,MiniBoo,Team Heretics,raze,True,100,50,1,2,0,2,False,RieNs,Team Heretics,fade,True,100,25,2,1,0,6,False,Boo,Team Heretics,omen,True,100,25,1,0,0,4,False,benjyfishy,Team Heretics,deadlock,True,100,50,0,0,0,7,True,Wo0t,Team Heretics,chamber,True,100,50,0,7,0,5,False,grubinho,GIANTX,omen,True,100,25,1,0,1,7,True,ara,GIANTX,raze,True,100,50,0,2,0,5,False,Cloud,GIANTX,fade,True,100,25,1,1,0,0,False,Flickless,GIANTX,viper,True,100,50,1,1,0,4,False,westside,GIANTX,cypher,True,100,25,0,1,1,5,False
521.788,2235,ACTIVE_ROUND,5,2,2,86.000,,,MiniBoo,Team Heretics,raze,True,100,50,1,2,0,2,False,RieNs,Team Heretics,fade,True,100,25,2,1,0,6,False,Boo,Team Heretics,omen,True,100,25,1,0,0,4,False,benjyfishy,Team Heretics,deadlock,True,100,50,0,0,0,7,True,Wo0t,Team Heretics,chamber,True,100,50,0,7,0,5,False,grubinho,GIANTX,omen,True,100,25,1,0,1,7,True,ara,GIANTX,raze,True,100,50,0,2,0,5,False,Cloud,GIANTX,fade,True,100,25,1,1,0,0,False,Flickless,GIANTX,viper,True,100,50,1,1,0,4,False,westside,GIANTX,cypher,True,100,25,0,1,1,5,False
522.022,2236,ACTIVE_ROUND,5,2,2,86.000,,,MiniBoo,Team Heretics,raze,True,100,50,1,2,0,2,False,RieNs,Team Heretics,fade,True,100,25,2,1,0,6,False,Boo,Team Heretics,omen,True,100,25,1,0,0,4,False,benjyfishy,Team Heretics,deadlock,True,100,50,0,0,0,7,True,Wo0t,Team Heretics,chamber,True,100,50,0,7,0,5,False,grubinho,GIANTX,omen,True,100,25,1,0,1,7,True,ara,GIANTX,raze,True,100,50,0,1,0,5,False,Cloud,GIANTX,fade,True,100,25,1,1,0,0,False,Flickless,GIANTX,viper,True,100,50,1,1,0,4,False,westside,GIANTX,cypher,True,100,25,0,1,1,5,False
522.255,2237,ACTIVE_ROUND,5,2,2,86.000,,,MiniBoo,Team Heretics,raze,True,100,50,1,2,0,2,False,RieNs,Team Heretics,fade,True,100,25,2,1,0,6,False,Boo,Team Heretics,omen,True,100,25,1,0,0,4,False,benjyfishy,Team Heretics,deadlock,True,100,50,0,0,0,7,True,Wo0t,Team Heretics,chamber,True,100,50,0,7,0,5,False,grubinho,GIANTX,omen,True,100,25,1,0,1,7,True,ara,GIANTX,raze,True,100,50,0,1,0,5,False,Cloud,GIANTX,fade,True,100,25,1,1,0,0,False,Flickless,GIANTX,viper,True,100,50,1,1,0,4,False,westside,GIANTX,cypher,True,100,25,0,1,1,5,False
522.489,2238,ACTIVE_ROUND,5,2,2,86.000,,,MiniBoo,Team Heretics,raze,True,100,50,1,2,0,2,False,RieNs,Team Heretics,fade,True,100,25,2,1,0,6,False,Boo,Team Heretics,omen,True,100,25,1,0,0,4,False,benjyfishy,Team Heretics,deadlock,True,100,50,0,0,0,7,True,Wo0t,Team Heretics,chamber,True,100,50,0,7,0,5,False,grubinho,GIANTX,omen,True,100,25,1,0,1,7,True,ara,GIANTX,raze,True,100,50,0,1,0,5,False,Cloud,GIANTX,fade,True,100,25,1,1,0,0,False,Flickless,GIANTX,viper,True,100,50,1,1,0,4,False,westside,GIANTX,cypher,True,100,25,0,1,1,5,False
522.722,2239,ACTIVE_ROUND,5,2,2,85.000,,,MiniBoo,Team Heretics,raze,True,100,50,1,2,0,2,False,RieNs,Team Heretics,fade,True,100,25,2,1,0,6,False,Boo,Team Heretics,omen,True,100,25,1,0,0,4,False,benjyfishy,Team Heretics,deadlock,True,100,50,0,0,0,7,True,Wo0t,Team Heretics,chamber,True,100,50,0,7,0,5,False,grubinho,GIANTX,omen,True,100,25,1,0,1,7,True,ara,GIANTX,raze,True,100,50,0,1,0,5,False,Cloud,GIANTX,fade,True,100,25,1,1,0,0,False,Flickless,GIANTX,viper,True,100,50,1,1,0,4,False,westside,GIANTX,cypher,True,100,25,0,1,1,5,False
522.956,2240,ACTIVE_ROUND,5,2,2,85.000,,,MiniBoo,Team Heretics,raze,True,100,50,1,2,0,2,False,RieNs,Team Heretics,fade,True,100,25,2,1,0,6,False,Boo,Team Heretics,omen,True,100,25,1,0,0,4,False,benjyfishy,Team Heretics,deadlock,True,100,50,0,0,0,7,True,Wo0t,Team Heretics,chamber,True,62,1,0,7,0,5,False,grubinho,GIANTX,omen,True,100,25,1,0,0,7,True,ara,GIANTX,raze,True,100,50,0,0,0,5,False,Cloud,GIANTX,fade,True,100,25,1,1,0,0,False,Flickless,GIANTX,viper,True,100,50,1,1,0,4,False,westside,GIANTX,cypher,True,100,25,0,1,1,5,False
523.189,2241,ACTIVE_ROUND,5,2,2,85.000,,,MiniBoo,Team Heretics,raze,True,100,50,1,2,0,2,False,RieNs,Team Heretics,fade,True,100,25,2,1,0,6,False,Boo,Team Heretics,omen,True,100,25,1,0,0,4,False,benjyfishy,Team Heretics,deadlock,True,100,50,0,0,0,7,True,Wo0t,Team Heretics,chamber,True,62,1,0,7,0,5,False,grubinho,GIANTX,omen,True,100,25,1,0,0,7,True,ara,GIANTX,raze,True,100,50,0,0,0,5,False,Cloud,GIANTX,fade,True,100,25,1,1,0,0,False,Flickless,GIANTX,viper,True,100,50,1,1,0,4,False,westside,GIANTX,cypher,True,100,25,0,1,1,5,False
523.423,2242,ACTIVE_ROUND,5,2,2,85.000,,,MiniBoo,Team Heretics,raze,True,100,50,1,2,0,2,False,RieNs,Team Heretics,fade,True,100,25,2,1,0,6,False,Boo,Team Heretics,omen,True,100,25,1,0,0,4,False,benjyfishy,Team Heretics,deadlock,True,100,50,0,0,0,7,True,Wo0t,Team Heretics,chamber,True,62,1,0,7,0,5,False,grubinho,GIANTX,omen,True,100,25,1,0,0,7,True,ara,GIANTX,raze,True,100,50,0,0,0,5,False,Cloud,GIANTX,fade,True,100,25,1,1,0,0,False,Flickless,GIANTX,viper,True,100,50,1,1,0,4,False,westside,GIANTX,cypher,True,100,25,0,1,1,5,False
523.656,2243,ACTIVE_ROUND,5,2,2,84.000,,,MiniBoo,Team Heretics,raze,True,100,50,1,2,0,2,False,RieNs,Team Heretics,fade,True,100,25,2,1,0,6,False,Boo,Team Heretics,omen,True,100,25,1,0,0,4,False,benjyfishy,Team Heretics,deadlock,True,100,50,0,0,0,7,True,Wo0t,Team Heretics,chamber,True,62,1,0,7,0,5,False,grubinho,GIANTX,omen,True,100,25,1,0,0,7,True,ara,GIANTX,raze,True,100,50,0,0,0,5,False,Cloud,GIANTX,fade,True,100,25,1,1,0,0,False,Flickless,GIANTX,viper,True,100,50,1,1,0,4,False,westside,GIANTX,cypher,True,100,25,0,1,1,5,False
523.890,2244,ACTIVE_ROUND,5,2,2,84.000,,,MiniBoo,Team Heretics,raze,True,100,50,1,2,0,2,False,RieNs,Team Heretics,fade,True,100,25,2,1,0,6,False,Boo,Team Heretics,omen,True,100,25,1,0,0,4,False,benjyfishy,Team Heretics,deadlock,True,100,50,0,0,0,7,True,Wo0t,Team Heretics,chamber,True,68,1,0,7,0,5,False,grubinho,GIANTX,omen,True,100,25,1,0,0,7,True,ara,GIANTX,raze,True,100,50,0,0,0,5,False,Cloud,GIANTX,fade,True,100,25,0,1,0,0,False,Flickless,GIANTX,viper,True,100,50,1,1,0,4,False,westside,GIANTX,cypher,True,100,25,0,1,1,5,False
524.124,2245,ACTIVE_ROUND,5,2,2,84.000,,,MiniBoo,Team Heretics,raze,True,100,50,1,2,0,2,False,RieNs,Team Heretics,fade,True,100,25,2,1,0,6,False,Boo,Team Heretics,omen,True,100,25,1,0,0,4,False,benjyfishy,Team Heretics,deadlock,True,100,50,0,0,0,7,True,Wo0t,Team Heretics,chamber,True,68,1,0,7,0,5,False,grubinho,GIANTX,omen,True,100,25,1,0,0,7,True,ara,GIANTX,raze,True,100,50,0,0,0,5,False,Cloud,GIANTX,fade,True,100,25,0,1,0,0,False,Flickless,GIANTX,viper,True,100,50,1,1,0,4,False,westside,GIANTX,cypher,True,100,25,0,1,1,5,False
524.357,2246,ACTIVE_ROUND,5,2,2,84.000,,,MiniBoo,Team Heretics,raze,True,100,50,1,2,0,2,False,RieNs,Team Heretics,fade,True,100,25,2,1,0,6,False,Boo,Team Heretics,omen,True,100,25,1,0,0,4,False,benjyfishy,Team Heretics,deadlock,True,100,50,0,0,0,7,True,Wo0t,Team Heretics,chamber,True,68,1,0,7,0,5,False,grubinho,GIANTX,omen,True,100,25,1,0,0,7,True,ara,GIANTX,raze,True,100,50,0,0,0,5,False,Cloud,GIANTX,fade,True,100,25,0,1,0,0,False,Flickless,GIANTX,viper,True,100,50,1,1,0,4,False,westside,GIANTX,cypher,True,100,25,0,1,1,5,False
524.591,2247,ACTIVE_ROUND,5,2,2,84.000,,,MiniBoo,Team Heretics,raze,True,100,50,1,2,0,2,False,RieNs,Team Heretics,fade,True,100,25,2,1,0,6,False,Boo,Team Heretics,omen,True,100,25,1,0,0,4,False,benjyfishy,Team Heretics,deadlock,True,100,50,0,0,0,7,True,Wo0t,Team Heretics,chamber,True,68,1,0,7,0,5,False,grubinho,GIANTX,omen,True,100,25,1,0,0,7,True,ara,GIANTX,raze,True,100,50,0,0,0,5,False,Cloud,GIANTX,fade,True,100,25,0,1,0,0,False,Flickless,GIANTX,viper,True,100,50,1,1,0,4,False,westside,GIANTX,cypher,True,100,25,0,1,1,5,False
524.824,2248,ACTIVE_ROUND,5,2,2,83.000,,,MiniBoo,Team Heretics,raze,True,100,50,1,2,0,2,False,RieNs,Team Heretics,fade,True,100,25,2,1,0,6,False,Boo,Team Heretics,omen,True,100,25,1,0,0,4,False,benjyfishy,Team Heretics,deadlock,True,100,50,0,0,0,7,True,Wo0t,Team Heretics,chamber,True,74,1,0,7,0,5,False,grubinho,GIANTX,omen,True,100,25,0,0,0,7,True,ara,GIANTX,raze,True,100,50,0,0,0,5,False,Cloud,GIANTX,fade,True,100,25,0,1,0,0,False,Flickless,GIANTX,viper,True,100,50,1,1,0,4,False,westside,GIANTX,cypher,True,100,25,0,1,1,5,False
525.058,2249,ACTIVE_ROUND,5,2,2,83.000,,,MiniBoo,Team Heretics,raze,True,100,50,1,2,0,2,False,RieNs,Team Heretics,fade,True,100,25,2,1,0,6,False,Boo,Team Heretics,omen,True,100,25,1,0,0,4,False,benjyfishy,Team Heretics,deadlock,True,100,50,0,0,0,7,True,Wo0t,Team Heretics,chamber,True,74,1,0,7,0,5,False,grubinho,GIANTX,omen,True,100,25,0,0,0,7,True,ara,GIANTX,raze,True,100,50,0,0,0,5,False,Cloud,GIANTX,fade,True,100,25,0,1,0,0,False,Flickless,GIANTX,viper,True,100,50,1,1,0,4,False,westside,GIANTX,cypher,True,100,25,0,1,1,5,False
525.291,2250,ACTIVE_ROUND,5,2,2,83.000,,,MiniBoo,Team Heretics,raze,True,100,50,1,2,0,2,False,RieNs,Team Heretics,fade,True,100,25,2,1,0,6,False,Boo,Team Heretics,omen,True,100,25,1,0,0,4,False,benjyfishy,Team Heretics,deadlock,True,100,50,0,0,0,7,True,Wo0t,Team Heretics,chamber,True,74,1,0,7,0,5,False,grubinho,GIANTX,omen,True,100,25,0,0,0,7,True,ara,GIANTX,raze,True,100,50,0,0,0,5,False,Cloud,GIANTX,fade,True,100,25,0,1,0,0,False,Flickless,GIANTX,viper,True,100,50,1,1,0,4,False,westside,GIANTX,cypher,True,100,25,0,1,1,5,False
525.525,2251,ACTIVE_ROUND,5,2,2,83.000,,,MiniBoo,Team Heretics,raze,True,100,50,1,2,0,2,False,RieNs,Team Heretics,fade,True,100,25,2,1,0,6,False,Boo,Team Heretics,omen,True,100,25,1,0,0,4,False,benjyfishy,Team Heretics,deadlock,True,100,50,0,0,0,7,True,Wo0t,Team Heretics,chamber,True,74,1,0,7,0,5,False,grubinho,GIANTX,omen,True,100,25,0,0,0,7,True,ara,GIANTX,raze,True,100,50,0,0,0,5,False,Cloud,GIANTX,fade,True,100,25,0,1,0,0,False,Flickless,GIANTX,viper,True,100,50,1,1,0,4,False,westside,GIANTX,cypher,True,100,25,0,1,1,5,False
525.759,2252,ACTIVE_ROUND,5,2,2,82.000,,,MiniBoo,Team Heretics,raze,True,100,50,1,2,0,2,False,RieNs,Team Heretics,fade,True,100,25,2,1,0,6,False,Boo,Team Heretics,omen,True,100,25,1,0,0,4,False,benjyfishy,Team Heretics,deadlock,True,100,50,0,0,0,7,True,Wo0t,Team Heretics,chamber,True,74,1,0,7,0,5,False,grubinho,GIANTX,omen,True,100,25,0,0,0,7,True,ara,GIANTX,raze,True,100,50,0,0,0,5,False,Cloud,GIANTX,fade,True,100,25,0,1,0,0,False,Flickless,GIANTX,viper,True,100,50,1,1,0,4,False,westside,GIANTX,cypher,True,100,25,0,1,1,5,False
525.992,2253,ACTIVE_ROUND,5,2,2,82.000,,,MiniBoo,Team Heretics,raze,True,100,50,1,2,0,2,False,RieNs,Team Heretics,fade,True,100,25,2,1,0,6,False,Boo,Team Heretics,omen,True,100,25,1,0,0,4,False,benjyfishy,Team Heretics,deadlock,True,100,50,0,0,0,7,True,Wo0t,Team Heretics,chamber,True,80,1,0,7,0,5,False,grubinho,GIANTX,omen,True,100,25,0,0,0,7,True,ara,GIANTX,raze,True,100,50,0,0,0,5,False,Cloud,GIANTX,fade,True,100,25,0,1,0,0,False,Flickless,GIANTX,viper,True,100,50,1,1,0,4,False,westside,GIANTX,cypher,True,100,25,0,1,1,5,False
526.226,2254,ACTIVE_ROUND,5,2,2,82.000,,,MiniBoo,Team Heretics,raze,True,100,50,1,2,0,2,False,RieNs,Team Heretics,fade,True,100,25,2,1,0,6,False,Boo,Team Heretics,omen,True,100,25,1,0,0,4,False,benjyfishy,Team Heretics,deadlock,True,100,50,0,0,0,7,True,Wo0t,Team Heretics,chamber,True,80,1,0,7,0,5,False,grubinho,GIANTX,omen,True,100,25,0,0,0,7,True,ara,GIANTX,raze,True,100,50,0,0,0,5,False,Cloud,GIANTX,fade,True,100,25,0,1,0,0,False,Flickless,GIANTX,viper,True,100,50,1,1,0,4,False,westside,GIANTX,cypher,True,100,25,0,1,1,5,False
526.459,2255,ACTIVE_ROUND,5,2,2,82.000,,,MiniBoo,Team Heretics,raze,True,100,50,1,2,0,2,False,RieNs,Team Heretics,fade,True,100,25,2,1,0,6,False,Boo,Team Heretics,omen,True,100,25,1,0,0,4,False,benjyfishy,Team Heretics,deadlock,True,100,50,0,0,0,7,True,Wo0t,Team Heretics,chamber,True,80,1,0,7,0,5,False,grubinho,GIANTX,omen,True,100,25,0,0,0,7,True,ara,GIANTX,raze,True,100,50,0,0,0,5,False,Cloud,GIANTX,fade,True,100,25,0,1,0,0,False,Flickless,GIANTX,viper,True,100,50,1,1,0,4,False,westside,GIANTX,cypher,True,100,25,0,1,1,5,False
526.693,2256,ACTIVE_ROUND,5,2,2,81.000,,,MiniBoo,Team Heretics,raze,True,100,50,1,2,0,2,False,RieNs,Team Heretics,fade,True,100,25,2,1,0,6,False,Boo,Team Heretics,omen,True,100,25,1,0,0,4,False,benjyfishy,Team Heretics,deadlock,True,100,50,0,0,0,7,True,Wo0t,Team Heretics,chamber,True,80,1,0,7,0,5,False,grubinho,GIANTX,omen,True,100,25,0,0,0,7,True,ara,GIANTX,raze,True,100,50,0,0,0,5,False,Cloud,GIANTX,fade,True,100,25,0,1,0,0,False,Flickless,GIANTX,viper,True,100,50,1,1,0,4,False,westside,GIANTX,cypher,True,100,25,0,1,1,5,False
526.926,2257,ACTIVE_ROUND,5,2,2,81.000,,,MiniBoo,Team Heretics,raze,True,100,50,1,2,0,2,False,RieNs,Team Heretics,fade,True,100,25,2,1,0,6,False,Boo,Team Heretics,omen,True,100,25,1,0,0,4,False,benjyfishy,Team Heretics,deadlock,True,100,50,0,0,0,7,True,Wo0t,Team Heretics,chamber,True,87,1,0,7,0,5,False,grubinho,GIANTX,omen,True,100,25,0,0,0,7,True,ara,GIANTX,raze,True,100,50,0,0,0,5,False,Cloud,GIANTX,fade,True,100,25,0,1,0,0,False,Flickless,GIANTX,viper,True,100,50,1,1,0,4,False,westside,GIANTX,cypher,True,100,25,0,1,1,5,False
527.160,2258,ACTIVE_ROUND,5,2,2,81.000,,,MiniBoo,Team Heretics,raze,True,100,50,1,2,0,2,False,RieNs,Team Heretics,fade,True,100,25,2,1,0,6,False,Boo,Team Heretics,omen,True,100,25,1,0,0,4,False,benjyfishy,Team Heretics,deadlock,True,100,50,0,0,0,7,True,Wo0t,Team Heretics,chamber,True,87,1,0,7,0,5,False,grubinho,GIANTX,omen,True,100,25,0,0,0,7,True,ara,GIANTX,raze,True,100,50,0,0,0,5,False,Cloud,GIANTX,fade,True,100,25,0,1,0,0,False,Flickless,GIANTX,viper,True,100,50,1,1,0,4,False,westside,GIANTX,cypher,True,100,25,0,1,1,5,False
527.394,2259,ACTIVE_ROUND,5,2,2,81.000,,,MiniBoo,Team Heretics,raze,True,100,50,1,2,0,2,False,RieNs,Team Heretics,fade,True,100,25,2,1,0,6,False,Boo,Team Heretics,omen,True,100,25,1,0,0,4,False,benjyfishy,Team Heretics,deadlock,True,100,50,0,0,0,7,True,Wo0t,Team Heretics,chamber,True,87,1,0,7,0,5,False,grubinho,GIANTX,omen,True,100,25,0,0,0,7,True,ara,GIANTX,raze,True,100,50,0,0,0,5,False,Cloud,GIANTX,fade,True,100,25,0,1,0,0,False,Flickless,GIANTX,viper,True,100,50,1,1,0,4,False,westside,GIANTX,cypher,True,100,25,0,1,1,5,False
527.627,2260,ACTIVE_ROUND,5,2,2,80.000,,,MiniBoo,Team Heretics,raze,True,100,50,1,2,0,2,False,RieNs,Team Heretics,fade,True,100,25,2,1,0,6,False,Boo,Team Heretics,omen,True,100,25,1,0,0,4,False,benjyfishy,Team Heretics,deadlock,True,100,50,0,0,0,7,True,Wo0t,Team Heretics,chamber,True,87,1,0,7,0,5,False,grubinho,GIANTX,omen,True,100,25,0,0,0,7,True,ara,GIANTX,raze,True,100,50,0,0,0,5,False,Cloud,GIANTX,fade,True,100,25,0,1,0,0,False,Flickless,GIANTX,viper,True,100,50,1,1,0,4,False,westside,GIANTX,cypher,True,100,25,0,1,1,5,False
527.861,2261,ACTIVE_ROUND,5,2,2,80.000,,,MiniBoo,Team Heretics,raze,True,100,50,1,2,0,2,False,RieNs,Team Heretics,fade,True,100,25,2,1,0,6,False,Boo,Team Heretics,omen,True,100,25,1,0,0,4,False,benjyfishy,Team Heretics,deadlock,True,100,50,0,0,0,7,True,Wo0t,Team Heretics,chamber,True,93,1,0,7,0,5,False,grubinho,GIANTX,omen,True,100,25,0,0,0,7,True,ara,GIANTX,raze,True,100,50,0,0,0,5,False,Cloud,GIANTX,fade,True,100,25,0,1,0,0,False,Flickless,GIANTX,viper,True,100,50,1,0,0,4,False,westside,GIANTX,cypher,True,100,25,0,1,1,5,False
528.094,2262,ACTIVE_ROUND,5,2,2,80.000,,,MiniBoo,Team Heretics,raze,True,100,50,1,2,0,2,False,RieNs,Team Heretics,fade,True,100,25,2,1,0,6,False,Boo,Team Heretics,omen,True,100,25,1,0,0,4,False,benjyfishy,Team Heretics,deadlock,True,100,50,0,0,0,7,True,Wo0t,Team Heretics,chamber,True,93,1,0,7,0,5,False,grubinho,GIANTX,omen,True,100,25,0,0,0,7,True,ara,GIANTX,raze,True,100,50,0,0,0,5,False,Cloud,GIANTX,fade,True,100,25,0,1,0,0,False,Flickless,GIANTX,viper,True,100,50,1,0,0,4,False,westside,GIANTX,cypher,True,100,25,0,1,1,5,False
528.328,2263,ACTIVE_ROUND,5,2,2,80.000,,,MiniBoo,Team Heretics,raze,True,100,50,1,2,0,2,False,RieNs,Team Heretics,fade,True,100,25,2,1,0,6,False,Boo,Team Heretics,omen,True,100,25,1,0,0,4,False,benjyfishy,Team Heretics,deadlock,True,100,50,0,0,0,7,True,Wo0t,Team Heretics,chamber,True,93,1,0,7,0,5,False,grubinho,GIANTX,omen,True,100,25,0,0,0,7,True,ara,GIANTX,raze,True,100,50,0,0,0,5,False,Cloud,GIANTX,fade,True,100,25,0,1,0,0,False,Flickless,GIANTX,viper,True,100,50,1,0,0,4,False,westside,GIANTX,cypher,True,100,25,0,1,1,5,False
528.561,2264,ACTIVE_ROUND,5,2,2,80.000,,,MiniBoo,Team Heretics,raze,True,100,50,1,2,0,2,False,RieNs,Team Heretics,fade,True,100,25,2,1,0,6,False,Boo,Team Heretics,omen,True,100,25,1,0,0,4,False,benjyfishy,Team Heretics,deadlock,True,100,50,0,0,0,7,True,Wo0t,Team Heretics,chamber,True,93,1,0,7,0,5,False,grubinho,GIANTX,omen,True,100,25,0,0,0,7,True,ara,GIANTX,raze,True,100,50,0,0,0,5,False,Cloud,GIANTX,fade,True,100,25,0,1,0,0,False,Flickless,GIANTX,viper,True,100,50,1,0,0,4,False,westside,GIANTX,cypher,True,100,25,0,1,1,5,False
528.795,2265,ACTIVE_ROUND,5,2,2,79.000,,,MiniBoo,Team Heretics,raze,True,100,50,1,2,0,2,False,RieNs,Team Heretics,fade,True,100,25,2,1,0,6,False,Boo,Team Heretics,omen,True,100,25,1,0,0,4,False,benjyfishy,Team Heretics,deadlock,True,100,50,0,0,0,7,True,Wo0t,Team Heretics,chamber,True,93,1,0,7,0,5,False,grubinho,GIANTX,omen,True,100,25,0,0,0,7,True,ara,GIANTX,raze,True,100,50,0,0,0,5,False,Cloud,GIANTX,fade,True,100,25,0,1,0,0,False,Flickless,GIANTX,viper,True,100,50,1,0,0,4,False,westside,GIANTX,cypher,True,100,25,0,1,1,5,False
529.029,2266,ACTIVE_ROUND,5,2,2,79.000,,,MiniBoo,Team Heretics,raze,True,100,50,1,2,0,2,False,RieNs,Team Heretics,fade,True,100,25,2,1,0,6,False,Boo,Team Heretics,omen,True,100,25,0,0,0,4,False,benjyfishy,Team Heretics,deadlock,True,100,50,0,0,0,7,True,Wo0t,Team Heretics,chamber,True,95,1,0,7,0,5,False,grubinho,GIANTX,omen,True,100,25,0,0,0,7,True,ara,GIANTX,raze,True,100,50,0,0,0,5,False,Cloud,GIANTX,fade,True,100,25,0,1,0,0,False,Flickless,GIANTX,viper,True,100,50,1,0,0,4,False,westside,GIANTX,cypher,True,100,25,0,1,1,5,False
529.262,2267,ACTIVE_ROUND,5,2,2,79.000,,,MiniBoo,Team Heretics,raze,True,100,50,1,2,0,2,False,RieNs,Team Heretics,fade,True,100,25,2,1,0,6,False,Boo,Team Heretics,omen,True,100,25,0,0,0,4,False,benjyfishy,Team Heretics,deadlock,True,100,50,0,0,0,7,True,Wo0t,Team Heretics,chamber,True,95,1,0,7,0,5,False,grubinho,GIANTX,omen,True,100,25,0,0,0,7,True,ara,GIANTX,raze,True,100,50,0,0,0,5,False,Cloud,GIANTX,fade,True,100,25,0,1,0,0,False,Flickless,GIANTX,viper,True,100,50,1,0,0,4,False,westside,GIANTX,cypher,True,100,25,0,1,1,5,False
529.496,2268,ACTIVE_ROUND,5,2,2,79.000,,,MiniBoo,Team Heretics,raze,True,100,50,1,2,0,2,False,RieNs,Team Heretics,fade,True,100,25,2,1,0,6,False,Boo,Team Heretics,omen,True,100,25,0,0,0,4,False,benjyfishy,Team Heretics,deadlock,True,100,50,0,0,0,7,True,Wo0t,Team Heretics,chamber,True,95,1,0,7,0,5,False,grubinho,GIANTX,omen,True,100,25,0,0,0,7,True,ara,GIANTX,raze,True,100,50,0,0,0,5,False,Cloud,GIANTX,fade,True,100,25,0,1,0,0,False,Flickless,GIANTX,viper,True,100,50,1,0,0,4,False,westside,GIANTX,cypher,True,100,25,0,1,1,5,False
529.729,2269,ACTIVE_ROUND,5,2,2,78.000,,,MiniBoo,Team Heretics,raze,True,100,50,1,2,0,2,False,RieNs,Team Heretics,fade,True,100,25,2,1,0,6,False,Boo,Team Heretics,omen,True,100,25,0,0,0,4,False,benjyfishy,Team Heretics,deadlock,True,100,50,0,0,0,7,True,Wo0t,Team Heretics,chamber,True,95,1,0,7,0,5,False,grubinho,GIANTX,omen,True,100,25,0,0,0,7,True,ara,GIANTX,raze,True,100,50,0,0,0,5,False,Cloud,GIANTX,fade,True,100,25,0,1,0,0,False,Flickless,GIANTX,viper,True,100,50,1,0,0,4,False,westside,GIANTX,cypher,True,100,25,0,1,1,5,False
529.963,2270,ACTIVE_ROUND,5,2,2,78.000,,,MiniBoo,Team Heretics,raze,True,100,50,1,2,0,2,False,RieNs,Team Heretics,fade,True,100,25,2,1,0,6,False,Boo,Team Heretics,omen,True,100,25,0,0,0,4,False,benjyfishy,Team Heretics,deadlock,True,100,50,0,0,0,7,True,Wo0t,Team Heretics,chamber,True,95,11,0,7,0,5,False,grubinho,GIANTX,omen,True,100,25,0,0,0,7,True,ara,GIANTX,raze,True,100,50,0,0,0,5,False,Cloud,GIANTX,fade,True,100,25,0,1,0,0,False,Flickless,GIANTX,viper,True,100,50,1,0,0,4,False,westside,GIANTX,cypher,True,100,25,0,0,1,5,False
530.196,2271,ACTIVE_ROUND,5,2,2,78.000,,,MiniBoo,Team Heretics,raze,True,100,50,1,2,0,2,False,RieNs,Team Heretics,fade,True,100,25,2,1,0,6,False,Boo,Team Heretics,omen,True,100,25,0,0,0,4,False,benjyfishy,Team Heretics,deadlock,True,100,50,0,0,0,7,True,Wo0t,Team Heretics,chamber,True,95,11,0,7,0,5,False,grubinho,GIANTX,omen,True,100,25,0,0,0,7,True,ara,GIANTX,raze,True,100,50,0,0,0,5,False,Cloud,GIANTX,fade,True,100,25,0,1,0,0,False,Flickless,GIANTX,viper,True,100,50,1,0,0,4,False,westside,GIANTX,cypher,True,100,25,0,0,1,5,False
530.430,2272,ACTIVE_ROUND,5,2,2,78.000,,,MiniBoo,Team Heretics,raze,True,100,50,1,2,0,2,False,RieNs,Team Heretics,fade,True,100,25,2,1,0,6,False,Boo,Team Heretics,omen,True,100,25,0,0,0,4,False,benjyfishy,Team Heretics,deadlock,True,100,50,0,0,0,7,True,Wo0t,Team Heretics,chamber,True,95,11,0,7,0,5,False,grubinho,GIANTX,omen,True,100,25,0,0,0,7,True,ara,GIANTX,raze,True,100,50,0,0,0,5,False,Cloud,GIANTX,fade,True,100,25,0,1,0,0,False,Flickless,GIANTX,viper,True,100,50,1,0,0,4,False,westside,GIANTX,cypher,True,100,25,0,0,1,5,False
530.663,2273,ACTIVE_ROUND,5,2,2,77.000,,,MiniBoo,Team Heretics,raze,True,100,50,1,2,0,2,False,RieNs,Team Heretics,fade,True,100,25,2,1,0,6,False,Boo,Team Heretics,omen,True,100,25,0,0,0,4,False,benjyfishy,Team Heretics,deadlock,True,100,50,0,0,0,7,True,Wo0t,Team Heretics,chamber,True,95,11,0,7,0,5,False,grubinho,GIANTX,omen,True,100,25,0,0,0,7,True,ara,GIANTX,raze,True,100,50,0,0,0,5,False,Cloud,GIANTX,fade,True,100,25,0,1,0,0,False,Flickless,GIANTX,viper,True,100,50,1,0,0,4,False,westside,GIANTX,cypher,True,100,25,0,0,1,5,False
530.897,2274,ACTIVE_ROUND,5,2,2,77.000,,,MiniBoo,Team Heretics,raze,True,100,50,1,2,0,2,False,RieNs,Team Heretics,fade,True,100,25,2,1,0,6,False,Boo,Team Heretics,omen,True,100,25,0,0,0,4,False,benjyfishy,Team Heretics,deadlock,True,100,50,0,0,0,7,True,Wo0t,Team Heretics,chamber,True,95,18,0,7,0,5,False,grubinho,GIANTX,omen,True,100,25,0,0,0,7,True,ara,GIANTX,raze,True,100,50,0,0,0,5,False,Cloud,GIANTX,fade,True,100,25,0,1,0,0,False,Flickless,GIANTX,viper,True,100,50,1,0,0,4,False,westside,GIANTX,cypher,True,100,25,0,0,1,5,False
531.131,2275,ACTIVE_ROUND,5,2,2,77.000,,,MiniBoo,Team Heretics,raze,True,100,50,1,2,0,2,False,RieNs,Team Heretics,fade,True,100,25,2,1,0,6,False,Boo,Team Heretics,omen,True,100,25,0,0,0,4,False,benjyfishy,Team Heretics,deadlock,True,100,50,0,0,0,7,True,Wo0t,Team Heretics,chamber,True,95,18,0,7,0,5,False,grubinho,GIANTX,omen,True,100,25,0,0,0,7,True,ara,GIANTX,raze,True,100,50,0,0,0,5,False,Cloud,GIANTX,fade,True,100,25,0,1,0,0,False,Flickless,GIANTX,viper,True,100,50,1,0,0,4,False,westside,GIANTX,cypher,True,100,25,0,0,1,5,False
531.364,2276,ACTIVE_ROUND,5,2,2,77.000,,,MiniBoo,Team Heretics,raze,True,100,50,1,2,0,2,False,RieNs,Team Heretics,fade,True,100,25,2,1,0,6,False,Boo,Team Heretics,omen,True,100,25,0,0,0,4,False,benjyfishy,Team Heretics,deadlock,True,100,50,0,0,0,7,True,Wo0t,Team Heretics,chamber,True,95,18,0,7,0,5,False,grubinho,GIANTX,omen,True,100,25,0,0,0,7,True,ara,GIANTX,raze,True,100,50,0,0,0,5,False,Cloud,GIANTX,fade,True,100,25,0,1,0,0,False,Flickless,GIANTX,viper,True,100,50,1,0,0,4,False,westside,GIANTX,cypher,True,100,25,0,0,1,5,False
531.598,2277,ACTIVE_ROUND,5,2,2,77.000,,,MiniBoo,Team Heretics,raze,True,100,50,1,2,0,2,False,RieNs,Team Heretics,fade,True,100,25,2,1,0,6,False,Boo,Team Heretics,omen,True,100,25,0,0,0,4,False,benjyfishy,Team Heretics,deadlock,True,100,50,0,0,0,7,True,Wo0t,Team Heretics,chamber,True,95,18,0,7,0,5,False,grubinho,GIANTX,omen,True,100,25,0,0,0,7,True,ara,GIANTX,raze,True,100,50,0,0,0,5,False,Cloud,GIANTX,fade,True,100,25,0,1,0,0,False,Flickless,GIANTX,viper,True,100,50,1,0,0,4,False,westside,GIANTX,cypher,True,100,25,0,0,1,5,False
531.831,2278,ACTIVE_ROUND,5,2,2,76.000,,,MiniBoo,Team Heretics,raze,True,100,50,1,2,0,2,False,RieNs,Team Heretics,fade,True,100,25,2,1,0,6,False,Boo,Team Heretics,omen,True,100,25,0,0,0,4,False,benjyfishy,Team Heretics,deadlock,True,100,50,0,0,0,7,True,Wo0t,Team Heretics,chamber,True,95,24,0,7,0,5,False,grubinho,GIANTX,omen,True,100,25,0,0,0,7,True,ara,GIANTX,raze,True,100,50,0,0,0,5,False,Cloud,GIANTX,fade,True,100,25,0,1,0,0,False,Flickless,GIANTX,viper,True,100,50,1,0,0,4,False,westside,GIANTX,cypher,True,100,25,0,0,1,5,False
532.065,2279,ACTIVE_ROUND,5,2,2,76.000,,,MiniBoo,Team Heretics,raze,True,100,50,1,2,0,2,False,RieNs,Team Heretics,fade,True,100,25,2,1,0,6,False,Boo,Team Heretics,omen,True,100,25,0,0,0,4,False,benjyfishy,Team Heretics,deadlock,True,100,50,0,0,0,7,True,Wo0t,Team Heretics,chamber,True,95,24,0,7,0,5,False,grubinho,GIANTX,omen,True,100,25,0,0,0,7,True,ara,GIANTX,raze,True,100,50,0,0,0,5,False,Cloud,GIANTX,fade,True,100,25,0,1,0,0,False,Flickless,GIANTX,viper,True,100,50,1,0,0,4,False,westside,GIANTX,cypher,True,100,25,0,0,1,5,False
532.298,2280,ACTIVE_ROUND,5,2,2,76.000,,,MiniBoo,Team Heretics,raze,True,100,50,1,2,0,2,False,RieNs,Team Heretics,fade,True,100,25,2,1,0,6,False,Boo,Team Heretics,omen,True,100,25,0,0,0,4,False,benjyfishy,Team Heretics,deadlock,True,100,50,0,0,0,7,True,Wo0t,Team Heretics,chamber,True,95,24,0,7,0,5,False,grubinho,GIANTX,omen,True,100,25,0,0,0,7,True,ara,GIANTX,raze,True,100,50,0,0,0,5,False,Cloud,GIANTX,fade,True,100,25,0,1,0,0,False,Flickless,GIANTX,viper,True,100,50,1,0,0,4,False,westside,GIANTX,cypher,True,100,25,0,0,1,5,False
532.532,2281,ACTIVE_ROUND,5,2,2,76.000,,,MiniBoo,Team Heretics,raze,True,100,50,1,2,0,2,False,RieNs,Team Heretics,fade,True,100,25,2,1,0,6,False,Boo,Team Heretics,omen,True,100,25,0,0,0,4,False,benjyfishy,Team Heretics,deadlock,True,100,50,0,0,0,7,True,Wo0t,Team Heretics,chamber,True,95,24,0,7,0,5,False,grubinho,GIANTX,omen,True,100,25,0,0,0,7,True,ara,GIANTX,raze,True,100,50,0,0,0,5,False,Cloud,GIANTX,fade,True,100,25,0,1,0,0,False,Flickless,GIANTX,viper,True,100,50,1,0,0,4,False,westside,GIANTX,cypher,True,100,25,0,0,1,5,False
532.766,2282,ACTIVE_ROUND,5,2,2,75.000,,,MiniBoo,Team Heretics,raze,True,100,50,1,2,0,2,False,RieNs,Team Heretics,fade,True,100,25,2,1,0,6,False,Boo,Team Heretics,omen,True,100,25,0,0,0,4,False,benjyfishy,Team Heretics,deadlock,True,100,50,0,0,0,7,True,Wo0t,Team Heretics,chamber,True,95,24,0,7,0,5,False,grubinho,GIANTX,omen,True,100,25,0,0,0,7,True,ara,GIANTX,raze,True,100,50,0,0,0,5,False,Cloud,GIANTX,fade,True,100,25,0,1,0,0,False,Flickless,GIANTX,viper,True,100,50,1,0,0,4,False,westside,GIANTX,cypher,True,100,25,0,0,1,5,False
532.999,2283,ACTIVE_ROUND,5,2,2,75.000,,,MiniBoo,Team Heretics,raze,True,100,50,1,2,0,2,False,RieNs,Team Heretics,fade,True,100,25,2,1,0,6,False,Boo,Team Heretics,omen,True,100,25,0,0,0,4,False,benjyfishy,Team Heretics,deadlock,True,100,50,0,0,0,7,True,Wo0t,Team Heretics,chamber,True,95,30,0,7,0,5,False,grubinho,GIANTX,omen,True,100,25,0,0,0,7,True,ara,GIANTX,raze,True,100,50,0,0,0,5,False,Cloud,GIANTX,fade,True,100,25,0,1,0,0,False,Flickless,GIANTX,viper,True,100,50,1,0,0,4,False,westside,GIANTX,cypher,True,100,25,0,0,1,5,False
533.233,2284,ACTIVE_ROUND,5,2,2,75.000,,,MiniBoo,Team Heretics,raze,True,100,50,1,2,0,2,False,RieNs,Team Heretics,fade,True,100,25,2,1,0,6,False,Boo,Team Heretics,omen,True,100,25,0,0,0,4,False,benjyfishy,Team Heretics,deadlock,True,100,50,0,0,0,7,True,Wo0t,Team Heretics,chamber,True,95,30,0,7,0,5,False,grubinho,GIANTX,omen,True,100,25,0,0,0,7,True,ara,GIANTX,raze,True,100,50,0,0,0,5,False,Cloud,GIANTX,fade,True,100,25,0,1,0,0,False,Flickless,GIANTX,viper,True,100,50,1,0,0,4,False,westside,GIANTX,cypher,True,100,25,0,0,1,5,False
533.466,2285,ACTIVE_ROUND,5,2,2,75.000,,,MiniBoo,Team Heretics,raze,True,100,50,1,2,0,2,False,RieNs,Team Heretics,fade,True,100,25,2,1,0,6,False,Boo,Team Heretics,omen,True,100,25,0,0,0,4,False,benjyfishy,Team Heretics,deadlock,True,100,50,0,0,0,7,True,Wo0t,Team Heretics,chamber,True,95,30,0,7,0,5,False,grubinho,GIANTX,omen,True,100,25,0,0,0,7,True,ara,GIANTX,raze,True,100,50,0,0,0,5,False,Cloud,GIANTX,fade,True,100,25,0,1,0,0,False,Flickless,GIANTX,viper,True,100,50,1,0,0,4,False,westside,GIANTX,cypher,True,100,25,0,0,1,5,False
533.700,2286,ACTIVE_ROUND,5,2,2,74.000,,,MiniBoo,Team Heretics,raze,True,100,50,1,2,0,2,False,RieNs,Team Heretics,fade,True,100,25,2,1,0,6,False,Boo,Team Heretics,omen,True,100,25,0,0,0,4,False,benjyfishy,Team Heretics,deadlock,True,100,50,0,0,0,7,True,Wo0t,Team Heretics,chamber,True,95,30,0,7,0,5,False,grubinho,GIANTX,omen,True,100,25,0,0,0,7,True,ara,GIANTX,raze,True,100,50,0,0,0,5,False,Cloud,GIANTX,fade,True,100,25,0,1,0,0,False,Flickless,GIANTX,viper,True,100,50,1,0,0,4,False,westside,GIANTX,cypher,True,100,25,0,0,1,5,False
533.933,2287,ACTIVE_ROUND,5,2,2,74.000,,,MiniBoo,Team Heretics,raze,True,100,50,1,2,0,2,False,RieNs,Team Heretics,fade,True,100,25,2,1,0,6,False,Boo,Team Heretics,omen,True,100,25,0,0,0,4,False,benjyfishy,Team Heretics,deadlock,True,100,50,0,0,0,7,True,Wo0t,Team Heretics,chamber,True,95,36,0,7,0,5,False,grubinho,GIANTX,omen,True,100,25,0,0,0,7,True,ara,GIANTX,raze,True,100,50,0,0,0,5,False,Cloud,GIANTX,fade,True,100,25,0,1,0,0,False,Flickless,GIANTX,viper,True,100,50,1,0,0,4,False,westside,GIANTX,cypher,True,100,25,0,0,1,5,False
534.167,2288,ACTIVE_ROUND,5,2,2,74.000,,,MiniBoo,Team Heretics,raze,True,100,50,1,2,0,2,False,RieNs,Team Heretics,fade,True,100,25,2,1,0,6,False,Boo,Team Heretics,omen,True,100,25,0,0,0,4,False,benjyfishy,Team Heretics,deadlock,True,100,50,0,0,0,7,True,Wo0t,Team Heretics,chamber,True,95,36,0,7,0,5,False,grubinho,GIANTX,omen,True,100,25,0,0,0,7,True,ara,GIANTX,raze,True,100,50,0,0,0,5,False,Cloud,GIANTX,fade,True,100,25,0,1,0,0,False,Flickless,GIANTX,viper,True,100,50,1,0,0,4,False,westside,GIANTX,cypher,True,100,25,0,0,1,5,False
534.401,2289,ACTIVE_ROUND,5,2,2,74.000,,,MiniBoo,Team Heretics,raze,True,100,50,1,2,0,2,False,RieNs,Team Heretics,fade,True,100,25,2,1,0,6,False,Boo,Team Heretics,omen,True,100,25,0,0,0,4,False,benjyfishy,Team Heretics,deadlock,True,100,50,0,0,0,7,True,Wo0t,Team Heretics,chamber,True,95,36,0,7,0,5,False,grubinho,GIANTX,omen,True,100,25,0,0,0,7,True,ara,GIANTX,raze,True,100,50,0,0,0,5,False,Cloud,GIANTX,fade,True,100,25,0,1,0,0,False,Flickless,GIANTX,viper,True,100,50,1,0,0,4,False,westside,GIANTX,cypher,True,100,25,0,0,1,5,False
535.101,2292,ACTIVE_ROUND,5,2,2,,0.000,,MiniBoo,Team Heretics,raze,True,100,50,1,2,0,2,False,RieNs,Team Heretics,fade,True,100,25,2,1,0,6,False,Boo,Team Heretics,omen,True,100,25,0,0,0,4,False,benjyfishy,Team Heretics,deadlock,True,100,50,0,0,0,7,True,Wo0t,Team Heretics,chamber,True,95,40,0,7,0,5,False,grubinho,GIANTX,omen,True,100,25,0,0,0,7,True,ara,GIANTX,raze,True,100,50,0,0,0,5,False,Cloud,GIANTX,fade,True,100,25,0,1,0,1,False,Flickless,GIANTX,viper,True,100,50,1,0,0,4,False,westside,GIANTX,cypher,True,100,25,0,0,1,5,False
535.335,2293,ACTIVE_ROUND,5,2,2,,0.234,,MiniBoo,Team Heretics,raze,True,100,50,1,2,0,2,False,RieNs,Team Heretics,fade,True,100,25,2,1,0,6,False,Boo,Team Heretics,omen,True,100,25,0,0,0,4,False,benjyfishy,Team Heretics,deadlock,True,100,50,0,0,0,7,True,Wo0t,Team Heretics,chamber,True,95,40,0,7,0,5,False,grubinho,GIANTX,omen,True,100,25,0,0,0,7,True,ara,GIANTX,raze,True,100,50,0,0,0,5,False,Cloud,GIANTX,fade,True,100,25,0,1,0,1,False,Flickless,GIANTX,viper,True,100,50,1,0,0,4,False,westside,GIANTX,cypher,True,100,25,0,0,1,5,False
535.568,2294,ACTIVE_ROUND,5,2,2,,0.467,,MiniBoo,Team Heretics,raze,True,100,50,1,2,0,2,False,RieNs,Team Heretics,fade,True,100,25,2,1,0,6,False,Boo,Team Heretics,omen,True,100,25,0,0,0,4,False,benjyfishy,Team Heretics,deadlock,True,100,50,0,0,0,7,True,Wo0t,Team Heretics,chamber,True,95,40,0,7,0,5,False,grubinho,GIANTX,omen,True,100,25,0,0,0,7,True,ara,GIANTX,raze,True,100,50,0,0,0,5,False,Cloud,GIANTX,fade,True,100,25,0,1,0,1,False,Flickless,GIANTX,viper,True,100,50,1,0,0,4,False,westside,GIANTX,cypher,True,100,25,0,0,1,5,False
535.802,2295,ACTIVE_ROUND,5,2,2,,0.701,,MiniBoo,Team Heretics,raze,True,100,50,1,2,0,2,False,RieNs,Team Heretics,fade,True,100,25,2,1,0,6,False,Boo,Team Heretics,omen,True,100,25,0,0,0,4,False,benjyfishy,Team Heretics,deadlock,True,100,50,0,0,0,7,True,Wo0t,Team Heretics,chamber,True,95,40,0,7,0,5,False,grubinho,GIANTX,omen,True,100,25,0,0,0,7,True,ara,GIANTX,raze,True,100,50,0,0,0,5,False,Cloud,GIANTX,fade,True,100,25,0,1,0,1,False,Flickless,GIANTX,viper,True,100,50,1,0,0,4,False,westside,GIANTX,cypher,True,100,25,0,0,0,5,False
536.035,2296,ACTIVE_ROUND,5,2,2,,0.934,,MiniBoo,Team Heretics,raze,True,100,50,1,2,0,2,False,RieNs,Team Heretics,fade,True,100,25,2,1,0,6,False,Boo,Team Heretics,omen,True,100,25,0,0,0,4,False,benjyfishy,Team Heretics,deadlock,True,100,50,0,0,0,7,True,Wo0t,Team Heretics,chamber,True,95,40,0,7,0,5,False,grubinho,GIANTX,omen,True,100,25,0,0,0,7,True,ara,GIANTX,raze,True,100,50,0,0,0,5,False,Cloud,GIANTX,fade,True,100,25,0,1,0,1,False,Flickless,GIANTX,viper,True,100,50,1,0,0,4,False,westside,GIANTX,cypher,True,100,25,0,0,0,5,False
536.269,2297,ACTIVE_ROUND,5,2,2,,1.168,,MiniBoo,Team Heretics,raze,True,100,50,1,2,0,2,False,RieNs,Team Heretics,fade,True,100,25,2,1,0,6,False,Boo,Team Heretics,omen,True,100,25,0,0,0,4,False,benjyfishy,Team Heretics,deadlock,True,100,50,0,0,0,7,True,Wo0t,Team Heretics,chamber,True,95,40,0,7,0,5,False,grubinho,GIANTX,omen,True,100,25,0,0,0,7,True,ara,GIANTX,raze,True,100,50,0,0,0,5,False,Cloud,GIANTX,fade,True,100,25,0,1,0,1,False,Flickless,GIANTX,viper,True,100,50,1,0,0,4,False,westside,GIANTX,cypher,True,100,25,0,0,0,5,False
536.503,2298,ACTIVE_ROUND,5,2,2,,1.401,,MiniBoo,Team Heretics,raze,True,100,50,1,2,0,2,False,RieNs,Team Heretics,fade,True,100,25,2,1,0,6,False,Boo,Team Heretics,omen,True,100,25,0,0,0,4,False,benjyfishy,Team Heretics,deadlock,True,100,50,0,0,0,7,True,Wo0t,Team Heretics,chamber,True,95,40,0,7,0,5,False,grubinho,GIANTX,omen,True,100,25,0,0,0,7,True,ara,GIANTX,raze,True,100,50,0,0,0,5,False,Cloud,GIANTX,fade,True,100,25,0,1,0,1,False,Flickless,GIANTX,viper,True,100,50,1,0,0,4,False,westside,GIANTX,cypher,True,100,25,0,0,0,5,False
536.736,2299,ACTIVE_ROUND,5,2,2,,1.635,,MiniBoo,Team Heretics,raze,True,100,50,1,2,0,2,False,RieNs,Team Heretics,fade,True,100,25,2,1,0,6,False,Boo,Team Heretics,omen,True,100,25,0,0,0,4,False,benjyfishy,Team Heretics,deadlock,True,100,50,0,0,0,7,True,Wo0t,Team Heretics,chamber,True,95,40,0,7,0,5,False,grubinho,GIANTX,omen,True,100,25,0,0,0,7,True,ara,GIANTX,raze,True,100,50,0,0,0,5,False,Cloud,GIANTX,fade,True,100,25,0,1,0,1,False,Flickless,GIANTX,viper,True,100,8,1,0,0,4,False,westside,GIANTX,cypher,True,100,25,0,0,0,5,False
536.970,2300,ACTIVE_ROUND,5,2,2,,1.869,,MiniBoo,Team Heretics,raze,True,100,50,1,2,0,2,False,RieNs,Team Heretics,fade,True,100,25,2,1,0,6,False,Boo,Team Heretics,omen,True,100,25,0,0,0,4,False,benjyfishy,Team Heretics,deadlock,True,100,50,0,0,0,7,True,Wo0t,Team Heretics,chamber,True,95,40,0,7,0,5,False,grubinho,GIANTX,omen,True,100,25,0,0,0,7,True,ara,GIANTX,raze,True,100,50,0,0,0,5,False,Cloud,GIANTX,fade,True,100,25,0,1,0,1,False,Flickless,GIANTX,viper,True,100,50,1,0,0,4,False,westside,GIANTX,cypher,True,100,25,0,0,0,5,False
537.203,2301,ACTIVE_ROUND,5,2,2,,2.102,,MiniBoo,Team Heretics,raze,True,100,50,1,2,0,2,False,RieNs,Team Heretics,fade,True,100,25,2,1,0,6,False,Boo,Team Heretics,omen,True,100,25,0,0,0,4,False,benjyfishy,Team Heretics,deadlock,True,100,50,0,0,0,7,True,Wo0t,Team Heretics,chamber,True,95,40,0,7,0,5,False,grubinho,GIANTX,omen,True,100,25,0,0,0,7,True,ara,GIANTX,raze,True,100,50,0,0,0,5,False,Cloud,GIANTX,fade,True,100,25,0,1,0,1,False,Flickless,GIANTX,viper,True,100,50,1,0,0,4,False,westside,GIANTX,cypher,True,100,25,0,0,0,5,False
537.437,2302,ACTIVE_ROUND,5,2,2,,2.336,,MiniBoo,Team Heretics,raze,True,100,50,1,2,0,2,False,RieNs,Team Heretics,fade,True,100,25,2,1,0,6,False,Boo,Team Heretics,omen,True,100,25,0,0,0,4,False,benjyfishy,Team Heretics,deadlock,True,100,50,0,0,0,7,True,Wo0t,Team Heretics,chamber,True,95,40,0,7,0,5,False,grubinho,GIANTX,omen,True,100,25,0,0,0,7,True,ara,GIANTX,raze,True,100,50,0,0,0,5,False,Cloud,GIANTX,fade,True,100,25,0,1,0,1,False,Flickless,GIANTX,viper,True,100,50,1,0,0,4,False,westside,GIANTX,cypher,True,100,25,0,0,0,5,False
537.670,2303,ACTIVE_ROUND,5,2,2,,2.569,,MiniBoo,Team Heretics,raze,True,100,50,1,2,0,2,False,RieNs,Team Heretics,fade,True,100,25,2,1,0,6,False,Boo,Team Heretics,omen,True,100,25,0,0,0,4,False,benjyfishy,Team Heretics,deadlock,True,100,50,0,0,0,7,True,Wo0t,Team Heretics,chamber,True,95,40,0,7,0,5,False,grubinho,GIANTX,omen,True,100,25,0,0,0,7,True,ara,GIANTX,raze,True,100,50,0,0,0,5,False,Cloud,GIANTX,fade,True,100,25,0,1,0,1,False,Flickless,GIANTX,viper,True,100,50,1,0,0,4,False,westside,GIANTX,cypher,True,100,25,0,0,0,5,False
537.904,2304,ACTIVE_ROUND,5,2,2,,2.803,,MiniBoo,Team Heretics,raze,True,100,50,1,2,0,2,False,RieNs,Team Heretics,fade,True,100,25,2,1,0,6,False,Boo,Team Heretics,omen,True,100,25,0,0,0,4,False,benjyfishy,Team Heretics,deadlock,True,100,50,0,0,0,7,True,Wo0t,Team Heretics,chamber,True,95,40,0,7,0,5,False,grubinho,GIANTX,omen,True,100,25,0,0,0,7,True,ara,GIANTX,raze,True,100,50,0,0,0,5,False,Cloud,GIANTX,fade,True,100,25,0,1,0,1,False,Flickless,GIANTX,viper,True,100,50,1,0,0,4,False,westside,GIANTX,cypher,True,100,25,0,0,0,5,False
538.138,2305,ACTIVE_ROUND,5,2,2,,3.036,,MiniBoo,Team Heretics,raze,True,100,50,1,2,0,2,False,RieNs,Team Heretics,fade,True,100,25,2,1,0,6,False,Boo,Team Heretics,omen,True,100,25,0,0,0,4,False,benjyfishy,Team Heretics,deadlock,True,100,50,0,0,0,7,True,Wo0t,Team Heretics,chamber,True,95,40,0,7,0,5,False,grubinho,GIANTX,omen,True,100,25,0,0,0,7,True,ara,GIANTX,raze,True,100,50,0,0,0,5,False,Cloud,GIANTX,fade,True,100,25,0,1,0,1,False,Flickless,GIANTX,viper,True,100,50,1,0,0,4,False,westside,GIANTX,cypher,True,100,25,0,0,0,5,False
538.371,2306,ACTIVE_ROUND,5,2,2,,3.270,,MiniBoo,Team Heretics,raze,True,100,50,1,2,0,2,False,RieNs,Team Heretics,fade,True,100,25,2,1,0,6,False,Boo,Team Heretics,omen,True,100,25,0,0,0,4,False,benjyfishy,Team Heretics,deadlock,True,100,50,0,0,0,7,True,Wo0t,Team Heretics,chamber,True,95,40,0,7,0,5,False,grubinho,GIANTX,omen,True,100,25,0,0,0,7,True,ara,GIANTX,raze,True,100,50,0,0,0,5,False,Cloud,GIANTX,fade,True,100,25,0,1,0,1,False,Flickless,GIANTX,viper,True,100,50,1,0,0,4,False,westside,GIANTX,cypher,True,100,25,0,0,0,5,False
538.605,2307,ACTIVE_ROUND,5,2,2,,3.504,,MiniBoo,Team Heretics,raze,True,100,50,1,2,0,2,False,RieNs,Team Heretics,fade,True,100,25,2,1,0,6,False,Boo,Team Heretics,omen,True,100,25,0,0,0,4,False,benjyfishy,Team Heretics,deadlock,True,100,50,0,0,0,7,True,Wo0t,Team Heretics,chamber,True,95,40,0,7,0,5,False,grubinho,GIANTX,omen,True,100,25,0,0,0,7,True,ara,GIANTX,raze,True,100,50,0,0,0,5,False,Cloud,GIANTX,fade,True,100,25,0,1,0,1,False,Flickless,GIANTX,viper,True,100,50,1,0,0,4,False,westside,GIANTX,cypher,True,100,25,0,0,0,5,False
538.838,2308,ACTIVE_ROUND,5,2,2,,3.737,,MiniBoo,Team Heretics,raze,True,100,50,0,2,0,2,False,RieNs,Team Heretics,fade,True,100,25,2,1,0,6,False,Boo,Team Heretics,omen,True,100,25,0,0,0,4,False,benjyfishy,Team Heretics,deadlock,True,100,50,0,0,0,7,True,Wo0t,Team Heretics,chamber,True,95,40,0,7,0,5,False,grubinho,GIANTX,omen,True,100,25,0,0,0,7,True,ara,GIANTX,raze,True,100,50,0,0,0,5,False,Cloud,GIANTX,fade,True,100,25,0,1,0,1,False,Flickless,GIANTX,viper,True,100,50,1,0,0,4,False,westside,GIANTX,cypher,True,100,25,0,0,0,5,False
539.072,2309,ACTIVE_ROUND,5,2,2,,3.971,,MiniBoo,Team Heretics,raze,True,100,50,0,2,0,2,False,RieNs,Team Heretics,fade,True,100,25,2,1,0,6,False,Boo,Team Heretics,omen,True,100,25,0,0,0,4,False,benjyfishy,Team Heretics,deadlock,True,100,50,0,0,0,7,True,Wo0t,Team Heretics,chamber,True,95,40,0,7,0,5,False,grubinho,GIANTX,omen,True,100,25,0,0,0,7,True,ara,GIANTX,raze,True,100,50,0,0,0,5,False,Cloud,GIANTX,fade,True,100,25,0,1,0,1,False,Flickless,GIANTX,viper,True,100,50,1,0,0,4,False,westside,GIANTX,cypher,True,100,25,0,0,0,5,False
539.305,2310,ACTIVE_ROUND,5,2,2,,4.204,,MiniBoo,Team Heretics,raze,True,100,50,0,2,0,2,False,RieNs,Team Heretics,fade,True,100,25,2,1,0,6,False,Boo,Team Heretics,omen,True,100,25,0,0,0,4,False,benjyfishy,Team Heretics,deadlock,True,100,50,0,0,0,7,True,Wo0t,Team Heretics,chamber,True,95,40,0,7,0,5,False,grubinho,GIANTX,omen,True,100,25,0,0,0,7,True,ara,GIANTX,raze,True,100,50,0,0,0,5,False,Cloud,GIANTX,fade,True,100,25,0,1,0,1,False,Flickless,GIANTX,viper,True,100,50,1,0,0,4,False,westside,GIANTX,cypher,True,100,25,0,0,0,5,False
539.539,2311,ACTIVE_ROUND,5,2,2,,4.438,,MiniBoo,Team Heretics,raze,True,100,50,0,2,0,2,False,RieNs,Team Heretics,fade,True,100,25,2,1,0,6,False,Boo,Team Heretics,omen,True,100,25,0,0,0,4,False,benjyfishy,Team Heretics,deadlock,True,100,50,0,0,0,7,True,Wo0t,Team Heretics,chamber,True,95,40,0,7,0,5,False,grubinho,GIANTX,omen,True,100,25,0,0,0,7,True,ara,GIANTX,raze,True,100,50,0,0,0,5,False,Cloud,GIANTX,fade,True,100,25,0,1,0,1,False,Flickless,GIANTX,viper,True,100,50,1,0,0,4,False,westside,GIANTX,cypher,True,100,25,0,0,0,5,False
539.773,2312,ACTIVE_ROUND,5,2,2,,4.671,,MiniBoo,Team Heretics,raze,True,100,50,0,2,0,2,False,RieNs,Team Heretics,fade,True,100,25,2,1,0,6,False,Boo,Team Heretics,omen,True,100,25,0,0,0,4,False,benjyfishy,Team Heretics,deadlock,True,100,50,0,0,0,7,True,Wo0t,Team Heretics,chamber,True,95,40,0,7,0,5,False,grubinho,GIANTX,omen,True,100,25,0,0,0,7,True,ara,GIANTX,raze,True,100,50,0,0,0,5,False,Cloud,GIANTX,fade,True,100,25,0,1,0,1,False,Flickless,GIANTX,viper,True,100,50,1,0,0,4,False,westside,GIANTX,cypher,True,100,25,0,0,0,5,False
540.006,2313,ACTIVE_ROUND,5,2,2,,4.905,,MiniBoo,Team Heretics,raze,True,100,50,0,2,0,2,False,RieNs,Team Heretics,fade,True,100,25,1,1,0,6,False,Boo,Team Heretics,omen,True,100,25,0,0,1,4,False,benjyfishy,Team Heretics,deadlock,True,100,50,0,0,0,7,True,Wo0t,Team Heretics,chamber,True,95,40,0,7,0,5,False,grubinho,GIANTX,omen,True,100,25,0,0,0,7,True,ara,GIANTX,raze,True,100,50,0,0,0,5,False,Cloud,GIANTX,fade,True,100,25,0,1,0,1,False,Flickless,GIANTX,viper,True,100,50,1,0,0,4,False,westside,GIANTX,cypher,True,100,25,0,0,0,5,False
540.240,2314,ACTIVE_ROUND,5,2,2,,5.138,,MiniBoo,Team Heretics,raze,True,100,50,0,2,0,2,False,RieNs,Team Heretics,fade,True,100,25,1,1,0,6,False,Boo,Team Heretics,omen,True,100,25,0,0,1,4,False,benjyfishy,Team Heretics,deadlock,True,100,50,0,0,0,7,True,Wo0t,Team Heretics,chamber,True,95,40,0,7,0,5,False,grubinho,GIANTX,omen,True,100,25,0,0,0,7,True,ara,GIANTX,raze,True,100,50,0,0,0,5,False,Cloud,GIANTX,fade,True,100,25,0,1,0,1,False,Flickless,GIANTX,viper,True,100,50,1,0,0,4,False,westside,GIANTX,cypher,True,100,25,0,0,0,5,False
540.473,2315,ACTIVE_ROUND,5,2,2,,5.372,,MiniBoo,Team Heretics,raze,True,100,50,0,2,0,2,False,RieNs,Team Heretics,fade,True,100,25,1,1,0,6,False,Boo,Team Heretics,omen,True,100,25,0,0,1,4,False,benjyfishy,Team Heretics,deadlock,True,100,50,0,0,0,7,True,Wo0t,Team Heretics,chamber,True,95,40,0,7,0,5,False,grubinho,GIANTX,omen,True,100,25,0,0,0,7,True,ara,GIANTX,raze,True,100,50,0,0,0,5,False,Cloud,GIANTX,fade,True,100,25,0,1,0,1,False,Flickless,GIANTX,viper,True,100,50,1,0,0,4,False,westside,GIANTX,cypher,True,100,25,0,0,0,5,False
540.707,2316,ACTIVE_ROUND,5,2,2,,5.606,,MiniBoo,Team Heretics,raze,True,100,50,0,2,0,2,False,RieNs,Team Heretics,fade,True,100,25,1,1,0,6,False,Boo,Team Heretics,omen,True,100,25,0,0,1,4,False,benjyfishy,Team Heretics,deadlock,True,100,50,0,0,0,7,True,Wo0t,Team Heretics,chamber,True,95,40,0,7,0,5,False,grubinho,GIANTX,omen,True,100,25,0,0,0,7,True,ara,GIANTX,raze,True,100,50,0,0,0,5,False,Cloud,GIANTX,fade,True,100,25,0,1,0,1,False,Flickless,GIANTX,viper,True,100,50,1,0,0,4,False,westside,GIANTX,cypher,True,100,25,0,0,0,5,False
540.940,2317,ACTIVE_ROUND,5,2,2,,5.839,,MiniBoo,Team Heretics,raze,True,100,50,0,2,0,2,False,RieNs,Team Heretics,fade,True,100,25,1,1,0,6,False,Boo,Team Heretics,omen,True,100,25,0,0,1,4,False,benjyfishy,Team Heretics,deadlock,True,100,50,0,0,0,7,True,Wo0t,Team Heretics,chamber,True,95,40,0,7,0,5,False,grubinho,GIANTX,omen,True,100,25,0,0,0,7,True,ara,GIANTX,raze,True,100,50,0,0,0,5,False,Cloud,GIANTX,fade,True,100,25,0,1,0,1,False,Flickless,GIANTX,viper,True,100,50,1,0,0,4,False,westside,GIANTX,cypher,True,100,25,0,0,0,5,False
541.174,2318,ACTIVE_ROUND,5,2,2,,6.073,,MiniBoo,Team Heretics,raze,True,100,50,0,2,0,2,False,RieNs,Team Heretics,fade,True,100,25,1,1,0,6,False,Boo,Team Heretics,omen,True,100,25,0,0,1,4,False,benjyfishy,Team Heretics,deadlock,True,100,50,0,0,0,7,True,Wo0t,Team Heretics,chamber,True,95,40,0,7,0,5,False,grubinho,GIANTX,omen,True,100,25,0,0,0,7,True,ara,GIANTX,raze,True,100,50,0,0,0,5,False,Cloud,GIANTX,fade,True,100,25,0,1,0,1,False,Flickless,GIANTX,viper,True,100,50,1,0,0,4,False,westside,GIANTX,cypher,True,100,25,0,0,0,5,False
541.408,2319,ACTIVE_ROUND,5,2,2,,6.306,,MiniBoo,Team Heretics,raze,True,100,50,0,2,0,2,False,RieNs,Team Heretics,fade,True,100,25,1,1,0,6,False,Boo,Team Heretics,omen,True,100,25,0,0,1,4,False,benjyfishy,Team Heretics,deadlock,True,100,50,0,0,0,7,True,Wo0t,Team Heretics,chamber,True,95,40,0,7,0,5,False,grubinho,GIANTX,omen,True,100,25,0,0,0,7,True,ara,GIANTX,raze,True,100,50,0,0,0,5,False,Cloud,GIANTX,fade,True,100,25,0,1,0,1,False,Flickless,GIANTX,viper,True,100,50,1,0,0,4,False,westside,GIANTX,cypher,True,100,25,0,0,0,5,False
541.641,2320,ACTIVE_ROUND,5,2,2,,6.540,,MiniBoo,Team Heretics,raze,True,100,50,0,2,0,2,False,RieNs,Team Heretics,fade,True,100,25,1,1,0,6,False,Boo,Team Heretics,omen,True,100,25,0,0,1,4,False,benjyfishy,Team Heretics,deadlock,True,100,50,0,0,0,7,True,Wo0t,Team Heretics,chamber,True,95,40,0,7,0,5,False,grubinho,GIANTX,omen,True,100,25,0,0,0,7,True,ara,GIANTX,raze,True,100,50,0,0,0,5,False,Cloud,GIANTX,fade,True,100,25,0,1,0,1,False,Flickless,GIANTX,viper,True,100,50,1,0,0,4,False,westside,GIANTX,cypher,True,100,25,0,0,0,5,False
541.875,2321,ACTIVE_ROUND,5,2,2,,6.773,,MiniBoo,Team Heretics,raze,True,100,50,0,2,0,2,False,RieNs,Team Heretics,fade,True,100,25,1,1,0,6,False,Boo,Team Heretics,omen,True,100,25,0,0,1,4,False,benjyfishy,Team Heretics,deadlock,True,100,50,0,0,0,0,False,Wo0t,Team Heretics,chamber,True,95,40,0,7,0,5,False,grubinho,GIANTX,omen,True,100,25,0,0,0,7,True,ara,GIANTX,raze,True,100,50,0,0,0,5,False,Cloud,GIANTX,fade,True,100,25,0,1,0,1,False,Flickless,GIANTX,viper,True,100,50,1,0,0,4,False,westside,GIANTX,cypher,True,100,25,0,0,0,5,False
542.108,2322,ACTIVE_ROUND,5,2,2,,7.007,,MiniBoo,Team Heretics,raze,True,100,50,0,2,0,2,False,RieNs,Team Heretics,fade,True,100,25,1,1,0,6,False,Boo,Team Heretics,omen,True,100,25,0,0,1,4,False,benjyfishy,Team Heretics,deadlock,True,100,50,0,0,0,0,False,Wo0t,Team Heretics,chamber,True,95,40,0,7,0,5,False,grubinho,GIANTX,omen,True,100,25,0,0,0,7,True,ara,GIANTX,raze,True,100,50,0,0,0,5,False,Cloud,GIANTX,fade,True,100,25,0,1,0,1,False,Flickless,GIANTX,viper,True,100,50,1,0,0,4,False,westside,GIANTX,cypher,True,100,25,0,0,0,5,False
542.342,2323,ACTIVE_ROUND,5,2,2,,7.241,,MiniBoo,Team Heretics,raze,True,100,50,0,2,0,2,False,RieNs,Team Heretics,fade,True,100,25,1,1,0,6,False,Boo,Team Heretics,omen,True,100,25,0,0,1,4,False,benjyfishy,Team Heretics,deadlock,True,100,50,0,0,0,0,False,Wo0t,Team Heretics,chamber,True,95,40,0,7,0,5,False,grubinho,GIANTX,omen,True,100,25,0,0,0,7,True,ara,GIANTX,raze,True,100,50,0,0,0,5,False,Cloud,GIANTX,fade,True,100,25,0,1,0,1,False,Flickless,GIANTX,viper,True,100,50,1,0,0,4,False,westside,GIANTX,cypher,True,100,25,0,0,0,5,False
542.575,2324,ACTIVE_ROUND,5,2,2,,7.474,,MiniBoo,Team Heretics,raze,True,100,50,0,2,0,2,False,RieNs,Team Heretics,fade,True,100,25,1,1,0,6,False,Boo,Team Heretics,omen,True,100,25,0,0,1,4,False,benjyfishy,Team Heretics,deadlock,True,100,50,0,0,0,0,False,Wo0t,Team Heretics,chamber,True,95,40,0,7,0,5,False,grubinho,GIANTX,omen,True,100,25,0,0,0,7,True,ara,GIANTX,raze,True,100,50,0,0,0,5,False,Cloud,GIANTX,fade,True,100,25,0,1,0,1,False,Flickless,GIANTX,viper,True,100,50,1,0,0,4,False,westside,GIANTX,cypher,True,100,25,0,0,0,5,False
542.809,2325,ACTIVE_ROUND,5,2,2,,7.708,,MiniBoo,Team Heretics,raze,True,100,50,0,2,0,2,False,RieNs,Team Heretics,fade,True,100,25,1,1,0,6,False,Boo,Team Heretics,omen,True,100,25,0,0,1,4,False,benjyfishy,Team Heretics,deadlock,True,100,50,0,0,0,0,False,Wo0t,Team Heretics,chamber,True,95,40,0,7,0,5,False,grubinho,GIANTX,omen,True,100,25,0,0,0,7,True,ara,GIANTX,raze,True,100,50,0,0,0,5,False,Cloud,GIANTX,fade,True,100,25,0,1,0,1,False,Flickless,GIANTX,viper,True,100,50,0,0,0,4,False,westside,GIANTX,cypher,True,100,25,0,0,0,5,False
543.043,2326,ACTIVE_ROUND,5,2,2,,7.941,,MiniBoo,Team Heretics,raze,True,100,50,0,2,0,2,False,RieNs,Team Heretics,fade,True,100,25,1,1,0,6,False,Boo,Team Heretics,omen,True,100,25,0,0,1,4,False,benjyfishy,Team Heretics,deadlock,True,100,50,0,0,0,0,False,Wo0t,Team Heretics,chamber,True,95,40,0,7,0,5,False,grubinho,GIANTX,omen,True,100,25,0,0,0,7,True,ara,GIANTX,raze,True,100,50,0,0,0,5,False,Cloud,GIANTX,fade,True,100,25,0,1,0,1,False,Flickless,GIANTX,viper,True,100,50,0,0,0,4,False,westside,GIANTX,cypher,True,100,25,0,0,0,5,False
543.276,2327,ACTIVE_ROUND,5,2,2,,8.175,,MiniBoo,Team Heretics,raze,True,100,50,0,2,0,2,False,RieNs,Team Heretics,fade,True,100,25,1,1,0,6,False,Boo,Team Heretics,omen,True,100,25,0,0,1,4,False,benjyfishy,Team Heretics,deadlock,True,100,50,0,0,0,0,False,Wo0t,Team Heretics,chamber,True,95,40,0,7,0,5,False,grubinho,GIANTX,omen,True,100,25,0,0,0,7,True,ara,GIANTX,raze,True,100,50,0,0,0,5,False,Cloud,GIANTX,fade,True,100,25,0,1,0,1,False,Flickless,GIANTX,viper,True,100,50,0,0,0,4,False,westside,GIANTX,cypher,True,100,25,0,0,0,5,False
543.510,2328,ACTIVE_ROUND,5,2,2,,8.408,,MiniBoo,Team Heretics,raze,True,100,50,0,2,0,2,False,RieNs,Team Heretics,fade,True,100,25,1,1,0,6,False,Boo,Team Heretics,omen,True,100,25,0,0,1,4,False,benjyfishy,Team Heretics,deadlock,True,100,50,0,0,0,0,False,Wo0t,Team Heretics,chamber,True,95,40,0,7,0,5,False,grubinho,GIANTX,omen,True,100,25,0,0,0,7,True,ara,GIANTX,raze,True,100,50,0,0,0,5,False,Cloud,GIANTX,fade,True,100,25,0,1,0,1,False,Flickless,GIANTX,viper,True,100,50,0,0,0,4,False,westside,GIANTX,cypher,True,100,25,0,0,0,5,False
543.743,2329,ACTIVE_ROUND,5,2,2,,8.642,,MiniBoo,Team Heretics,raze,True,100,50,0,2,0,2,False,RieNs,Team Heretics,fade,True,100,25,1,1,0,6,False,Boo,Team Heretics,omen,True,100,25,0,0,1,4,False,benjyfishy,Team Heretics,deadlock,True,100,50,0,0,0,0,False,Wo0t,Team Heretics,chamber,True,95,40,0,7,0,5,False,grubinho,GIANTX,omen,True,100,25,0,0,0,7,True,ara,GIANTX,raze,True,100,50,0,0,0,5,False,Cloud,GIANTX,fade,True,100,25,0,1,0,1,False,Flickless,GIANTX,viper,True,100,50,0,0,0,4,False,westside,GIANTX,cypher,True,100,25,0,0,0,5,False
543.977,2330,ACTIVE_ROUND,5,2,2,,8.876,,MiniBoo,Team Heretics,raze,True,100,50,0,2,0,2,False,RieNs,Team Heretics,fade,True,100,25,1,0,0,6,False,Boo,Team Heretics,omen,True,100,25,0,0,1,4,False,benjyfishy,Team Heretics,deadlock,True,100,50,0,0,0,0,False,Wo0t,Team Heretics,chamber,True,95,40,0,7,0,6,False,grubinho,GIANTX,omen,False,,25,0,0,0,7,True,ara,GIANTX,raze,True,100,50,0,0,0,5,False,Cloud,GIANTX,fade,True,100,25,0,1,0,1,False,Flickless,GIANTX,viper,True,100,50,0,0,0,4,False,westside,GIANTX,cypher,True,100,25,0,0,0,5,False
544.210,2331,ACTIVE_ROUND,5,2,2,,9.109,,MiniBoo,Team Heretics,raze,True,100,50,0,2,0,2,False,RieNs,Team Heretics,fade,True,100,25,1,0,0,6,False,Boo,Team Heretics,omen,True,100,25,0,0,1,4,False,benjyfishy,Team Heretics,deadlock,True,100,50,0,0,0,0,False,Wo0t,Team Heretics,chamber,True,95,40,0,7,0,6,False,grubinho,GIANTX,omen,False,,25,0,0,0,7,True,ara,GIANTX,raze,True,100,50,0,0,0,5,False,Cloud,GIANTX,fade,True,100,25,0,1,0,1,False,Flickless,GIANTX,viper,True,100,50,0,0,0,4,False,westside,GIANTX,cypher,True,100,25,0,0,0,5,False
544.444,2332,ACTIVE_ROUND,5,2,2,,9.343,,MiniBoo,Team Heretics,raze,True,100,50,0,2,0,2,False,RieNs,Team Heretics,fade,True,100,25,1,0,0,6,False,Boo,Team Heretics,omen,True,100,25,0,0,1,4,False,benjyfishy,Team Heretics,deadlock,True,100,50,0,0,0,0,False,Wo0t,Team Heretics,chamber,True,95,40,0,7,0,6,False,grubinho,GIANTX,omen,False,,25,0,0,0,7,True,ara,GIANTX,raze,True,100,50,0,0,0,5,False,Cloud,GIANTX,fade,True,100,25,0,1,0,1,False,Flickless,GIANTX,viper,True,100,50,0,0,0,4,False,westside,GIANTX,cypher,True,100,25,0,0,0,5,False
544.677,2333,ACTIVE_ROUND,5,2,2,,9.576,,MiniBoo,Team Heretics,raze,True,100,50,0,2,0,2,False,RieNs,Team Heretics,fade,True,100,25,1,0,0,6,False,Boo,Team Heretics,omen,True,100,25,0,0,1,4,False,benjyfishy,Team Heretics,deadlock,True,100,50,0,0,0,0,False,Wo0t,Team Heretics,chamber,True,95,40,0,7,0,6,False,grubinho,GIANTX,omen,False,,25,0,0,0,7,True,ara,GIANTX,raze,True,100,50,0,0,0,5,False,Cloud,GIANTX,fade,True,100,25,0,1,0,1,False,Flickless,GIANTX,viper,True,100,50,0,0,0,4,False,westside,GIANTX,cypher,True,100,25,0,0,0,5,False
544.911,2334,ACTIVE_ROUND,5,2,2,,9.810,,MiniBoo,Team Heretics,raze,True,100,50,0,2,0,2,False,RieNs,Team Heretics,fade,True,100,25,1,0,0,6,False,Boo,Team Heretics,omen,True,100,25,0,0,1,4,False,benjyfishy,Team Heretics,deadlock,True,100,50,0,0,0,0,False,Wo0t,Team Heretics,chamber,True,95,40,0,7,0,6,False,grubinho,GIANTX,omen,False,,25,0,0,0,7,True,ara,GIANTX,raze,True,100,50,0,0,0,5,False,Cloud,GIANTX,fade,True,100,25,0,1,0,1,False,Flickless,GIANTX,viper,True,100,50,0,0,0,4,False,westside,GIANTX,cypher,True,100,25,0,0,0,5,False
545.145,2335,ACTIVE_ROUND,5,2,2,,10.043,,MiniBoo,Team Heretics,raze,True,100,50,0,2,0,2,False,RieNs,Team Heretics,fade,True,100,25,1,0,0,6,False,Boo,Team Heretics,omen,True,100,25,0,0,1,4,False,benjyfishy,Team Heretics,deadlock,True,100,50,0,0,0,0,False,Wo0t,Team Heretics,chamber,True,95,40,0,7,0,6,False,grubinho,GIANTX,omen,False,,25,0,0,0,7,True,ara,GIANTX,raze,True,100,50,0,0,0,5,False,Cloud,GIANTX,fade,True,100,25,0,1,0,1,False,Flickless,GIANTX,viper,True,100,50,0,0,0,4,False,westside,GIANTX,cypher,True,100,25,0,0,0,5,False
545.378,2336,ACTIVE_ROUND,5,2,2,,10.277,,MiniBoo,Team Heretics,raze,True,100,50,0,2,0,2,False,RieNs,Team Heretics,fade,True,100,25,1,0,0,6,False,Boo,Team Heretics,omen,True,100,25,0,0,1,4,False,benjyfishy,Team Heretics,deadlock,True,100,50,0,0,0,0,False,Wo0t,Team Heretics,chamber,True,95,40,0,7,0,6,False,grubinho,GIANTX,omen,False,,25,0,0,0,7,True,ara,GIANTX,raze,True,100,50,0,0,0,5,False,Cloud,GIANTX,fade,True,100,25,0,1,0,1,False,Flickless,GIANTX,viper,True,100,50,0,0,0,4,False,westside,GIANTX,cypher,True,100,25,0,0,0,5,False
545.612,2337,ACTIVE_ROUND,5,2,2,,10.510,,MiniBoo,Team Heretics,raze,True,100,50,0,2,0,2,False,RieNs,Team Heretics,fade,True,100,25,1,0,0,6,False,Boo,Team Heretics,omen,True,100,25,0,0,1,4,False,benjyfishy,Team Heretics,deadlock,True,100,50,0,0,0,0,False,Wo0t,Team Heretics,chamber,True,95,40,0,7,0,6,False,grubinho,GIANTX,omen,False,,25,0,0,0,7,True,ara,GIANTX,raze,True,100,50,0,0,0,5,False,Cloud,GIANTX,fade,True,100,25,0,1,0,1,False,Flickless,GIANTX,viper,True,100,50,0,0,0,4,False,westside,GIANTX,cypher,True,100,25,0,0,0,5,False
545.845,2338,ACTIVE_ROUND,5,2,2,,10.744,,MiniBoo,Team Heretics,raze,True,100,50,0,2,0,2,False,RieNs,Team Heretics,fade,True,100,25,1,0,0,6,False,Boo,Team Heretics,omen,True,100,25,0,0,1,4,False,benjyfishy,Team Heretics,deadlock,True,100,50,0,0,0,0,False,Wo0t,Team Heretics,chamber,True,95,40,0,7,0,6,False,grubinho,GIANTX,omen,False,,25,0,0,0,7,True,ara,GIANTX,raze,True,100,50,0,0,0,5,False,Cloud,GIANTX,fade,True,100,25,0,1,0,1,False,Flickless,GIANTX,viper,True,100,50,0,0,0,4,False,westside,GIANTX,cypher,True,100,25,0,0,0,5,False
546.079,2339,ACTIVE_ROUND,5,2,2,,10.978,,MiniBoo,Team Heretics,raze,True,100,50,0,2,0,2,False,RieNs,Team Heretics,fade,True,100,25,1,0,0,6,False,Boo,Team Heretics,omen,True,100,25,0,0,1,4,False,benjyfishy,Team Heretics,deadlock,True,100,50,0,0,0,0,False,Wo0t,Team Heretics,chamber,True,95,40,0,7,0,6,False,grubinho,GIANTX,omen,False,,25,0,0,0,7,True,ara,GIANTX,raze,True,100,50,0,0,0,5,False,Cloud,GIANTX,fade,True,100,25,0,1,0,1,False,Flickless,GIANTX,viper,True,100,50,0,0,0,4,False,westside,GIANTX,cypher,True,100,25,0,0,0,5,False
546.312,2340,ACTIVE_ROUND,5,2,2,,11.211,,MiniBoo,Team Heretics,raze,True,100,50,0,2,0,2,False,RieNs,Team Heretics,fade,True,100,25,1,0,0,6,False,Boo,Team Heretics,omen,True,100,25,0,0,1,4,False,benjyfishy,Team Heretics,deadlock,True,100,50,0,0,0,0,False,Wo0t,Team Heretics,chamber,True,95,40,0,7,0,6,False,grubinho,GIANTX,omen,False,,25,0,0,0,7,True,ara,GIANTX,raze,True,100,50,0,0,0,5,False,Cloud,GIANTX,fade,True,100,25,0,1,0,1,False,Flickless,GIANTX,viper,True,100,50,0,0,0,4,False,westside,GIANTX,cypher,True,100,25,0,0,0,5,False
546.546,2341,ACTIVE_ROUND,5,2,2,,11.445,,MiniBoo,Team Heretics,raze,True,100,50,0,2,0,2,False,RieNs,Team Heretics,fade,True,100,25,1,0,0,6,False,Boo,Team Heretics,omen,True,100,25,0,0,1,4,False,benjyfishy,Team Heretics,deadlock,True,100,50,0,0,0,0,False,Wo0t,Team Heretics,chamber,True,95,40,0,7,0,6,False,grubinho,GIANTX,omen,False,,25,0,0,0,7,True,ara,GIANTX,raze,True,100,50,0,0,0,5,False,Cloud,GIANTX,fade,True,100,25,0,1,0,1,False,Flickless,GIANTX,viper,True,100,50,0,0,0,4,False,westside,GIANTX,cypher,True,100,25,0,0,0,5,False
546.780,2342,ACTIVE_ROUND,5,2,2,,11.678,,MiniBoo,Team Heretics,raze,True,100,50,0,2,0,2,False,RieNs,Team Heretics,fade,True,100,25,1,0,0,6,False,Boo,Team Heretics,omen,True,100,25,0,0,1,4,False,benjyfishy,Team Heretics,deadlock,True,100,50,0,0,0,0,False,Wo0t,Team Heretics,chamber,True,95,40,0,7,0,6,False,grubinho,GIANTX,omen,False,,25,0,0,0,7,True,ara,GIANTX,raze,True,100,50,0,0,0,5,False,Cloud,GIANTX,fade,True,100,25,0,1,0,1,False,Flickless,GIANTX,viper,True,100,50,0,0,0,4,False,westside,GIANTX,cypher,True,100,25,0,0,0,5,False
547.013,2343,ACTIVE_ROUND,5,2,2,,11.912,,MiniBoo,Team Heretics,raze,True,100,50,0,2,0,2,False,RieNs,Team Heretics,fade,True,100,25,0,0,0,6,False,Boo,Team Heretics,omen,True,100,25,0,0,1,4,False,benjyfishy,Team Heretics,deadlock,True,100,50,0,0,0,0,False,Wo0t,Team Heretics,chamber,True,95,40,0,7,1,6,False,grubinho,GIANTX,omen,False,,25,0,0,0,7,True,ara,GIANTX,raze,True,100,50,0,0,0,5,False,Cloud,GIANTX,fade,True,100,25,0,1,0,1,False,Flickless,GIANTX,viper,True,100,50,0,0,0,4,False,westside,GIANTX,cypher,True,100,25,0,0,0,5,False
547.247,2344,ACTIVE_ROUND,5,2,2,,12.145,,MiniBoo,Team Heretics,raze,True,100,50,0,2,0,2,False,RieNs,Team Heretics,fade,True,100,25,0,0,0,6,False,Boo,Team Heretics,omen,True,100,25,0,0,1,4,False,benjyfishy,Team Heretics,deadlock,True,100,50,0,0,0,0,False,Wo0t,Team Heretics,chamber,True,95,40,0,7,1,6,False,grubinho,GIANTX,omen,False,,25,0,0,0,7,True,ara,GIANTX,raze,True,100,50,0,0,0,5,False,Cloud,GIANTX,fade,True,100,25,0,1,0,1,False,Flickless,GIANTX,viper,True,100,50,0,0,0,4,False,westside,GIANTX,cypher,True,100,25,0,0,0,5,False
547.480,2345,ACTIVE_ROUND,5,2,2,,12.379,,MiniBoo,Team Heretics,raze,True,100,50,0,2,0,2,False,RieNs,Team Heretics,fade,True,100,25,0,0,0,6,False,Boo,Team Heretics,omen,True,100,25,0,0,1,4,False,benjyfishy,Team Heretics,deadlock,True,100,50,0,0,0,0,False,Wo0t,Team Heretics,chamber,True,95,40,0,7,1,6,False,grubinho,GIANTX,omen,False,,25,0,0,0,7,True,ara,GIANTX,raze,True,100,50,0,0,0,5,False,Cloud,GIANTX,fade,True,100,25,0,1,0,1,False,Flickless,GIANTX,viper,True,100,50,0,0,0,4,False,westside,GIANTX,cypher,True,100,25,0,0,0,5,False
547.714,2346,ACTIVE_ROUND,5,2,2,,12.613,,MiniBoo,Team Heretics,raze,True,100,50,0,2,0,2,False,RieNs,Team Heretics,fade,True,100,25,0,0,0,6,False,Boo,Team Heretics,omen,True,100,25,0,0,1,4,False,benjyfishy,Team Heretics,deadlock,True,100,50,0,0,0,0,False,Wo0t,Team Heretics,chamber,True,95,40,0,7,1,6,False,grubinho,GIANTX,omen,False,,25,0,0,0,7,True,ara,GIANTX,raze,True,100,50,0,0,0,5,False,Cloud,GIANTX,fade,True,100,25,0,1,0,1,False,Flickless,GIANTX,viper,True,100,50,0,0,0,4,False,westside,GIANTX,cypher,True,100,25,0,0,0,5,False
547.947,2347,ACTIVE_ROUND,5,2,2,,12.846,,MiniBoo,Team Heretics,raze,True,100,50,0,2,0,2,False,RieNs,Team Heretics,fade,True,100,25,0,0,0,6,False,Boo,Team Heretics,omen,True,100,25,0,0,1,4,False,benjyfishy,Team Heretics,deadlock,True,100,50,0,0,0,0,False,Wo0t,Team Heretics,chamber,True,95,40,0,7,1,6,False,grubinho,GIANTX,omen,False,,25,0,0,0,7,True,ara,GIANTX,raze,True,100,50,0,0,0,5,False,Cloud,GIANTX,fade,True,100,25,0,1,0,1,False,Flickless,GIANTX,viper,True,100,50,0,0,0,4,False,westside,GIANTX,cypher,True,100,25,0,0,0,5,False
548.181,2348,ACTIVE_ROUND,5,2,2,,13.080,,MiniBoo,Team Heretics,raze,True,100,50,0,2,0,2,False,RieNs,Team Heretics,fade,True,100,25,0,0,0,6,False,Boo,Team Heretics,omen,True,100,25,0,0,1,4,False,benjyfishy,Team Heretics,deadlock,True,100,50,0,0,0,0,False,Wo0t,Team Heretics,chamber,True,95,40,0,7,1,6,False,grubinho,GIANTX,omen,False,,25,0,0,0,7,True,ara,GIANTX,raze,True,100,50,0,0,0,5,False,Cloud,GIANTX,fade,True,100,25,0,1,0,1,False,Flickless,GIANTX,viper,True,100,50,0,0,0,4,False,westside,GIANTX,cypher,True,100,25,0,0,0,5,False
548.415,2349,ACTIVE_ROUND,5,2,2,,13.313,,MiniBoo,Team Heretics,raze,True,100,50,0,2,0,2,False,RieNs,Team Heretics,fade,True,100,25,0,0,0,6,False,Boo,Team Heretics,omen,True,100,25,0,0,1,4,False,benjyfishy,Team Heretics,deadlock,True,100,50,0,0,0,0,False,Wo0t,Team Heretics,chamber,True,95,40,0,7,1,6,False,grubinho,GIANTX,omen,False,,25,0,0,0,7,True,ara,GIANTX,raze,True,100,50,0,0,0,5,False,Cloud,GIANTX,fade,True,100,25,0,1,0,1,False,Flickless,GIANTX,viper,True,100,50,0,0,0,4,False,westside,GIANTX,cypher,True,100,25,0,0,0,5,False
548.648,2350,ACTIVE_ROUND,5,2,2,,13.547,,MiniBoo,Team Heretics,raze,True,100,50,0,2,0,2,False,RieNs,Team Heretics,fade,True,100,25,0,0,0,6,False,Boo,Team Heretics,omen,True,100,25,0,0,1,4,False,benjyfishy,Team Heretics,deadlock,True,100,50,0,0,0,0,False,Wo0t,Team Heretics,chamber,True,95,40,0,7,1,6,False,grubinho,GIANTX,omen,False,,25,0,0,0,7,True,ara,GIANTX,raze,True,100,50,0,0,0,5,False,Cloud,GIANTX,fade,True,100,25,0,1,0,1,False,Flickless,GIANTX,viper,True,100,50,0,0,0,4,False,westside,GIANTX,cypher,True,100,25,0,0,0,5,False
548.882,2351,ACTIVE_ROUND,5,2,2,,13.780,,MiniBoo,Team Heretics,raze,True,100,50,0,2,0,2,False,RieNs,Team Heretics,fade,True,100,25,0,0,0,6,False,Boo,Team Heretics,omen,True,100,25,0,0,1,4,False,benjyfishy,Team Heretics,deadlock,True,100,50,0,0,0,0,False,Wo0t,Team Heretics,chamber,True,95,40,0,7,1,6,False,grubinho,GIANTX,omen,False,,25,0,0,0,7,True,ara,GIANTX,raze,True,100,50,0,0,0,5,False,Cloud,GIANTX,fade,True,100,25,0,1,0,1,False,Flickless,GIANTX,viper,True,100,50,0,0,0,4,False,westside,GIANTX,cypher,True,100,25,0,0,0,5,False
549.115,2352,ACTIVE_ROUND,5,2,2,,14.014,,MiniBoo,Team Heretics,raze,True,100,50,0,2,0,2,False,RieNs,Team Heretics,fade,True,100,25,0,0,0,6,False,Boo,Team Heretics,omen,True,100,25,0,0,1,4,False,benjyfishy,Team Heretics,deadlock,True,100,50,0,0,0,0,False,Wo0t,Team Heretics,chamber,True,95,40,0,7,1,6,False,grubinho,GIANTX,omen,False,,25,0,0,0,7,True,ara,GIANTX,raze,True,100,50,0,0,0,5,False,Cloud,GIANTX,fade,True,100,25,0,1,0,1,False,Flickless,GIANTX,viper,True,100,50,0,0,0,4,False,westside,GIANTX,cypher,True,100,25,0,0,0,5,False
549.349,2353,ACTIVE_ROUND,5,2,2,,14.248,,MiniBoo,Team Heretics,raze,True,100,50,0,2,0,2,False,RieNs,Team Heretics,fade,True,100,25,0,0,0,6,False,Boo,Team Heretics,omen,True,100,25,0,0,1,4,False,benjyfishy,Team Heretics,deadlock,True,100,50,0,0,0,0,False,Wo0t,Team Heretics,chamber,True,95,40,0,7,1,6,False,grubinho,GIANTX,omen,False,,25,0,0,0,7,True,ara,GIANTX,raze,True,100,50,0,0,0,5,False,Cloud,GIANTX,fade,True,100,25,0,1,0,1,False,Flickless,GIANTX,viper,True,100,50,0,0,0,4,False,westside,GIANTX,cypher,True,100,25,0,0,0,5,False
549.582,2354,ACTIVE_ROUND,5,2,2,,14.481,,MiniBoo,Team Heretics,raze,True,100,50,0,2,0,2,False,RieNs,Team Heretics,fade,True,100,25,0,0,0,6,False,Boo,Team Heretics,omen,True,100,25,0,0,1,4,False,benjyfishy,Team Heretics,deadlock,True,100,50,0,0,0,0,False,Wo0t,Team Heretics,chamber,True,95,40,0,7,1,6,False,grubinho,GIANTX,omen,False,,25,0,0,0,7,True,ara,GIANTX,raze,True,100,50,0,0,0,5,False,Cloud,GIANTX,fade,True,100,25,0,1,0,1,False,Flickless,GIANTX,viper,True,100,50,0,0,0,4,False,westside,GIANTX,cypher,True,100,25,0,0,0,5,False
549.816,2355,ACTIVE_ROUND,5,2,2,,14.715,,MiniBoo,Team Heretics,raze,True,100,50,0,2,0,2,False,RieNs,Team Heretics,fade,True,100,25,0,0,1,6,False,Boo,Team Heretics,omen,True,100,25,0,0,1,4,False,benjyfishy,Team Heretics,deadlock,True,100,50,0,0,1,0,False,Wo0t,Team Heretics,chamber,True,95,40,0,7,1,6,False,grubinho,GIANTX,omen,False,,25,0,0,0,7,True,ara,GIANTX,raze,True,100,50,0,0,0,5,False,Cloud,GIANTX,fade,True,100,25,0,1,1,1,False,Flickless,GIANTX,viper,True,100,50,0,0,0,4,False,westside,GIANTX,cypher,True,100,25,0,0,0,5,False
550.049,2356,ACTIVE_ROUND,5,2,2,,14.948,,MiniBoo,Team Heretics,raze,True,100,50,0,2,0,2,False,RieNs,Team Heretics,fade,True,100,25,0,0,1,6,False,Boo,Team Heretics,omen,True,100,25,0,0,1,4,False,benjyfishy,Team Heretics,deadlock,True,100,50,0,0,1,0,False,Wo0t,Team Heretics,chamber,True,95,40,0,7,1,6,False,grubinho,GIANTX,omen,False,,25,0,0,0,7,True,ara,GIANTX,raze,True,100,50,0,0,0,5,False,Cloud,GIANTX,fade,True,100,25,0,1,1,1,False,Flickless,GIANTX,viper,True,100,50,0,0,0,4,False,westside,GIANTX,cypher,True,100,25,0,0,0,5,False
550.283,2357,ACTIVE_ROUND,5,2,2,,15.182,,MiniBoo,Team Heretics,raze,True,100,50,0,2,0,2,False,RieNs,Team Heretics,fade,True,100,25,0,0,1,6,False,Boo,Team Heretics,omen,True,100,25,0,0,1,4,False,benjyfishy,Team Heretics,deadlock,True,100,50,0,0,1,0,False,Wo0t,Team Heretics,chamber,True,95,40,0,7,1,6,False,grubinho,GIANTX,omen,False,,25,0,0,0,7,True,ara,GIANTX,raze,True,100,50,0,0,0,5,False,Cloud,GIANTX,fade,True,100,25,0,1,1,1,False,Flickless,GIANTX,viper,True,100,50,0,0,0,4,False,westside,GIANTX,cypher,True,100,25,0,0,0,5,False
550.517,2358,ACTIVE_ROUND,5,2,2,,15.415,,MiniBoo,Team Heretics,raze,True,100,50,0,2,0,2,False,RieNs,Team Heretics,fade,True,100,25,0,0,1,6,False,Boo,Team Heretics,omen,True,100,25,0,0,1,4,False,benjyfishy,Team Heretics,deadlock,True,100,50,0,0,1,0,False,Wo0t,Team Heretics,chamber,True,95,40,0,7,1,6,False,grubinho,GIANTX,omen,False,,25,0,0,0,7,True,ara,GIANTX,raze,True,100,50,0,0,0,5,False,Cloud,GIANTX,fade,True,100,25,0,1,1,1,False,Flickless,GIANTX,viper,True,100,50,0,0,0,4,False,westside,GIANTX,cypher,True,100,25,0,0,0,5,False
550.750,2359,ACTIVE_ROUND,5,2,2,,15.649,,MiniBoo,Team Heretics,raze,True,100,50,0,2,0,2,False,RieNs,Team Heretics,fade,True,100,25,0,0,1,6,False,Boo,Team Heretics,omen,True,100,25,0,0,1,4,False,benjyfishy,Team Heretics,deadlock,True,100,50,0,0,1,0,False,Wo0t,Team Heretics,chamber,True,95,40,0,7,1,6,False,grubinho,GIANTX,omen,False,,25,0,0,0,7,True,ara,GIANTX,raze,True,100,50,0,0,0,5,False,Cloud,GIANTX,fade,True,100,25,0,1,1,1,False,Flickless,GIANTX,viper,True,100,50,0,0,0,4,False,westside,GIANTX,cypher,True,100,25,0,0,0,5,False
550.984,2360,ACTIVE_ROUND,5,2,2,,15.883,,MiniBoo,Team Heretics,raze,True,100,50,0,2,0,2,False,RieNs,Team Heretics,fade,True,100,25,0,0,1,6,False,Boo,Team Heretics,omen,True,100,25,0,0,0,4,False,benjyfishy,Team Heretics,deadlock,True,100,50,0,0,0,0,False,Wo0t,Team Heretics,chamber,True,95,40,0,7,1,6,False,grubinho,GIANTX,omen,False,,25,0,0,0,7,True,ara,GIANTX,raze,True,100,50,0,0,0,6,False,Cloud,GIANTX,fade,True,100,25,0,1,1,1,False,Flickless,GIANTX,viper,True,100,50,0,0,0,4,False,westside,GIANTX,cypher,True,100,25,0,0,0,5,False
551.217,2361,ACTIVE_ROUND,5,2,2,,16.116,,MiniBoo,Team Heretics,raze,True,100,50,0,2,0,2,False,RieNs,Team Heretics,fade,True,100,25,0,0,1,6,False,Boo,Team Heretics,omen,True,100,25,0,0,0,4,False,benjyfishy,Team Heretics,deadlock,True,100,50,0,0,0,0,False,Wo0t,Team Heretics,chamber,True,95,40,0,7,1,6,False,grubinho,GIANTX,omen,False,,25,0,0,0,7,True,ara,GIANTX,raze,False,,50,0,0,0,6,False,Cloud,GIANTX,fade,True,100,25,0,1,1,1,False,Flickless,GIANTX,viper,True,100,50,0,0,0,4,False,westside,GIANTX,cypher,True,100,25,0,0,0,5,False
551.451,2362,ACTIVE_ROUND,5,2,2,,16.350,,MiniBoo,Team Heretics,raze,True,100,50,0,2,0,2,False,RieNs,Team Heretics,fade,True,100,25,0,0,1,6,False,Boo,Team Heretics,omen,True,100,25,0,0,0,4,False,benjyfishy,Team Heretics,deadlock,True,100,50,0,0,0,0,False,Wo0t,Team Heretics,chamber,True,95,40,0,7,1,6,False,grubinho,GIANTX,omen,False,,25,0,0,0,7,True,ara,GIANTX,raze,False,,50,0,0,0,6,False,Cloud,GIANTX,fade,True,100,25,0,1,1,1,False,Flickless,GIANTX,viper,True,100,50,0,0,0,4,False,westside,GIANTX,cypher,True,100,25,0,0,0,5,False
551.684,2363,ACTIVE_ROUND,5,2,2,,16.583,,MiniBoo,Team Heretics,raze,True,100,50,0,2,0,2,False,RieNs,Team Heretics,fade,True,100,25,0,0,1,6,False,Boo,Team Heretics,omen,True,100,25,0,0,0,4,False,benjyfishy,Team Heretics,deadlock,True,100,50,0,0,0,0,False,Wo0t,Team Heretics,chamber,True,95,40,0,7,1,6,False,grubinho,GIANTX,omen,False,,25,0,0,0,7,True,ara,GIANTX,raze,False,,50,0,0,0,6,False,Cloud,GIANTX,fade,True,100,25,0,1,1,1,False,Flickless,GIANTX,viper,True,100,50,0,0,0,4,False,westside,GIANTX,cypher,True,100,25,0,0,0,5,False
551.918,2364,ACTIVE_ROUND,5,2,2,,16.817,,MiniBoo,Team Heretics,raze,True,100,50,0,2,0,2,False,RieNs,Team Heretics,fade,True,100,25,0,0,1,6,False,Boo,Team Heretics,omen,True,100,25,0,0,0,4,False,benjyfishy,Team Heretics,deadlock,True,100,50,0,0,0,0,False,Wo0t,Team Heretics,chamber,True,95,40,0,7,1,6,False,grubinho,GIANTX,omen,False,,25,0,0,0,7,True,ara,GIANTX,raze,False,,50,0,0,0,6,False,Cloud,GIANTX,fade,True,100,25,0,1,1,1,False,Flickless,GIANTX,viper,True,100,50,0,0,0,4,False,westside,GIANTX,cypher,True,100,25,0,0,0,5,False
552.152,2365,ACTIVE_ROUND,5,2,2,,17.050,,MiniBoo,Team Heretics,raze,True,100,50,0,2,0,2,False,RieNs,Team Heretics,fade,True,100,25,0,0,1,6,False,Boo,Team Heretics,omen,True,100,25,0,0,0,4,False,benjyfishy,Team Heretics,deadlock,True,100,50,0,0,0,0,False,Wo0t,Team Heretics,chamber,True,95,40,0,7,1,6,False,grubinho,GIANTX,omen,False,,25,0,0,0,7,True,ara,GIANTX,raze,False,,50,0,0,0,6,False,Cloud,GIANTX,fade,True,100,25,0,1,1,1,False,Flickless,GIANTX,viper,True,100,50,0,0,0,4,False,westside,GIANTX,cypher,True,100,25,0,0,0,5,False
552.385,2366,ACTIVE_ROUND,5,2,2,,17.284,,MiniBoo,Team Heretics,raze,True,100,50,0,2,0,2,False,RieNs,Team Heretics,fade,True,100,25,0,0,1,6,False,Boo,Team Heretics,omen,True,100,25,0,0,0,4,False,benjyfishy,Team Heretics,deadlock,True,100,50,0,0,0,0,False,Wo0t,Team Heretics,chamber,True,95,40,0,7,1,6,False,grubinho,GIANTX,omen,False,,25,0,0,0,7,True,ara,GIANTX,raze,False,,50,0,0,0,6,False,Cloud,GIANTX,fade,True,100,25,0,1,1,1,False,Flickless,GIANTX,viper,True,100,50,0,0,0,4,False,westside,GIANTX,cypher,True,100,25,0,0,0,5,False
552.619,2367,ACTIVE_ROUND,5,2,2,,17.518,,MiniBoo,Team Heretics,raze,True,100,50,0,2,0,2,False,RieNs,Team Heretics,fade,True,100,25,0,0,1,6,False,Boo,Team Heretics,omen,True,100,25,0,0,0,4,False,benjyfishy,Team Heretics,deadlock,True,100,50,0,0,0,0,False,Wo0t,Team Heretics,chamber,True,95,40,0,7,1,6,False,grubinho,GIANTX,omen,False,,25,0,0,0,7,True,ara,GIANTX,raze,False,,50,0,0,0,6,False,Cloud,GIANTX,fade,True,100,25,0,1,1,1,False,Flickless,GIANTX,viper,True,100,50,0,0,0,4,False,westside,GIANTX,cypher,True,100,25,0,0,0,5,False
552.852,2368,ACTIVE_ROUND,5,2,2,,17.751,,MiniBoo,Team Heretics,raze,True,100,50,0,2,0,2,False,RieNs,Team Heretics,fade,True,100,25,0,0,1,6,False,Boo,Team Heretics,omen,True,100,25,0,0,0,4,False,benjyfishy,Team Heretics,deadlock,True,100,50,0,0,0,0,False,Wo0t,Team Heretics,chamber,True,95,40,0,7,1,6,False,grubinho,GIANTX,omen,False,,25,0,0,0,7,True,ara,GIANTX,raze,False,,50,0,0,0,6,False,Cloud,GIANTX,fade,True,100,25,0,1,0,1,False,Flickless,GIANTX,viper,True,100,50,0,0,0,4,False,westside,GIANTX,cypher,True,100,25,0,0,0,5,False
553.086,2369,ACTIVE_ROUND,5,2,2,,17.985,,MiniBoo,Team Heretics,raze,True,100,50,0,2,0,2,False,RieNs,Team Heretics,fade,True,100,25,0,0,1,6,False,Boo,Team Heretics,omen,True,100,25,0,0,0,4,False,benjyfishy,Team Heretics,deadlock,True,100,50,0,0,0,0,False,Wo0t,Team Heretics,chamber,True,95,40,0,7,1,6,False,grubinho,GIANTX,omen,False,,25,0,0,0,7,True,ara,GIANTX,raze,False,,50,0,0,0,6,False,Cloud,GIANTX,fade,True,100,25,0,1,0,1,False,Flickless,GIANTX,viper,True,100,50,0,0,0,4,False,westside,GIANTX,cypher,True,100,25,0,0,0,5,False
553.319,2370,ACTIVE_ROUND,5,2,2,,18.218,,MiniBoo,Team Heretics,raze,True,100,50,0,2,0,2,False,RieNs,Team Heretics,fade,True,100,25,0,0,1,6,False,Boo,Team Heretics,omen,True,100,25,0,0,0,4,False,benjyfishy,Team Heretics,deadlock,True,100,50,0,0,0,0,False,Wo0t,Team Heretics,chamber,True,95,40,0,7,1,6,False,grubinho,GIANTX,omen,False,,25,0,0,0,7,True,ara,GIANTX,raze,False,,50,0,0,0,6,False,Cloud,GIANTX,fade,True,100,25,0,1,0,1,False,Flickless,GIANTX,viper,True,100,50,0,0,0,4,False,westside,GIANTX,cypher,True,100,25,0,0,0,5,False
553.553,2371,ACTIVE_ROUND,5,2,2,,18.452,,MiniBoo,Team Heretics,raze,True,100,50,0,2,0,2,False,RieNs,Team Heretics,fade,True,100,25,0,0,1,6,False,Boo,Team Heretics,omen,True,100,25,0,0,0,4,False,benjyfishy,Team Heretics,deadlock,True,100,50,0,0,0,0,False,Wo0t,Team Heretics,chamber,True,95,40,0,7,1,6,False,grubinho,GIANTX,omen,False,,25,0,0,0,7,True,ara,GIANTX,raze,False,,50,0,0,0,6,False,Cloud,GIANTX,fade,True,100,25,0,1,0,1,False,Flickless,GIANTX,viper,True,100,50,0,0,0,4,False,westside,GIANTX,cypher,True,100,25,0,0,0,5,False
553.787,2372,ACTIVE_ROUND,5,2,2,,18.685,,MiniBoo,Team Heretics,raze,True,100,50,0,2,0,2,False,RieNs,Team Heretics,fade,True,100,25,0,0,1,6,False,Boo,Team Heretics,omen,True,100,25,0,0,0,4,False,benjyfishy,Team Heretics,deadlock,True,100,50,0,0,0,0,False,Wo0t,Team Heretics,chamber,True,95,40,0,7,1,6,False,grubinho,GIANTX,omen,False,,25,0,0,0,7,True,ara,GIANTX,raze,False,,50,0,0,0,6,False,Cloud,GIANTX,fade,True,100,25,0,1,0,1,False,Flickless,GIANTX,viper,True,100,50,0,0,0,4,False,westside,GIANTX,cypher,True,100,25,0,0,0,5,False
554.020,2373,ACTIVE_ROUND,5,2,2,,18.919,,MiniBoo,Team Heretics,raze,True,100,50,0,2,0,2,False,RieNs,Team Heretics,fade,True,100,25,0,0,1,6,False,Boo,Team Heretics,omen,True,100,25,0,0,0,4,False,benjyfishy,Team Heretics,deadlock,True,100,50,0,0,0,0,False,Wo0t,Team Heretics,chamber,True,95,40,0,7,1,6,False,grubinho,GIANTX,omen,False,,25,0,0,0,7,True,ara,GIANTX,raze,False,,50,0,0,0,6,False,Cloud,GIANTX,fade,True,100,25,0,1,0,1,False,Flickless,GIANTX,viper,True,100,50,0,0,0,4,False,westside,GIANTX,cypher,True,100,25,0,0,0,5,False
554.254,2374,ACTIVE_ROUND,5,2,2,,19.152,,MiniBoo,Team Heretics,raze,True,100,50,0,2,0,2,False,RieNs,Team Heretics,fade,True,100,25,0,0,1,6,False,Boo,Team Heretics,omen,True,100,25,0,0,0,4,False,benjyfishy,Team Heretics,deadlock,True,100,50,0,0,0,0,False,Wo0t,Team Heretics,chamber,True,95,40,0,7,1,6,False,grubinho,GIANTX,omen,False,,25,0,0,0,7,True,ara,GIANTX,raze,False,,50,0,0,0,6,False,Cloud,GIANTX,fade,True,100,25,0,1,0,1,False,Flickless,GIANTX,viper,True,100,50,0,0,0,4,False,westside,GIANTX,cypher,True,100,25,0,0,0,5,False
554.487,2375,ACTIVE_ROUND,5,2,2,,19.386,,MiniBoo,Team Heretics,raze,True,100,50,0,2,0,2,False,RieNs,Team Heretics,fade,True,100,25,0,0,1,6,False,Boo,Team Heretics,omen,True,100,25,0,0,0,4,False,benjyfishy,Team Heretics,deadlock,True,100,50,0,0,0,0,False,Wo0t,Team Heretics,chamber,True,95,40,0,7,1,6,False,grubinho,GIANTX,omen,False,,25,0,0,0,7,True,ara,GIANTX,raze,False,,50,0,0,0,6,False,Cloud,GIANTX,fade,True,100,25,0,1,0,1,False,Flickless,GIANTX,viper,True,100,50,0,0,0,4,False,westside,GIANTX,cypher,True,100,25,0,0,0,5,False
554.721,2376,ACTIVE_ROUND,5,2,2,,19.620,,MiniBoo,Team Heretics,raze,True,100,50,0,2,0,2,False,RieNs,Team Heretics,fade,True,100,25,0,0,1,6,False,Boo,Team Heretics,omen,True,100,25,0,0,0,4,False,benjyfishy,Team Heretics,deadlock,True,100,50,0,0,0,0,False,Wo0t,Team Heretics,chamber,True,95,40,0,7,1,6,False,grubinho,GIANTX,omen,False,,25,0,0,0,7,True,ara,GIANTX,raze,False,,50,0,0,0,6,False,Cloud,GIANTX,fade,True,100,25,0,1,0,1,False,Flickless,GIANTX,viper,True,100,50,0,0,0,4,False,westside,GIANTX,cypher,True,100,25,0,0,0,5,False
554.954,2377,ACTIVE_ROUND,5,2,2,,19.853,,MiniBoo,Team Heretics,raze,True,100,50,0,2,0,2,False,RieNs,Team Heretics,fade,True,100,25,0,0,1,6,False,Boo,Team Heretics,omen,True,100,25,0,0,0,4,False,benjyfishy,Team Heretics,deadlock,True,100,50,0,0,0,0,False,Wo0t,Team Heretics,chamber,True,95,40,0,7,1,6,False,grubinho,GIANTX,omen,False,,25,0,0,0,7,True,ara,GIANTX,raze,False,,50,0,0,0,6,False,Cloud,GIANTX,fade,True,100,25,0,1,0,1,False,Flickless,GIANTX,viper,True,100,50,0,0,0,4,False,westside,GIANTX,cypher,True,100,25,0,0,0,5,False
555.188,2378,ACTIVE_ROUND,5,2,2,,20.087,,MiniBoo,Team Heretics,raze,True,100,50,0,2,0,2,False,RieNs,Team Heretics,fade,True,100,25,0,0,1,6,False,Boo,Team Heretics,omen,True,100,25,0,0,0,4,False,benjyfishy,Team Heretics,deadlock,True,100,50,0,0,0,0,False,Wo0t,Team Heretics,chamber,True,95,40,0,7,1,6,False,grubinho,GIANTX,omen,False,,25,0,0,0,7,True,ara,GIANTX,raze,False,,50,0,0,0,6,False,Cloud,GIANTX,fade,True,100,25,0,1,0,1,False,Flickless,GIANTX,viper,True,100,50,0,0,0,4,False,westside,GIANTX,cypher,True,100,25,0,0,0,5,False
555.422,2379,ACTIVE_ROUND,5,2,2,,20.320,,MiniBoo,Team Heretics,raze,True,100,50,0,2,0,2,False,RieNs,Team Heretics,fade,True,100,25,0,0,1,6,False,Boo,Team Heretics,omen,True,100,25,0,0,0,4,False,benjyfishy,Team Heretics,deadlock,True,100,50,0,0,0,0,False,Wo0t,Team Heretics,chamber,True,95,40,0,7,1,6,False,grubinho,GIANTX,omen,False,,25,0,0,0,7,True,ara,GIANTX,raze,False,,50,0,0,0,6,False,Cloud,GIANTX,fade,True,100,25,0,1,0,1,False,Flickless,GIANTX,viper,True,100,50,0,0,0,4,False,westside,GIANTX,cypher,True,100,25,0,0,0,5,False
555.655,2380,ACTIVE_ROUND,5,2,2,,20.554,,MiniBoo,Team Heretics,raze,True,100,50,0,2,0,2,False,RieNs,Team Heretics,fade,True,100,25,0,0,1,6,False,Boo,Team Heretics,omen,True,100,25,0,0,0,4,False,benjyfishy,Team Heretics,deadlock,True,100,50,0,0,0,0,False,Wo0t,Team Heretics,chamber,True,95,40,0,7,1,6,False,grubinho,GIANTX,omen,False,,25,0,0,0,7,True,ara,GIANTX,raze,False,,50,0,0,0,6,False,Cloud,GIANTX,fade,True,100,25,0,1,0,1,False,Flickless,GIANTX,viper,True,100,50,0,0,0,4,False,westside,GIANTX,cypher,True,100,25,0,0,0,5,False
555.889,2381,ACTIVE_ROUND,5,2,2,,20.787,,MiniBoo,Team Heretics,raze,True,100,50,0,2,0,2,False,RieNs,Team Heretics,fade,True,100,25,0,0,0,6,False,Boo,Team Heretics,omen,True,100,25,0,0,0,4,False,benjyfishy,Team Heretics,deadlock,True,100,50,0,0,0,0,False,Wo0t,Team Heretics,chamber,True,95,40,0,6,0,7,False,grubinho,GIANTX,omen,False,,25,0,0,0,7,True,ara,GIANTX,raze,False,,50,0,0,0,6,False,Cloud,GIANTX,fade,True,100,25,0,0,0,1,False,Flickless,GIANTX,viper,True,100,50,0,0,0,4,False,westside,GIANTX,cypher,False,,25,0,0,0,6,False
556.122,2382,ACTIVE_ROUND,5,2,2,,21.021,,MiniBoo,Team Heretics,raze,True,100,50,0,2,0,2,False,RieNs,Team Heretics,fade,True,100,25,0,0,0,6,False,Boo,Team Heretics,omen,True,100,25,0,0,0,4,False,benjyfishy,Team Heretics,deadlock,True,100,50,0,0,0,0,False,Wo0t,Team Heretics,chamber,True,95,40,0,6,0,7,False,grubinho,GIANTX,omen,False,,25,0,0,0,7,True,ara,GIANTX,raze,False,,50,0,0,0,6,False,Cloud,GIANTX,fade,True,100,25,0,0,0,1,False,Flickless,GIANTX,viper,True,100,50,0,0,0,4,False,westside,GIANTX,cypher,False,,25,0,0,0,6,False
556.356,2383,ACTIVE_ROUND,5,2,2,,21.255,,MiniBoo,Team Heretics,raze,True,100,50,0,2,0,2,False,RieNs,Team Heretics,fade,True,100,25,0,0,0,6,False,Boo,Team Heretics,omen,True,100,25,0,0,0,4,False,benjyfishy,Team Heretics,deadlock,True,100,50,0,0,0,0,False,Wo0t,Team Heretics,chamber,True,95,40,0,6,0,7,False,grubinho,GIANTX,omen,False,,25,0,0,0,7,True,ara,GIANTX,raze,False,,50,0,0,0,6,False,Cloud,GIANTX,fade,True,100,25,0,0,0,1,False,Flickless,GIANTX,viper,True,100,50,0,0,0,4,False,westside,GIANTX,cypher,False,,25,0,0,0,6,False
556.589,2384,ACTIVE_ROUND,5,2,2,,21.488,,MiniBoo,Team Heretics,raze,True,100,50,0,2,0,2,False,RieNs,Team Heretics,fade,True,100,25,0,0,0,6,False,Boo,Team Heretics,omen,True,100,25,0,0,0,4,False,benjyfishy,Team Heretics,deadlock,True,100,50,0,0,0,0,False,Wo0t,Team Heretics,chamber,True,95,40,0,6,0,7,False,grubinho,GIANTX,omen,False,,25,0,0,0,7,True,ara,GIANTX,raze,False,,50,0,0,0,6,False,Cloud,GIANTX,fade,True,100,25,0,0,0,1,False,Flickless,GIANTX,viper,True,100,50,0,0,0,4,False,westside,GIANTX,cypher,False,,25,0,0,0,6,False
556.823,2385,ACTIVE_ROUND,5,2,2,,21.722,,MiniBoo,Team Heretics,raze,True,100,50,0,1,0,2,False,RieNs,Team Heretics,fade,True,100,25,0,0,0,6,False,Boo,Team Heretics,omen,True,51,1,0,0,0,4,False,benjyfishy,Team Heretics,deadlock,True,75,1,0,0,0,0,False,Wo0t,Team Heretics,chamber,True,95,40,0,6,0,7,False,grubinho,GIANTX,omen,False,,25,0,0,0,7,True,ara,GIANTX,raze,False,,50,0,0,0,6,False,Cloud,GIANTX,fade,True,100,25,0,0,0,1,False,Flickless,GIANTX,viper,True,100,50,0,0,0,4,False,westside,GIANTX,cypher,False,,25,0,0,0,6,False
557.057,2386,ACTIVE_ROUND,5,2,2,,21.955,,MiniBoo,Team Heretics,raze,True,100,50,0,1,0,2,False,RieNs,Team Heretics,fade,True,100,25,0,0,0,6,False,Boo,Team Heretics,omen,True,51,1,0,0,0,4,False,benjyfishy,Team Heretics,deadlock,True,75,1,0,0,0,0,False,Wo0t,Team Heretics,chamber,True,95,40,0,6,0,7,False,grubinho,GIANTX,omen,False,,25,0,0,0,7,True,ara,GIANTX,raze,False,,50,0,0,0,6,False,Cloud,GIANTX,fade,True,100,25,0,0,0,1,False,Flickless,GIANTX,viper,True,100,50,0,0,0,4,False,westside,GIANTX,cypher,False,,25,0,0,0,6,False
557.290,2387,ACTIVE_ROUND,5,2,2,,22.189,,MiniBoo,Team Heretics,raze,True,100,50,0,1,0,2,False,RieNs,Team Heretics,fade,True,100,25,0,0,0,6,False,Boo,Team Heretics,omen,True,51,1,0,0,0,4,False,benjyfishy,Team Heretics,deadlock,True,75,1,0,0,0,0,False,Wo0t,Team Heretics,chamber,True,95,40,0,6,0,7,False,grubinho,GIANTX,omen,False,,25,0,0,0,7,True,ara,GIANTX,raze,False,,50,0,0,0,6,False,Cloud,GIANTX,fade,False,,25,0,0,0,1,False,Flickless,GIANTX,viper,True,100,50,0,0,0,4,False,westside,GIANTX,cypher,False,,25,0,0,0,6,False
557.524,2388,ACTIVE_ROUND,5,2,2,,22.422,,MiniBoo,Team Heretics,raze,True,100,50,0,1,0,2,False,RieNs,Team Heretics,fade,True,100,25,0,0,0,6,False,Boo,Team Heretics,omen,True,51,1,0,0,0,4,False,benjyfishy,Team Heretics,deadlock,True,75,1,0,0,0,0,False,Wo0t,Team Heretics,chamber,True,95,40,0,6,0,7,False,grubinho,GIANTX,omen,False,,25,0,0,0,7,True,ara,GIANTX,raze,False,,50,0,0,0,6,False,Cloud,GIANTX,fade,False,,25,0,0,0,1,False,Flickless,GIANTX,viper,True,100,50,0,0,0,4,False,westside,GIANTX,cypher,False,,25,0,0,0,6,False
557.757,2389,ACTIVE_ROUND,5,2,2,,22.656,,MiniBoo,Team Heretics,raze,True,100,50,0,1,0,2,False,RieNs,Team Heretics,fade,True,100,25,0,0,0,6,False,Boo,Team Heretics,omen,True,51,1,0,0,0,4,False,benjyfishy,Team Heretics,deadlock,True,75,1,0,0,0,0,False,Wo0t,Team Heretics,chamber,True,95,40,0,6,0,7,False,grubinho,GIANTX,omen,False,,25,0,0,0,7,True,ara,GIANTX,raze,False,,50,0,0,0,6,False,Cloud,GIANTX,fade,False,,25,0,0,0,1,False,Flickless,GIANTX,viper,True,100,50,0,0,0,4,False,westside,GIANTX,cypher,False,,25,0,0,0,6,False
557.991,2390,ACTIVE_ROUND,5,2,2,,22.890,,MiniBoo,Team Heretics,raze,True,100,50,0,1,0,2,False,RieNs,Team Heretics,fade,True,100,25,0,0,0,6,False,Boo,Team Heretics,omen,True,67,1,0,0,0,4,False,benjyfishy,Team Heretics,deadlock,True,89,1,0,0,0,1,False,Wo0t,Team Heretics,chamber,True,95,40,0,6,0,7,False,grubinho,GIANTX,omen,False,,25,0,0,0,7,True,ara,GIANTX,raze,False,,50,0,0,0,6,False,Cloud,GIANTX,fade,False,,25,0,0,0,1,False,Flickless,GIANTX,viper,True,100,50,0,0,0,4,False,westside,GIANTX,cypher,False,,25,0,0,0,6,False
558.224,2391,ACTIVE_ROUND,5,2,2,,23.123,,MiniBoo,Team Heretics,raze,True,100,50,0,1,0,2,False,RieNs,Team Heretics,fade,True,100,25,0,0,0,6,False,Boo,Team Heretics,omen,True,67,1,0,0,0,4,False,benjyfishy,Team Heretics,deadlock,True,89,1,0,0,0,1,False,Wo0t,Team Heretics,chamber,True,95,40,0,6,0,7,False,grubinho,GIANTX,omen,False,,25,0,0,0,7,True,ara,GIANTX,raze,False,,50,0,0,0,6,False,Cloud,GIANTX,fade,False,,25,0,0,0,1,False,Flickless,GIANTX,viper,True,100,50,0,0,0,4,False,westside,GIANTX,cypher,False,,25,0,0,0,6,False
558.458,2392,ACTIVE_ROUND,5,2,2,,23.357,,MiniBoo,Team Heretics,raze,True,100,50,0,1,0,2,False,RieNs,Team Heretics,fade,True,100,25,0,0,0,6,False,Boo,Team Heretics,omen,True,67,1,0,0,0,4,False,benjyfishy,Team Heretics,deadlock,True,89,1,0,0,0,1,False,Wo0t,Team Heretics,chamber,True,95,40,0,6,0,7,False,grubinho,GIANTX,omen,False,,25,0,0,0,7,True,ara,GIANTX,raze,False,,50,0,0,0,6,False,Cloud,GIANTX,fade,False,,25,0,0,0,1,False,Flickless,GIANTX,viper,True,100,50,0,0,0,4,False,westside,GIANTX,cypher,False,,25,0,0,0,6,False
558.691,2393,ACTIVE_ROUND,5,2,2,,23.590,,MiniBoo,Team Heretics,raze,True,100,50,0,1,0,2,False,RieNs,Team Heretics,fade,False,,25,0,0,0,6,False,Boo,Team Heretics,omen,True,67,1,0,0,0,4,False,benjyfishy,Team Heretics,deadlock,True,89,1,0,0,0,1,False,Wo0t,Team Heretics,chamber,True,95,40,0,6,0,7,False,grubinho,GIANTX,omen,False,,25,0,0,0,7,True,ara,GIANTX,raze,False,,50,0,0,0,6,False,Cloud,GIANTX,fade,False,,25,0,0,0,1,False,Flickless,GIANTX,viper,True,100,50,0,0,0,4,False,westside,GIANTX,cypher,False,,25,0,0,0,6,False
558.925,2394,ACTIVE_ROUND,5,2,2,,23.824,,MiniBoo,Team Heretics,raze,True,100,50,0,0,0,2,False,RieNs,Team Heretics,fade,False,,25,0,0,0,6,False,Boo,Team Heretics,omen,True,91,1,0,0,0,4,False,benjyfishy,Team Heretics,deadlock,True,100,15,0,0,0,1,False,Wo0t,Team Heretics,chamber,True,95,40,0,6,0,7,False,grubinho,GIANTX,omen,False,,25,0,0,0,7,True,ara,GIANTX,raze,False,,50,0,0,0,6,False,Cloud,GIANTX,fade,False,,25,0,0,0,1,False,Flickless,GIANTX,viper,True,100,50,0,0,0,5,False,westside,GIANTX,cypher,False,,25,0,0,0,6,False
559.159,2395,ACTIVE_ROUND,5,2,2,,24.057,,MiniBoo,Team Heretics,raze,True,100,50,0,0,0,2,False,RieNs,Team Heretics,fade,False,,25,0,0,0,6,False,Boo,Team Heretics,omen,True,91,1,0,0,0,4,False,benjyfishy,Team Heretics,deadlock,True,100,15,0,0,0,1,False,Wo0t,Team Heretics,chamber,True,95,40,0,6,0,7,False,grubinho,GIANTX,omen,False,,25,0,0,0,7,True,ara,GIANTX,raze,False,,50,0,0,0,6,False,Cloud,GIANTX,fade,False,,25,0,0,0,1,False,Flickless,GIANTX,viper,True,100,50,0,0,0,5,False,westside,GIANTX,cypher,False,,25,0,0,0,6,False
559.392,2396,ACTIVE_ROUND,5,2,2,,24.291,,MiniBoo,Team Heretics,raze,False,,50,0,0,0,2,False,RieNs,Team Heretics,fade,False,,25,0,0,0,6,False,Boo,Team Heretics,omen,True,91,1,0,0,0,4,False,benjyfishy,Team Heretics,deadlock,True,100,15,0,0,0,1,False,Wo0t,Team Heretics,chamber,True,95,40,0,6,0,7,False,grubinho,GIANTX,omen,False,,25,0,0,0,7,True,ara,GIANTX,raze,False,,50,0,0,0,6,False,Cloud,GIANTX,fade,False,,25,0,0,0,1,False,Flickless,GIANTX,viper,True,100,50,0,0,0,5,False,westside,GIANTX,cypher,False,,25,0,0,0,6,False
559.626,2397,ACTIVE_ROUND,5,2,2,,24.524,,MiniBoo,Team Heretics,raze,False,,50,0,0,0,2,False,RieNs,Team Heretics,fade,False,,25,0,0,0,6,False,Boo,Team Heretics,omen,True,91,1,0,0,0,4,False,benjyfishy,Team Heretics,deadlock,True,100,15,0,0,0,1,False,Wo0t,Team Heretics,chamber,True,95,40,0,6,0,7,False,grubinho,GIANTX,omen,False,,25,0,0,0,7,True,ara,GIANTX,raze,False,,50,0,0,0,6,False,Cloud,GIANTX,fade,False,,25,0,0,0,1,False,Flickless,GIANTX,viper,True,100,50,0,0,0,5,False,westside,GIANTX,cypher,False,,25,0,0,0,6,False
559.859,2398,ACTIVE_ROUND,5,2,2,,24.758,,MiniBoo,Team Heretics,raze,False,,50,0,0,0,2,False,RieNs,Team Heretics,fade,False,,25,0,0,0,6,False,Boo,Team Heretics,omen,True,100,8,0,0,0,4,False,benjyfishy,Team Heretics,deadlock,True,100,30,0,0,0,1,False,Wo0t,Team Heretics,chamber,True,95,40,0,6,0,7,False,grubinho,GIANTX,omen,False,,25,0,0,0,7,True,ara,GIANTX,raze,False,,50,0,0,0,6,False,Cloud,GIANTX,fade,False,,25,0,0,0,1,False,Flickless,GIANTX,viper,True,100,50,0,0,0,6,False,westside,GIANTX,cypher,False,,25,0,0,0,6,False
560.093,2399,ACTIVE_ROUND,5,2,2,,24.992,,MiniBoo,Team Heretics,raze,False,,50,0,0,0,2,False,RieNs,Team Heretics,fade,False,,25,0,0,0,6,False,Boo,Team Heretics,omen,True,100,8,0,0,0,4,False,benjyfishy,Team Heretics,deadlock,True,100,30,0,0,0,1,False,Wo0t,Team Heretics,chamber,True,95,40,0,6,0,7,False,grubinho,GIANTX,omen,False,,25,0,0,0,7,True,ara,GIANTX,raze,False,,50,0,0,0,6,False,Cloud,GIANTX,fade,False,,25,0,0,0,1,False,Flickless,GIANTX,viper,True,100,50,0,0,0,6,False,westside,GIANTX,cypher,False,,25,0,0,0,6,False
560.326,2400,ACTIVE_ROUND,5,2,2,,25.225,,MiniBoo,Team Heretics,raze,False,,50,0,0,0,2,False,RieNs,Team Heretics,fade,False,,25,0,0,0,6,False,Boo,Team Heretics,omen,True,100,8,0,0,0,4,False,benjyfishy,Team Heretics,deadlock,True,100,30,0,0,0,1,False,Wo0t,Team Heretics,chamber,True,95,40,0,6,0,7,False,grubinho,GIANTX,omen,False,,25,0,0,0,7,True,ara,GIANTX,raze,False,,50,0,0,0,6,False,Cloud,GIANTX,fade,False,,25,0,0,0,1,False,Flickless,GIANTX,viper,True,100,50,0,0,0,6,False,westside,GIANTX,cypher,False,,25,0,0,0,6,False
560.560,2401,ACTIVE_ROUND,5,2,2,,25.459,,MiniBoo,Team Heretics,raze,False,,50,0,0,0,2,False,RieNs,Team Heretics,fade,False,,25,0,0,0,6,False,Boo,Team Heretics,omen,True,100,8,0,0,0,4,False,benjyfishy,Team Heretics,deadlock,True,100,30,0,0,0,1,False,Wo0t,Team Heretics,chamber,True,95,40,0,6,0,7,False,grubinho,GIANTX,omen,False,,25,0,0,0,7,True,ara,GIANTX,raze,False,,50,0,0,0,6,False,Cloud,GIANTX,fade,False,,25,0,0,0,1,False,Flickless,GIANTX,viper,True,100,50,0,0,0,6,False,westside,GIANTX,cypher,False,,25,0,0,0,6,False
560.794,2402,ACTIVE_ROUND,5,2,2,,25.692,,MiniBoo,Team Heretics,raze,False,,50,0,0,0,2,False,RieNs,Team Heretics,fade,False,,25,0,0,0,6,False,Boo,Team Heretics,omen,True,100,8,0,0,0,4,False,benjyfishy,Team Heretics,deadlock,True,100,30,0,0,0,1,False,Wo0t,Team Heretics,chamber,True,95,40,0,6,0,7,False,grubinho,GIANTX,omen,False,,25,0,0,0,7,True,ara,GIANTX,raze,False,,50,0,0,0,6,False,Cloud,GIANTX,fade,False,,25,0,0,0,1,False,Flickless,GIANTX,viper,True,100,50,0,0,0,6,False,westside,GIANTX,cypher,False,,25,0,0,0,6,False
561.027,2403,ACTIVE_ROUND,5,2,2,,25.926,,MiniBoo,Team Heretics,raze,False,,50,0,0,0,2,False,RieNs,Team Heretics,fade,False,,25,0,0,0,6,False,Boo,Team Heretics,omen,True,100,22,0,0,0,4,False,benjyfishy,Team Heretics,deadlock,True,100,45,0,0,0,1,False,Wo0t,Team Heretics,chamber,True,95,40,0,6,0,7,False,grubinho,GIANTX,omen,False,,25,0,0,0,7,True,ara,GIANTX,raze,False,,50,0,0,0,6,False,Cloud,GIANTX,fade,False,,25,0,0,0,1,False,Flickless,GIANTX,viper,True,100,50,0,0,0,6,False,westside,GIANTX,cypher,False,,25,0,0,0,6,False
561.261,2404,ACTIVE_ROUND,5,2,2,,26.159,,MiniBoo,Team Heretics,raze,False,,50,0,0,0,2,False,RieNs,Team Heretics,fade,False,,25,0,0,0,6,False,Boo,Team Heretics,omen,True,100,22,0,0,0,4,False,benjyfishy,Team Heretics,deadlock,True,100,45,0,0,0,1,False,Wo0t,Team Heretics,chamber,True,95,40,0,6,0,7,False,grubinho,GIANTX,omen,False,,25,0,0,0,7,True,ara,GIANTX,raze,False,,50,0,0,0,6,False,Cloud,GIANTX,fade,False,,25,0,0,0,1,False,Flickless,GIANTX,viper,True,100,50,0,0,0,6,False,westside,GIANTX,cypher,False,,25,0,0,0,6,False
561.494,2405,ACTIVE_ROUND,5,2,2,,26.393,,MiniBoo,Team Heretics,raze,False,,50,0,0,0,2,False,RieNs,Team Heretics,fade,False,,25,0,0,0,6,False,Boo,Team Heretics,omen,True,100,22,0,0,0,4,False,benjyfishy,Team Heretics,deadlock,True,100,45,0,0,0,1,False,Wo0t,Team Heretics,chamber,True,95,40,0,6,0,7,False,grubinho,GIANTX,omen,False,,25,0,0,0,7,True,ara,GIANTX,raze,False,,50,0,0,0,6,False,Cloud,GIANTX,fade,False,,25,0,0,0,1,False,Flickless,GIANTX,viper,True,100,50,0,0,0,6,False,westside,GIANTX,cypher,False,,25,0,0,0,6,False
561.728,2406,ACTIVE_ROUND,5,2,2,,26.627,,MiniBoo,Team Heretics,raze,False,,50,0,0,0,2,False,RieNs,Team Heretics,fade,False,,25,0,0,0,6,False,Boo,Team Heretics,omen,True,100,22,0,0,0,4,False,benjyfishy,Team Heretics,deadlock,True,100,45,0,0,0,1,False,Wo0t,Team Heretics,chamber,True,95,40,0,6,0,7,False,grubinho,GIANTX,omen,False,,25,0,0,0,7,True,ara,GIANTX,raze,False,,50,0,0,0,6,False,Cloud,GIANTX,fade,False,,25,0,0,0,1,False,Flickless,GIANTX,viper,True,100,50,0,0,0,6,False,westside,GIANTX,cypher,False,,25,0,0,0,6,False
561.961,2407,ACTIVE_ROUND,5,2,2,,26.860,,MiniBoo,Team Heretics,raze,False,,50,0,0,0,2,False,RieNs,Team Heretics,fade,False,,25,0,0,0,6,False,Boo,Team Heretics,omen,True,100,25,0,0,0,4,False,benjyfishy,Team Heretics,deadlock,True,100,50,0,0,0,1,False,Wo0t,Team Heretics,chamber,True,95,40,0,6,0,7,False,grubinho,GIANTX,omen,False,,25,0,0,0,7,True,ara,GIANTX,raze,False,,50,0,0,0,6,False,Cloud,GIANTX,fade,False,,25,0,0,0,1,False,Flickless,GIANTX,viper,True,100,50,0,0,0,6,False,westside,GIANTX,cypher,False,,25,0,0,0,6,False
562.195,2408,ACTIVE_ROUND,5,2,2,,27.094,,MiniBoo,Team Heretics,raze,False,,50,0,0,0,2,False,RieNs,Team Heretics,fade,False,,25,0,0,0,6,False,Boo,Team Heretics,omen,True,100,25,0,0,0,4,False,benjyfishy,Team Heretics,deadlock,True,100,50,0,0,0,1,False,Wo0t,Team Heretics,chamber,True,95,40,0,6,0,7,False,grubinho,GIANTX,omen,False,,25,0,0,0,7,True,ara,GIANTX,raze,False,,50,0,0,0,6,False,Cloud,GIANTX,fade,False,,25,0,0,0,1,False,Flickless,GIANTX,viper,True,100,50,0,0,0,6,False,westside,GIANTX,cypher,False,,25,0,0,0,6,False
562.429,2409,ACTIVE_ROUND,5,2,2,,27.327,,MiniBoo,Team Heretics,raze,False,,50,0,0,0,2,False,RieNs,Team Heretics,fade,False,,25,0,0,0,6,False,Boo,Team Heretics,omen,True,100,25,0,0,0,4,False,benjyfishy,Team Heretics,deadlock,True,100,50,0,0,0,1,False,Wo0t,Team Heretics,chamber,True,95,40,0,6,0,7,False,grubinho,GIANTX,omen,False,,25,0,0,0,7,True,ara,GIANTX,raze,False,,50,0,0,0,6,False,Cloud,GIANTX,fade,False,,25,0,0,0,1,False,Flickless,GIANTX,viper,True,100,50,0,0,0,6,False,westside,GIANTX,cypher,False,,25,0,0,0,6,False
562.662,2410,ACTIVE_ROUND,5,2,2,,27.561,,MiniBoo,Team Heretics,raze,False,,50,0,0,0,2,False,RieNs,Team Heretics,fade,False,,25,0,0,0,6,False,Boo,Team Heretics,omen,True,100,25,0,0,0,4,False,benjyfishy,Team Heretics,deadlock,True,100,50,0,0,0,1,False,Wo0t,Team Heretics,chamber,True,95,40,0,6,0,7,False,grubinho,GIANTX,omen,False,,25,0,0,0,7,True,ara,GIANTX,raze,False,,50,0,0,0,6,False,Cloud,GIANTX,fade,False,,25,0,0,0,1,False,Flickless,GIANTX,viper,True,100,50,0,0,0,6,False,westside,GIANTX,cypher,False,,25,0,0,0,6,False
562.896,2411,ACTIVE_ROUND,5,2,2,,27.794,,MiniBoo,Team Heretics,raze,False,,50,0,0,0,2,False,RieNs,Team Heretics,fade,False,,25,0,0,0,6,False,Boo,Team Heretics,omen,True,100,25,0,0,0,4,False,benjyfishy,Team Heretics,deadlock,True,100,50,0,0,0,1,False,Wo0t,Team Heretics,chamber,True,95,40,0,6,0,7,False,grubinho,GIANTX,omen,False,,25,0,0,0,7,True,ara,GIANTX,raze,False,,50,0,0,0,6,False,Cloud,GIANTX,fade,False,,25,0,0,0,1,False,Flickless,GIANTX,viper,True,100,50,0,0,0,6,False,westside,GIANTX,cypher,False,,25,0,0,0,6,False
563.129,2412,ACTIVE_ROUND,5,2,2,,28.028,,MiniBoo,Team Heretics,raze,False,,50,0,0,0,2,False,RieNs,Team Heretics,fade,False,,25,0,0,0,6,False,Boo,Team Heretics,omen,True,100,25,0,0,0,4,False,benjyfishy,Team Heretics,deadlock,True,100,50,0,0,0,1,False,Wo0t,Team Heretics,chamber,True,95,40,0,6,0,7,False,grubinho,GIANTX,omen,False,,25,0,0,0,7,True,ara,GIANTX,raze,False,,50,0,0,0,6,False,Cloud,GIANTX,fade,False,,25,0,0,0,1,False,Flickless,GIANTX,viper,True,100,50,0,0,0,6,False,westside,GIANTX,cypher,False,,25,0,0,0,6,False
563.363,2413,ACTIVE_ROUND,5,2,2,,28.262,,MiniBoo,Team Heretics,raze,False,,50,0,0,0,2,False,RieNs,Team Heretics,fade,False,,25,0,0,0,6,False,Boo,Team Heretics,omen,True,100,25,0,0,0,4,False,benjyfishy,Team Heretics,deadlock,True,100,50,0,0,0,1,False,Wo0t,Team Heretics,chamber,True,95,40,0,6,0,7,False,grubinho,GIANTX,omen,False,,25,0,0,0,7,True,ara,GIANTX,raze,False,,50,0,0,0,6,False,Cloud,GIANTX,fade,False,,25,0,0,0,1,False,Flickless,GIANTX,viper,True,100,50,0,0,0,6,False,westside,GIANTX,cypher,False,,25,0,0,0,6,False
563.596,2414,ACTIVE_ROUND,5,2,2,,28.495,,MiniBoo,Team Heretics,raze,False,,50,0,0,0,2,False,RieNs,Team Heretics,fade,False,,25,0,0,0,6,False,Boo,Team Heretics,omen,True,100,25,0,0,0,4,False,benjyfishy,Team Heretics,deadlock,True,100,50,0,0,0,1,False,Wo0t,Team Heretics,chamber,True,95,40,0,6,0,7,False,grubinho,GIANTX,omen,False,,25,0,0,0,7,True,ara,GIANTX,raze,False,,50,0,0,0,6,False,Cloud,GIANTX,fade,False,,25,0,0,0,1,False,Flickless,GIANTX,viper,True,100,50,0,0,0,6,False,westside,GIANTX,cypher,False,,25,0,0,0,6,False
563.830,2415,ACTIVE_ROUND,5,2,2,,28.729,,MiniBoo,Team Heretics,raze,False,,50,0,0,0,2,False,RieNs,Team Heretics,fade,False,,25,0,0,0,6,False,Boo,Team Heretics,omen,True,100,25,0,0,0,4,False,benjyfishy,Team Heretics,deadlock,True,100,50,0,0,0,1,False,Wo0t,Team Heretics,chamber,True,95,40,0,6,0,7,False,grubinho,GIANTX,omen,False,,25,0,0,0,7,True,ara,GIANTX,raze,False,,50,0,0,0,6,False,Cloud,GIANTX,fade,False,,25,0,0,0,1,False,Flickless,GIANTX,viper,True,100,50,0,0,0,6,False,westside,GIANTX,cypher,False,,25,0,0,0,6,False
564.063,2416,ACTIVE_ROUND,5,2,2,,28.962,,MiniBoo,Team Heretics,raze,False,,50,0,0,0,2,False,RieNs,Team Heretics,fade,False,,25,0,0,0,6,False,Boo,Team Heretics,omen,True,100,25,0,0,0,4,False,benjyfishy,Team Heretics,deadlock,True,100,50,0,0,0,1,False,Wo0t,Team Heretics,chamber,True,95,40,0,6,0,7,False,grubinho,GIANTX,omen,False,,25,0,0,0,7,True,ara,GIANTX,raze,False,,50,0,0,0,6,False,Cloud,GIANTX,fade,False,,25,0,0,0,1,False,Flickless,GIANTX,viper,True,100,50,0,0,0,6,False,westside,GIANTX,cypher,False,,25,0,0,0,6,False
564.297,2417,ACTIVE_ROUND,5,2,2,,29.196,,MiniBoo,Team Heretics,raze,False,,50,0,0,0,2,False,RieNs,Team Heretics,fade,False,,25,0,0,0,6,False,Boo,Team Heretics,omen,True,100,25,0,0,0,4,False,benjyfishy,Team Heretics,deadlock,True,100,50,0,0,0,1,False,Wo0t,Team Heretics,chamber,True,95,40,0,6,0,7,False,grubinho,GIANTX,omen,False,,25,0,0,0,7,True,ara,GIANTX,raze,False,,50,0,0,0,6,False,Cloud,GIANTX,fade,False,,25,0,0,0,1,False,Flickless,GIANTX,viper,True,100,50,0,0,0,6,False,westside,GIANTX,cypher,False,,25,0,0,0,6,False
564.531,2418,ACTIVE_ROUND,5,2,2,,29.429,,MiniBoo,Team Heretics,raze,False,,50,0,0,0,2,False,RieNs,Team Heretics,fade,False,,25,0,0,0,6,False,Boo,Team Heretics,omen,True,100,25,0,0,0,4,False,benjyfishy,Team Heretics,deadlock,True,100,50,0,0,0,1,False,Wo0t,Team Heretics,chamber,True,95,40,0,6,0,7,False,grubinho,GIANTX,omen,False,,25,0,0,0,7,True,ara,GIANTX,raze,False,,50,0,0,0,6,False,Cloud,GIANTX,fade,False,,25,0,0,0,1,False,Flickless,GIANTX,viper,True,100,50,0,0,0,6,False,westside,GIANTX,cypher,False,,25,0,0,0,6,False
564.764,2419,ACTIVE_ROUND,5,2,2,,29.663,,MiniBoo,Team Heretics,raze,False,,50,0,0,0,2,False,RieNs,Team Heretics,fade,False,,25,0,0,0,6,False,Boo,Team Heretics,omen,True,100,25,0,0,0,4,False,benjyfishy,Team Heretics,deadlock,True,100,50,0,0,0,1,False,Wo0t,Team Heretics,chamber,True,95,40,0,6,0,7,False,grubinho,GIANTX,omen,False,,25,0,0,0,7,True,ara,GIANTX,raze,False,,50,0,0,0,6,False,Cloud,GIANTX,fade,False,,25,0,0,0,1,False,Flickless,GIANTX,viper,True,100,50,0,0,0,6,False,westside,GIANTX,cypher,False,,25,0,0,0,6,False
564.998,2420,ACTIVE_ROUND,5,2,2,,29.897,,MiniBoo,Team Heretics,raze,False,,50,0,0,0,2,False,RieNs,Team Heretics,fade,False,,25,0,0,0,6,False,Boo,Team Heretics,omen,True,100,25,0,0,0,4,False,benjyfishy,Team Heretics,deadlock,True,100,50,0,0,0,1,False,Wo0t,Team Heretics,chamber,True,95,40,0,6,0,7,False,grubinho,GIANTX,omen,False,,25,0,0,0,7,True,ara,GIANTX,raze,False,,50,0,0,0,6,False,Cloud,GIANTX,fade,False,,25,0,0,0,1,False,Flickless,GIANTX,viper,True,100,50,0,0,0,6,False,westside,GIANTX,cypher,False,,25,0,0,0,6,False
565.231,2421,ACTIVE_ROUND,5,2,2,,30.130,,MiniBoo,Team Heretics,raze,False,,50,0,0,0,2,False,RieNs,Team Heretics,fade,False,,25,0,0,0,6,False,Boo,Team Heretics,omen,True,100,25,0,0,0,4,False,benjyfishy,Team Heretics,deadlock,True,100,50,0,0,0,1,False,Wo0t,Team Heretics,chamber,True,95,40,0,6,0,7,False,grubinho,GIANTX,omen,False,,25,0,0,0,7,True,ara,GIANTX,raze,False,,50,0,0,0,6,False,Cloud,GIANTX,fade,False,,25,0,0,0,1,False,Flickless,GIANTX,viper,True,100,50,0,0,0,6,False,westside,GIANTX,cypher,False,,25,0,0,0,6,False
565.465,2422,ACTIVE_ROUND,5,2,2,,30.364,,MiniBoo,Team Heretics,raze,False,,50,0,0,0,2,False,RieNs,Team Heretics,fade,False,,25,0,0,0,6,False,Boo,Team Heretics,omen,True,100,25,0,0,0,4,False,benjyfishy,Team Heretics,deadlock,True,100,50,0,0,0,1,False,Wo0t,Team Heretics,chamber,True,95,40,0,6,0,7,False,grubinho,GIANTX,omen,False,,25,0,0,0,7,True,ara,GIANTX,raze,False,,50,0,0,0,6,False,Cloud,GIANTX,fade,False,,25,0,0,0,1,False,Flickless,GIANTX,viper,True,100,50,0,0,0,6,False,westside,GIANTX,cypher,False,,25,0,0,0,6,False
565.698,2423,ACTIVE_ROUND,5,2,2,,30.597,,MiniBoo,Team Heretics,raze,False,,50,0,0,0,2,False,RieNs,Team Heretics,fade,False,,25,0,0,0,6,False,Boo,Team Heretics,omen,True,100,25,0,0,0,4,False,benjyfishy,Team Heretics,deadlock,True,100,50,0,0,0,1,False,Wo0t,Team Heretics,chamber,True,95,40,0,6,0,7,False,grubinho,GIANTX,omen,False,,25,0,0,0,7,True,ara,GIANTX,raze,False,,50,0,0,0,6,False,Cloud,GIANTX,fade,False,,25,0,0,0,1,False,Flickless,GIANTX,viper,True,100,50,0,0,0,6,False,westside,GIANTX,cypher,False,,25,0,0,0,6,False
565.932,2424,ACTIVE_ROUND,5,2,2,,30.831,,MiniBoo,Team Heretics,raze,False,,50,0,0,0,2,False,RieNs,Team Heretics,fade,False,,25,0,0,0,6,False,Boo,Team Heretics,omen,True,100,25,0,0,0,4,False,benjyfishy,Team Heretics,deadlock,True,100,50,0,0,0,1,False,Wo0t,Team Heretics,chamber,True,95,40,0,6,0,7,False,grubinho,GIANTX,omen,False,,25,0,0,0,7,True,ara,GIANTX,raze,False,,50,0,0,0,6,False,Cloud,GIANTX,fade,False,,25,0,0,0,1,False,Flickless,GIANTX,viper,True,100,50,0,0,0,6,False,westside,GIANTX,cypher,False,,25,0,0,0,6,False
566.166,2425,ACTIVE_ROUND,5,2,2,,31.064,,MiniBoo,Team Heretics,raze,False,,50,0,0,0,2,False,RieNs,Team Heretics,fade,False,,25,0,0,0,6,False,Boo,Team Heretics,omen,True,100,25,0,0,0,4,False,benjyfishy,Team Heretics,deadlock,True,100,50,0,0,0,1,False,Wo0t,Team Heretics,chamber,True,95,40,0,6,0,7,False,grubinho,GIANTX,omen,False,,25,0,0,0,7,True,ara,GIANTX,raze,False,,50,0,0,0,6,False,Cloud,GIANTX,fade,False,,25,0,0,0,1,False,Flickless,GIANTX,viper,True,100,50,0,0,0,6,False,westside,GIANTX,cypher,False,,25,0,0,0,6,False
566.399,2426,ACTIVE_ROUND,5,2,2,,31.298,,MiniBoo,Team Heretics,raze,False,,50,0,0,0,2,False,RieNs,Team Heretics,fade,False,,25,0,0,0,6,False,Boo,Team Heretics,omen,True,100,25,0,0,0,4,False,benjyfishy,Team Heretics,deadlock,False,,50,0,0,0,1,False,Wo0t,Team Heretics,chamber,True,95,40,0,6,0,7,False,grubinho,GIANTX,omen,False,,25,0,0,0,7,True,ara,GIANTX,raze,False,,50,0,0,0,6,False,Cloud,GIANTX,fade,False,,25,0,0,0,1,False,Flickless,GIANTX,viper,True,100,50,0,0,0,6,False,westside,GIANTX,cypher,False,,25,0,0,0,6,False
566.633,2427,ACTIVE_ROUND,5,2,2,,31.532,,MiniBoo,Team Heretics,raze,False,,50,0,0,0,2,False,RieNs,Team Heretics,fade,False,,25,0,0,0,6,False,Boo,Team Heretics,omen,True,100,25,0,0,0,4,False,benjyfishy,Team Heretics,deadlock,False,,50,0,0,0,1,False,Wo0t,Team Heretics,chamber,True,95,40,0,6,0,7,False,grubinho,GIANTX,omen,False,,25,0,0,0,7,True,ara,GIANTX,raze,False,,50,0,0,0,6,False,Cloud,GIANTX,fade,False,,25,0,0,0,1,False,Flickless,GIANTX,viper,False,,50,0,0,0,6,False,westside,GIANTX,cypher,False,,25,0,0,0,6,False
566.866,2428,ACTIVE_ROUND,5,2,2,,31.765,,MiniBoo,Team Heretics,raze,False,,50,0,0,0,2,False,RieNs,Team Heretics,fade,False,,25,0,0,0,6,False,Boo,Team Heretics,omen,True,100,25,0,0,0,4,False,benjyfishy,Team Heretics,deadlock,False,,50,0,0,0,1,False,Wo0t,Team Heretics,chamber,True,95,40,0,6,0,7,True,grubinho,GIANTX,omen,False,,25,0,0,0,7,True,ara,GIANTX,raze,False,,50,0,0,0,6,False,Cloud,GIANTX,fade,False,,25,0,0,0,1,False,Flickless,GIANTX,viper,False,,50,0,0,0,6,False,westside,GIANTX,cypher,False,,25,0,0,0,6,False
567.100,2429,ACTIVE_ROUND,5,2,2,,31.999,,MiniBoo,Team Heretics,raze,False,,50,0,0,0,2,False,RieNs,Team Heretics,fade,False,,25,0,0,0,6,False,Boo,Team Heretics,omen,True,100,25,0,0,0,4,False,benjyfishy,Team Heretics,deadlock,False,,50,0,0,0,1,False,Wo0t,Team Heretics,chamber,True,95,40,0,6,0,7,True,grubinho,GIANTX,omen,False,,25,0,0,0,7,True,ara,GIANTX,raze,False,,50,0,0,0,6,False,Cloud,GIANTX,fade,False,,25,0,0,0,1,False,Flickless,GIANTX,viper,False,,50,0,0,0,6,False,westside,GIANTX,cypher,False,,25,0,0,0,6,False
567.333,2430,ACTIVE_ROUND,5,2,2,,32.232,,MiniBoo,Team Heretics,raze,False,,50,0,0,0,2,False,RieNs,Team Heretics,fade,False,,25,0,0,0,6,False,Boo,Team Heretics,omen,True,100,25,0,0,0,4,False,benjyfishy,Team Heretics,deadlock,False,,50,0,0,0,1,False,Wo0t,Team Heretics,chamber,True,95,40,0,6,0,7,True,grubinho,GIANTX,omen,False,,25,0,0,0,7,True,ara,GIANTX,raze,False,,50,0,0,0,6,False,Cloud,GIANTX,fade,False,,25,0,0,0,1,False,Flickless,GIANTX,viper,False,,50,0,0,0,6,False,westside,GIANTX,cypher,False,,25,0,0,0,6,False
567.567,2431,ACTIVE_ROUND,5,2,2,,32.466,,MiniBoo,Team Heretics,raze,False,,50,0,0,0,2,False,RieNs,Team Heretics,fade,False,,25,0,0,0,6,False,Boo,Team Heretics,omen,True,100,25,0,0,0,4,False,benjyfishy,Team Heretics,deadlock,False,,50,0,0,0,1,False,Wo0t,Team Heretics,chamber,True,95,40,0,6,0,7,True,grubinho,GIANTX,omen,False,,25,0,0,0,7,True,ara,GIANTX,raze,False,,50,0,0,0,6,False,Cloud,GIANTX,fade,False,,25,0,0,0,1,False,Flickless,GIANTX,viper,False,,50,0,0,0,6,False,westside,GIANTX,cypher,False,,25,0,0,0,6,False
567.801,2432,ACTIVE_ROUND,5,2,2,,32.699,,MiniBoo,Team Heretics,raze,False,,50,0,0,0,2,False,RieNs,Team Heretics,fade,False,,25,0,0,0,6,False,Boo,Team Heretics,omen,True,100,25,0,0,0,4,False,benjyfishy,Team Heretics,deadlock,False,,50,0,0,0,1,False,Wo0t,Team Heretics,chamber,True,95,40,0,6,0,7,True,grubinho,GIANTX,omen,False,,25,0,0,0,7,True,ara,GIANTX,raze,False,,50,0,0,0,6,False,Cloud,GIANTX,fade,False,,25,0,0,0,1,False,Flickless,GIANTX,viper,False,,50,0,0,0,6,False,westside,GIANTX,cypher,False,,25,0,0,0,6,False
568.034,2433,ACTIVE_ROUND,5,2,2,,32.933,,MiniBoo,Team Heretics,raze,False,,50,0,0,0,2,False,RieNs,Team Heretics,fade,False,,25,0,0,0,6,False,Boo,Team Heretics,omen,True,100,25,0,0,0,4,False,benjyfishy,Team Heretics,deadlock,False,,50,0,0,0,1,False,Wo0t,Team Heretics,chamber,True,95,40,0,6,0,7,True,grubinho,GIANTX,omen,False,,25,0,0,0,7,True,ara,GIANTX,raze,False,,50,0,0,0,6,False,Cloud,GIANTX,fade,False,,25,0,0,0,1,False,Flickless,GIANTX,viper,False,,50,0,0,0,6,False,westside,GIANTX,cypher,False,,25,0,0,0,6,False
568.268,2434,ACTIVE_ROUND,5,2,2,,33.166,,MiniBoo,Team Heretics,raze,False,,50,0,0,0,2,False,RieNs,Team Heretics,fade,False,,25,0,0,0,6,False,Boo,Team Heretics,omen,True,100,25,0,0,0,4,False,benjyfishy,Team Heretics,deadlock,False,,50,0,0,0,1,False,Wo0t,Team Heretics,chamber,True,95,40,0,6,0,7,True,grubinho,GIANTX,omen,False,,25,0,0,0,7,True,ara,GIANTX,raze,False,,50,0,0,0,6,False,Cloud,GIANTX,fade,False,,25,0,0,0,1,False,Flickless,GIANTX,viper,False,,50,0,0,0,6,False,westside,GIANTX,cypher,False,,25,0,0,0,6,False
568.501,2435,ACTIVE_ROUND,5,2,2,,33.400,,MiniBoo,Team Heretics,raze,False,,50,0,0,0,2,False,RieNs,Team Heretics,fade,False,,25,0,0,0,6,False,Boo,Team Heretics,omen,True,100,25,0,0,0,4,False,benjyfishy,Team Heretics,deadlock,False,,50,0,0,0,1,False,Wo0t,Team Heretics,chamber,True,95,40,0,6,0,7,True,grubinho,GIANTX,omen,False,,25,0,0,0,7,True,ara,GIANTX,raze,False,,50,0,0,0,6,False,Cloud,GIANTX,fade,False,,25,0,0,0,1,False,Flickless,GIANTX,viper,False,,50,0,0,0,6,False,westside,GIANTX,cypher,False,,25,0,0,0,6,False
568.735,2436,ACTIVE_ROUND,5,2,2,,33.634,,MiniBoo,Team Heretics,raze,False,,50,0,0,0,2,False,RieNs,Team Heretics,fade,False,,25,0,0,0,6,False,Boo,Team Heretics,omen,True,100,25,0,0,0,4,False,benjyfishy,Team Heretics,deadlock,False,,50,0,0,0,1,False,Wo0t,Team Heretics,chamber,True,95,40,0,6,0,7,True,grubinho,GIANTX,omen,False,,25,0,0,0,7,True,ara,GIANTX,raze,False,,50,0,0,0,6,False,Cloud,GIANTX,fade,False,,25,0,0,0,1,False,Flickless,GIANTX,viper,False,,50,0,0,0,6,False,westside,GIANTX,cypher,False,,25,0,0,0,6,False
568.968,2437,ACTIVE_ROUND,5,2,2,,33.867,,MiniBoo,Team Heretics,raze,False,,50,0,0,0,2,False,RieNs,Team Heretics,fade,False,,25,0,0,0,6,False,Boo,Team Heretics,omen,True,100,25,0,0,0,4,False,benjyfishy,Team Heretics,deadlock,False,,50,0,0,0,1,False,Wo0t,Team Heretics,chamber,True,95,40,0,6,0,7,True,grubinho,GIANTX,omen,False,,25,0,0,0,7,True,ara,GIANTX,raze,False,,50,0,0,0,6,False,Cloud,GIANTX,fade,False,,25,0,0,0,1,False,Flickless,GIANTX,viper,False,,50,0,0,0,6,False,westside,GIANTX,cypher,False,,25,0,0,0,6,False
569.202,2438,ACTIVE_ROUND,5,2,2,,34.101,,MiniBoo,Team Heretics,raze,False,,50,0,0,0,2,False,RieNs,Team Heretics,fade,False,,25,0,0,0,6,False,Boo,Team Heretics,omen,True,100,25,0,0,0,4,False,benjyfishy,Team Heretics,deadlock,False,,50,0,0,0,1,False,Wo0t,Team Heretics,chamber,True,95,40,0,6,0,7,True,grubinho,GIANTX,omen,False,,25,0,0,0,7,True,ara,GIANTX,raze,False,,50,0,0,0,6,False,Cloud,GIANTX,fade,False,,25,0,0,0,1,False,Flickless,GIANTX,viper,False,,50,0,0,0,6,False,westside,GIANTX,cypher,False,,25,0,0,0,6,False
569.436,2439,ACTIVE_ROUND,5,2,2,,34.334,,MiniBoo,Team Heretics,raze,False,,50,0,0,0,2,False,RieNs,Team Heretics,fade,False,,25,0,0,0,6,False,Boo,Team Heretics,omen,True,100,25,0,0,0,4,False,benjyfishy,Team Heretics,deadlock,False,,50,0,0,0,1,False,Wo0t,Team Heretics,chamber,True,95,40,0,6,0,7,True,grubinho,GIANTX,omen,False,,25,0,0,0,7,True,ara,GIANTX,raze,False,,50,0,0,0,6,False,Cloud,GIANTX,fade,False,,25,0,0,0,1,False,Flickless,GIANTX,viper,False,,50,0,0,0,6,False,westside,GIANTX,cypher,False,,25,0,0,0,6,False
569.669,2440,ACTIVE_ROUND,5,2,2,,34.568,,MiniBoo,Team Heretics,raze,False,,50,0,0,0,2,False,RieNs,Team Heretics,fade,False,,25,0,0,0,6,False,Boo,Team Heretics,omen,True,100,25,0,0,0,4,False,benjyfishy,Team Heretics,deadlock,False,,50,0,0,0,1,False,Wo0t,Team Heretics,chamber,True,95,40,0,6,0,7,True,grubinho,GIANTX,omen,False,,25,0,0,0,7,True,ara,GIANTX,raze,False,,50,0,0,0,6,False,Cloud,GIANTX,fade,False,,25,0,0,0,1,False,Flickless,GIANTX,viper,False,,50,0,0,0,6,False,westside,GIANTX,cypher,False,,25,0,0,0,6,False
569.903,2441,ACTIVE_ROUND,5,2,2,,34.801,,MiniBoo,Team Heretics,raze,False,,50,0,0,0,2,False,RieNs,Team Heretics,fade,False,,25,0,0,0,6,False,Boo,Team Heretics,omen,True,100,25,0,0,1,4,False,benjyfishy,Team Heretics,deadlock,False,,50,0,0,0,1,False,Wo0t,Team Heretics,chamber,True,95,40,0,6,0,7,True,grubinho,GIANTX,omen,False,,25,0,0,0,7,True,ara,GIANTX,raze,False,,50,0,0,0,6,False,Cloud,GIANTX,fade,False,,25,0,0,0,1,False,Flickless,GIANTX,viper,False,,50,0,0,0,6,False,westside,GIANTX,cypher,False,,25,0,0,0,6,False
570.136,2442,ACTIVE_ROUND,5,2,2,,35.035,,MiniBoo,Team Heretics,raze,False,,50,0,0,0,2,False,RieNs,Team Heretics,fade,False,,25,0,0,0,6,False,Boo,Team Heretics,omen,True,100,25,0,0,1,4,False,benjyfishy,Team Heretics,deadlock,False,,50,0,0,0,1,False,Wo0t,Team Heretics,chamber,True,95,40,0,6,0,7,True,grubinho,GIANTX,omen,False,,25,0,0,0,7,True,ara,GIANTX,raze,False,,50,0,0,0,6,False,Cloud,GIANTX,fade,False,,25,0,0,0,1,False,Flickless,GIANTX,viper,False,,50,0,0,0,6,False,westside,GIANTX,cypher,False,,25,0,0,0,6,False
570.370,2443,ACTIVE_ROUND,5,2,2,,35.269,,MiniBoo,Team Heretics,raze,False,,50,0,0,0,2,False,RieNs,Team Heretics,fade,False,,25,0,0,0,6,False,Boo,Team Heretics,omen,True,100,25,0,0,1,4,False,benjyfishy,Team Heretics,deadlock,False,,50,0,0,0,1,False,Wo0t,Team Heretics,chamber,True,95,40,0,6,0,7,True,grubinho,GIANTX,omen,False,,25,0,0,0,7,True,ara,GIANTX,raze,False,,50,0,0,0,6,False,Cloud,GIANTX,fade,False,,25,0,0,0,1,False,Flickless,GIANTX,viper,False,,50,0,0,0,6,False,westside,GIANTX,cypher,False,,25,0,0,0,6,False
570.603,2444,ACTIVE_ROUND,5,2,2,,35.502,,MiniBoo,Team Heretics,raze,False,,50,0,0,0,2,False,RieNs,Team Heretics,fade,False,,25,0,0,0,6,False,Boo,Team Heretics,omen,True,100,25,0,0,1,4,False,benjyfishy,Team Heretics,deadlock,False,,50,0,0,0,1,False,Wo0t,Team Heretics,chamber,True,95,40,0,6,0,7,True,grubinho,GIANTX,omen,False,,25,0,0,0,7,True,ara,GIANTX,raze,False,,50,0,0,0,6,False,Cloud,GIANTX,fade,False,,25,0,0,0,1,False,Flickless,GIANTX,viper,False,,50,0,0,0,6,False,westside,GIANTX,cypher,False,,25,0,0,0,6,False
602.602,2581,PREROUND,6,3,2,,,,MiniBoo,Team Heretics,raze,True,,,1,2,1,3,False,RieNs,Team Heretics,fade,True,,,2,1,1,7,False,Boo,Team Heretics,omen,True,,,2,1,2,5,False,benjyfishy,Team Heretics,deadlock,True,,,1,1,1,2,False,Wo0t,Team Heretics,chamber,True,,,0,8,1,7,True,grubinho,GIANTX,omen,True,,,1,1,2,7,True,ara,GIANTX,raze,True,,,0,2,1,6,False,Cloud,GIANTX,fade,True,,,1,0,1,2,False,Flickless,GIANTX,viper,True,,,1,1,0,8,False,westside,GIANTX,cypher,True,,,0,0,0,6,False
602.836,2582,PREROUND,6,3,2,,,,MiniBoo,Team Heretics,raze,True,,,1,2,1,3,False,RieNs,Team Heretics,fade,True,,,2,1,1,7,False,Boo,Team Heretics,omen,True,,,2,1,2,5,False,benjyfishy,Team Heretics,deadlock,True,,,1,1,1,2,False,Wo0t,Team Heretics,chamber,True,,,0,8,1,7,True,grubinho,GIANTX,omen,True,,,1,1,2,7,True,ara,GIANTX,raze,True,,,0,2,1,6,False,Cloud,GIANTX,fade,True,,,1,0,1,2,False,Flickless,GIANTX,viper,True,,,1,1,0,8,False,westside,GIANTX,cypher,True,,,0,0,0,6,False
603.069,2583,PREROUND,6,3,2,,,,MiniBoo,Team Heretics,raze,True,,,1,2,1,3,False,RieNs,Team Heretics,fade,True,,,2,1,1,7,False,Boo,Team Heretics,omen,True,,,2,1,2,5,False,benjyfishy,Team Heretics,deadlock,True,,,1,1,1,2,False,Wo0t,Team Heretics,chamber,True,,,0,8,1,7,True,grubinho,GIANTX,omen,True,,,1,1,2,7,True,ara,GIANTX,raze,True,,,0,2,1,6,False,Cloud,GIANTX,fade,True,,,1,0,1,2,False,Flickless,GIANTX,viper,True,,,1,1,0,8,False,westside,GIANTX,cypher,True,,,0,0,0,6,False
603.303,2584,PREROUND,6,3,2,,,,MiniBoo,Team Heretics,raze,True,,,1,2,1,3,False,RieNs,Team Heretics,fade,True,,,2,1,1,7,False,Boo,Team Heretics,omen,True,,,2,1,2,5,False,benjyfishy,Team Heretics,deadlock,True,,,1,1,1,2,False,Wo0t,Team Heretics,chamber,True,,,0,8,1,7,True,grubinho,GIANTX,omen,True,,,1,1,2,7,True,ara,GIANTX,raze,True,,,0,2,1,6,False,Cloud,GIANTX,fade,True,,,1,0,1,2,False,Flickless,GIANTX,viper,True,,,1,1,0,8,False,westside,GIANTX,cypher,True,,,0,0,0,6,False
603.536,2585,PREROUND,6,3,2,,,,MiniBoo,Team Heretics,raze,True,,,1,2,1,3,False,RieNs,Team Heretics,fade,True,,,2,1,1,7,False,Boo,Team Heretics,omen,True,,,2,1,2,5,False,benjyfishy,Team Heretics,deadlock,True,,,1,1,1,2,False,Wo0t,Team Heretics,chamber,True,,,0,8,1,7,True,grubinho,GIANTX,omen,True,,,1,1,2,7,True,ara,GIANTX,raze,True,,,0,2,1,6,False,Cloud,GIANTX,fade,True,,,1,0,1,2,False,Flickless,GIANTX,viper,True,,,1,1,0,8,False,westside,GIANTX,cypher,True,,,0,0,0,6,False
603.770,2586,PREROUND,6,3,2,,,,MiniBoo,Team Heretics,raze,True,,,1,2,1,3,False,RieNs,Team Heretics,fade,True,,,2,1,1,7,False,Boo,Team Heretics,omen,True,,,2,1,2,5,False,benjyfishy,Team Heretics,deadlock,True,,,1,1,1,2,False,Wo0t,Team Heretics,chamber,True,,,0,8,1,7,True,grubinho,GIANTX,omen,True,,,1,1,2,7,True,ara,GIANTX,raze,True,,,0,2,1,6,False,Cloud,GIANTX,fade,True,,,1,0,1,2,False,Flickless,GIANTX,viper,True,,,1,1,0,8,False,westside,GIANTX,cypher,True,,,0,0,0,6,False
604.003,2587,PREROUND,6,3,2,,,,MiniBoo,Team Heretics,raze,True,,,1,2,1,3,False,RieNs,Team Heretics,fade,True,,,2,1,1,7,False,Boo,Team Heretics,omen,True,,,2,1,2,5,False,benjyfishy,Team Heretics,deadlock,True,,,1,1,1,2,False,Wo0t,Team Heretics,chamber,True,,,0,8,1,7,True,grubinho,GIANTX,omen,True,,,1,1,2,7,True,ara,GIANTX,raze,True,,,0,2,1,6,False,Cloud,GIANTX,fade,True,,,1,0,1,2,False,Flickless,GIANTX,viper,True,,,1,1,0,8,False,westside,GIANTX,cypher,True,,,0,0,0,6,False
604.237,2588,PREROUND,6,3,2,,,,MiniBoo,Team Heretics,raze,True,,,1,2,1,3,False,RieNs,Team Heretics,fade,True,,,2,1,1,7,False,Boo,Team Heretics,omen,True,,,2,1,2,5,False,benjyfishy,Team Heretics,deadlock,True,,,1,1,1,2,False,Wo0t,Team Heretics,chamber,True,,,0,8,1,7,True,grubinho,GIANTX,omen,True,,,1,1,2,7,True,ara,GIANTX,raze,True,,,0,2,1,6,False,Cloud,GIANTX,fade,True,,,1,0,1,2,False,Flickless,GIANTX,viper,True,,,1,1,0,8,False,westside,GIANTX,cypher,True,,,0,0,0,6,False
604.471,2589,PREROUND,6,3,2,,,,MiniBoo,Team Heretics,raze,True,,,1,2,1,3,False,RieNs,Team Heretics,fade,True,,,2,1,1,7,False,Boo,Team Heretics,omen,True,,,2,1,2,5,False,benjyfishy,Team Heretics,deadlock,True,,,1,1,1,2,False,Wo0t,Team Heretics,chamber,True,,,0,8,1,7,True,grubinho,GIANTX,omen,True,,,1,1,2,7,True,ara,GIANTX,raze,True,,,0,2,1,6,False,Cloud,GIANTX,fade,True,,,1,0,1,2,False,Flickless,GIANTX,viper,True,,,1,1,0,8,False,westside,GIANTX,cypher,True,,,0,0,0,6,False
604.704,2590,PREROUND,6,3,2,,,,MiniBoo,Team Heretics,raze,True,,,1,2,1,3,False,RieNs,Team Heretics,fade,True,,,2,1,1,7,False,Boo,Team Heretics,omen,True,,,2,1,2,5,False,benjyfishy,Team Heretics,deadlock,True,,,1,1,1,2,False,Wo0t,Team Heretics,chamber,True,,,0,8,1,7,True,grubinho,GIANTX,omen,True,,,1,1,2,7,True,ara,GIANTX,raze,True,,,0,2,1,6,False,Cloud,GIANTX,fade,True,,,1,0,1,2,False,Flickless,GIANTX,viper,True,,,1,1,0,8,False,westside,GIANTX,cypher,True,,,0,0,0,6,False
604.938,2591,PREROUND,6,3,2,,,,MiniBoo,Team Heretics,raze,True,,,1,2,1,3,False,RieNs,Team Heretics,fade,True,,,2,1,1,7,False,Boo,Team Heretics,omen,True,,,2,1,2,5,False,benjyfishy,Team Heretics,deadlock,True,,,1,1,1,2,False,Wo0t,Team Heretics,chamber,True,,,0,8,1,7,True,grubinho,GIANTX,omen,True,,,1,1,2,7,True,ara,GIANTX,raze,True,,,0,2,1,6,False,Cloud,GIANTX,fade,True,,,1,0,1,2,False,Flickless,GIANTX,viper,True,,,1,1,0,8,False,westside,GIANTX,cypher,True,,,0,0,0,6,False
605.171,2592,PREROUND,6,3,2,,,,MiniBoo,Team Heretics,raze,True,,,1,2,1,3,False,RieNs,Team Heretics,fade,True,,,2,1,1,7,False,Boo,Team Heretics,omen,True,,,2,1,2,5,False,benjyfishy,Team Heretics,deadlock,True,,,1,1,1,2,False,Wo0t,Team Heretics,chamber,True,,,0,8,1,7,True,grubinho,GIANTX,omen,True,,,1,1,2,7,True,ara,GIANTX,raze,True,,,0,2,1,6,False,Cloud,GIANTX,fade,True,,,1,0,1,2,False,Flickless,GIANTX,viper,True,,,1,1,0,8,False,westside,GIANTX,cypher,True,,,0,0,0,6,False
605.405,2593,PREROUND,6,3,2,,,,MiniBoo,Team Heretics,raze,True,,,1,2,1,3,False,RieNs,Team Heretics,fade,True,,,2,1,1,7,False,Boo,Team Heretics,omen,True,,,2,1,2,5,False,benjyfishy,Team Heretics,deadlock,True,,,1,1,1,2,False,Wo0t,Team Heretics,chamber,True,,,0,8,1,7,True,grubinho,GIANTX,omen,True,,,1,1,2,7,True,ara,GIANTX,raze,True,,,0,2,1,6,False,Cloud,GIANTX,fade,True,,,1,0,1,2,False,Flickless,GIANTX,viper,True,,,1,1,0,8,False,westside,GIANTX,cypher,True,,,0,0,0,6,False
605.638,2594,PREROUND,6,3,2,,,,MiniBoo,Team Heretics,raze,True,,,1,2,1,3,False,RieNs,Team Heretics,fade,True,,,2,1,1,7,False,Boo,Team Heretics,omen,True,,,2,1,2,5,False,benjyfishy,Team Heretics,deadlock,True,,,1,1,1,2,False,Wo0t,Team Heretics,chamber,True,,,0,8,1,7,True,grubinho,GIANTX,omen,True,,,1,1,2,7,True,ara,GIANTX,raze,True,,,0,2,1,6,False,Cloud,GIANTX,fade,True,,,1,0,1,2,False,Flickless,GIANTX,viper,True,,,1,1,0,8,False,westside,GIANTX,cypher,True,,,0,0,0,6,False
605.872,2595,PREROUND,6,3,2,,,,MiniBoo,Team Heretics,raze,True,,,1,2,1,3,False,RieNs,Team Heretics,fade,True,,,2,1,1,7,False,Boo,Team Heretics,omen,True,,,2,1,2,5,False,benjyfishy,Team Heretics,deadlock,True,,,1,1,1,2,False,Wo0t,Team Heretics,chamber,True,,,0,8,1,7,True,grubinho,GIANTX,omen,True,,,1,1,2,7,True,ara,GIANTX,raze,True,,,0,2,1,6,False,Cloud,GIANTX,fade,True,,,1,0,1,2,False,Flickless,GIANTX,viper,True,,,1,1,0,8,False,westside,GIANTX,cypher,True,,,0,0,0,6,False
606.106,2596,PREROUND,6,3,2,,,,MiniBoo,Team Heretics,raze,True,,,1,2,1,3,False,RieNs,Team Heretics,fade,True,,,2,1,1,7,False,Boo,Team Heretics,omen,True,,,2,1,2,5,False,benjyfishy,Team Heretics,deadlock,True,,,1,1,1,2,False,Wo0t,Team Heretics,chamber,True,,,0,8,1,7,True,grubinho,GIANTX,omen,True,,,1,1,2,7,True,ara,GIANTX,raze,True,,,0,2,1,6,False,Cloud,GIANTX,fade,True,,,1,0,1,2,False,Flickless,GIANTX,viper,True,,,1,1,0,8,False,westside,GIANTX,cypher,True,,,0,0,0,6,False
606.339,2597,PREROUND,6,3,2,,,,MiniBoo,Team Heretics,raze,True,,,1,2,1,3,False,RieNs,Team Heretics,fade,True,,,2,1,1,7,False,Boo,Team Heretics,omen,True,,,2,1,2,5,False,benjyfishy,Team Heretics,deadlock,True,,,1,1,1,2,False,Wo0t,Team Heretics,chamber,True,,,0,8,1,7,True,grubinho,GIANTX,omen,True,,,1,1,2,7,True,ara,GIANTX,raze,True,,,0,2,1,6,False,Cloud,GIANTX,fade,True,,,1,0,1,2,False,Flickless,GIANTX,viper,True,,,1,1,0,8,False,westside,GIANTX,cypher,True,,,0,0,0,6,False
606.573,2598,PREROUND,6,3,2,,,,MiniBoo,Team Heretics,raze,True,,,1,2,1,3,False,RieNs,Team Heretics,fade,True,,,2,1,1,7,False,Boo,Team Heretics,omen,True,,,2,1,2,5,False,benjyfishy,Team Heretics,deadlock,True,,,1,1,1,2,False,Wo0t,Team Heretics,chamber,True,,,0,8,1,7,True,grubinho,GIANTX,omen,True,,,1,1,2,7,True,ara,GIANTX,raze,True,,,0,2,1,6,False,Cloud,GIANTX,fade,True,,,1,0,1,2,False,Flickless,GIANTX,viper,True,,,1,1,0,8,False,westside,GIANTX,cypher,True,,,0,0,0,6,False
606.806,2599,PREROUND,6,3,2,,,,MiniBoo,Team Heretics,raze,True,,,1,2,1,3,False,RieNs,Team Heretics,fade,True,,,2,1,1,7,False,Boo,Team Heretics,omen,True,,,2,1,2,5,False,benjyfishy,Team Heretics,deadlock,True,,,1,1,1,2,False,Wo0t,Team Heretics,chamber,True,,,0,8,1,7,True,grubinho,GIANTX,omen,True,,,1,1,2,7,True,ara,GIANTX,raze,True,,,0,2,1,6,False,Cloud,GIANTX,fade,True,,,1,0,1,2,False,Flickless,GIANTX,viper,True,,,1,1,0,8,False,westside,GIANTX,cypher,True,,,0,0,0,6,False
607.040,2600,PREROUND,6,3,2,,,,MiniBoo,Team Heretics,raze,True,,,1,2,1,3,False,RieNs,Team Heretics,fade,True,,,2,1,1,7,False,Boo,Team Heretics,omen,True,,,2,1,2,5,False,benjyfishy,Team Heretics,deadlock,True,,,1,1,1,2,False,Wo0t,Team Heretics,chamber,True,,,0,8,1,7,True,grubinho,GIANTX,omen,True,,,1,1,2,7,True,ara,GIANTX,raze,True,,,0,2,1,6,False,Cloud,GIANTX,fade,True,,,1,0,1,2,False,Flickless,GIANTX,viper,True,,,1,1,0,8,False,westside,GIANTX,cypher,True,,,0,0,0,6,False
607.273,2601,PREROUND,6,3,2,,,,MiniBoo,Team Heretics,raze,True,,,1,2,1,3,False,RieNs,Team Heretics,fade,True,,,2,1,1,7,False,Boo,Team Heretics,omen,True,,,2,1,2,5,False,benjyfishy,Team Heretics,deadlock,True,,,1,1,1,2,False,Wo0t,Team Heretics,chamber,True,,,0,8,1,7,True,grubinho,GIANTX,omen,True,,,1,1,2,7,True,ara,GIANTX,raze,True,,,0,2,1,6,False,Cloud,GIANTX,fade,True,,,1,0,1,2,False,Flickless,GIANTX,viper,True,,,1,1,0,8,False,westside,GIANTX,cypher,True,,,0,0,0,6,False
607.507,2602,PREROUND,6,3,2,,,,MiniBoo,Team Heretics,raze,True,,,1,2,1,3,False,RieNs,Team Heretics,fade,True,,,2,1,1,7,False,Boo,Team Heretics,omen,True,,,2,1,2,5,False,benjyfishy,Team Heretics,deadlock,True,,,1,1,1,2,False,Wo0t,Team Heretics,chamber,True,,,0,8,1,7,True,grubinho,GIANTX,omen,True,,,1,1,2,7,True,ara,GIANTX,raze,True,,,0,2,1,6,False,Cloud,GIANTX,fade,True,,,1,0,1,2,False,Flickless,GIANTX,viper,True,,,1,1,0,8,False,westside,GIANTX,cypher,True,,,0,0,0,6,False
607.740,2603,PREROUND,6,3,2,,,,MiniBoo,Team Heretics,raze,True,,,1,2,1,3,False,RieNs,Team Heretics,fade,True,,,2,1,1,7,False,Boo,Team Heretics,omen,True,,,2,1,2,5,False,benjyfishy,Team Heretics,deadlock,True,,,1,1,1,2,False,Wo0t,Team Heretics,chamber,True,,,0,8,1,7,True,grubinho,GIANTX,omen,True,,,1,1,2,7,True,ara,GIANTX,raze,True,,,0,2,1,6,False,Cloud,GIANTX,fade,True,,,1,0,1,2,False,Flickless,GIANTX,viper,True,,,1,1,0,8,False,westside,GIANTX,cypher,True,,,0,0,0,6,False
607.974,2604,PREROUND,6,3,2,,,,MiniBoo,Team Heretics,raze,True,,,1,2,1,3,False,RieNs,Team Heretics,fade,True,,,2,1,1,7,False,Boo,Team Heretics,omen,True,,,2,1,2,5,False,benjyfishy,Team Heretics,deadlock,True,,,1,1,1,2,False,Wo0t,Team Heretics,chamber,True,,,0,8,1,7,True,grubinho,GIANTX,omen,True,,,1,1,2,7,True,ara,GIANTX,raze,True,,,0,2,1,6,False,Cloud,GIANTX,fade,True,,,1,0,1,2,False,Flickless,GIANTX,viper,True,,,1,1,0,8,False,westside,GIANTX,cypher,True,,,0,0,0,6,False
608.208,2605,PREROUND,6,3,2,,,,MiniBoo,Team Heretics,raze,True,,,1,2,1,3,False,RieNs,Team Heretics,fade,True,,,2,1,1,7,False,Boo,Team Heretics,omen,True,,,2,1,2,5,False,benjyfishy,Team Heretics,deadlock,True,,,1,1,1,2,False,Wo0t,Team Heretics,chamber,True,,,0,8,1,7,True,grubinho,GIANTX,omen,True,,,1,1,2,7,True,ara,GIANTX,raze,True,,,0,2,1,6,False,Cloud,GIANTX,fade,True,,,1,0,1,2,False,Flickless,GIANTX,viper,True,,,1,1,0,8,False,westside,GIANTX,cypher,True,,,0,0,0,6,False
608.441,2606,PREROUND,6,3,2,,,,MiniBoo,Team Heretics,raze,True,,,1,2,1,3,False,RieNs,Team Heretics,fade,True,,,2,1,1,7,False,Boo,Team Heretics,omen,True,,,2,1,2,5,False,benjyfishy,Team Heretics,deadlock,True,,,1,1,1,2,False,Wo0t,Team Heretics,chamber,True,,,0,8,1,7,True,grubinho,GIANTX,omen,True,,,1,1,2,7,True,ara,GIANTX,raze,True,,,0,2,1,6,False,Cloud,GIANTX,fade,True,,,1,0,1,2,False,Flickless,GIANTX,viper,True,,,1,1,0,8,False,westside,GIANTX,cypher,True,,,0,0,0,6,False
608.675,2607,PREROUND,6,3,2,,,,MiniBoo,Team Heretics,raze,True,,,1,2,1,3,False,RieNs,Team Heretics,fade,True,,,2,1,1,7,False,Boo,Team Heretics,omen,True,,,2,1,2,5,False,benjyfishy,Team Heretics,deadlock,True,,,1,1,1,2,False,Wo0t,Team Heretics,chamber,True,,,0,8,1,7,True,grubinho,GIANTX,omen,True,,,1,1,2,7,True,ara,GIANTX,raze,True,,,0,2,1,6,False,Cloud,GIANTX,fade,True,,,1,0,1,2,False,Flickless,GIANTX,viper,True,,,1,1,0,8,False,westside,GIANTX,cypher,True,,,0,0,0,6,False
608.908,2608,PREROUND,6,3,2,,,,MiniBoo,Team Heretics,raze,True,,,1,2,1,3,False,RieNs,Team Heretics,fade,True,,,2,1,1,7,False,Boo,Team Heretics,omen,True,,,2,1,2,5,False,benjyfishy,Team Heretics,deadlock,True,,,1,1,1,2,False,Wo0t,Team Heretics,chamber,True,,,0,8,1,7,True,grubinho,GIANTX,omen,True,,,1,1,2,7,True,ara,GIANTX,raze,True,,,0,2,1,6,False,Cloud,GIANTX,fade,True,,,1,0,1,2,False,Flickless,GIANTX,viper,True,,,1,1,0,8,False,westside,GIANTX,cypher,True,,,0,0,0,6,False
609.142,2609,PREROUND,6,3,2,,,,MiniBoo,Team Heretics,raze,True,,,1,2,1,3,False,RieNs,Team Heretics,fade,True,,,2,1,1,7,False,Boo,Team Heretics,omen,True,,,2,1,2,5,False,benjyfishy,Team Heretics,deadlock,True,,,1,1,1,2,False,Wo0t,Team Heretics,chamber,True,,,0,8,1,7,True,grubinho,GIANTX,omen,True,,,1,1,2,7,True,ara,GIANTX,raze,True,,,0,2,1,6,False,Cloud,GIANTX,fade,True,,,1,0,1,2,False,Flickless,GIANTX,viper,True,,,1,1,0,8,False,westside,GIANTX,cypher,True,,,0,0,0,6,False
609.375,2610,PREROUND,6,3,2,,,,MiniBoo,Team Heretics,raze,True,,,1,2,1,3,False,RieNs,Team Heretics,fade,True,,,2,1,1,7,False,Boo,Team Heretics,omen,True,,,2,1,2,5,False,benjyfishy,Team Heretics,deadlock,True,,,1,1,1,2,False,Wo0t,Team Heretics,chamber,True,,,0,8,1,7,True,grubinho,GIANTX,omen,True,,,1,1,2,7,True,ara,GIANTX,raze,True,,,0,2,1,6,False,Cloud,GIANTX,fade,True,,,1,0,1,2,False,Flickless,GIANTX,viper,True,,,1,1,0,8,False,westside,GIANTX,cypher,True,,,0,0,0,6,False
609.609,2611,PREROUND,6,3,2,,,,MiniBoo,Team Heretics,raze,True,,,1,2,1,3,False,RieNs,Team Heretics,fade,True,,,2,1,1,7,False,Boo,Team Heretics,omen,True,,,2,1,2,5,False,benjyfishy,Team Heretics,deadlock,True,,,1,1,1,2,False,Wo0t,Team Heretics,chamber,True,,,0,8,1,7,True,grubinho,GIANTX,omen,True,,,1,1,2,7,True,ara,GIANTX,raze,True,,,0,2,1,6,False,Cloud,GIANTX,fade,True,,,1,0,1,2,False,Flickless,GIANTX,viper,True,,,1,1,0,8,False,westside,GIANTX,cypher,True,,,0,0,0,6,False
609.843,2612,PREROUND,6,3,2,,,,MiniBoo,Team Heretics,raze,True,,,1,2,1,3,False,RieNs,Team Heretics,fade,True,,,2,1,1,7,False,Boo,Team Heretics,omen,True,,,2,1,2,5,False,benjyfishy,Team Heretics,deadlock,True,,,1,1,1,2,False,Wo0t,Team Heretics,chamber,True,,,0,8,1,7,True,grubinho,GIANTX,omen,True,,,1,1,2,7,True,ara,GIANTX,raze,True,,,0,2,1,6,False,Cloud,GIANTX,fade,True,,,1,0,1,2,False,Flickless,GIANTX,viper,True,,,1,1,0,8,False,westside,GIANTX,cypher,True,,,0,0,0,6,False
610.076,2613,PREROUND,6,3,2,,,,MiniBoo,Team Heretics,raze,True,,,1,2,1,3,False,RieNs,Team Heretics,fade,True,,,2,1,1,7,False,Boo,Team Heretics,omen,True,,,2,1,2,5,False,benjyfishy,Team Heretics,deadlock,True,,,1,1,1,2,False,Wo0t,Team Heretics,chamber,True,,,0,8,1,7,True,grubinho,GIANTX,omen,True,,,1,1,2,7,True,ara,GIANTX,raze,True,,,0,1,1,6,False,Cloud,GIANTX,fade,True,,,1,0,1,2,False,Flickless,GIANTX,viper,True,,,1,1,0,8,False,westside,GIANTX,cypher,True,,,0,0,0,6,False
610.310,2614,PREROUND,6,3,2,,,,MiniBoo,Team Heretics,raze,True,,,1,2,1,3,False,RieNs,Team Heretics,fade,True,,,2,1,1,7,False,Boo,Team Heretics,omen,True,,,2,1,2,5,False,benjyfishy,Team Heretics,deadlock,True,,,1,1,1,2,False,Wo0t,Team Heretics,chamber,True,,,0,8,1,7,True,grubinho,GIANTX,omen,True,,,1,1,2,7,True,ara,GIANTX,raze,True,,,0,1,1,6,False,Cloud,GIANTX,fade,True,,,1,0,1,2,False,Flickless,GIANTX,viper,True,,,1,1,0,8,False,westside,GIANTX,cypher,True,,,0,0,0,6,False
610.543,2615,PREROUND,6,3,2,,,,MiniBoo,Team Heretics,raze,True,,,1,2,1,3,False,RieNs,Team Heretics,fade,True,,,2,1,1,7,False,Boo,Team Heretics,omen,True,,,2,1,2,5,False,benjyfishy,Team Heretics,deadlock,True,,,1,1,1,2,False,Wo0t,Team Heretics,chamber,True,,,0,8,1,7,True,grubinho,GIANTX,omen,True,,,1,1,2,7,True,ara,GIANTX,raze,True,,,0,1,1,6,False,Cloud,GIANTX,fade,True,,,1,0,1,2,False,Flickless,GIANTX,viper,True,,,1,1,0,8,False,westside,GIANTX,cypher,True,,,0,0,0,6,False
610.777,2616,PREROUND,6,3,2,,,,MiniBoo,Team Heretics,raze,True,,,1,2,1,3,False,RieNs,Team Heretics,fade,True,,,2,1,1,7,False,Boo,Team Heretics,omen,True,,,2,1,2,5,False,benjyfishy,Team Heretics,deadlock,True,,,1,1,1,2,False,Wo0t,Team Heretics,chamber,True,,,0,8,1,7,True,grubinho,GIANTX,omen,True,,,1,1,2,7,True,ara,GIANTX,raze,True,,,0,1,1,6,False,Cloud,GIANTX,fade,True,,,1,0,1,2,False,Flickless,GIANTX,viper,True,,,1,1,0,8,False,westside,GIANTX,cypher,True,,,0,0,0,6,False
611.010,2617,PREROUND,6,3,2,,,,MiniBoo,Team Heretics,raze,True,,,1,2,1,3,False,RieNs,Team Heretics,fade,True,,,2,1,1,7,False,Boo,Team Heretics,omen,True,,,2,1,2,5,False,benjyfishy,Team Heretics,deadlock,True,,,1,1,1,2,False,Wo0t,Team Heretics,chamber,True,,,0,8,1,7,True,grubinho,GIANTX,omen,True,,,1,1,2,7,True,ara,GIANTX,raze,True,,,0,1,1,6,False,Cloud,GIANTX,fade,True,,,1,0,1,2,False,Flickless,GIANTX,viper,True,,,1,1,0,8,False,westside,GIANTX,cypher,True,,,0,0,0,6,False
611.244,2618,PREROUND,6,3,2,,,,MiniBoo,Team Heretics,raze,True,,,1,2,1,3,False,RieNs,Team Heretics,fade,True,,,2,1,1,7,False,Boo,Team Heretics,omen,True,,,2,1,2,5,False,benjyfishy,Team Heretics,deadlock,True,,,1,1,1,2,False,Wo0t,Team Heretics,chamber,True,,,0,8,1,7,True,grubinho,GIANTX,omen,True,,,1,1,2,7,True,ara,GIANTX,raze,True,,,0,1,1,6,False,Cloud,GIANTX,fade,True,,,1,0,1,2,False,Flickless,GIANTX,viper,True,,,1,1,0,8,False,westside,GIANTX,cypher,True,,,0,0,0,6,False
611.711,2620,ACTIVE_ROUND,6,3,2,99.000,,,MiniBoo,Team Heretics,raze,True,,,1,2,1,3,False,RieNs,Team Heretics,fade,True,,,2,1,1,7,False,Boo,Team Heretics,omen,True,,,2,1,2,5,False,benjyfishy,Team Heretics,deadlock,True,,,1,1,1,2,False,Wo0t,Team Heretics,chamber,True,,,0,8,1,7,True,grubinho,GIANTX,omen,True,,,1,1,2,7,True,ara,GIANTX,raze,True,,,0,1,1,6,False,Cloud,GIANTX,fade,True,,,1,0,1,2,False,Flickless,GIANTX,viper,True,,,1,1,0,8,False,westside,GIANTX,cypher,True,,,0,0,0,6,False
611.945,2621,ACTIVE_ROUND,6,3,2,99.000,,,MiniBoo,Team Heretics,raze,True,100,50,1,2,1,3,False,RieNs,Team Heretics,fade,True,100,50,2,1,1,7,False,Boo,Team Heretics,omen,True,100,25,2,1,2,5,False,benjyfishy,Team Heretics,deadlock,True,100,25,1,1,1,2,False,Wo0t,Team Heretics,chamber,True,100,50,0,8,1,7,True,grubinho,GIANTX,omen,True,100,,1,1,2,7,True,ara,GIANTX,raze,True,100,25,0,1,1,6,False,Cloud,GIANTX,fade,True,100,25,1,0,1,2,False,Flickless,GIANTX,viper,True,100,25,1,1,0,8,False,westside,GIANTX,cypher,True,100,25,0,0,0,6,False
612.178,2622,ACTIVE_ROUND,6,3,2,99.000,,,MiniBoo,Team Heretics,raze,True,100,50,1,2,1,3,False,RieNs,Team Heretics,fade,True,100,50,2,1,1,7,False,Boo,Team Heretics,omen,True,100,25,2,1,1,5,False,benjyfishy,Team Heretics,deadlock,True,100,25,1,1,1,2,False,Wo0t,Team Heretics,chamber,True,100,50,0,8,1,7,True,grubinho,GIANTX,omen,True,100,,1,1,2,7,True,ara,GIANTX,raze,True,100,25,0,1,1,6,False,Cloud,GIANTX,fade,True,100,25,1,0,0,2,False,Flickless,GIANTX,viper,True,100,25,1,1,0,8,False,westside,GIANTX,cypher,True,100,25,0,0,0,6,False
612.412,2623,ACTIVE_ROUND,6,3,2,99.000,,,MiniBoo,Team Heretics,raze,True,100,50,1,2,1,3,False,RieNs,Team Heretics,fade,True,100,50,2,1,1,7,False,Boo,Team Heretics,omen,True,100,25,2,1,1,5,False,benjyfishy,Team Heretics,deadlock,True,100,25,1,1,1,2,False,Wo0t,Team Heretics,chamber,True,100,50,0,8,1,7,True,grubinho,GIANTX,omen,True,100,,1,1,2,7,True,ara,GIANTX,raze,True,100,25,0,1,1,6,False,Cloud,GIANTX,fade,True,100,25,1,0,0,2,False,Flickless,GIANTX,viper,True,100,25,1,1,0,8,False,westside,GIANTX,cypher,True,100,25,0,0,0,6,False
612.645,2624,ACTIVE_ROUND,6,3,2,98.000,,,MiniBoo,Team Heretics,raze,True,100,50,1,2,1,3,False,RieNs,Team Heretics,fade,True,100,50,2,1,1,7,False,Boo,Team Heretics,omen,True,100,25,2,1,1,5,False,benjyfishy,Team Heretics,deadlock,True,100,25,1,1,1,2,False,Wo0t,Team Heretics,chamber,True,100,50,0,8,1,7,True,grubinho,GIANTX,omen,True,100,,1,1,2,7,True,ara,GIANTX,raze,True,100,25,0,1,1,6,False,Cloud,GIANTX,fade,True,100,25,1,0,0,2,False,Flickless,GIANTX,viper,True,100,25,1,1,0,8,False,westside,GIANTX,cypher,True,100,25,0,0,0,6,False
612.879,2625,ACTIVE_ROUND,6,3,2,98.000,,,MiniBoo,Team Heretics,raze,True,100,50,1,2,1,3,False,RieNs,Team Heretics,fade,True,100,50,2,1,1,7,False,Boo,Team Heretics,omen,True,100,25,2,1,1,5,False,benjyfishy,Team Heretics,deadlock,True,100,25,1,1,1,2,False,Wo0t,Team Heretics,chamber,True,100,50,0,8,1,7,True,grubinho,GIANTX,omen,True,100,,1,1,2,7,True,ara,GIANTX,raze,True,100,25,0,1,1,6,False,Cloud,GIANTX,fade,True,100,25,1,0,0,2,False,Flickless,GIANTX,viper,True,100,25,1,1,0,8,False,westside,GIANTX,cypher,True,100,25,0,0,0,6,False
613.112,2626,ACTIVE_ROUND,6,3,2,98.000,,,MiniBoo,Team Heretics,raze,True,100,50,1,2,1,3,False,RieNs,Team Heretics,fade,True,100,50,2,1,0,7,False,Boo,Team Heretics,omen,True,100,25,2,1,1,5,False,benjyfishy,Team Heretics,deadlock,True,100,25,1,1,0,2,False,Wo0t,Team Heretics,chamber,True,100,50,0,8,1,7,True,grubinho,GIANTX,omen,True,100,,0,1,2,7,True,ara,GIANTX,raze,True,100,25,0,0,1,6,False,Cloud,GIANTX,fade,True,100,25,1,0,0,2,False,Flickless,GIANTX,viper,True,100,25,1,1,0,8,False,westside,GIANTX,cypher,True,100,25,0,0,0,6,False
613.346,2627,ACTIVE_ROUND,6,3,2,98.000,,,MiniBoo,Team Heretics,raze,True,100,50,1,2,1,3,False,RieNs,Team Heretics,fade,True,100,50,2,1,0,7,False,Boo,Team Heretics,omen,True,100,25,2,1,1,5,False,benjyfishy,Team Heretics,deadlock,True,100,25,1,1,0,2,False,Wo0t,Team Heretics,chamber,True,100,50,0,8,1,7,True,grubinho,GIANTX,omen,True,100,,0,1,2,7,True,ara,GIANTX,raze,True,100,25,0,0,1,6,False,Cloud,GIANTX,fade,True,100,25,1,0,0,2,False,Flickless,GIANTX,viper,True,100,25,1,1,0,8,False,westside,GIANTX,cypher,True,100,25,0,0,0,6,False
613.580,2628,ACTIVE_ROUND,6,3,2,97.000,,,MiniBoo,Team Heretics,raze,True,100,50,1,2,1,3,False,RieNs,Team Heretics,fade,True,100,50,2,1,0,7,False,Boo,Team Heretics,omen,True,100,25,2,1,1,5,False,benjyfishy,Team Heretics,deadlock,True,100,25,1,1,0,2,False,Wo0t,Team Heretics,chamber,True,100,50,0,8,1,7,True,grubinho,GIANTX,omen,True,100,,0,1,2,7,True,ara,GIANTX,raze,True,100,25,0,0,1,6,False,Cloud,GIANTX,fade,True,100,25,1,0,0,2,False,Flickless,GIANTX,viper,True,100,25,1,1,0,8,False,westside,GIANTX,cypher,True,100,25,0,0,0,6,False
613.813,2629,ACTIVE_ROUND,6,3,2,97.000,,,MiniBoo,Team Heretics,raze,True,100,50,1,2,1,3,False,RieNs,Team Heretics,fade,True,100,50,2,1,0,7,False,Boo,Team Heretics,omen,True,100,25,2,1,1,5,False,benjyfishy,Team Heretics,deadlock,True,100,25,1,1,0,2,False,Wo0t,Team Heretics,chamber,True,100,50,0,8,1,7,True,grubinho,GIANTX,omen,True,100,,0,1,2,7,True,ara,GIANTX,raze,True,100,25,0,0,1,6,False,Cloud,GIANTX,fade,True,100,25,1,0,0,2,False,Flickless,GIANTX,viper,True,100,25,1,1,0,8,False,westside,GIANTX,cypher,True,100,25,0,0,0,6,False
614.047,2630,ACTIVE_ROUND,6,3,2,97.000,,,MiniBoo,Team Heretics,raze,True,100,50,1,2,1,3,False,RieNs,Team Heretics,fade,True,100,50,2,1,0,7,False,Boo,Team Heretics,omen,True,100,25,2,1,1,5,False,benjyfishy,Team Heretics,deadlock,True,100,25,1,1,0,2,False,Wo0t,Team Heretics,chamber,True,100,50,0,8,1,7,True,grubinho,GIANTX,omen,True,100,,0,1,2,7,True,ara,GIANTX,raze,True,100,25,0,0,1,6,False,Cloud,GIANTX,fade,True,100,25,1,0,0,2,False,Flickless,GIANTX,viper,True,100,25,1,1,0,8,False,westside,GIANTX,cypher,True,100,25,0,0,0,6,False
614.280,2631,ACTIVE_ROUND,6,3,2,97.000,,,MiniBoo,Team Heretics,raze,True,100,50,1,2,1,3,False,RieNs,Team Heretics,fade,True,100,50,2,1,0,7,False,Boo,Team Heretics,omen,True,100,25,2,0,1,5,False,benjyfishy,Team Heretics,deadlock,True,100,25,1,1,0,2,False,Wo0t,Team Heretics,chamber,True,100,50,0,8,1,7,True,grubinho,GIANTX,omen,True,100,,0,1,2,7,True,ara,GIANTX,raze,True,100,25,0,0,1,6,False,Cloud,GIANTX,fade,True,100,25,1,0,0,2,False,Flickless,GIANTX,viper,True,100,25,1,1,0,8,False,westside,GIANTX,cypher,True,100,25,0,0,0,6,False
614.514,2632,ACTIVE_ROUND,6,3,2,96.000,,,MiniBoo,Team Heretics,raze,True,100,50,1,2,1,3,False,RieNs,Team Heretics,fade,True,100,50,2,1,0,7,False,Boo,Team Heretics,omen,True,100,25,2,0,1,5,False,benjyfishy,Team Heretics,deadlock,True,100,25,1,1,0,2,False,Wo0t,Team Heretics,chamber,True,100,50,0,8,1,7,True,grubinho,GIANTX,omen,True,100,,0,1,2,7,True,ara,GIANTX,raze,True,100,25,0,0,1,6,False,Cloud,GIANTX,fade,True,100,25,1,0,0,2,False,Flickless,GIANTX,viper,True,100,25,1,1,0,8,False,westside,GIANTX,cypher,True,100,25,0,0,0,6,False
614.747,2633,ACTIVE_ROUND,6,3,2,96.000,,,MiniBoo,Team Heretics,raze,True,100,50,1,2,1,3,False,RieNs,Team Heretics,fade,True,100,50,2,1,0,7,False,Boo,Team Heretics,omen,True,100,25,2,0,1,5,False,benjyfishy,Team Heretics,deadlock,True,100,25,1,1,0,2,False,Wo0t,Team Heretics,chamber,True,100,50,0,8,1,7,True,grubinho,GIANTX,omen,True,100,,0,1,2,7,True,ara,GIANTX,raze,True,100,25,0,0,1,6,False,Cloud,GIANTX,fade,True,100,25,1,0,0,2,False,Flickless,GIANTX,viper,True,100,25,1,1,0,8,False,westside,GIANTX,cypher,True,100,25,0,0,0,6,False
614.981,2634,ACTIVE_ROUND,6,3,2,96.000,,,MiniBoo,Team Heretics,raze,True,100,50,1,2,1,3,False,RieNs,Team Heretics,fade,True,100,19,2,1,0,7,False,Boo,Team Heretics,omen,True,100,25,2,0,1,5,False,benjyfishy,Team Heretics,deadlock,True,100,25,1,1,0,2,False,Wo0t,Team Heretics,chamber,True,100,50,0,8,1,7,True,grubinho,GIANTX,omen,True,100,,0,1,2,7,True,ara,GIANTX,raze,True,100,25,0,0,1,6,False,Cloud,GIANTX,fade,True,100,25,1,0,0,2,False,Flickless,GIANTX,viper,True,100,25,1,1,0,8,False,westside,GIANTX,cypher,True,100,25,0,0,0,6,False
615.215,2635,ACTIVE_ROUND,6,3,2,96.000,,,MiniBoo,Team Heretics,raze,True,100,50,1,2,1,3,False,RieNs,Team Heretics,fade,True,100,19,2,1,0,7,False,Boo,Team Heretics,omen,True,100,25,2,0,1,5,False,benjyfishy,Team Heretics,deadlock,True,100,25,1,1,0,2,False,Wo0t,Team Heretics,chamber,True,100,50,0,8,1,7,True,grubinho,GIANTX,omen,True,100,,0,1,2,7,True,ara,GIANTX,raze,True,100,25,0,0,1,6,False,Cloud,GIANTX,fade,True,100,25,1,0,0,2,False,Flickless,GIANTX,viper,True,100,25,1,1,0,8,False,westside,GIANTX,cypher,True,100,25,0,0,0,6,False
615.448,2636,ACTIVE_ROUND,6,3,2,96.000,,,MiniBoo,Team Heretics,raze,True,100,50,1,2,1,3,False,RieNs,Team Heretics,fade,True,100,19,2,1,0,7,False,Boo,Team Heretics,omen,True,100,25,2,0,1,5,False,benjyfishy,Team Heretics,deadlock,True,100,25,1,1,0,2,False,Wo0t,Team Heretics,chamber,True,100,50,0,8,1,7,True,grubinho,GIANTX,omen,True,100,,0,1,2,7,True,ara,GIANTX,raze,True,100,25,0,0,1,6,False,Cloud,GIANTX,fade,True,100,25,1,0,0,2,False,Flickless,GIANTX,viper,True,100,25,1,1,0,8,False,westside,GIANTX,cypher,True,100,25,0,0,0,6,False
615.682,2637,ACTIVE_ROUND,6,3,2,95.000,,,MiniBoo,Team Heretics,raze,True,100,50,1,2,1,3,False,RieNs,Team Heretics,fade,True,100,19,2,1,0,7,False,Boo,Team Heretics,omen,True,100,25,2,0,1,5,False,benjyfishy,Team Heretics,deadlock,True,100,25,1,1,0,2,False,Wo0t,Team Heretics,chamber,True,100,50,0,8,1,7,True,grubinho,GIANTX,omen,True,100,,0,1,2,7,True,ara,GIANTX,raze,True,100,25,0,0,1,6,False,Cloud,GIANTX,fade,True,100,25,1,0,0,2,False,Flickless,GIANTX,viper,True,100,25,1,1,0,8,False,westside,GIANTX,cypher,True,100,25,0,0,0,6,False
615.915,2638,ACTIVE_ROUND,6,3,2,95.000,,,MiniBoo,Team Heretics,raze,True,100,50,1,2,1,3,False,RieNs,Team Heretics,fade,True,100,19,2,1,0,7,False,Boo,Team Heretics,omen,True,100,25,2,0,1,5,False,benjyfishy,Team Heretics,deadlock,True,100,25,1,1,0,2,False,Wo0t,Team Heretics,chamber,True,100,50,0,8,1,7,True,grubinho,GIANTX,omen,True,100,,0,1,2,7,True,ara,GIANTX,raze,True,100,25,0,0,1,6,False,Cloud,GIANTX,fade,True,100,25,1,0,0,2,False,Flickless,GIANTX,viper,True,100,25,1,1,0,8,False,westside,GIANTX,cypher,True,100,25,0,0,0,6,False
616.149,2639,ACTIVE_ROUND,6,3,2,95.000,,,MiniBoo,Team Heretics,raze,True,1,50,1,1,1,3,False,RieNs,Team Heretics,fade,True,100,20,2,1,0,7,False,Boo,Team Heretics,omen,True,100,25,1,0,1,5,False,benjyfishy,Team Heretics,deadlock,True,100,25,1,1,0,2,False,Wo0t,Team Heretics,chamber,True,100,50,0,8,1,7,True,grubinho,GIANTX,omen,True,100,,0,0,2,7,True,ara,GIANTX,raze,True,100,25,0,0,1,6,False,Cloud,GIANTX,fade,True,100,25,1,0,0,2,False,Flickless,GIANTX,viper,True,100,25,1,1,0,8,False,westside,GIANTX,cypher,True,100,25,0,0,0,6,False
616.382,2640,ACTIVE_ROUND,6,3,2,95.000,,,MiniBoo,Team Heretics,raze,True,1,50,0,0,0,3,False,RieNs,Team Heretics,fade,True,100,20,2,1,0,7,False,Boo,Team Heretics,omen,True,100,25,1,0,1,5,False,benjyfishy,Team Heretics,deadlock,True,100,25,1,1,0,2,False,Wo0t,Team Heretics,chamber,True,100,50,0,8,1,7,True,grubinho,GIANTX,omen,True,100,,0,0,2,7,True,ara,GIANTX,raze,True,100,25,0,0,1,6,False,Cloud,GIANTX,fade,True,100,25,1,0,0,2,False,Flickless,GIANTX,viper,True,100,25,1,1,0,8,False,westside,GIANTX,cypher,True,100,25,0,0,0,6,False
616.616,2641,ACTIVE_ROUND,6,3,2,94.000,,,MiniBoo,Team Heretics,raze,False,,50,0,0,0,3,False,RieNs,Team Heretics,fade,True,100,20,2,1,0,7,False,Boo,Team Heretics,omen,True,100,25,1,0,1,5,False,benjyfishy,Team Heretics,deadlock,True,100,25,1,1,0,2,False,Wo0t,Team Heretics,chamber,True,100,50,0,8,1,7,True,grubinho,GIANTX,omen,True,100,,0,0,2,7,True,ara,GIANTX,raze,True,100,25,0,0,1,6,False,Cloud,GIANTX,fade,True,100,25,1,0,0,2,False,Flickless,GIANTX,viper,True,100,25,1,1,0,8,False,westside,GIANTX,cypher,True,100,25,0,0,0,6,False
616.850,2642,ACTIVE_ROUND,6,3,2,94.000,,,MiniBoo,Team Heretics,raze,False,,50,0,0,0,3,False,RieNs,Team Heretics,fade,True,100,20,2,1,0,7,False,Boo,Team Heretics,omen,True,100,25,1,0,1,5,False,benjyfishy,Team Heretics,deadlock,True,100,25,1,1,0,2,False,Wo0t,Team Heretics,chamber,True,100,50,0,8,1,7,True,grubinho,GIANTX,omen,True,100,,0,0,2,7,True,ara,GIANTX,raze,True,100,25,0,0,1,6,False,Cloud,GIANTX,fade,True,100,25,1,0,0,2,False,Flickless,GIANTX,viper,True,100,25,1,1,0,8,False,westside,GIANTX,cypher,True,100,25,0,0,0,6,False
617.083,2643,ACTIVE_ROUND,6,3,2,94.000,,,MiniBoo,Team Heretics,raze,False,,50,0,0,0,3,False,RieNs,Team Heretics,fade,True,92,28,2,1,0,7,False,Boo,Team Heretics,omen,True,100,25,1,0,1,5,False,benjyfishy,Team Heretics,deadlock,True,69,25,1,1,0,2,False,Wo0t,Team Heretics,chamber,True,100,50,0,8,1,7,True,grubinho,GIANTX,omen,True,100,,0,0,2,7,True,ara,GIANTX,raze,True,100,25,0,0,1,6,False,Cloud,GIANTX,fade,True,100,25,1,0,0,2,False,Flickless,GIANTX,viper,True,100,25,1,1,0,8,False,westside,GIANTX,cypher,True,100,25,0,0,0,6,False
617.317,2644,ACTIVE_ROUND,6,3,2,94.000,,,MiniBoo,Team Heretics,raze,False,,50,0,0,0,3,False,RieNs,Team Heretics,fade,True,92,28,2,1,0,7,False,Boo,Team Heretics,omen,True,100,25,1,0,1,5,False,benjyfishy,Team Heretics,deadlock,True,69,25,1,1,0,2,False,Wo0t,Team Heretics,chamber,True,100,50,0,8,1,7,True,grubinho,GIANTX,omen,True,100,,0,0,2,7,True,ara,GIANTX,raze,True,100,25,0,0,1,6,False,Cloud,GIANTX,fade,True,100,25,1,0,0,2,False,Flickless,GIANTX,viper,True,100,25,1,1,0,8,False,westside,GIANTX,cypher,True,100,25,0,0,0,6,False
617.550,2645,ACTIVE_ROUND,6,3,2,93.000,,,MiniBoo,Team Heretics,raze,False,,50,0,0,0,3,False,RieNs,Team Heretics,fade,True,92,28,2,1,0,7,False,Boo,Team Heretics,omen,True,100,25,1,0,1,5,False,benjyfishy,Team Heretics,deadlock,True,69,25,0,0,0,2,False,Wo0t,Team Heretics,chamber,True,100,50,0,8,1,7,True,grubinho,GIANTX,omen,True,100,,0,0,2,7,True,ara,GIANTX,raze,True,100,25,0,0,1,6,False,Cloud,GIANTX,fade,True,100,25,1,0,0,2,False,Flickless,GIANTX,viper,True,100,25,1,1,0,8,False,westside,GIANTX,cypher,True,100,25,0,0,0,6,False
617.784,2646,ACTIVE_ROUND,6,3,2,93.000,,,MiniBoo,Team Heretics,raze,False,,50,0,0,0,3,False,RieNs,Team Heretics,fade,True,92,28,2,1,0,7,False,Boo,Team Heretics,omen,True,100,25,1,0,1,5,False,benjyfishy,Team Heretics,deadlock,False,,25,0,0,0,2,False,Wo0t,Team Heretics,chamber,True,100,50,0,8,1,7,True,grubinho,GIANTX,omen,True,100,,0,0,2,7,True,ara,GIANTX,raze,True,100,25,0,0,1,6,False,Cloud,GIANTX,fade,True,100,25,1,0,0,2,False,Flickless,GIANTX,viper,True,100,25,1,1,0,8,False,westside,GIANTX,cypher,True,100,25,0,0,0,6,False
618.017,2647,ACTIVE_ROUND,6,3,2,93.000,,,MiniBoo,Team Heretics,raze,False,,50,0,0,0,3,False,RieNs,Team Heretics,fade,True,92,28,2,1,0,7,False,Boo,Team Heretics,omen,True,100,25,1,0,1,5,False,benjyfishy,Team Heretics,deadlock,False,,25,0,0,0,2,False,Wo0t,Team Heretics,chamber,True,100,50,0,8,1,7,True,grubinho,GIANTX,omen,True,100,,0,0,2,7,True,ara,GIANTX,raze,True,100,25,0,0,1,6,False,Cloud,GIANTX,fade,True,100,25,1,0,0,2,False,Flickless,GIANTX,viper,True,100,25,1,1,0,8,False,westside,GIANTX,cypher,True,100,25,0,0,0,6,False
618.251,2648,ACTIVE_ROUND,6,3,2,93.000,,,MiniBoo,Team Heretics,raze,False,,50,0,0,0,3,False,RieNs,Team Heretics,fade,True,92,33,2,1,0,7,False,Boo,Team Heretics,omen,True,100,25,1,0,1,5,False,benjyfishy,Team Heretics,deadlock,False,,25,0,0,0,2,False,Wo0t,Team Heretics,chamber,True,100,50,0,8,1,7,True,grubinho,GIANTX,omen,True,100,,0,0,2,7,True,ara,GIANTX,raze,True,100,25,0,0,1,6,False,Cloud,GIANTX,fade,True,100,25,1,0,0,2,False,Flickless,GIANTX,viper,True,100,25,1,1,0,7,True,westside,GIANTX,cypher,True,100,25,0,0,0,6,False
618.485,2649,ACTIVE_ROUND,6,3,2,93.000,,,MiniBoo,Team Heretics,raze,False,,50,0,0,0,3,False,RieNs,Team Heretics,fade,True,92,33,2,1,0,7,False,Boo,Team Heretics,omen,True,100,25,1,0,1,5,False,benjyfishy,Team Heretics,deadlock,False,,25,0,0,0,2,False,Wo0t,Team Heretics,chamber,True,100,50,0,8,1,7,True,grubinho,GIANTX,omen,True,100,,0,0,2,7,True,ara,GIANTX,raze,True,100,25,0,0,1,6,False,Cloud,GIANTX,fade,True,100,25,1,0,0,2,False,Flickless,GIANTX,viper,True,100,25,1,1,0,7,True,westside,GIANTX,cypher,True,100,25,0,0,0,6,False
618.718,2650,ACTIVE_ROUND,6,3,2,92.000,,,MiniBoo,Team Heretics,raze,False,,50,0,0,0,3,False,RieNs,Team Heretics,fade,True,92,33,2,1,0,7,False,Boo,Team Heretics,omen,True,100,25,1,0,1,5,False,benjyfishy,Team Heretics,deadlock,False,,25,0,0,0,2,False,Wo0t,Team Heretics,chamber,True,100,50,0,8,1,7,True,grubinho,GIANTX,omen,True,100,,0,0,2,7,True,ara,GIANTX,raze,True,100,25,0,0,1,6,False,Cloud,GIANTX,fade,True,100,25,1,0,0,2,False,Flickless,GIANTX,viper,True,100,25,1,1,0,7,True,westside,GIANTX,cypher,True,100,25,0,0,0,6,False
618.952,2651,ACTIVE_ROUND,6,3,2,92.000,,,MiniBoo,Team Heretics,raze,False,,50,0,0,0,3,False,RieNs,Team Heretics,fade,True,92,33,2,1,0,7,False,Boo,Team Heretics,omen,True,100,25,1,0,1,5,False,benjyfishy,Team Heretics,deadlock,False,,25,0,0,0,2,False,Wo0t,Team Heretics,chamber,True,100,50,0,8,1,7,True,grubinho,GIANTX,omen,True,100,,0,0,2,7,True,ara,GIANTX,raze,True,100,25,0,0,1,6,False,Cloud,GIANTX,fade,True,100,25,1,0,0,2,False,Flickless,GIANTX,viper,True,100,25,1,1,0,7,True,westside,GIANTX,cypher,True,100,25,0,0,0,6,False
619.185,2652,ACTIVE_ROUND,6,3,2,92.000,,,MiniBoo,Team Heretics,raze,False,,50,0,0,0,3,False,RieNs,Team Heretics,fade,True,92,33,2,1,0,7,False,Boo,Team Heretics,omen,True,100,25,1,0,1,5,False,benjyfishy,Team Heretics,deadlock,False,,25,0,0,0,2,False,Wo0t,Team Heretics,chamber,True,100,50,0,8,1,7,True,grubinho,GIANTX,omen,True,100,,0,0,2,7,True,ara,GIANTX,raze,True,100,25,0,0,1,6,False,Cloud,GIANTX,fade,True,100,25,1,0,0,2,False,Flickless,GIANTX,viper,True,100,25,1,1,0,7,True,westside,GIANTX,cypher,True,100,25,0,0,0,6,False
619.419,2653,ACTIVE_ROUND,6,3,2,92.000,,,MiniBoo,Team Heretics,raze,False,,50,0,0,0,3,False,RieNs,Team Heretics,fade,True,92,33,2,1,0,7,False,Boo,Team Heretics,omen,True,100,25,1,0,1,5,False,benjyfishy,Team Heretics,deadlock,False,,25,0,0,0,2,False,Wo0t,Team Heretics,chamber,True,100,50,0,8,1,7,True,grubinho,GIANTX,omen,True,100,,0,0,2,7,True,ara,GIANTX,raze,True,100,25,0,0,1,6,False,Cloud,GIANTX,fade,True,100,25,1,0,0,2,False,Flickless,GIANTX,viper,True,100,25,1,1,0,7,True,westside,GIANTX,cypher,True,100,25,0,0,0,6,False
619.652,2654,ACTIVE_ROUND,6,3,2,91.000,,,MiniBoo,Team Heretics,raze,False,,50,0,0,0,3,False,RieNs,Team Heretics,fade,True,92,33,2,1,0,7,False,Boo,Team Heretics,omen,True,100,25,0,0,0,5,False,benjyfishy,Team Heretics,deadlock,False,,25,0,0,0,2,False,Wo0t,Team Heretics,chamber,True,100,50,0,8,1,7,True,grubinho,GIANTX,omen,True,100,,0,0,2,7,True,ara,GIANTX,raze,True,100,25,0,0,1,6,False,Cloud,GIANTX,fade,True,100,25,1,0,0,2,False,Flickless,GIANTX,viper,True,100,25,1,1,0,7,True,westside,GIANTX,cypher,True,100,25,0,0,0,6,False
619.886,2655,ACTIVE_ROUND,6,3,2,91.000,,,MiniBoo,Team Heretics,raze,False,,50,0,0,0,3,False,RieNs,Team Heretics,fade,True,92,33,2,1,0,7,False,Boo,Team Heretics,omen,False,,25,0,0,0,5,False,benjyfishy,Team Heretics,deadlock,False,,25,0,0,0,2,False,Wo0t,Team Heretics,chamber,True,100,50,0,8,1,7,True,grubinho,GIANTX,omen,True,100,,0,0,2,7,True,ara,GIANTX,raze,True,100,25,0,0,1,6,False,Cloud,GIANTX,fade,True,100,25,1,0,0,2,False,Flickless,GIANTX,viper,True,100,25,1,1,0,7,True,westside,GIANTX,cypher,True,100,25,0,0,0,6,False
620.120,2656,ACTIVE_ROUND,6,3,2,91.000,,,MiniBoo,Team Heretics,raze,False,,50,0,0,0,3,False,RieNs,Team Heretics,fade,True,92,33,2,1,0,7,False,Boo,Team Heretics,omen,False,,25,0,0,0,5,False,benjyfishy,Team Heretics,deadlock,False,,25,0,0,0,2,False,Wo0t,Team Heretics,chamber,True,100,50,0,8,1,7,True,grubinho,GIANTX,omen,True,100,,0,0,2,7,True,ara,GIANTX,raze,True,85,25,0,0,1,6,False,Cloud,GIANTX,fade,True,100,25,1,0,0,3,False,Flickless,GIANTX,viper,True,100,25,1,1,0,7,True,westside,GIANTX,cypher,True,100,25,0,0,0,6,False
620.353,2657,ACTIVE_ROUND,6,3,2,91.000,,,MiniBoo,Team Heretics,raze,False,,50,0,0,0,3,False,RieNs,Team Heretics,fade,True,92,33,2,1,0,7,False,Boo,Team Heretics,omen,False,,25,0,0,0,5,False,benjyfishy,Team Heretics,deadlock,False,,25,0,0,0,2,False,Wo0t,Team Heretics,chamber,True,100,50,0,8,1,7,True,grubinho,GIANTX,omen,True,100,,0,0,2,7,True,ara,GIANTX,raze,True,85,25,0,0,1,6,False,Cloud,GIANTX,fade,True,100,25,1,0,0,3,False,Flickless,GIANTX,viper,True,100,25,1,1,0,7,True,westside,GIANTX,cypher,True,100,25,0,0,0,6,False
620.587,2658,ACTIVE_ROUND,6,3,2,90.000,,,MiniBoo,Team Heretics,raze,False,,50,0,0,0,3,False,RieNs,Team Heretics,fade,True,92,33,2,1,0,7,False,Boo,Team Heretics,omen,False,,25,0,0,0,5,False,benjyfishy,Team Heretics,deadlock,False,,25,0,0,0,2,False,Wo0t,Team Heretics,chamber,True,100,50,0,8,1,7,True,grubinho,GIANTX,omen,True,100,,0,0,2,7,True,ara,GIANTX,raze,True,85,25,0,0,1,6,False,Cloud,GIANTX,fade,True,100,25,1,0,0,3,False,Flickless,GIANTX,viper,True,100,25,1,1,0,7,True,westside,GIANTX,cypher,True,100,25,0,0,0,6,False
620.820,2659,ACTIVE_ROUND,6,3,2,90.000,,,MiniBoo,Team Heretics,raze,False,,50,0,0,0,3,False,RieNs,Team Heretics,fade,True,92,33,2,1,0,7,False,Boo,Team Heretics,omen,False,,25,0,0,0,5,False,benjyfishy,Team Heretics,deadlock,False,,25,0,0,0,2,False,Wo0t,Team Heretics,chamber,True,100,50,0,8,1,7,True,grubinho,GIANTX,omen,True,100,,0,0,2,7,True,ara,GIANTX,raze,True,85,25,0,0,1,6,False,Cloud,GIANTX,fade,True,100,25,1,0,0,3,False,Flickless,GIANTX,viper,True,100,25,1,1,0,7,True,westside,GIANTX,cypher,True,100,25,0,0,0,6,False
621.054,2660,ACTIVE_ROUND,6,3,2,90.000,,,MiniBoo,Team Heretics,raze,False,,50,0,0,0,3,False,RieNs,Team Heretics,fade,True,92,33,0,0,0,7,False,Boo,Team Heretics,omen,False,,25,0,0,0,5,False,benjyfishy,Team Heretics,deadlock,False,,25,0,0,0,2,False,Wo0t,Team Heretics,chamber,True,100,50,0,8,1,7,True,grubinho,GIANTX,omen,True,100,,0,0,2,7,True,ara,GIANTX,raze,True,85,25,0,0,1,6,False,Cloud,GIANTX,fade,True,100,25,1,0,0,3,False,Flickless,GIANTX,viper,True,100,25,1,1,0,7,True,westside,GIANTX,cypher,True,100,25,0,0,0,6,False
621.287,2661,ACTIVE_ROUND,6,3,2,90.000,,,MiniBoo,Team Heretics,raze,False,,50,0,0,0,3,False,RieNs,Team Heretics,fade,False,,33,0,0,0,7,False,Boo,Team Heretics,omen,False,,25,0,0,0,5,False,benjyfishy,Team Heretics,deadlock,False,,25,0,0,0,2,False,Wo0t,Team Heretics,chamber,True,100,50,0,8,1,7,True,grubinho,GIANTX,omen,True,100,,0,0,2,7,True,ara,GIANTX,raze,True,85,25,0,0,1,6,False,Cloud,GIANTX,fade,True,100,25,1,0,0,3,False,Flickless,GIANTX,viper,True,100,25,1,1,0,7,True,westside,GIANTX,cypher,True,100,25,0,0,0,6,False
621.521,2662,ACTIVE_ROUND,6,3,2,89.000,,,MiniBoo,Team Heretics,raze,False,,50,0,0,0,3,False,RieNs,Team Heretics,fade,False,,33,0,0,0,7,False,Boo,Team Heretics,omen,False,,25,0,0,0,5,False,benjyfishy,Team Heretics,deadlock,False,,25,0,0,0,2,False,Wo0t,Team Heretics,chamber,True,100,50,0,8,1,7,True,grubinho,GIANTX,omen,True,100,,0,0,2,7,True,ara,GIANTX,raze,True,85,25,0,0,1,6,False,Cloud,GIANTX,fade,True,100,25,1,0,0,3,False,Flickless,GIANTX,viper,True,100,25,1,1,0,7,True,westside,GIANTX,cypher,True,100,25,0,0,0,6,False
621.754,2663,ACTIVE_ROUND,6,3,2,89.000,,,MiniBoo,Team Heretics,raze,False,,50,0,0,0,3,False,RieNs,Team Heretics,fade,False,,33,0,0,0,7,False,Boo,Team Heretics,omen,False,,25,0,0,0,5,False,benjyfishy,Team Heretics,deadlock,False,,25,0,0,0,2,False,Wo0t,Team Heretics,chamber,True,100,50,0,8,1,7,True,grubinho,GIANTX,omen,True,100,,0,0,2,7,True,ara,GIANTX,raze,True,85,25,0,0,1,6,False,Cloud,GIANTX,fade,True,100,25,1,0,0,3,False,Flickless,GIANTX,viper,True,100,25,1,1,0,7,True,westside,GIANTX,cypher,True,100,25,0,0,0,6,False
621.988,2664,ACTIVE_ROUND,6,3,2,89.000,,,MiniBoo,Team Heretics,raze,False,,50,0,0,0,3,False,RieNs,Team Heretics,fade,False,,33,0,0,0,7,False,Boo,Team Heretics,omen,False,,25,0,0,0,5,False,benjyfishy,Team Heretics,deadlock,False,,25,0,0,0,2,False,Wo0t,Team Heretics,chamber,True,100,50,0,8,1,7,True,grubinho,GIANTX,omen,True,100,,0,0,2,7,True,ara,GIANTX,raze,True,85,25,0,0,1,6,False,Cloud,GIANTX,fade,True,100,25,1,0,0,3,False,Flickless,GIANTX,viper,True,100,25,1,1,0,7,True,westside,GIANTX,cypher,True,100,25,0,0,0,6,False
622.222,2665,ACTIVE_ROUND,6,3,2,89.000,,,MiniBoo,Team Heretics,raze,False,,50,0,0,0,3,False,RieNs,Team Heretics,fade,False,,33,0,0,0,7,False,Boo,Team Heretics,omen,False,,25,0,0,0,5,False,benjyfishy,Team Heretics,deadlock,False,,25,0,0,0,2,False,Wo0t,Team Heretics,chamber,True,100,50,0,8,0,7,True,grubinho,GIANTX,omen,True,100,,0,0,2,7,True,ara,GIANTX,raze,True,85,25,0,0,1,6,False,Cloud,GIANTX,fade,True,100,25,1,0,0,3,False,Flickless,GIANTX,viper,True,100,25,1,1,0,7,True,westside,GIANTX,cypher,True,100,25,0,0,0,6,False
622.455,2666,ACTIVE_ROUND,6,3,2,89.000,,,MiniBoo,Team Heretics,raze,False,,50,0,0,0,3,False,RieNs,Team Heretics,fade,False,,33,0,0,0,7,False,Boo,Team Heretics,omen,False,,25,0,0,0,5,False,benjyfishy,Team Heretics,deadlock,False,,25,0,0,0,2,False,Wo0t,Team Heretics,chamber,True,100,50,0,8,0,7,True,grubinho,GIANTX,omen,True,100,,0,0,2,7,True,ara,GIANTX,raze,True,85,25,0,0,1,6,False,Cloud,GIANTX,fade,True,100,25,1,0,0,3,False,Flickless,GIANTX,viper,True,100,25,1,1,0,7,True,westside,GIANTX,cypher,True,100,25,0,0,0,6,False
622.689,2667,ACTIVE_ROUND,6,3,2,88.000,,,MiniBoo,Team Heretics,raze,False,,50,0,0,0,3,False,RieNs,Team Heretics,fade,False,,33,0,0,0,7,False,Boo,Team Heretics,omen,False,,25,0,0,0,5,False,benjyfishy,Team Heretics,deadlock,False,,25,0,0,0,2,False,Wo0t,Team Heretics,chamber,True,100,50,0,8,0,7,True,grubinho,GIANTX,omen,True,100,,0,0,2,7,True,ara,GIANTX,raze,True,85,25,0,0,1,6,False,Cloud,GIANTX,fade,True,100,25,1,0,0,3,False,Flickless,GIANTX,viper,True,100,25,1,1,0,7,True,westside,GIANTX,cypher,True,100,25,0,0,0,6,False
622.922,2668,ACTIVE_ROUND,6,3,2,88.000,,,MiniBoo,Team Heretics,raze,False,,50,0,0,0,3,False,RieNs,Team Heretics,fade,False,,33,0,0,0,7,False,Boo,Team Heretics,omen,False,,25,0,0,0,5,False,benjyfishy,Team Heretics,deadlock,False,,25,0,0,0,2,False,Wo0t,Team Heretics,chamber,True,100,50,0,8,0,7,True,grubinho,GIANTX,omen,True,100,,0,0,2,7,True,ara,GIANTX,raze,True,85,25,0,0,1,6,False,Cloud,GIANTX,fade,True,100,25,1,0,0,3,False,Flickless,GIANTX,viper,True,100,25,1,0,0,7,True,westside,GIANTX,cypher,True,100,25,0,0,0,6,False
623.156,2669,ACTIVE_ROUND,6,3,2,88.000,,,MiniBoo,Team Heretics,raze,False,,50,0,0,0,3,False,RieNs,Team Heretics,fade,False,,33,0,0,0,7,False,Boo,Team Heretics,omen,False,,25,0,0,0,5,False,benjyfishy,Team Heretics,deadlock,False,,25,0,0,0,2,False,Wo0t,Team Heretics,chamber,True,100,50,0,8,0,7,True,grubinho,GIANTX,omen,True,100,,0,0,2,7,True,ara,GIANTX,raze,True,85,25,0,0,1,6,False,Cloud,GIANTX,fade,True,100,25,1,0,0,3,False,Flickless,GIANTX,viper,True,100,25,1,0,0,7,True,westside,GIANTX,cypher,True,100,25,0,0,0,6,False
623.389,2670,ACTIVE_ROUND,6,3,2,88.000,,,MiniBoo,Team Heretics,raze,False,,50,0,0,0,3,False,RieNs,Team Heretics,fade,False,,33,0,0,0,7,False,Boo,Team Heretics,omen,False,,25,0,0,0,5,False,benjyfishy,Team Heretics,deadlock,False,,25,0,0,0,2,False,Wo0t,Team Heretics,chamber,True,100,50,0,8,0,7,True,grubinho,GIANTX,omen,True,100,,0,0,2,7,True,ara,GIANTX,raze,True,85,25,0,0,1,6,False,Cloud,GIANTX,fade,True,100,25,1,0,0,3,False,Flickless,GIANTX,viper,True,100,25,1,0,0,7,True,westside,GIANTX,cypher,True,100,25,0,0,0,6,False
623.623,2671,ACTIVE_ROUND,6,3,2,87.000,,,MiniBoo,Team Heretics,raze,False,,50,0,0,0,3,False,RieNs,Team Heretics,fade,False,,33,0,0,0,7,False,Boo,Team Heretics,omen,False,,25,0,0,0,5,False,benjyfishy,Team Heretics,deadlock,False,,25,0,0,0,2,False,Wo0t,Team Heretics,chamber,True,100,50,0,8,0,7,True,grubinho,GIANTX,omen,True,100,,0,0,2,7,True,ara,GIANTX,raze,True,85,25,0,0,1,6,False,Cloud,GIANTX,fade,True,100,25,1,0,0,3,False,Flickless,GIANTX,viper,True,100,25,1,0,0,7,True,westside,GIANTX,cypher,True,100,25,0,0,0,6,False
623.857,2672,ACTIVE_ROUND,6,3,2,87.000,,,MiniBoo,Team Heretics,raze,False,,50,0,0,0,3,False,RieNs,Team Heretics,fade,False,,33,0,0,0,7,False,Boo,Team Heretics,omen,False,,25,0,0,0,5,False,benjyfishy,Team Heretics,deadlock,False,,25,0,0,0,2,False,Wo0t,Team Heretics,chamber,True,100,50,0,8,0,7,True,grubinho,GIANTX,omen,True,100,,0,0,1,7,True,ara,GIANTX,raze,True,85,25,0,0,1,6,False,Cloud,GIANTX,fade,True,100,25,1,0,0,3,False,Flickless,GIANTX,viper,True,100,25,1,0,0,7,True,westside,GIANTX,cypher,True,100,25,0,0,0,6,False
624.090,2673,ACTIVE_ROUND,6,3,2,87.000,,,MiniBoo,Team Heretics,raze,False,,50,0,0,0,3,False,RieNs,Team Heretics,fade,False,,33,0,0,0,7,False,Boo,Team Heretics,omen,False,,25,0,0,0,5,False,benjyfishy,Team Heretics,deadlock,False,,25,0,0,0,2,False,Wo0t,Team Heretics,chamber,True,100,50,0,8,0,7,True,grubinho,GIANTX,omen,True,100,,0,0,1,7,True,ara,GIANTX,raze,True,85,25,0,0,1,6,False,Cloud,GIANTX,fade,True,100,25,1,0,0,3,False,Flickless,GIANTX,viper,True,100,25,1,0,0,7,True,westside,GIANTX,cypher,True,100,25,0,0,0,6,False
624.324,2674,ACTIVE_ROUND,6,3,2,87.000,,,MiniBoo,Team Heretics,raze,False,,50,0,0,0,3,False,RieNs,Team Heretics,fade,False,,33,0,0,0,7,False,Boo,Team Heretics,omen,False,,25,0,0,0,5,False,benjyfishy,Team Heretics,deadlock,False,,25,0,0,0,2,False,Wo0t,Team Heretics,chamber,True,100,50,0,8,0,7,True,grubinho,GIANTX,omen,True,100,,0,0,1,7,True,ara,GIANTX,raze,True,85,25,0,0,1,6,False,Cloud,GIANTX,fade,True,100,25,1,0,0,3,False,Flickless,GIANTX,viper,True,100,25,1,0,0,7,True,westside,GIANTX,cypher,True,100,25,0,0,0,6,False
624.557,2675,ACTIVE_ROUND,6,3,2,86.000,,,MiniBoo,Team Heretics,raze,False,,50,0,0,0,3,False,RieNs,Team Heretics,fade,False,,33,0,0,0,7,False,Boo,Team Heretics,omen,False,,25,0,0,0,5,False,benjyfishy,Team Heretics,deadlock,False,,25,0,0,0,2,False,Wo0t,Team Heretics,chamber,True,100,50,0,8,0,7,True,grubinho,GIANTX,omen,True,100,,0,0,1,7,True,ara,GIANTX,raze,True,85,25,0,0,1,6,False,Cloud,GIANTX,fade,True,100,25,1,0,0,3,False,Flickless,GIANTX,viper,True,100,25,1,0,0,7,True,westside,GIANTX,cypher,True,100,25,0,0,0,6,False
624.791,2676,ACTIVE_ROUND,6,3,2,86.000,,,MiniBoo,Team Heretics,raze,False,,50,0,0,0,3,False,RieNs,Team Heretics,fade,False,,33,0,0,0,7,False,Boo,Team Heretics,omen,False,,25,0,0,0,5,False,benjyfishy,Team Heretics,deadlock,False,,25,0,0,0,2,False,Wo0t,Team Heretics,chamber,True,100,50,0,8,0,7,True,grubinho,GIANTX,omen,True,100,,0,0,1,7,True,ara,GIANTX,raze,True,85,25,0,0,1,6,False,Cloud,GIANTX,fade,True,100,25,1,0,0,3,False,Flickless,GIANTX,viper,True,100,25,1,0,0,7,True,westside,GIANTX,cypher,True,100,25,0,0,0,6,False
625.024,2677,ACTIVE_ROUND,6,3,2,86.000,,,MiniBoo,Team Heretics,raze,False,,50,0,0,0,3,False,RieNs,Team Heretics,fade,False,,33,0,0,0,7,False,Boo,Team Heretics,omen,False,,25,0,0,0,5,False,benjyfishy,Team Heretics,deadlock,False,,25,0,0,0,2,False,Wo0t,Team Heretics,chamber,True,100,50,0,8,0,7,True,grubinho,GIANTX,omen,True,100,,0,0,1,7,True,ara,GIANTX,raze,True,85,25,0,0,1,6,False,Cloud,GIANTX,fade,True,100,25,1,0,0,3,False,Flickless,GIANTX,viper,True,100,25,1,0,0,7,True,westside,GIANTX,cypher,True,100,25,0,0,0,6,False
625.258,2678,ACTIVE_ROUND,6,3,2,86.000,,,MiniBoo,Team Heretics,raze,False,,50,0,0,0,3,False,RieNs,Team Heretics,fade,False,,33,0,0,0,7,False,Boo,Team Heretics,omen,False,,25,0,0,0,5,False,benjyfishy,Team Heretics,deadlock,False,,25,0,0,0,2,False,Wo0t,Team Heretics,chamber,True,100,50,0,8,0,7,True,grubinho,GIANTX,omen,True,100,,0,0,1,7,True,ara,GIANTX,raze,True,85,25,0,0,1,6,False,Cloud,GIANTX,fade,True,100,25,1,0,0,3,False,Flickless,GIANTX,viper,True,100,25,1,0,0,7,True,westside,GIANTX,cypher,True,100,25,0,0,0,6,False
625.492,2679,ACTIVE_ROUND,6,3,2,85.000,,,MiniBoo,Team Heretics,raze,False,,50,0,0,0,3,False,RieNs,Team Heretics,fade,False,,33,0,0,0,7,False,Boo,Team Heretics,omen,False,,25,0,0,0,5,False,benjyfishy,Team Heretics,deadlock,False,,25,0,0,0,2,False,Wo0t,Team Heretics,chamber,True,100,50,0,8,0,7,True,grubinho,GIANTX,omen,True,100,,0,0,1,7,True,ara,GIANTX,raze,True,85,25,0,0,1,6,False,Cloud,GIANTX,fade,True,100,25,1,0,0,3,False,Flickless,GIANTX,viper,True,100,25,1,0,0,7,True,westside,GIANTX,cypher,True,100,25,0,0,0,6,False
625.725,2680,ACTIVE_ROUND,6,3,2,85.000,,,MiniBoo,Team Heretics,raze,False,,50,0,0,0,3,False,RieNs,Team Heretics,fade,False,,33,0,0,0,7,False,Boo,Team Heretics,omen,False,,25,0,0,0,5,False,benjyfishy,Team Heretics,deadlock,False,,25,0,0,0,2,False,Wo0t,Team Heretics,chamber,True,100,50,0,8,0,7,True,grubinho,GIANTX,omen,True,100,,0,0,1,7,True,ara,GIANTX,raze,True,85,25,0,0,1,6,False,Cloud,GIANTX,fade,True,100,25,1,0,0,3,False,Flickless,GIANTX,viper,True,100,25,1,0,0,7,True,westside,GIANTX,cypher,True,100,25,0,0,0,6,False
625.959,2681,ACTIVE_ROUND,6,3,2,85.000,,,MiniBoo,Team Heretics,raze,False,,50,0,0,0,3,False,RieNs,Team Heretics,fade,False,,33,0,0,0,7,False,Boo,Team Heretics,omen,False,,25,0,0,0,5,False,benjyfishy,Team Heretics,deadlock,False,,25,0,0,0,2,False,Wo0t,Team Heretics,chamber,True,100,50,0,8,0,7,True,grubinho,GIANTX,omen,True,100,,0,0,1,7,True,ara,GIANTX,raze,True,85,25,0,0,1,7,False,Cloud,GIANTX,fade,True,100,25,1,0,0,3,False,Flickless,GIANTX,viper,True,100,25,1,0,0,7,True,westside,GIANTX,cypher,True,100,25,0,0,0,6,False
626.192,2682,ACTIVE_ROUND,6,3,2,85.000,,,MiniBoo,Team Heretics,raze,False,,50,0,0,0,3,False,RieNs,Team Heretics,fade,False,,33,0,0,0,7,False,Boo,Team Heretics,omen,False,,25,0,0,0,5,False,benjyfishy,Team Heretics,deadlock,False,,25,0,0,0,2,False,Wo0t,Team Heretics,chamber,True,100,50,0,8,0,7,True,grubinho,GIANTX,omen,True,100,,0,0,1,7,True,ara,GIANTX,raze,True,85,25,0,0,1,7,False,Cloud,GIANTX,fade,True,100,25,1,0,0,3,False,Flickless,GIANTX,viper,True,100,25,1,0,0,7,True,westside,GIANTX,cypher,True,100,25,0,0,0,6,False
626.426,2683,ACTIVE_ROUND,6,3,2,85.000,,,MiniBoo,Team Heretics,raze,False,,50,0,0,0,3,False,RieNs,Team Heretics,fade,False,,33,0,0,0,7,False,Boo,Team Heretics,omen,False,,25,0,0,0,5,False,benjyfishy,Team Heretics,deadlock,False,,25,0,0,0,2,False,Wo0t,Team Heretics,chamber,True,100,50,0,8,0,7,True,grubinho,GIANTX,omen,True,100,,0,0,1,7,True,ara,GIANTX,raze,True,85,25,0,0,1,7,False,Cloud,GIANTX,fade,True,100,25,1,0,0,3,False,Flickless,GIANTX,viper,True,100,25,1,0,0,7,True,westside,GIANTX,cypher,True,100,25,0,0,0,6,False
626.659,2684,ACTIVE_ROUND,6,3,2,84.000,,,MiniBoo,Team Heretics,raze,False,,50,0,0,0,3,False,RieNs,Team Heretics,fade,False,,33,0,0,0,7,False,Boo,Team Heretics,omen,False,,25,0,0,0,5,False,benjyfishy,Team Heretics,deadlock,False,,25,0,0,0,2,False,Wo0t,Team Heretics,chamber,True,100,50,0,8,0,7,True,grubinho,GIANTX,omen,True,100,,0,0,1,7,True,ara,GIANTX,raze,True,85,25,0,0,1,7,False,Cloud,GIANTX,fade,True,100,25,1,0,0,3,False,Flickless,GIANTX,viper,True,100,25,1,0,0,7,True,westside,GIANTX,cypher,True,100,25,0,0,0,6,False
626.893,2685,ACTIVE_ROUND,6,3,2,84.000,,,MiniBoo,Team Heretics,raze,False,,50,0,0,0,3,False,RieNs,Team Heretics,fade,False,,33,0,0,0,7,False,Boo,Team Heretics,omen,False,,25,0,0,0,5,False,benjyfishy,Team Heretics,deadlock,False,,25,0,0,0,2,False,Wo0t,Team Heretics,chamber,True,100,50,0,8,0,7,True,grubinho,GIANTX,omen,True,100,,0,0,0,7,True,ara,GIANTX,raze,True,85,25,0,0,1,7,False,Cloud,GIANTX,fade,True,100,25,1,0,0,3,False,Flickless,GIANTX,viper,True,100,25,1,0,0,7,True,westside,GIANTX,cypher,True,100,25,0,0,0,6,False
627.126,2686,ACTIVE_ROUND,6,3,2,84.000,,,MiniBoo,Team Heretics,raze,False,,50,0,0,0,3,False,RieNs,Team Heretics,fade,False,,33,0,0,0,7,False,Boo,Team Heretics,omen,False,,25,0,0,0,5,False,benjyfishy,Team Heretics,deadlock,False,,25,0,0,0,2,False,Wo0t,Team Heretics,chamber,True,100,50,0,8,0,7,True,grubinho,GIANTX,omen,True,100,,0,0,0,7,True,ara,GIANTX,raze,True,85,25,0,0,1,7,False,Cloud,GIANTX,fade,True,100,25,1,0,0,3,False,Flickless,GIANTX,viper,True,100,25,1,0,0,7,True,westside,GIANTX,cypher,True,100,25,0,0,0,6,False
627.360,2687,ACTIVE_ROUND,6,3,2,84.000,,,MiniBoo,Team Heretics,raze,False,,50,0,0,0,3,False,RieNs,Team Heretics,fade,False,,33,0,0,0,7,False,Boo,Team Heretics,omen,False,,25,0,0,0,5,False,benjyfishy,Team Heretics,deadlock,False,,25,0,0,0,2,False,Wo0t,Team Heretics,chamber,True,100,50,0,8,0,7,True,grubinho,GIANTX,omen,True,100,,0,0,0,7,True,ara,GIANTX,raze,True,85,25,0,0,1,7,False,Cloud,GIANTX,fade,True,100,25,1,0,0,3,False,Flickless,GIANTX,viper,True,100,25,1,0,0,7,True,westside,GIANTX,cypher,True,100,25,0,0,0,6,False
627.594,2688,ACTIVE_ROUND,6,3,2,83.000,,,MiniBoo,Team Heretics,raze,False,,50,0,0,0,3,False,RieNs,Team Heretics,fade,False,,33,0,0,0,7,False,Boo,Team Heretics,omen,False,,25,0,0,0,5,False,benjyfishy,Team Heretics,deadlock,False,,25,0,0,0,2,False,Wo0t,Team Heretics,chamber,True,100,50,0,8,0,7,True,grubinho,GIANTX,omen,True,100,,0,0,0,7,True,ara,GIANTX,raze,True,85,25,0,0,1,7,False,Cloud,GIANTX,fade,True,100,25,1,0,0,3,False,Flickless,GIANTX,viper,True,100,25,1,0,0,7,True,westside,GIANTX,cypher,True,100,25,0,0,0,6,False
627.827,2689,ACTIVE_ROUND,6,3,2,83.000,,,MiniBoo,Team Heretics,raze,False,,50,0,0,0,3,False,RieNs,Team Heretics,fade,False,,33,0,0,0,7,False,Boo,Team Heretics,omen,False,,25,0,0,0,5,False,benjyfishy,Team Heretics,deadlock,False,,25,0,0,0,2,False,Wo0t,Team Heretics,chamber,True,100,50,0,8,0,7,True,grubinho,GIANTX,omen,True,100,,0,0,0,7,True,ara,GIANTX,raze,True,85,25,0,0,1,7,False,Cloud,GIANTX,fade,True,100,25,1,0,0,3,False,Flickless,GIANTX,viper,True,100,25,1,0,0,7,True,westside,GIANTX,cypher,True,100,25,0,0,0,6,False
628.061,2690,ACTIVE_ROUND,6,3,2,83.000,,,MiniBoo,Team Heretics,raze,False,,50,0,0,0,3,False,RieNs,Team Heretics,fade,False,,33,0,0,0,7,False,Boo,Team Heretics,omen,False,,25,0,0,0,5,False,benjyfishy,Team Heretics,deadlock,False,,25,0,0,0,2,False,Wo0t,Team Heretics,chamber,True,100,50,0,8,0,7,True,grubinho,GIANTX,omen,True,100,,0,0,0,7,True,ara,GIANTX,raze,True,85,25,0,0,1,7,False,Cloud,GIANTX,fade,True,100,25,1,0,0,3,False,Flickless,GIANTX,viper,True,100,25,1,0,0,7,True,westside,GIANTX,cypher,True,100,25,0,0,0,6,False
628.294,2691,ACTIVE_ROUND,6,3,2,83.000,,,MiniBoo,Team Heretics,raze,False,,50,0,0,0,3,False,RieNs,Team Heretics,fade,False,,33,0,0,0,7,False,Boo,Team Heretics,omen,False,,25,0,0,0,5,False,benjyfishy,Team Heretics,deadlock,False,,25,0,0,0,2,False,Wo0t,Team Heretics,chamber,True,100,50,0,8,0,7,True,grubinho,GIANTX,omen,True,100,,0,0,0,7,True,ara,GIANTX,raze,True,85,25,0,0,1,7,False,Cloud,GIANTX,fade,True,100,25,1,0,0,3,False,Flickless,GIANTX,viper,True,100,25,1,0,0,7,True,westside,GIANTX,cypher,True,100,25,0,0,0,6,False
628.528,2692,ACTIVE_ROUND,6,3,2,82.000,,,MiniBoo,Team Heretics,raze,False,,50,0,0,0,3,False,RieNs,Team Heretics,fade,False,,33,0,0,0,7,False,Boo,Team Heretics,omen,False,,25,0,0,0,5,False,benjyfishy,Team Heretics,deadlock,False,,25,0,0,0,2,False,Wo0t,Team Heretics,chamber,True,100,50,0,8,0,7,True,grubinho,GIANTX,omen,True,100,,0,0,0,7,True,ara,GIANTX,raze,True,85,25,0,0,1,7,False,Cloud,GIANTX,fade,True,100,25,1,0,0,3,False,Flickless,GIANTX,viper,True,100,25,1,0,0,7,True,westside,GIANTX,cypher,True,100,25,0,0,0,6,False
628.761,2693,ACTIVE_ROUND,6,3,2,82.000,,,MiniBoo,Team Heretics,raze,False,,50,0,0,0,3,False,RieNs,Team Heretics,fade,False,,33,0,0,0,7,False,Boo,Team Heretics,omen,False,,25,0,0,0,5,False,benjyfishy,Team Heretics,deadlock,False,,25,0,0,0,2,False,Wo0t,Team Heretics,chamber,True,100,50,0,8,0,7,True,grubinho,GIANTX,omen,True,100,,0,0,0,7,True,ara,GIANTX,raze,True,85,25,0,0,1,7,False,Cloud,GIANTX,fade,True,100,25,1,0,0,3,False,Flickless,GIANTX,viper,True,100,25,1,0,0,7,True,westside,GIANTX,cypher,True,100,25,0,0,0,6,False
628.995,2694,ACTIVE_ROUND,6,3,2,82.000,,,MiniBoo,Team Heretics,raze,False,,50,0,0,0,3,False,RieNs,Team Heretics,fade,False,,33,0,0,0,7,False,Boo,Team Heretics,omen,False,,25,0,0,0,5,False,benjyfishy,Team Heretics,deadlock,False,,25,0,0,0,2,False,Wo0t,Team Heretics,chamber,True,100,50,0,8,0,7,True,grubinho,GIANTX,omen,True,100,,0,0,0,7,True,ara,GIANTX,raze,True,85,25,0,0,1,7,False,Cloud,GIANTX,fade,True,100,25,1,0,0,3,False,Flickless,GIANTX,viper,True,100,25,1,0,0,7,True,westside,GIANTX,cypher,True,100,25,0,0,0,6,False
629.229,2695,ACTIVE_ROUND,6,3,2,82.000,,,MiniBoo,Team Heretics,raze,False,,50,0,0,0,3,False,RieNs,Team Heretics,fade,False,,33,0,0,0,7,False,Boo,Team Heretics,omen,False,,25,0,0,0,5,False,benjyfishy,Team Heretics,deadlock,False,,25,0,0,0,2,False,Wo0t,Team Heretics,chamber,True,100,50,0,8,0,7,True,grubinho,GIANTX,omen,True,100,,0,0,0,7,True,ara,GIANTX,raze,True,85,25,0,0,1,7,False,Cloud,GIANTX,fade,True,100,25,1,0,0,3,False,Flickless,GIANTX,viper,True,100,25,1,0,0,7,True,westside,GIANTX,cypher,True,100,25,0,0,0,6,False
629.462,2696,ACTIVE_ROUND,6,3,2,82.000,,,MiniBoo,Team Heretics,raze,False,,50,0,0,0,3,False,RieNs,Team Heretics,fade,False,,33,0,0,0,7,False,Boo,Team Heretics,omen,False,,25,0,0,0,5,False,benjyfishy,Team Heretics,deadlock,False,,25,0,0,0,2,False,Wo0t,Team Heretics,chamber,True,100,50,0,8,0,7,True,grubinho,GIANTX,omen,True,100,,0,0,0,7,True,ara,GIANTX,raze,True,85,25,0,0,1,7,False,Cloud,GIANTX,fade,True,100,25,1,0,0,3,False,Flickless,GIANTX,viper,True,100,25,1,0,0,7,True,westside,GIANTX,cypher,True,100,25,0,0,0,6,False
629.696,2697,ACTIVE_ROUND,6,3,2,81.000,,,MiniBoo,Team Heretics,raze,False,,50,0,0,0,3,False,RieNs,Team Heretics,fade,False,,33,0,0,0,7,False,Boo,Team Heretics,omen,False,,25,0,0,0,5,False,benjyfishy,Team Heretics,deadlock,False,,25,0,0,0,2,False,Wo0t,Team Heretics,chamber,True,100,50,0,8,0,7,True,grubinho,GIANTX,omen,True,100,,0,0,0,7,True,ara,GIANTX,raze,True,85,25,0,0,1,7,False,Cloud,GIANTX,fade,True,100,25,1,0,0,3,False,Flickless,GIANTX,viper,True,100,25,1,0,0,7,True,westside,GIANTX,cypher,True,100,25,0,0,0,6,False
629.929,2698,ACTIVE_ROUND,6,3,2,81.000,,,MiniBoo,Team Heretics,raze,False,,50,0,0,0,3,False,RieNs,Team Heretics,fade,False,,33,0,0,0,7,False,Boo,Team Heretics,omen,False,,25,0,0,0,5,False,benjyfishy,Team Heretics,deadlock,False,,25,0,0,0,2,False,Wo0t,Team Heretics,chamber,True,100,50,0,8,0,7,True,grubinho,GIANTX,omen,True,100,,0,0,0,7,True,ara,GIANTX,raze,True,85,25,0,0,1,7,False,Cloud,GIANTX,fade,True,100,25,1,0,0,3,False,Flickless,GIANTX,viper,True,100,25,1,0,0,7,True,westside,GIANTX,cypher,True,100,25,0,0,0,6,False
630.163,2699,ACTIVE_ROUND,6,3,2,81.000,,,MiniBoo,Team Heretics,raze,False,,50,0,0,0,3,False,RieNs,Team Heretics,fade,False,,33,0,0,0,7,False,Boo,Team Heretics,omen,False,,25,0,0,0,5,False,benjyfishy,Team Heretics,deadlock,False,,25,0,0,0,2,False,Wo0t,Team Heretics,chamber,True,100,50,0,8,0,7,True,grubinho,GIANTX,omen,True,100,,0,0,0,7,True,ara,GIANTX,raze,True,85,25,0,0,1,7,False,Cloud,GIANTX,fade,True,100,25,1,0,0,3,False,Flickless,GIANTX,viper,True,100,25,1,0,0,7,True,westside,GIANTX,cypher,True,100,25,0,0,0,6,False
630.396,2700,ACTIVE_ROUND,6,3,2,81.000,,,MiniBoo,Team Heretics,raze,False,,50,0,0,0,3,False,RieNs,Team Heretics,fade,False,,33,0,0,0,7,False,Boo,Team Heretics,omen,False,,25,0,0,0,5,False,benjyfishy,Team Heretics,deadlock,False,,25,0,0,0,2,False,Wo0t,Team Heretics,chamber,True,100,50,0,8,0,7,True,grubinho,GIANTX,omen,True,100,,0,0,0,7,True,ara,GIANTX,raze,True,85,25,0,0,1,7,False,Cloud,GIANTX,fade,True,100,25,1,0,0,3,False,Flickless,GIANTX,viper,True,100,25,1,0,0,7,True,westside,GIANTX,cypher,True,100,25,0,0,0,6,False
630.630,2701,ACTIVE_ROUND,6,3,2,80.000,,,MiniBoo,Team Heretics,raze,False,,50,0,0,0,3,False,RieNs,Team Heretics,fade,False,,33,0,0,0,7,False,Boo,Team Heretics,omen,False,,25,0,0,0,5,False,benjyfishy,Team Heretics,deadlock,False,,25,0,0,0,2,False,Wo0t,Team Heretics,chamber,True,100,50,0,8,0,7,True,grubinho,GIANTX,omen,True,100,,0,0,0,7,True,ara,GIANTX,raze,True,85,25,0,0,1,7,False,Cloud,GIANTX,fade,True,100,25,1,0,0,3,False,Flickless,GIANTX,viper,True,100,25,1,0,0,7,True,westside,GIANTX,cypher,True,100,25,0,0,0,6,False
630.864,2702,ACTIVE_ROUND,6,3,2,80.000,,,MiniBoo,Team Heretics,raze,False,,50,0,0,0,3,False,RieNs,Team Heretics,fade,False,,33,0,0,0,7,False,Boo,Team Heretics,omen,False,,25,0,0,0,5,False,benjyfishy,Team Heretics,deadlock,False,,25,0,0,0,2,False,Wo0t,Team Heretics,chamber,True,100,50,0,8,0,7,True,grubinho,GIANTX,omen,True,100,,0,0,0,7,True,ara,GIANTX,raze,True,85,25,0,0,1,7,False,Cloud,GIANTX,fade,True,100,25,1,0,0,3,False,Flickless,GIANTX,viper,True,100,25,1,0,0,7,True,westside,GIANTX,cypher,True,100,25,0,0,0,6,False
631.097,2703,ACTIVE_ROUND,6,3,2,80.000,,,MiniBoo,Team Heretics,raze,False,,50,0,0,0,3,False,RieNs,Team Heretics,fade,False,,33,0,0,0,7,False,Boo,Team Heretics,omen,False,,25,0,0,0,5,False,benjyfishy,Team Heretics,deadlock,False,,25,0,0,0,2,False,Wo0t,Team Heretics,chamber,True,100,50,0,8,0,7,True,grubinho,GIANTX,omen,True,100,,0,0,0,7,True,ara,GIANTX,raze,True,85,25,0,0,1,7,False,Cloud,GIANTX,fade,True,100,25,1,0,0,3,False,Flickless,GIANTX,viper,True,100,25,1,0,0,7,True,westside,GIANTX,cypher,True,100,25,0,0,0,6,False
631.331,2704,ACTIVE_ROUND,6,3,2,80.000,,,MiniBoo,Team Heretics,raze,False,,50,0,0,0,3,False,RieNs,Team Heretics,fade,False,,33,0,0,0,7,False,Boo,Team Heretics,omen,False,,25,0,0,0,5,False,benjyfishy,Team Heretics,deadlock,False,,25,0,0,0,2,False,Wo0t,Team Heretics,chamber,True,100,50,0,8,0,7,True,grubinho,GIANTX,omen,True,100,,0,0,0,7,True,ara,GIANTX,raze,True,85,25,0,0,1,7,False,Cloud,GIANTX,fade,True,100,25,1,0,0,3,False,Flickless,GIANTX,viper,True,100,25,1,0,0,7,True,westside,GIANTX,cypher,True,100,25,0,0,0,6,False
631.564,2705,ACTIVE_ROUND,6,3,2,79.000,,,MiniBoo,Team Heretics,raze,False,,50,0,0,0,3,False,RieNs,Team Heretics,fade,False,,33,0,0,0,7,False,Boo,Team Heretics,omen,False,,25,0,0,0,5,False,benjyfishy,Team Heretics,deadlock,False,,25,0,0,0,2,False,Wo0t,Team Heretics,chamber,True,100,50,0,8,0,7,True,grubinho,GIANTX,omen,True,100,,0,0,0,7,True,ara,GIANTX,raze,True,85,25,0,0,1,7,False,Cloud,GIANTX,fade,True,100,25,1,0,0,3,False,Flickless,GIANTX,viper,True,100,25,1,0,0,7,True,westside,GIANTX,cypher,True,100,25,0,0,0,6,False
631.798,2706,ACTIVE_ROUND,6,3,2,79.000,,,MiniBoo,Team Heretics,raze,False,,50,0,0,0,3,False,RieNs,Team Heretics,fade,False,,33,0,0,0,7,False,Boo,Team Heretics,omen,False,,25,0,0,0,5,False,benjyfishy,Team Heretics,deadlock,False,,25,0,0,0,2,False,Wo0t,Team Heretics,chamber,True,100,50,0,8,0,7,True,grubinho,GIANTX,omen,True,100,,0,0,0,7,True,ara,GIANTX,raze,True,85,25,0,0,1,7,False,Cloud,GIANTX,fade,True,100,25,1,0,0,3,False,Flickless,GIANTX,viper,True,100,25,1,0,0,7,True,westside,GIANTX,cypher,True,100,25,0,0,0,6,False
632.031,2707,ACTIVE_ROUND,6,3,2,79.000,,,MiniBoo,Team Heretics,raze,False,,50,0,0,0,3,False,RieNs,Team Heretics,fade,False,,33,0,0,0,7,False,Boo,Team Heretics,omen,False,,25,0,0,0,5,False,benjyfishy,Team Heretics,deadlock,False,,25,0,0,0,2,False,Wo0t,Team Heretics,chamber,True,100,50,0,8,0,7,True,grubinho,GIANTX,omen,True,100,,0,0,0,7,True,ara,GIANTX,raze,True,85,25,0,0,1,7,False,Cloud,GIANTX,fade,True,100,25,1,0,0,3,False,Flickless,GIANTX,viper,True,100,25,1,0,0,7,True,westside,GIANTX,cypher,True,100,25,0,0,0,6,False
632.265,2708,ACTIVE_ROUND,6,3,2,79.000,,,MiniBoo,Team Heretics,raze,False,,50,0,0,0,3,False,RieNs,Team Heretics,fade,False,,33,0,0,0,7,False,Boo,Team Heretics,omen,False,,25,0,0,0,5,False,benjyfishy,Team Heretics,deadlock,False,,25,0,0,0,2,False,Wo0t,Team Heretics,chamber,True,100,50,0,8,0,7,True,grubinho,GIANTX,omen,True,100,,0,0,0,7,True,ara,GIANTX,raze,True,85,25,0,0,1,7,False,Cloud,GIANTX,fade,True,100,25,1,0,0,3,False,Flickless,GIANTX,viper,True,100,25,1,0,0,7,True,westside,GIANTX,cypher,True,100,25,0,0,0,6,False
632.499,2709,ACTIVE_ROUND,6,3,2,78.000,,,MiniBoo,Team Heretics,raze,False,,50,0,0,0,3,False,RieNs,Team Heretics,fade,False,,33,0,0,0,7,False,Boo,Team Heretics,omen,False,,25,0,0,0,5,False,benjyfishy,Team Heretics,deadlock,False,,25,0,0,0,2,False,Wo0t,Team Heretics,chamber,True,100,50,0,8,0,7,True,grubinho,GIANTX,omen,True,100,,0,0,0,7,True,ara,GIANTX,raze,True,85,25,0,0,1,7,False,Cloud,GIANTX,fade,True,100,25,1,0,0,3,False,Flickless,GIANTX,viper,True,100,25,1,0,0,7,True,westside,GIANTX,cypher,True,100,25,0,0,0,6,False
632.732,2710,ACTIVE_ROUND,6,3,2,78.000,,,MiniBoo,Team Heretics,raze,False,,50,0,0,0,3,False,RieNs,Team Heretics,fade,False,,33,0,0,0,7,False,Boo,Team Heretics,omen,False,,25,0,0,0,5,False,benjyfishy,Team Heretics,deadlock,False,,25,0,0,0,2,False,Wo0t,Team Heretics,chamber,True,100,50,0,8,0,7,True,grubinho,GIANTX,omen,True,100,,0,0,0,7,True,ara,GIANTX,raze,True,85,25,0,0,1,7,False,Cloud,GIANTX,fade,True,100,25,1,0,0,3,False,Flickless,GIANTX,viper,True,100,25,1,0,0,7,True,westside,GIANTX,cypher,True,100,25,0,0,0,6,False
632.966,2711,ACTIVE_ROUND,6,3,2,78.000,,,MiniBoo,Team Heretics,raze,False,,50,0,0,0,3,False,RieNs,Team Heretics,fade,False,,33,0,0,0,7,False,Boo,Team Heretics,omen,False,,25,0,0,0,5,False,benjyfishy,Team Heretics,deadlock,False,,25,0,0,0,2,False,Wo0t,Team Heretics,chamber,True,100,50,0,8,0,7,True,grubinho,GIANTX,omen,True,100,,0,0,0,7,True,ara,GIANTX,raze,True,85,25,0,0,1,7,False,Cloud,GIANTX,fade,True,100,25,1,0,0,3,False,Flickless,GIANTX,viper,True,100,25,1,0,0,7,True,westside,GIANTX,cypher,True,100,25,0,0,0,6,False
633.199,2712,ACTIVE_ROUND,6,3,2,78.000,,,MiniBoo,Team Heretics,raze,False,,50,0,0,0,3,False,RieNs,Team Heretics,fade,False,,33,0,0,0,7,False,Boo,Team Heretics,omen,False,,25,0,0,0,5,False,benjyfishy,Team Heretics,deadlock,False,,25,0,0,0,2,False,Wo0t,Team Heretics,chamber,True,100,50,0,8,0,7,True,grubinho,GIANTX,omen,True,100,,0,0,0,7,True,ara,GIANTX,raze,True,85,25,0,0,1,7,False,Cloud,GIANTX,fade,True,100,25,1,0,0,3,False,Flickless,GIANTX,viper,True,100,25,1,0,0,7,True,westside,GIANTX,cypher,True,100,25,0,0,0,6,False
633.433,2713,ACTIVE_ROUND,6,3,2,78.000,,,MiniBoo,Team Heretics,raze,False,,50,0,0,0,3,False,RieNs,Team Heretics,fade,False,,33,0,0,0,7,False,Boo,Team Heretics,omen,False,,25,0,0,0,5,False,benjyfishy,Team Heretics,deadlock,False,,25,0,0,0,2,False,Wo0t,Team Heretics,chamber,True,100,50,0,8,0,7,True,grubinho,GIANTX,omen,True,100,,0,0,0,7,True,ara,GIANTX,raze,True,85,25,0,0,1,7,False,Cloud,GIANTX,fade,True,100,25,1,0,0,3,False,Flickless,GIANTX,viper,True,100,25,1,0,0,7,True,westside,GIANTX,cypher,True,100,25,0,0,0,6,False
633.666,2714,ACTIVE_ROUND,6,3,2,77.000,,,MiniBoo,Team Heretics,raze,False,,50,0,0,0,3,False,RieNs,Team Heretics,fade,False,,33,0,0,0,7,False,Boo,Team Heretics,omen,False,,25,0,0,0,5,False,benjyfishy,Team Heretics,deadlock,False,,25,0,0,0,2,False,Wo0t,Team Heretics,chamber,True,100,50,0,8,0,7,True,grubinho,GIANTX,omen,True,100,,0,0,0,7,True,ara,GIANTX,raze,True,85,25,0,0,1,7,False,Cloud,GIANTX,fade,True,100,25,1,0,0,3,False,Flickless,GIANTX,viper,True,100,25,1,0,0,7,True,westside,GIANTX,cypher,True,100,25,0,0,0,6,False
633.900,2715,ACTIVE_ROUND,6,3,2,77.000,,,MiniBoo,Team Heretics,raze,False,,50,0,0,0,3,False,RieNs,Team Heretics,fade,False,,33,0,0,0,7,False,Boo,Team Heretics,omen,False,,25,0,0,0,5,False,benjyfishy,Team Heretics,deadlock,False,,25,0,0,0,2,False,Wo0t,Team Heretics,chamber,True,100,50,0,8,0,7,True,grubinho,GIANTX,omen,True,100,,0,0,0,7,True,ara,GIANTX,raze,True,85,25,0,0,1,7,False,Cloud,GIANTX,fade,True,100,25,1,0,0,3,False,Flickless,GIANTX,viper,True,100,25,1,0,0,7,True,westside,GIANTX,cypher,True,100,25,0,0,0,6,False
634.134,2716,ACTIVE_ROUND,6,3,2,77.000,,,MiniBoo,Team Heretics,raze,False,,50,0,0,0,3,False,RieNs,Team Heretics,fade,False,,33,0,0,0,7,False,Boo,Team Heretics,omen,False,,25,0,0,0,5,False,benjyfishy,Team Heretics,deadlock,False,,25,0,0,0,2,False,Wo0t,Team Heretics,chamber,True,100,50,0,8,0,7,True,grubinho,GIANTX,omen,True,100,,0,0,0,7,True,ara,GIANTX,raze,True,85,25,0,0,1,7,False,Cloud,GIANTX,fade,True,100,25,1,0,0,3,False,Flickless,GIANTX,viper,True,100,25,1,0,0,7,True,westside,GIANTX,cypher,True,100,25,0,0,0,6,False
634.367,2717,ACTIVE_ROUND,6,3,2,77.000,,,MiniBoo,Team Heretics,raze,False,,50,0,0,0,3,False,RieNs,Team Heretics,fade,False,,33,0,0,0,7,False,Boo,Team Heretics,omen,False,,25,0,0,0,5,False,benjyfishy,Team Heretics,deadlock,False,,25,0,0,0,2,False,Wo0t,Team Heretics,chamber,True,100,50,0,8,0,7,True,grubinho,GIANTX,omen,True,100,,0,0,0,7,True,ara,GIANTX,raze,True,85,25,0,0,1,7,False,Cloud,GIANTX,fade,True,100,25,1,0,0,3,False,Flickless,GIANTX,viper,True,100,25,1,0,0,7,True,westside,GIANTX,cypher,True,100,25,0,0,0,6,False
634.601,2718,ACTIVE_ROUND,6,3,2,76.000,,,MiniBoo,Team Heretics,raze,False,,50,0,0,0,3,False,RieNs,Team Heretics,fade,False,,33,0,0,0,7,False,Boo,Team Heretics,omen,False,,25,0,0,0,5,False,benjyfishy,Team Heretics,deadlock,False,,25,0,0,0,2,False,Wo0t,Team Heretics,chamber,True,100,50,0,8,0,7,True,grubinho,GIANTX,omen,True,100,,0,0,0,7,True,ara,GIANTX,raze,True,85,25,0,0,1,7,False,Cloud,GIANTX,fade,True,100,25,1,0,0,3,False,Flickless,GIANTX,viper,True,100,25,1,0,0,7,True,westside,GIANTX,cypher,True,100,25,0,0,0,6,False
634.834,2719,ACTIVE_ROUND,6,3,2,76.000,,,MiniBoo,Team Heretics,raze,False,,50,0,0,0,3,False,RieNs,Team Heretics,fade,False,,33,0,0,0,7,False,Boo,Team Heretics,omen,False,,25,0,0,0,5,False,benjyfishy,Team Heretics,deadlock,False,,25,0,0,0,2,False,Wo0t,Team Heretics,chamber,True,100,50,0,8,0,7,True,grubinho,GIANTX,omen,True,100,,0,0,0,7,True,ara,GIANTX,raze,True,85,25,0,0,1,7,False,Cloud,GIANTX,fade,True,100,25,1,0,0,3,False,Flickless,GIANTX,viper,True,100,25,1,0,0,7,True,westside,GIANTX,cypher,True,100,25,0,0,0,6,False
635.068,2720,ACTIVE_ROUND,6,3,2,76.000,,,MiniBoo,Team Heretics,raze,False,,50,0,0,0,3,False,RieNs,Team Heretics,fade,False,,33,0,0,0,7,False,Boo,Team Heretics,omen,False,,25,0,0,0,5,False,benjyfishy,Team Heretics,deadlock,False,,25,0,0,0,2,False,Wo0t,Team Heretics,chamber,True,100,50,0,8,0,7,True,grubinho,GIANTX,omen,True,100,,0,0,0,7,True,ara,GIANTX,raze,True,85,25,0,0,1,7,False,Cloud,GIANTX,fade,True,100,25,1,0,0,3,False,Flickless,GIANTX,viper,True,100,25,1,0,0,7,True,westside,GIANTX,cypher,True,100,25,0,0,0,6,False
635.301,2721,ACTIVE_ROUND,6,3,2,76.000,,,MiniBoo,Team Heretics,raze,False,,50,0,0,0,3,False,RieNs,Team Heretics,fade,False,,33,0,0,0,7,False,Boo,Team Heretics,omen,False,,25,0,0,0,5,False,benjyfishy,Team Heretics,deadlock,False,,25,0,0,0,2,False,Wo0t,Team Heretics,chamber,True,100,50,0,8,0,7,True,grubinho,GIANTX,omen,True,100,,0,0,0,7,True,ara,GIANTX,raze,True,85,25,0,0,1,7,False,Cloud,GIANTX,fade,True,100,25,1,0,0,3,False,Flickless,GIANTX,viper,True,100,25,1,0,0,7,True,westside,GIANTX,cypher,True,100,25,0,0,0,6,False
635.535,2722,ACTIVE_ROUND,6,3,2,75.000,,,MiniBoo,Team Heretics,raze,False,,50,0,0,0,3,False,RieNs,Team Heretics,fade,False,,33,0,0,0,7,False,Boo,Team Heretics,omen,False,,25,0,0,0,5,False,benjyfishy,Team Heretics,deadlock,False,,25,0,0,0,2,False,Wo0t,Team Heretics,chamber,True,100,50,0,8,0,7,True,grubinho,GIANTX,omen,True,100,,0,0,0,7,True,ara,GIANTX,raze,True,85,25,0,0,1,7,False,Cloud,GIANTX,fade,True,100,25,1,0,0,3,False,Flickless,GIANTX,viper,True,100,25,1,0,0,7,True,westside,GIANTX,cypher,True,100,25,0,0,0,6,False
636.469,2726,ACTIVE_ROUND,6,3,2,,0.000,,MiniBoo,Team Heretics,raze,False,,50,0,0,0,3,False,RieNs,Team Heretics,fade,False,,33,0,0,0,7,False,Boo,Team Heretics,omen,False,,25,0,0,0,5,False,benjyfishy,Team Heretics,deadlock,False,,25,0,0,0,2,False,Wo0t,Team Heretics,chamber,True,100,50,0,8,0,7,True,grubinho,GIANTX,omen,True,100,,0,0,0,7,True,ara,GIANTX,raze,True,85,25,0,0,1,7,True,Cloud,GIANTX,fade,True,100,25,1,0,0,3,False,Flickless,GIANTX,viper,True,100,25,1,0,0,7,True,westside,GIANTX,cypher,True,100,25,0,0,0,6,False
636.703,2727,ACTIVE_ROUND,6,3,2,,0.234,,MiniBoo,Team Heretics,raze,False,,50,0,0,0,3,False,RieNs,Team Heretics,fade,False,,33,0,0,0,7,False,Boo,Team Heretics,omen,False,,25,0,0,0,5,False,benjyfishy,Team Heretics,deadlock,False,,25,0,0,0,2,False,Wo0t,Team Heretics,chamber,True,100,50,0,8,0,7,True,grubinho,GIANTX,omen,True,100,,0,0,0,7,True,ara,GIANTX,raze,True,85,25,0,0,1,7,True,Cloud,GIANTX,fade,True,100,25,1,0,0,3,False,Flickless,GIANTX,viper,True,100,25,1,0,0,7,True,westside,GIANTX,cypher,True,100,25,0,0,0,6,False
636.936,2728,ACTIVE_ROUND,6,3,2,,0.467,,MiniBoo,Team Heretics,raze,False,,50,0,0,0,3,False,RieNs,Team Heretics,fade,False,,33,0,0,0,7,False,Boo,Team Heretics,omen,False,,25,0,0,0,5,False,benjyfishy,Team Heretics,deadlock,False,,25,0,0,0,2,False,Wo0t,Team Heretics,chamber,True,100,50,0,8,0,7,True,grubinho,GIANTX,omen,True,100,,0,0,0,7,True,ara,GIANTX,raze,True,85,25,0,0,1,7,True,Cloud,GIANTX,fade,True,100,25,1,0,0,3,False,Flickless,GIANTX,viper,True,100,25,1,0,0,7,True,westside,GIANTX,cypher,True,100,25,0,0,0,6,False
637.170,2729,ACTIVE_ROUND,6,3,2,,0.701,,MiniBoo,Team Heretics,raze,False,,50,0,0,0,3,False,RieNs,Team Heretics,fade,False,,33,0,0,0,7,False,Boo,Team Heretics,omen,False,,25,0,0,0,5,False,benjyfishy,Team Heretics,deadlock,False,,25,0,0,0,2,False,Wo0t,Team Heretics,chamber,True,100,50,0,8,0,7,True,grubinho,GIANTX,omen,True,100,,0,0,0,7,True,ara,GIANTX,raze,True,85,25,0,0,1,7,True,Cloud,GIANTX,fade,True,100,25,1,0,0,3,False,Flickless,GIANTX,viper,True,100,25,1,0,0,7,True,westside,GIANTX,cypher,True,100,25,0,0,0,6,False
637.403,2730,ACTIVE_ROUND,6,3,2,,0.934,,MiniBoo,Team Heretics,raze,False,,50,0,0,0,3,False,RieNs,Team Heretics,fade,False,,33,0,0,0,7,False,Boo,Team Heretics,omen,False,,25,0,0,0,5,False,benjyfishy,Team Heretics,deadlock,False,,25,0,0,0,2,False,Wo0t,Team Heretics,chamber,True,100,50,0,8,0,7,True,grubinho,GIANTX,omen,True,100,,0,0,0,7,True,ara,GIANTX,raze,True,85,25,0,0,1,7,True,Cloud,GIANTX,fade,True,100,25,1,0,0,3,False,Flickless,GIANTX,viper,True,100,25,1,0,0,7,True,westside,GIANTX,cypher,True,100,25,0,0,0,6,False
637.637,2731,ACTIVE_ROUND,6,3,2,,1.168,,MiniBoo,Team Heretics,raze,False,,50,0,0,0,3,False,RieNs,Team Heretics,fade,False,,33,0,0,0,7,False,Boo,Team Heretics,omen,False,,25,0,0,0,5,False,benjyfishy,Team Heretics,deadlock,False,,25,0,0,0,2,False,Wo0t,Team Heretics,chamber,True,100,50,0,8,0,7,True,grubinho,GIANTX,omen,True,100,,0,0,0,7,True,ara,GIANTX,raze,True,85,25,0,0,1,7,True,Cloud,GIANTX,fade,True,100,25,1,0,0,3,False,Flickless,GIANTX,viper,True,100,25,1,0,0,7,True,westside,GIANTX,cypher,True,100,25,0,0,0,6,False
637.871,2732,ACTIVE_ROUND,6,3,2,,1.401,,MiniBoo,Team Heretics,raze,False,,50,0,0,0,3,False,RieNs,Team Heretics,fade,False,,33,0,0,0,7,False,Boo,Team Heretics,omen,False,,25,0,0,0,5,False,benjyfishy,Team Heretics,deadlock,False,,25,0,0,0,2,False,Wo0t,Team Heretics,chamber,True,100,50,0,8,0,7,True,grubinho,GIANTX,omen,True,100,,0,0,0,7,True,ara,GIANTX,raze,True,85,25,0,0,1,7,True,Cloud,GIANTX,fade,True,100,25,1,0,0,3,False,Flickless,GIANTX,viper,True,100,25,1,0,0,7,True,westside,GIANTX,cypher,True,100,25,0,0,0,6,False
638.104,2733,ACTIVE_ROUND,6,3,2,,1.635,,MiniBoo,Team Heretics,raze,False,,50,0,0,0,3,False,RieNs,Team Heretics,fade,False,,33,0,0,0,7,False,Boo,Team Heretics,omen,False,,25,0,0,0,5,False,benjyfishy,Team Heretics,deadlock,False,,25,0,0,0,2,False,Wo0t,Team Heretics,chamber,True,100,50,0,8,0,7,True,grubinho,GIANTX,omen,True,100,,0,0,0,7,True,ara,GIANTX,raze,True,85,25,0,0,1,7,True,Cloud,GIANTX,fade,True,100,25,1,0,0,3,False,Flickless,GIANTX,viper,True,100,25,1,0,0,7,True,westside,GIANTX,cypher,True,100,25,0,0,0,6,False
638.338,2734,ACTIVE_ROUND,6,3,2,,1.869,,MiniBoo,Team Heretics,raze,False,,50,0,0,0,3,False,RieNs,Team Heretics,fade,False,,33,0,0,0,7,False,Boo,Team Heretics,omen,False,,25,0,0,0,5,False,benjyfishy,Team Heretics,deadlock,False,,25,0,0,0,2,False,Wo0t,Team Heretics,chamber,True,100,50,0,8,0,7,True,grubinho,GIANTX,omen,True,100,,0,0,0,7,True,ara,GIANTX,raze,True,85,25,0,0,1,7,True,Cloud,GIANTX,fade,True,100,25,1,0,0,3,False,Flickless,GIANTX,viper,True,100,25,1,0,0,7,True,westside,GIANTX,cypher,True,100,25,0,0,0,6,False
638.571,2735,ACTIVE_ROUND,6,3,2,,2.102,,MiniBoo,Team Heretics,raze,False,,50,0,0,0,3,False,RieNs,Team Heretics,fade,False,,33,0,0,0,7,False,Boo,Team Heretics,omen,False,,25,0,0,0,5,False,benjyfishy,Team Heretics,deadlock,False,,25,0,0,0,2,False,Wo0t,Team Heretics,chamber,True,100,50,0,8,0,7,True,grubinho,GIANTX,omen,True,100,,0,0,0,7,True,ara,GIANTX,raze,True,85,25,0,0,1,7,True,Cloud,GIANTX,fade,True,100,25,1,0,0,3,False,Flickless,GIANTX,viper,True,100,25,1,0,0,7,True,westside,GIANTX,cypher,True,100,25,0,0,0,6,False
638.805,2736,ACTIVE_ROUND,6,3,2,,2.336,,MiniBoo,Team Heretics,raze,False,,50,0,0,0,3,False,RieNs,Team Heretics,fade,False,,33,0,0,0,7,False,Boo,Team Heretics,omen,False,,25,0,0,0,5,False,benjyfishy,Team Heretics,deadlock,False,,25,0,0,0,2,False,Wo0t,Team Heretics,chamber,True,100,50,0,8,0,7,True,grubinho,GIANTX,omen,True,100,,0,0,0,7,True,ara,GIANTX,raze,True,85,25,0,0,1,7,True,Cloud,GIANTX,fade,True,100,25,1,0,0,3,False,Flickless,GIANTX,viper,True,100,25,1,0,0,7,True,westside,GIANTX,cypher,True,100,25,0,0,0,6,False
639.038,2737,ACTIVE_ROUND,6,3,2,,2.569,,MiniBoo,Team Heretics,raze,False,,50,0,0,0,3,False,RieNs,Team Heretics,fade,False,,33,0,0,0,7,False,Boo,Team Heretics,omen,False,,25,0,0,0,5,False,benjyfishy,Team Heretics,deadlock,False,,25,0,0,0,2,False,Wo0t,Team Heretics,chamber,True,100,50,0,8,0,7,True,grubinho,GIANTX,omen,True,100,,0,0,0,7,True,ara,GIANTX,raze,True,85,25,0,0,1,7,True,Cloud,GIANTX,fade,True,100,25,1,0,0,3,False,Flickless,GIANTX,viper,True,100,25,1,0,0,7,True,westside,GIANTX,cypher,True,100,25,0,0,0,6,False
639.272,2738,ACTIVE_ROUND,6,3,2,,2.803,,MiniBoo,Team Heretics,raze,False,,50,0,0,0,3,False,RieNs,Team Heretics,fade,False,,33,0,0,0,7,False,Boo,Team Heretics,omen,False,,25,0,0,0,5,False,benjyfishy,Team Heretics,deadlock,False,,25,0,0,0,2,False,Wo0t,Team Heretics,chamber,True,100,50,0,8,0,7,True,grubinho,GIANTX,omen,True,100,,0,0,0,7,True,ara,GIANTX,raze,True,85,25,0,0,1,7,True,Cloud,GIANTX,fade,True,100,25,1,0,0,3,False,Flickless,GIANTX,viper,True,100,25,1,0,0,7,True,westside,GIANTX,cypher,True,100,25,0,0,0,6,False
639.506,2739,ACTIVE_ROUND,6,3,2,,3.036,,MiniBoo,Team Heretics,raze,False,,50,0,0,0,3,False,RieNs,Team Heretics,fade,False,,33,0,0,0,7,False,Boo,Team Heretics,omen,False,,25,0,0,0,5,False,benjyfishy,Team Heretics,deadlock,False,,25,0,0,0,2,False,Wo0t,Team Heretics,chamber,True,100,50,0,8,0,7,True,grubinho,GIANTX,omen,True,100,,0,0,0,7,True,ara,GIANTX,raze,True,85,25,0,0,1,7,True,Cloud,GIANTX,fade,True,100,25,1,0,0,3,False,Flickless,GIANTX,viper,True,100,25,1,0,0,7,True,westside,GIANTX,cypher,True,100,25,0,0,0,6,False
639.739,2740,ACTIVE_ROUND,6,3,2,,3.270,,MiniBoo,Team Heretics,raze,False,,50,0,0,0,3,False,RieNs,Team Heretics,fade,False,,33,0,0,0,7,False,Boo,Team Heretics,omen,False,,25,0,0,0,5,False,benjyfishy,Team Heretics,deadlock,False,,25,0,0,0,2,False,Wo0t,Team Heretics,chamber,True,100,50,0,8,0,7,True,grubinho,GIANTX,omen,True,100,,0,0,0,7,True,ara,GIANTX,raze,True,85,25,0,0,1,7,True,Cloud,GIANTX,fade,True,100,25,1,0,0,3,False,Flickless,GIANTX,viper,True,100,25,1,0,0,7,True,westside,GIANTX,cypher,True,100,25,0,0,0,6,False
639.973,2741,ACTIVE_ROUND,6,3,2,,3.504,,MiniBoo,Team Heretics,raze,False,,50,0,0,0,3,False,RieNs,Team Heretics,fade,False,,33,0,0,0,7,False,Boo,Team Heretics,omen,False,,25,0,0,0,5,False,benjyfishy,Team Heretics,deadlock,False,,25,0,0,0,2,False,Wo0t,Team Heretics,chamber,True,100,50,0,8,0,7,True,grubinho,GIANTX,omen,True,100,,0,0,0,7,True,ara,GIANTX,raze,True,85,25,0,0,1,7,True,Cloud,GIANTX,fade,True,100,25,1,0,0,3,False,Flickless,GIANTX,viper,True,100,25,1,0,0,7,True,westside,GIANTX,cypher,True,100,25,0,0,0,6,False
640.206,2742,ACTIVE_ROUND,6,3,2,,3.737,,MiniBoo,Team Heretics,raze,False,,50,0,0,0,3,False,RieNs,Team Heretics,fade,False,,33,0,0,0,7,False,Boo,Team Heretics,omen,False,,25,0,0,0,5,False,benjyfishy,Team Heretics,deadlock,False,,25,0,0,0,2,False,Wo0t,Team Heretics,chamber,True,100,50,0,8,0,7,True,grubinho,GIANTX,omen,True,100,,0,0,0,7,True,ara,GIANTX,raze,True,85,25,0,0,1,7,True,Cloud,GIANTX,fade,True,100,25,1,0,0,3,False,Flickless,GIANTX,viper,True,100,25,1,0,0,7,True,westside,GIANTX,cypher,True,100,25,0,0,0,6,False
640.440,2743,ACTIVE_ROUND,6,3,2,,3.971,,MiniBoo,Team Heretics,raze,False,,50,0,0,0,3,False,RieNs,Team Heretics,fade,False,,33,0,0,0,7,False,Boo,Team Heretics,omen,False,,25,0,0,0,5,False,benjyfishy,Team Heretics,deadlock,False,,25,0,0,0,2,False,Wo0t,Team Heretics,chamber,True,100,50,0,8,0,7,True,grubinho,GIANTX,omen,True,100,,0,0,0,7,True,ara,GIANTX,raze,True,85,25,0,0,1,7,True,Cloud,GIANTX,fade,True,100,25,1,0,0,3,False,Flickless,GIANTX,viper,True,100,25,1,0,0,7,True,westside,GIANTX,cypher,True,100,25,0,0,0,6,False
640.673,2744,ACTIVE_ROUND,6,3,2,,4.204,,MiniBoo,Team Heretics,raze,False,,50,0,0,0,3,False,RieNs,Team Heretics,fade,False,,33,0,0,0,7,False,Boo,Team Heretics,omen,False,,25,0,0,0,5,False,benjyfishy,Team Heretics,deadlock,False,,25,0,0,0,2,False,Wo0t,Team Heretics,chamber,True,100,50,0,8,0,7,True,grubinho,GIANTX,omen,True,100,,0,0,0,7,True,ara,GIANTX,raze,True,85,25,0,0,1,7,True,Cloud,GIANTX,fade,True,100,25,1,0,0,3,False,Flickless,GIANTX,viper,True,100,25,1,0,0,7,True,westside,GIANTX,cypher,True,100,25,0,0,0,6,False
640.907,2745,ACTIVE_ROUND,6,3,2,,4.438,,MiniBoo,Team Heretics,raze,False,,50,0,0,0,3,False,RieNs,Team Heretics,fade,False,,33,0,0,0,7,False,Boo,Team Heretics,omen,False,,25,0,0,0,5,False,benjyfishy,Team Heretics,deadlock,False,,25,0,0,0,2,False,Wo0t,Team Heretics,chamber,True,100,50,0,8,0,7,True,grubinho,GIANTX,omen,True,100,,0,0,0,7,True,ara,GIANTX,raze,True,85,25,0,0,1,7,True,Cloud,GIANTX,fade,True,100,25,1,0,0,3,False,Flickless,GIANTX,viper,True,100,25,1,0,0,7,True,westside,GIANTX,cypher,True,100,25,0,0,0,6,False
641.140,2746,ACTIVE_ROUND,6,3,2,,4.671,,MiniBoo,Team Heretics,raze,False,,50,0,0,0,3,False,RieNs,Team Heretics,fade,False,,33,0,0,0,7,False,Boo,Team Heretics,omen,False,,25,0,0,0,5,False,benjyfishy,Team Heretics,deadlock,False,,25,0,0,0,2,False,Wo0t,Team Heretics,chamber,True,100,50,0,8,0,7,True,grubinho,GIANTX,omen,True,100,,0,0,0,7,True,ara,GIANTX,raze,True,85,25,0,0,1,7,True,Cloud,GIANTX,fade,True,100,25,1,0,0,3,False,Flickless,GIANTX,viper,True,100,25,1,0,0,7,True,westside,GIANTX,cypher,True,100,25,0,0,0,6,False
641.374,2747,ACTIVE_ROUND,6,3,2,,4.905,,MiniBoo,Team Heretics,raze,False,,50,0,0,0,3,False,RieNs,Team Heretics,fade,False,,33,0,0,0,7,False,Boo,Team Heretics,omen,False,,25,0,0,0,5,False,benjyfishy,Team Heretics,deadlock,False,,25,0,0,0,2,False,Wo0t,Team Heretics,chamber,True,100,50,0,8,0,7,True,grubinho,GIANTX,omen,True,100,,0,0,0,7,True,ara,GIANTX,raze,True,85,25,0,0,1,7,True,Cloud,GIANTX,fade,True,100,25,1,0,0,3,False,Flickless,GIANTX,viper,True,100,25,1,0,0,7,True,westside,GIANTX,cypher,True,100,25,0,0,0,6,False
641.608,2748,ACTIVE_ROUND,6,3,2,,5.138,,MiniBoo,Team Heretics,raze,False,,50,0,0,0,3,False,RieNs,Team Heretics,fade,False,,33,0,0,0,7,False,Boo,Team Heretics,omen,False,,25,0,0,0,5,False,benjyfishy,Team Heretics,deadlock,False,,25,0,0,0,2,False,Wo0t,Team Heretics,chamber,True,100,50,0,8,0,7,True,grubinho,GIANTX,omen,True,100,,0,0,0,7,True,ara,GIANTX,raze,True,85,25,0,0,1,7,True,Cloud,GIANTX,fade,True,100,25,1,0,0,3,False,Flickless,GIANTX,viper,True,100,25,1,0,0,7,True,westside,GIANTX,cypher,True,100,25,0,0,0,6,False
641.841,2749,ACTIVE_ROUND,6,3,2,,5.372,,MiniBoo,Team Heretics,raze,False,,50,0,0,0,3,False,RieNs,Team Heretics,fade,False,,33,0,0,0,7,False,Boo,Team Heretics,omen,False,,25,0,0,0,5,False,benjyfishy,Team Heretics,deadlock,False,,25,0,0,0,2,False,Wo0t,Team Heretics,chamber,True,100,50,0,8,0,7,True,grubinho,GIANTX,omen,True,100,,0,0,0,7,True,ara,GIANTX,raze,True,85,25,0,0,1,7,True,Cloud,GIANTX,fade,True,100,25,1,0,0,3,False,Flickless,GIANTX,viper,True,100,25,1,0,0,7,True,westside,GIANTX,cypher,True,100,25,0,0,0,6,False
642.075,2750,ACTIVE_ROUND,6,3,2,,5.606,,MiniBoo,Team Heretics,raze,False,,50,0,0,0,3,False,RieNs,Team Heretics,fade,False,,33,0,0,0,7,False,Boo,Team Heretics,omen,False,,25,0,0,0,5,False,benjyfishy,Team Heretics,deadlock,False,,25,0,0,0,2,False,Wo0t,Team Heretics,chamber,True,100,50,0,8,0,7,True,grubinho,GIANTX,omen,True,100,,0,0,0,7,True,ara,GIANTX,raze,True,85,25,0,0,1,7,True,Cloud,GIANTX,fade,True,100,25,1,0,0,3,False,Flickless,GIANTX,viper,True,100,25,1,0,0,7,True,westside,GIANTX,cypher,True,100,25,0,0,0,6,False
642.308,2751,ACTIVE_ROUND,6,3,2,,5.839,,MiniBoo,Team Heretics,raze,False,,50,0,0,0,3,False,RieNs,Team Heretics,fade,False,,33,0,0,0,7,False,Boo,Team Heretics,omen,False,,25,0,0,0,5,False,benjyfishy,Team Heretics,deadlock,False,,25,0,0,0,2,False,Wo0t,Team Heretics,chamber,True,100,50,0,8,0,7,True,grubinho,GIANTX,omen,True,100,,0,0,0,7,True,ara,GIANTX,raze,True,85,25,0,0,1,7,True,Cloud,GIANTX,fade,True,100,25,1,0,0,3,False,Flickless,GIANTX,viper,True,100,25,1,0,0,7,True,westside,GIANTX,cypher,True,100,25,0,0,0,6,False
642.542,2752,ACTIVE_ROUND,6,3,2,,6.073,,MiniBoo,Team Heretics,raze,False,,50,0,0,0,3,False,RieNs,Team Heretics,fade,False,,33,0,0,0,7,False,Boo,Team Heretics,omen,False,,25,0,0,0,5,False,benjyfishy,Team Heretics,deadlock,False,,25,0,0,0,2,False,Wo0t,Team Heretics,chamber,True,100,50,0,8,0,7,True,grubinho,GIANTX,omen,True,100,,0,0,0,7,True,ara,GIANTX,raze,True,85,25,0,0,1,7,True,Cloud,GIANTX,fade,True,100,25,1,0,0,3,False,Flickless,GIANTX,viper,True,100,25,1,0,0,7,True,westside,GIANTX,cypher,True,100,25,0,0,0,6,False
642.775,2753,ACTIVE_ROUND,6,3,2,,6.306,,MiniBoo,Team Heretics,raze,False,,50,0,0,0,3,False,RieNs,Team Heretics,fade,False,,33,0,0,0,7,False,Boo,Team Heretics,omen,False,,25,0,0,0,5,False,benjyfishy,Team Heretics,deadlock,False,,25,0,0,0,2,False,Wo0t,Team Heretics,chamber,True,100,50,0,8,0,7,True,grubinho,GIANTX,omen,True,100,,0,0,0,7,True,ara,GIANTX,raze,True,85,25,0,0,1,7,True,Cloud,GIANTX,fade,True,100,25,1,0,0,3,False,Flickless,GIANTX,viper,True,100,25,1,0,0,7,True,westside,GIANTX,cypher,True,100,25,0,0,0,6,False
643.009,2754,ACTIVE_ROUND,6,3,2,,6.540,,MiniBoo,Team Heretics,raze,False,,50,0,0,0,3,False,RieNs,Team Heretics,fade,False,,33,0,0,0,7,False,Boo,Team Heretics,omen,False,,25,0,0,0,5,False,benjyfishy,Team Heretics,deadlock,False,,25,0,0,0,2,False,Wo0t,Team Heretics,chamber,True,100,50,0,8,0,7,True,grubinho,GIANTX,omen,True,100,,0,0,0,7,True,ara,GIANTX,raze,True,85,25,0,0,1,7,True,Cloud,GIANTX,fade,True,100,25,1,0,0,3,False,Flickless,GIANTX,viper,True,100,25,1,0,0,7,True,westside,GIANTX,cypher,True,100,25,0,0,0,6,False
643.243,2755,ACTIVE_ROUND,6,3,2,,6.773,,MiniBoo,Team Heretics,raze,False,,50,0,0,0,3,False,RieNs,Team Heretics,fade,False,,33,0,0,0,7,False,Boo,Team Heretics,omen,False,,25,0,0,0,5,False,benjyfishy,Team Heretics,deadlock,False,,25,0,0,0,2,False,Wo0t,Team Heretics,chamber,True,100,50,0,8,0,7,True,grubinho,GIANTX,omen,True,100,,0,0,0,7,True,ara,GIANTX,raze,True,85,25,0,0,1,7,True,Cloud,GIANTX,fade,True,100,25,1,0,0,3,False,Flickless,GIANTX,viper,True,100,25,1,0,0,7,True,westside,GIANTX,cypher,True,100,25,0,0,0,6,False
643.476,2756,ACTIVE_ROUND,6,3,2,,7.007,,MiniBoo,Team Heretics,raze,False,,50,0,0,0,3,False,RieNs,Team Heretics,fade,False,,33,0,0,0,7,False,Boo,Team Heretics,omen,False,,25,0,0,0,5,False,benjyfishy,Team Heretics,deadlock,False,,25,0,0,0,2,False,Wo0t,Team Heretics,chamber,True,100,50,0,8,0,7,True,grubinho,GIANTX,omen,True,100,,0,0,0,7,True,ara,GIANTX,raze,True,85,25,0,0,1,7,True,Cloud,GIANTX,fade,True,100,25,1,0,0,3,False,Flickless,GIANTX,viper,True,100,25,1,0,0,7,True,westside,GIANTX,cypher,True,100,25,0,0,0,6,False
643.710,2757,ACTIVE_ROUND,6,3,2,,7.241,,MiniBoo,Team Heretics,raze,False,,50,0,0,0,3,False,RieNs,Team Heretics,fade,False,,33,0,0,0,7,False,Boo,Team Heretics,omen,False,,25,0,0,0,5,False,benjyfishy,Team Heretics,deadlock,False,,25,0,0,0,2,False,Wo0t,Team Heretics,chamber,True,100,50,0,8,0,7,True,grubinho,GIANTX,omen,True,100,,0,0,0,7,True,ara,GIANTX,raze,True,85,25,0,0,1,7,True,Cloud,GIANTX,fade,True,100,25,1,0,0,3,False,Flickless,GIANTX,viper,True,100,25,1,0,0,7,True,westside,GIANTX,cypher,True,100,25,0,0,0,6,False
643.943,2758,ACTIVE_ROUND,6,3,2,,7.474,,MiniBoo,Team Heretics,raze,False,,50,0,0,0,3,False,RieNs,Team Heretics,fade,False,,33,0,0,0,7,False,Boo,Team Heretics,omen,False,,25,0,0,0,5,False,benjyfishy,Team Heretics,deadlock,False,,25,0,0,0,2,False,Wo0t,Team Heretics,chamber,True,100,50,0,8,0,7,True,grubinho,GIANTX,omen,True,100,,0,0,0,7,True,ara,GIANTX,raze,True,85,25,0,0,1,7,True,Cloud,GIANTX,fade,True,100,25,1,0,0,3,False,Flickless,GIANTX,viper,True,100,25,1,0,0,7,True,westside,GIANTX,cypher,True,100,25,0,0,0,6,False
644.177,2759,ACTIVE_ROUND,6,3,2,,7.708,,MiniBoo,Team Heretics,raze,False,,50,0,0,0,3,False,RieNs,Team Heretics,fade,False,,33,0,0,0,7,False,Boo,Team Heretics,omen,False,,25,0,0,0,5,False,benjyfishy,Team Heretics,deadlock,False,,25,0,0,0,2,False,Wo0t,Team Heretics,chamber,True,100,50,0,8,0,7,True,grubinho,GIANTX,omen,True,100,,0,0,0,7,True,ara,GIANTX,raze,True,85,25,0,0,1,7,True,Cloud,GIANTX,fade,True,100,25,1,0,0,3,False,Flickless,GIANTX,viper,True,100,25,1,0,0,7,True,westside,GIANTX,cypher,True,100,25,0,0,0,6,False
644.410,2760,ACTIVE_ROUND,6,3,2,,7.941,,MiniBoo,Team Heretics,raze,False,,50,0,0,0,3,False,RieNs,Team Heretics,fade,False,,33,0,0,0,7,False,Boo,Team Heretics,omen,False,,25,0,0,0,5,False,benjyfishy,Team Heretics,deadlock,False,,25,0,0,0,2,False,Wo0t,Team Heretics,chamber,True,100,50,0,8,0,7,True,grubinho,GIANTX,omen,True,100,,0,0,0,7,True,ara,GIANTX,raze,True,85,25,0,0,1,7,True,Cloud,GIANTX,fade,True,100,25,1,0,0,3,False,Flickless,GIANTX,viper,True,100,25,1,0,0,7,True,westside,GIANTX,cypher,True,100,25,0,0,0,6,False
644.644,2761,ACTIVE_ROUND,6,3,2,,8.175,,MiniBoo,Team Heretics,raze,False,,50,0,0,0,3,False,RieNs,Team Heretics,fade,False,,33,0,0,0,7,False,Boo,Team Heretics,omen,False,,25,0,0,0,5,False,benjyfishy,Team Heretics,deadlock,False,,25,0,0,0,2,False,Wo0t,Team Heretics,chamber,True,100,50,0,8,0,7,True,grubinho,GIANTX,omen,True,100,,0,0,0,7,True,ara,GIANTX,raze,True,85,25,0,0,1,7,True,Cloud,GIANTX,fade,True,100,25,1,0,0,3,False,Flickless,GIANTX,viper,True,100,25,1,0,0,7,True,westside,GIANTX,cypher,True,100,25,0,0,0,6,False
644.878,2762,ACTIVE_ROUND,6,3,2,,8.408,,MiniBoo,Team Heretics,raze,False,,50,0,0,0,3,False,RieNs,Team Heretics,fade,False,,33,0,0,0,7,False,Boo,Team Heretics,omen,False,,25,0,0,0,5,False,benjyfishy,Team Heretics,deadlock,False,,25,0,0,0,2,False,Wo0t,Team Heretics,chamber,True,100,50,0,8,0,7,True,grubinho,GIANTX,omen,True,100,,0,0,0,7,True,ara,GIANTX,raze,True,85,25,0,0,1,7,True,Cloud,GIANTX,fade,True,100,25,1,0,0,3,False,Flickless,GIANTX,viper,True,100,25,1,0,0,7,True,westside,GIANTX,cypher,True,100,25,0,0,0,6,False
645.111,2763,ACTIVE_ROUND,6,3,2,,8.642,,MiniBoo,Team Heretics,raze,False,,50,0,0,0,3,False,RieNs,Team Heretics,fade,False,,33,0,0,0,7,False,Boo,Team Heretics,omen,False,,25,0,0,0,5,False,benjyfishy,Team Heretics,deadlock,False,,25,0,0,0,2,False,Wo0t,Team Heretics,chamber,True,100,50,0,8,0,7,True,grubinho,GIANTX,omen,True,100,,0,0,0,7,True,ara,GIANTX,raze,True,85,25,0,0,1,7,True,Cloud,GIANTX,fade,True,100,25,1,0,0,3,False,Flickless,GIANTX,viper,True,100,25,1,0,0,7,True,westside,GIANTX,cypher,True,100,25,0,0,0,6,False
645.345,2764,ACTIVE_ROUND,6,3,2,,8.876,,MiniBoo,Team Heretics,raze,False,,50,0,0,0,3,False,RieNs,Team Heretics,fade,False,,33,0,0,0,7,False,Boo,Team Heretics,omen,False,,25,0,0,0,5,False,benjyfishy,Team Heretics,deadlock,False,,25,0,0,0,2,False,Wo0t,Team Heretics,chamber,True,100,50,0,8,0,7,True,grubinho,GIANTX,omen,True,100,,0,0,0,7,True,ara,GIANTX,raze,True,85,25,0,0,1,7,True,Cloud,GIANTX,fade,True,100,25,1,0,0,3,False,Flickless,GIANTX,viper,True,100,25,1,0,0,7,True,westside,GIANTX,cypher,True,100,25,0,0,0,6,False
645.578,2765,ACTIVE_ROUND,6,3,2,,9.109,,MiniBoo,Team Heretics,raze,False,,50,0,0,0,3,False,RieNs,Team Heretics,fade,False,,33,0,0,0,7,False,Boo,Team Heretics,omen,False,,25,0,0,0,5,False,benjyfishy,Team Heretics,deadlock,False,,25,0,0,0,2,False,Wo0t,Team Heretics,chamber,True,100,50,0,8,0,7,True,grubinho,GIANTX,omen,True,100,,0,0,0,7,True,ara,GIANTX,raze,True,85,25,0,0,1,7,True,Cloud,GIANTX,fade,True,100,25,1,0,0,3,False,Flickless,GIANTX,viper,True,100,25,1,0,0,7,True,westside,GIANTX,cypher,True,100,25,0,0,0,6,False
645.812,2766,ACTIVE_ROUND,6,3,2,,9.343,,MiniBoo,Team Heretics,raze,False,,50,0,0,0,3,False,RieNs,Team Heretics,fade,False,,33,0,0,0,7,False,Boo,Team Heretics,omen,False,,25,0,0,0,5,False,benjyfishy,Team Heretics,deadlock,False,,25,0,0,0,2,False,Wo0t,Team Heretics,chamber,True,100,50,0,8,0,7,True,grubinho,GIANTX,omen,True,100,,0,0,0,7,True,ara,GIANTX,raze,True,85,25,0,0,1,7,True,Cloud,GIANTX,fade,True,100,25,1,0,0,3,False,Flickless,GIANTX,viper,True,100,25,1,0,0,7,True,westside,GIANTX,cypher,True,100,25,0,0,0,6,False
646.045,2767,ACTIVE_ROUND,6,3,2,,9.576,,MiniBoo,Team Heretics,raze,False,,50,0,0,0,3,False,RieNs,Team Heretics,fade,False,,33,0,0,0,7,False,Boo,Team Heretics,omen,False,,25,0,0,0,5,False,benjyfishy,Team Heretics,deadlock,False,,25,0,0,0,2,False,Wo0t,Team Heretics,chamber,True,100,50,0,8,0,7,True,grubinho,GIANTX,omen,True,100,,0,0,0,7,True,ara,GIANTX,raze,True,85,25,0,0,1,7,True,Cloud,GIANTX,fade,True,100,25,1,0,0,3,False,Flickless,GIANTX,viper,True,100,25,1,0,0,7,True,westside,GIANTX,cypher,True,100,25,0,0,0,6,False
646.279,2768,ACTIVE_ROUND,6,3,2,,9.810,,MiniBoo,Team Heretics,raze,False,,50,0,0,0,3,False,RieNs,Team Heretics,fade,False,,33,0,0,0,7,False,Boo,Team Heretics,omen,False,,25,0,0,0,5,False,benjyfishy,Team Heretics,deadlock,False,,25,0,0,0,2,False,Wo0t,Team Heretics,chamber,True,100,50,0,8,0,7,True,grubinho,GIANTX,omen,True,100,,0,0,0,7,True,ara,GIANTX,raze,True,85,25,0,0,1,7,True,Cloud,GIANTX,fade,True,100,25,1,0,0,3,False,Flickless,GIANTX,viper,True,100,25,1,0,0,7,True,westside,GIANTX,cypher,True,100,25,0,0,0,6,False
646.513,2769,ACTIVE_ROUND,6,3,2,,10.043,,MiniBoo,Team Heretics,raze,False,,50,0,0,0,3,False,RieNs,Team Heretics,fade,False,,33,0,0,0,7,False,Boo,Team Heretics,omen,False,,25,0,0,0,5,False,benjyfishy,Team Heretics,deadlock,False,,25,0,0,0,2,False,Wo0t,Team Heretics,chamber,True,100,50,0,8,0,7,True,grubinho,GIANTX,omen,True,100,,0,0,0,7,True,ara,GIANTX,raze,True,85,25,0,0,1,7,True,Cloud,GIANTX,fade,True,100,25,1,0,0,3,False,Flickless,GIANTX,viper,True,100,25,1,0,0,7,True,westside,GIANTX,cypher,True,100,25,0,0,0,6,False
646.746,2770,ACTIVE_ROUND,6,3,2,,10.277,,MiniBoo,Team Heretics,raze,False,,50,0,0,0,3,False,RieNs,Team Heretics,fade,False,,33,0,0,0,7,False,Boo,Team Heretics,omen,False,,25,0,0,0,5,False,benjyfishy,Team Heretics,deadlock,False,,25,0,0,0,2,False,Wo0t,Team Heretics,chamber,True,100,50,0,8,0,7,True,grubinho,GIANTX,omen,True,100,,0,0,0,7,True,ara,GIANTX,raze,True,85,25,0,0,1,7,True,Cloud,GIANTX,fade,True,100,25,1,0,0,3,False,Flickless,GIANTX,viper,True,100,25,1,0,0,7,True,westside,GIANTX,cypher,True,100,25,0,0,0,6,False
646.980,2771,ACTIVE_ROUND,6,3,2,,10.511,,MiniBoo,Team Heretics,raze,False,,50,0,0,0,3,False,RieNs,Team Heretics,fade,False,,33,0,0,0,7,False,Boo,Team Heretics,omen,False,,25,0,0,0,5,False,benjyfishy,Team Heretics,deadlock,False,,25,0,0,0,2,False,Wo0t,Team Heretics,chamber,True,100,50,0,8,0,7,True,grubinho,GIANTX,omen,True,100,,0,0,0,7,True,ara,GIANTX,raze,True,85,25,0,0,1,7,True,Cloud,GIANTX,fade,True,100,25,1,0,0,3,False,Flickless,GIANTX,viper,True,100,25,1,0,0,7,True,westside,GIANTX,cypher,True,100,25,0,0,0,6,False
647.213,2772,ACTIVE_ROUND,6,3,2,,10.744,,MiniBoo,Team Heretics,raze,False,,50,0,0,0,3,False,RieNs,Team Heretics,fade,False,,33,0,0,0,7,False,Boo,Team Heretics,omen,False,,25,0,0,0,5,False,benjyfishy,Team Heretics,deadlock,False,,25,0,0,0,2,False,Wo0t,Team Heretics,chamber,True,100,50,0,8,0,7,True,grubinho,GIANTX,omen,True,100,,0,0,0,7,True,ara,GIANTX,raze,True,85,25,0,0,1,7,True,Cloud,GIANTX,fade,True,100,25,1,0,0,3,False,Flickless,GIANTX,viper,True,100,25,1,0,0,7,True,westside,GIANTX,cypher,True,100,25,0,0,0,6,False
647.447,2773,ACTIVE_ROUND,6,3,2,,10.978,,MiniBoo,Team Heretics,raze,False,,50,0,0,0,3,False,RieNs,Team Heretics,fade,False,,33,0,0,0,7,False,Boo,Team Heretics,omen,False,,25,0,0,0,5,False,benjyfishy,Team Heretics,deadlock,False,,25,0,0,0,2,False,Wo0t,Team Heretics,chamber,True,100,50,0,8,0,7,True,grubinho,GIANTX,omen,True,100,,0,0,0,7,True,ara,GIANTX,raze,True,85,25,0,0,1,7,True,Cloud,GIANTX,fade,True,100,25,1,0,0,3,False,Flickless,GIANTX,viper,True,100,25,1,0,0,7,True,westside,GIANTX,cypher,True,100,25,0,0,0,6,False
647.680,2774,ACTIVE_ROUND,6,3,2,,11.211,,MiniBoo,Team Heretics,raze,False,,50,0,0,0,3,False,RieNs,Team Heretics,fade,False,,33,0,0,0,7,False,Boo,Team Heretics,omen,False,,25,0,0,0,5,False,benjyfishy,Team Heretics,deadlock,False,,25,0,0,0,2,False,Wo0t,Team Heretics,chamber,True,100,50,0,8,0,7,True,grubinho,GIANTX,omen,True,100,,0,0,0,7,True,ara,GIANTX,raze,True,85,25,0,0,1,7,True,Cloud,GIANTX,fade,True,100,25,1,0,0,3,False,Flickless,GIANTX,viper,True,100,25,1,0,0,7,True,westside,GIANTX,cypher,True,100,25,0,0,0,6,False
647.914,2775,ACTIVE_ROUND,6,3,2,,11.445,,MiniBoo,Team Heretics,raze,False,,50,0,0,0,3,False,RieNs,Team Heretics,fade,False,,33,0,0,0,7,False,Boo,Team Heretics,omen,False,,25,0,0,0,5,False,benjyfishy,Team Heretics,deadlock,False,,25,0,0,0,2,False,Wo0t,Team Heretics,chamber,True,100,50,0,8,0,7,True,grubinho,GIANTX,omen,True,100,,0,0,0,7,True,ara,GIANTX,raze,True,85,25,0,0,1,7,True,Cloud,GIANTX,fade,True,100,25,1,0,0,3,False,Flickless,GIANTX,viper,True,100,25,1,0,0,7,True,westside,GIANTX,cypher,True,100,25,0,0,0,6,False
648.148,2776,ACTIVE_ROUND,6,3,2,,11.678,,MiniBoo,Team Heretics,raze,False,,50,0,0,0,3,False,RieNs,Team Heretics,fade,False,,33,0,0,0,7,False,Boo,Team Heretics,omen,False,,25,0,0,0,5,False,benjyfishy,Team Heretics,deadlock,False,,25,0,0,0,2,False,Wo0t,Team Heretics,chamber,True,100,50,0,8,0,7,True,grubinho,GIANTX,omen,True,100,,0,0,0,7,True,ara,GIANTX,raze,True,85,25,0,0,1,7,True,Cloud,GIANTX,fade,True,100,25,1,0,0,3,False,Flickless,GIANTX,viper,True,100,25,1,0,0,7,True,westside,GIANTX,cypher,True,100,25,0,0,0,6,False
648.381,2777,ACTIVE_ROUND,6,3,2,,11.912,,MiniBoo,Team Heretics,raze,False,,50,0,0,0,3,False,RieNs,Team Heretics,fade,False,,33,0,0,0,7,False,Boo,Team Heretics,omen,False,,25,0,0,0,5,False,benjyfishy,Team Heretics,deadlock,False,,25,0,0,0,2,False,Wo0t,Team Heretics,chamber,True,100,50,0,8,0,7,True,grubinho,GIANTX,omen,True,100,,0,0,0,7,True,ara,GIANTX,raze,True,85,25,0,0,1,7,True,Cloud,GIANTX,fade,True,100,25,1,0,0,3,False,Flickless,GIANTX,viper,True,100,25,1,0,0,7,True,westside,GIANTX,cypher,True,100,25,0,0,0,6,False
648.615,2778,ACTIVE_ROUND,6,3,2,,12.145,,MiniBoo,Team Heretics,raze,False,,50,0,0,0,3,False,RieNs,Team Heretics,fade,False,,33,0,0,0,7,False,Boo,Team Heretics,omen,False,,25,0,0,0,5,False,benjyfishy,Team Heretics,deadlock,False,,25,0,0,0,2,False,Wo0t,Team Heretics,chamber,True,100,50,0,8,0,7,True,grubinho,GIANTX,omen,True,100,,0,0,0,7,True,ara,GIANTX,raze,True,85,25,0,0,1,7,True,Cloud,GIANTX,fade,True,100,25,1,0,0,3,False,Flickless,GIANTX,viper,True,100,25,1,0,0,7,True,westside,GIANTX,cypher,True,100,25,0,0,0,6,False
648.848,2779,ACTIVE_ROUND,6,3,2,,12.379,,MiniBoo,Team Heretics,raze,False,,50,0,0,0,3,False,RieNs,Team Heretics,fade,False,,33,0,0,0,7,False,Boo,Team Heretics,omen,False,,25,0,0,0,5,False,benjyfishy,Team Heretics,deadlock,False,,25,0,0,0,2,False,Wo0t,Team Heretics,chamber,True,100,50,0,8,0,7,True,grubinho,GIANTX,omen,True,100,,0,0,0,7,True,ara,GIANTX,raze,True,85,25,0,0,1,7,True,Cloud,GIANTX,fade,True,100,25,1,0,0,3,False,Flickless,GIANTX,viper,True,100,25,1,0,0,7,True,westside,GIANTX,cypher,True,100,25,0,0,0,6,False
649.082,2780,ACTIVE_ROUND,6,3,2,,12.613,,MiniBoo,Team Heretics,raze,False,,50,0,0,0,3,False,RieNs,Team Heretics,fade,False,,33,0,0,0,7,False,Boo,Team Heretics,omen,False,,25,0,0,0,5,False,benjyfishy,Team Heretics,deadlock,False,,25,0,0,0,2,False,Wo0t,Team Heretics,chamber,True,100,50,0,8,0,7,True,grubinho,GIANTX,omen,True,100,,0,0,0,7,True,ara,GIANTX,raze,True,85,25,0,0,1,7,True,Cloud,GIANTX,fade,True,100,25,1,0,0,3,False,Flickless,GIANTX,viper,True,100,25,1,0,0,7,True,westside,GIANTX,cypher,True,100,25,0,0,0,6,False
649.315,2781,ACTIVE_ROUND,6,3,2,,12.846,,MiniBoo,Team Heretics,raze,False,,50,0,0,0,3,False,RieNs,Team Heretics,fade,False,,33,0,0,0,7,False,Boo,Team Heretics,omen,False,,25,0,0,0,5,False,benjyfishy,Team Heretics,deadlock,False,,25,0,0,0,2,False,Wo0t,Team Heretics,chamber,True,100,50,0,8,0,7,True,grubinho,GIANTX,omen,True,100,,0,0,0,7,True,ara,GIANTX,raze,True,85,25,0,0,1,7,True,Cloud,GIANTX,fade,True,100,25,1,0,0,3,False,Flickless,GIANTX,viper,True,100,25,1,0,0,7,True,westside,GIANTX,cypher,True,100,25,0,0,0,6,False
649.549,2782,ACTIVE_ROUND,6,3,2,,13.080,,MiniBoo,Team Heretics,raze,False,,50,0,0,0,3,False,RieNs,Team Heretics,fade,False,,33,0,0,0,7,False,Boo,Team Heretics,omen,False,,25,0,0,0,5,False,benjyfishy,Team Heretics,deadlock,False,,25,0,0,0,2,False,Wo0t,Team Heretics,chamber,True,100,50,0,8,0,7,True,grubinho,GIANTX,omen,True,100,,0,0,0,7,True,ara,GIANTX,raze,True,85,25,0,0,1,7,True,Cloud,GIANTX,fade,True,100,25,1,0,0,3,False,Flickless,GIANTX,viper,True,100,25,1,0,0,7,True,westside,GIANTX,cypher,True,100,25,0,0,0,6,False
649.782,2783,ACTIVE_ROUND,6,3,2,,13.313,,MiniBoo,Team Heretics,raze,False,,50,0,0,0,3,False,RieNs,Team Heretics,fade,False,,33,0,0,0,7,False,Boo,Team Heretics,omen,False,,25,0,0,0,5,False,benjyfishy,Team Heretics,deadlock,False,,25,0,0,0,2,False,Wo0t,Team Heretics,chamber,True,100,50,0,8,0,7,True,grubinho,GIANTX,omen,True,100,,0,0,0,7,True,ara,GIANTX,raze,True,85,25,0,0,1,7,True,Cloud,GIANTX,fade,True,100,25,1,0,0,3,False,Flickless,GIANTX,viper,True,100,25,1,0,0,7,True,westside,GIANTX,cypher,True,100,25,0,0,0,6,False
650.016,2784,ACTIVE_ROUND,6,3,2,,13.547,,MiniBoo,Team Heretics,raze,False,,50,0,0,0,3,False,RieNs,Team Heretics,fade,False,,33,0,0,0,7,False,Boo,Team Heretics,omen,False,,25,0,0,0,5,False,benjyfishy,Team Heretics,deadlock,False,,25,0,0,0,2,False,Wo0t,Team Heretics,chamber,True,100,50,0,8,0,7,True,grubinho,GIANTX,omen,True,100,,0,0,0,7,True,ara,GIANTX,raze,True,85,25,0,0,1,7,True,Cloud,GIANTX,fade,True,100,25,1,0,0,3,False,Flickless,GIANTX,viper,True,100,25,1,0,0,7,True,westside,GIANTX,cypher,True,100,25,0,0,0,6,False
650.250,2785,ACTIVE_ROUND,6,3,2,,13.780,,MiniBoo,Team Heretics,raze,False,,50,0,0,0,3,False,RieNs,Team Heretics,fade,False,,33,0,0,0,7,False,Boo,Team Heretics,omen,False,,25,0,0,0,5,False,benjyfishy,Team Heretics,deadlock,False,,25,0,0,0,2,False,Wo0t,Team Heretics,chamber,True,100,50,0,8,0,7,True,grubinho,GIANTX,omen,True,100,,0,0,0,7,True,ara,GIANTX,raze,True,85,25,0,0,1,7,True,Cloud,GIANTX,fade,True,100,25,1,0,0,3,False,Flickless,GIANTX,viper,True,100,25,1,0,0,7,True,westside,GIANTX,cypher,True,100,25,0,0,0,6,False
650.483,2786,ACTIVE_ROUND,6,3,2,,14.014,,MiniBoo,Team Heretics,raze,False,,50,0,0,0,3,False,RieNs,Team Heretics,fade,False,,33,0,0,0,7,False,Boo,Team Heretics,omen,False,,25,0,0,0,5,False,benjyfishy,Team Heretics,deadlock,False,,25,0,0,0,2,False,Wo0t,Team Heretics,chamber,True,100,50,0,8,0,7,True,grubinho,GIANTX,omen,True,100,,0,0,0,7,True,ara,GIANTX,raze,True,85,25,0,0,1,7,True,Cloud,GIANTX,fade,True,100,25,1,0,0,3,False,Flickless,GIANTX,viper,True,100,25,1,0,0,7,True,westside,GIANTX,cypher,True,100,25,0,0,0,6,False
650.717,2787,ACTIVE_ROUND,6,3,2,,14.248,,MiniBoo,Team Heretics,raze,False,,50,0,0,0,3,False,RieNs,Team Heretics,fade,False,,33,0,0,0,7,False,Boo,Team Heretics,omen,False,,25,0,0,0,5,False,benjyfishy,Team Heretics,deadlock,False,,25,0,0,0,2,False,Wo0t,Team Heretics,chamber,True,100,50,0,8,0,7,True,grubinho,GIANTX,omen,True,100,,0,0,0,7,True,ara,GIANTX,raze,True,85,25,0,0,1,7,True,Cloud,GIANTX,fade,True,100,25,1,0,0,3,False,Flickless,GIANTX,viper,True,100,25,1,0,0,7,True,westside,GIANTX,cypher,True,100,25,0,0,0,6,False
650.950,2788,ACTIVE_ROUND,6,3,2,,14.481,,MiniBoo,Team Heretics,raze,False,,50,0,0,0,3,False,RieNs,Team Heretics,fade,False,,33,0,0,0,7,False,Boo,Team Heretics,omen,False,,25,0,0,0,5,False,benjyfishy,Team Heretics,deadlock,False,,25,0,0,0,2,False,Wo0t,Team Heretics,chamber,True,100,50,0,8,0,7,True,grubinho,GIANTX,omen,True,100,,0,0,0,7,True,ara,GIANTX,raze,True,85,25,0,0,1,7,True,Cloud,GIANTX,fade,True,100,25,1,0,0,3,False,Flickless,GIANTX,viper,True,100,25,1,0,0,7,True,westside,GIANTX,cypher,True,100,25,0,0,0,6,False
651.184,2789,ACTIVE_ROUND,6,3,2,,14.715,,MiniBoo,Team Heretics,raze,False,,50,0,0,0,3,False,RieNs,Team Heretics,fade,False,,33,0,0,0,7,False,Boo,Team Heretics,omen,False,,25,0,0,0,5,False,benjyfishy,Team Heretics,deadlock,False,,25,0,0,0,2,False,Wo0t,Team Heretics,chamber,True,100,50,0,8,0,7,True,grubinho,GIANTX,omen,True,100,,0,0,0,7,True,ara,GIANTX,raze,True,85,25,0,0,1,7,True,Cloud,GIANTX,fade,True,100,25,1,0,0,3,False,Flickless,GIANTX,viper,True,100,25,1,0,0,7,True,westside,GIANTX,cypher,True,100,25,0,0,0,6,False
651.417,2790,ACTIVE_ROUND,6,3,2,,14.948,,MiniBoo,Team Heretics,raze,False,,50,0,0,0,3,False,RieNs,Team Heretics,fade,False,,33,0,0,0,7,False,Boo,Team Heretics,omen,False,,25,0,0,0,5,False,benjyfishy,Team Heretics,deadlock,False,,25,0,0,0,2,False,Wo0t,Team Heretics,chamber,True,100,50,0,8,0,7,True,grubinho,GIANTX,omen,True,100,,0,0,0,7,True,ara,GIANTX,raze,True,85,25,0,0,1,7,True,Cloud,GIANTX,fade,True,100,25,1,0,0,3,False,Flickless,GIANTX,viper,True,100,25,1,0,0,7,True,westside,GIANTX,cypher,True,100,25,0,0,0,6,False
651.651,2791,ACTIVE_ROUND,6,3,2,,15.182,,MiniBoo,Team Heretics,raze,False,,50,0,0,0,3,False,RieNs,Team Heretics,fade,False,,33,0,0,0,7,False,Boo,Team Heretics,omen,False,,25,0,0,0,5,False,benjyfishy,Team Heretics,deadlock,False,,25,0,0,0,2,False,Wo0t,Team Heretics,chamber,True,100,50,0,8,0,7,True,grubinho,GIANTX,omen,True,100,,0,0,0,7,True,ara,GIANTX,raze,True,85,25,0,0,1,7,True,Cloud,GIANTX,fade,True,100,25,1,0,0,3,False,Flickless,GIANTX,viper,True,100,25,1,0,0,7,True,westside,GIANTX,cypher,True,100,25,0,0,0,6,False
651.885,2792,ACTIVE_ROUND,6,3,2,,15.415,,MiniBoo,Team Heretics,raze,False,,50,0,0,0,3,False,RieNs,Team Heretics,fade,False,,33,0,0,0,7,False,Boo,Team Heretics,omen,False,,25,0,0,0,5,False,benjyfishy,Team Heretics,deadlock,False,,25,0,0,0,2,False,Wo0t,Team Heretics,chamber,True,100,50,0,8,0,7,True,grubinho,GIANTX,omen,True,100,,0,0,0,7,True,ara,GIANTX,raze,True,85,25,0,0,1,7,True,Cloud,GIANTX,fade,True,100,25,1,0,0,3,False,Flickless,GIANTX,viper,True,100,25,1,0,0,7,True,westside,GIANTX,cypher,True,100,25,0,0,0,6,False
652.118,2793,ACTIVE_ROUND,6,3,2,,15.649,,MiniBoo,Team Heretics,raze,False,,50,0,0,0,3,False,RieNs,Team Heretics,fade,False,,33,0,0,0,7,False,Boo,Team Heretics,omen,False,,25,0,0,0,5,False,benjyfishy,Team Heretics,deadlock,False,,25,0,0,0,2,False,Wo0t,Team Heretics,chamber,True,100,50,0,8,1,7,True,grubinho,GIANTX,omen,True,100,,0,0,0,7,True,ara,GIANTX,raze,True,85,25,0,0,1,7,True,Cloud,GIANTX,fade,True,100,25,1,0,1,3,False,Flickless,GIANTX,viper,True,100,25,1,0,0,7,True,westside,GIANTX,cypher,True,100,25,0,0,0,6,False
652.352,2794,ACTIVE_ROUND,6,3,2,,15.883,,MiniBoo,Team Heretics,raze,False,,50,0,0,0,3,False,RieNs,Team Heretics,fade,False,,33,0,0,0,7,False,Boo,Team Heretics,omen,False,,25,0,0,0,5,False,benjyfishy,Team Heretics,deadlock,False,,25,0,0,0,2,False,Wo0t,Team Heretics,chamber,True,100,50,0,8,1,7,True,grubinho,GIANTX,omen,True,100,,0,0,0,7,True,ara,GIANTX,raze,True,85,25,0,0,1,7,True,Cloud,GIANTX,fade,True,100,25,1,0,1,3,False,Flickless,GIANTX,viper,True,100,25,1,0,0,7,True,westside,GIANTX,cypher,True,100,25,0,0,0,6,False
652.585,2795,ACTIVE_ROUND,6,3,2,,16.116,,MiniBoo,Team Heretics,raze,False,,50,0,0,0,3,False,RieNs,Team Heretics,fade,False,,33,0,0,0,7,False,Boo,Team Heretics,omen,False,,25,0,0,0,5,False,benjyfishy,Team Heretics,deadlock,False,,25,0,0,0,2,False,Wo0t,Team Heretics,chamber,True,100,50,0,8,1,7,True,grubinho,GIANTX,omen,True,100,,0,0,0,7,True,ara,GIANTX,raze,True,85,25,0,0,1,7,True,Cloud,GIANTX,fade,True,100,25,1,0,1,3,False,Flickless,GIANTX,viper,True,100,25,1,0,0,7,True,westside,GIANTX,cypher,True,100,25,0,0,0,6,False
652.819,2796,ACTIVE_ROUND,6,3,2,,16.350,,MiniBoo,Team Heretics,raze,False,,50,0,0,0,3,False,RieNs,Team Heretics,fade,False,,33,0,0,0,7,False,Boo,Team Heretics,omen,False,,25,0,0,0,5,False,benjyfishy,Team Heretics,deadlock,False,,25,0,0,0,2,False,Wo0t,Team Heretics,chamber,True,100,50,0,8,1,7,True,grubinho,GIANTX,omen,True,100,,0,0,0,7,True,ara,GIANTX,raze,True,85,25,0,0,1,7,True,Cloud,GIANTX,fade,True,100,25,1,0,1,3,False,Flickless,GIANTX,viper,True,100,25,1,0,0,7,True,westside,GIANTX,cypher,True,100,25,0,0,0,6,False
653.052,2797,ACTIVE_ROUND,6,3,2,,16.583,,MiniBoo,Team Heretics,raze,False,,50,0,0,0,3,False,RieNs,Team Heretics,fade,False,,33,0,0,0,7,False,Boo,Team Heretics,omen,False,,25,0,0,0,5,False,benjyfishy,Team Heretics,deadlock,False,,25,0,0,0,2,False,Wo0t,Team Heretics,chamber,True,100,50,0,8,1,7,True,grubinho,GIANTX,omen,True,100,,0,0,0,7,True,ara,GIANTX,raze,True,85,25,0,0,1,7,True,Cloud,GIANTX,fade,True,100,25,1,0,1,3,False,Flickless,GIANTX,viper,True,100,25,1,0,0,7,True,westside,GIANTX,cypher,True,100,25,0,0,0,6,False
653.286,2798,ACTIVE_ROUND,6,3,2,,16.817,,MiniBoo,Team Heretics,raze,False,,50,0,0,0,3,False,RieNs,Team Heretics,fade,False,,33,0,0,0,7,False,Boo,Team Heretics,omen,False,,25,0,0,0,5,False,benjyfishy,Team Heretics,deadlock,False,,25,0,0,0,2,False,Wo0t,Team Heretics,chamber,True,100,50,0,8,1,7,True,grubinho,GIANTX,omen,True,100,,0,0,0,7,True,ara,GIANTX,raze,True,85,25,0,0,1,7,True,Cloud,GIANTX,fade,True,100,25,1,0,1,3,False,Flickless,GIANTX,viper,True,100,25,1,0,0,7,True,westside,GIANTX,cypher,True,100,25,0,0,0,6,False
653.520,2799,ACTIVE_ROUND,6,3,2,,17.050,,MiniBoo,Team Heretics,raze,False,,50,0,0,0,3,False,RieNs,Team Heretics,fade,False,,33,0,0,0,7,False,Boo,Team Heretics,omen,False,,25,0,0,0,5,False,benjyfishy,Team Heretics,deadlock,False,,25,0,0,0,2,False,Wo0t,Team Heretics,chamber,True,100,50,0,8,1,7,True,grubinho,GIANTX,omen,True,100,,0,0,0,7,True,ara,GIANTX,raze,True,85,25,0,0,1,7,True,Cloud,GIANTX,fade,True,100,25,1,0,1,3,False,Flickless,GIANTX,viper,True,100,25,1,0,0,7,True,westside,GIANTX,cypher,True,100,25,0,0,0,6,False
653.753,2800,ACTIVE_ROUND,6,3,2,,17.284,,MiniBoo,Team Heretics,raze,False,,50,0,0,0,3,False,RieNs,Team Heretics,fade,False,,33,0,0,0,7,False,Boo,Team Heretics,omen,False,,25,0,0,0,5,False,benjyfishy,Team Heretics,deadlock,False,,25,0,0,0,2,False,Wo0t,Team Heretics,chamber,True,100,50,0,8,1,7,True,grubinho,GIANTX,omen,True,100,,0,0,0,7,True,ara,GIANTX,raze,True,85,25,0,0,1,7,True,Cloud,GIANTX,fade,True,100,25,1,0,1,3,False,Flickless,GIANTX,viper,True,100,25,1,0,0,7,True,westside,GIANTX,cypher,True,100,25,0,0,0,6,False
653.987,2801,ACTIVE_ROUND,6,3,2,,17.518,,MiniBoo,Team Heretics,raze,False,,50,0,0,0,3,False,RieNs,Team Heretics,fade,False,,33,0,0,0,7,False,Boo,Team Heretics,omen,False,,25,0,0,0,5,False,benjyfishy,Team Heretics,deadlock,False,,25,0,0,0,2,False,Wo0t,Team Heretics,chamber,True,100,50,0,8,1,7,True,grubinho,GIANTX,omen,True,100,,0,0,0,7,True,ara,GIANTX,raze,True,85,25,0,0,1,7,True,Cloud,GIANTX,fade,True,100,25,1,0,1,3,False,Flickless,GIANTX,viper,True,100,25,1,0,0,7,True,westside,GIANTX,cypher,True,100,25,0,0,0,6,False
654.220,2802,ACTIVE_ROUND,6,3,2,,17.751,,MiniBoo,Team Heretics,raze,False,,50,0,0,0,3,False,RieNs,Team Heretics,fade,False,,33,0,0,0,7,False,Boo,Team Heretics,omen,False,,25,0,0,0,5,False,benjyfishy,Team Heretics,deadlock,False,,25,0,0,0,2,False,Wo0t,Team Heretics,chamber,True,100,50,0,8,1,7,True,grubinho,GIANTX,omen,True,100,,0,0,1,7,True,ara,GIANTX,raze,True,85,25,0,0,1,7,True,Cloud,GIANTX,fade,True,100,25,1,0,1,3,False,Flickless,GIANTX,viper,True,100,25,1,0,0,7,True,westside,GIANTX,cypher,True,100,25,0,0,0,6,False
654.454,2803,ACTIVE_ROUND,6,3,2,,17.985,,MiniBoo,Team Heretics,raze,False,,50,0,0,0,3,False,RieNs,Team Heretics,fade,False,,33,0,0,0,7,False,Boo,Team Heretics,omen,False,,25,0,0,0,5,False,benjyfishy,Team Heretics,deadlock,False,,25,0,0,0,2,False,Wo0t,Team Heretics,chamber,True,100,50,0,8,1,7,True,grubinho,GIANTX,omen,True,100,,0,0,1,7,True,ara,GIANTX,raze,True,85,25,0,0,1,7,True,Cloud,GIANTX,fade,True,100,25,1,0,1,3,False,Flickless,GIANTX,viper,True,100,25,1,0,0,7,True,westside,GIANTX,cypher,True,100,25,0,0,0,6,False
654.687,2804,ACTIVE_ROUND,6,3,2,,18.218,,MiniBoo,Team Heretics,raze,False,,50,0,0,0,3,False,RieNs,Team Heretics,fade,False,,33,0,0,0,7,False,Boo,Team Heretics,omen,False,,25,0,0,0,5,False,benjyfishy,Team Heretics,deadlock,False,,25,0,0,0,2,False,Wo0t,Team Heretics,chamber,True,100,50,0,8,1,7,True,grubinho,GIANTX,omen,True,100,,0,0,1,7,True,ara,GIANTX,raze,True,85,25,0,0,1,7,True,Cloud,GIANTX,fade,True,100,25,1,0,1,3,False,Flickless,GIANTX,viper,True,100,25,1,0,0,7,True,westside,GIANTX,cypher,True,100,25,0,0,0,6,False
654.921,2805,ACTIVE_ROUND,6,3,2,,18.452,,MiniBoo,Team Heretics,raze,False,,50,0,0,0,3,False,RieNs,Team Heretics,fade,False,,33,0,0,0,7,False,Boo,Team Heretics,omen,False,,25,0,0,0,5,False,benjyfishy,Team Heretics,deadlock,False,,25,0,0,0,2,False,Wo0t,Team Heretics,chamber,True,100,50,0,8,1,7,True,grubinho,GIANTX,omen,True,100,,0,0,1,7,True,ara,GIANTX,raze,True,85,25,0,0,1,7,True,Cloud,GIANTX,fade,True,100,25,1,0,1,3,False,Flickless,GIANTX,viper,True,100,25,1,0,0,7,True,westside,GIANTX,cypher,True,100,25,0,0,0,6,False
655.154,2806,ACTIVE_ROUND,6,3,2,,18.685,,MiniBoo,Team Heretics,raze,False,,50,0,0,0,3,False,RieNs,Team Heretics,fade,False,,33,0,0,0,7,False,Boo,Team Heretics,omen,False,,25,0,0,0,5,False,benjyfishy,Team Heretics,deadlock,False,,25,0,0,0,2,False,Wo0t,Team Heretics,chamber,True,100,50,0,8,1,7,True,grubinho,GIANTX,omen,True,100,,0,0,1,7,True,ara,GIANTX,raze,True,85,25,0,0,1,7,True,Cloud,GIANTX,fade,True,100,25,1,0,1,3,False,Flickless,GIANTX,viper,True,100,25,1,0,0,7,True,westside,GIANTX,cypher,True,100,25,0,0,0,6,False
655.388,2807,ACTIVE_ROUND,6,3,2,,18.919,,MiniBoo,Team Heretics,raze,False,,50,0,0,0,3,False,RieNs,Team Heretics,fade,False,,33,0,0,0,7,False,Boo,Team Heretics,omen,False,,25,0,0,0,5,False,benjyfishy,Team Heretics,deadlock,False,,25,0,0,0,2,False,Wo0t,Team Heretics,chamber,True,100,50,0,8,1,7,True,grubinho,GIANTX,omen,True,100,,0,0,1,7,True,ara,GIANTX,raze,True,85,25,0,0,1,7,True,Cloud,GIANTX,fade,True,100,25,1,0,1,3,False,Flickless,GIANTX,viper,True,100,25,1,0,0,7,True,westside,GIANTX,cypher,True,100,25,0,0,0,6,False
655.622,2808,ACTIVE_ROUND,6,3,2,,19.152,,MiniBoo,Team Heretics,raze,False,,50,0,0,0,3,False,RieNs,Team Heretics,fade,False,,33,0,0,0,7,False,Boo,Team Heretics,omen,False,,25,0,0,0,5,False,benjyfishy,Team Heretics,deadlock,False,,25,0,0,0,2,False,Wo0t,Team Heretics,chamber,True,100,50,0,8,1,7,True,grubinho,GIANTX,omen,True,100,,0,0,1,7,True,ara,GIANTX,raze,True,85,25,0,0,1,7,True,Cloud,GIANTX,fade,True,100,25,1,0,1,3,False,Flickless,GIANTX,viper,True,100,25,1,0,0,7,True,westside,GIANTX,cypher,True,100,25,0,0,0,6,False
655.855,2809,ACTIVE_ROUND,6,3,2,,19.386,,MiniBoo,Team Heretics,raze,False,,50,0,0,0,3,False,RieNs,Team Heretics,fade,False,,33,0,0,0,7,False,Boo,Team Heretics,omen,False,,25,0,0,0,5,False,benjyfishy,Team Heretics,deadlock,False,,25,0,0,0,2,False,Wo0t,Team Heretics,chamber,True,100,50,0,8,1,7,True,grubinho,GIANTX,omen,True,100,,0,0,1,7,True,ara,GIANTX,raze,True,85,25,0,0,1,7,True,Cloud,GIANTX,fade,True,100,25,1,0,1,3,False,Flickless,GIANTX,viper,True,100,25,1,0,0,7,True,westside,GIANTX,cypher,True,100,25,0,0,0,6,False
656.089,2810,ACTIVE_ROUND,6,3,2,,19.620,,MiniBoo,Team Heretics,raze,False,,50,0,0,0,3,False,RieNs,Team Heretics,fade,False,,33,0,0,0,7,False,Boo,Team Heretics,omen,False,,25,0,0,0,5,False,benjyfishy,Team Heretics,deadlock,False,,25,0,0,0,2,False,Wo0t,Team Heretics,chamber,True,100,50,0,8,1,7,True,grubinho,GIANTX,omen,True,100,,0,0,1,7,True,ara,GIANTX,raze,True,85,25,0,0,1,7,True,Cloud,GIANTX,fade,True,100,25,1,0,1,3,False,Flickless,GIANTX,viper,True,100,25,1,0,0,7,True,westside,GIANTX,cypher,True,100,25,0,0,0,6,False
656.322,2811,ACTIVE_ROUND,6,3,2,,19.853,,MiniBoo,Team Heretics,raze,False,,50,0,0,0,3,False,RieNs,Team Heretics,fade,False,,33,0,0,0,7,False,Boo,Team Heretics,omen,False,,25,0,0,0,5,False,benjyfishy,Team Heretics,deadlock,False,,25,0,0,0,2,False,Wo0t,Team Heretics,chamber,True,100,50,0,8,1,7,True,grubinho,GIANTX,omen,True,100,,0,0,1,7,True,ara,GIANTX,raze,True,85,25,0,0,1,7,True,Cloud,GIANTX,fade,True,100,25,1,0,1,3,False,Flickless,GIANTX,viper,True,100,25,1,0,0,7,True,westside,GIANTX,cypher,True,100,25,0,0,0,6,False
656.556,2812,ACTIVE_ROUND,6,3,2,,20.087,,MiniBoo,Team Heretics,raze,False,,50,0,0,0,3,False,RieNs,Team Heretics,fade,False,,33,0,0,0,7,False,Boo,Team Heretics,omen,False,,25,0,0,0,5,False,benjyfishy,Team Heretics,deadlock,False,,25,0,0,0,2,False,Wo0t,Team Heretics,chamber,True,100,50,0,8,1,7,True,grubinho,GIANTX,omen,True,100,,0,0,1,7,True,ara,GIANTX,raze,True,85,25,0,0,1,7,True,Cloud,GIANTX,fade,True,100,25,1,0,1,3,False,Flickless,GIANTX,viper,True,100,25,1,0,0,7,True,westside,GIANTX,cypher,True,100,25,0,0,0,6,False
656.789,2813,ACTIVE_ROUND,6,3,2,,20.320,,MiniBoo,Team Heretics,raze,False,,50,0,0,0,3,False,RieNs,Team Heretics,fade,False,,33,0,0,0,7,False,Boo,Team Heretics,omen,False,,25,0,0,0,5,False,benjyfishy,Team Heretics,deadlock,False,,25,0,0,0,2,False,Wo0t,Team Heretics,chamber,True,100,50,0,8,1,7,True,grubinho,GIANTX,omen,True,100,,0,0,1,7,True,ara,GIANTX,raze,True,85,25,0,0,1,7,True,Cloud,GIANTX,fade,True,100,25,1,0,1,3,False,Flickless,GIANTX,viper,True,100,25,1,0,0,7,True,westside,GIANTX,cypher,True,100,25,0,0,0,6,False
657.023,2814,ACTIVE_ROUND,6,3,2,,20.554,,MiniBoo,Team Heretics,raze,False,,50,0,0,0,3,False,RieNs,Team Heretics,fade,False,,33,0,0,0,7,False,Boo,Team Heretics,omen,False,,25,0,0,0,5,False,benjyfishy,Team Heretics,deadlock,False,,25,0,0,0,2,False,Wo0t,Team Heretics,chamber,True,100,50,0,8,1,7,True,grubinho,GIANTX,omen,True,100,,0,0,1,7,True,ara,GIANTX,raze,True,85,25,0,0,1,7,True,Cloud,GIANTX,fade,True,100,25,1,0,1,3,False,Flickless,GIANTX,viper,True,100,25,1,0,0,7,True,westside,GIANTX,cypher,True,100,25,0,0,0,6,False
657.257,2815,ACTIVE_ROUND,6,3,2,,20.787,,MiniBoo,Team Heretics,raze,False,,50,0,0,0,3,False,RieNs,Team Heretics,fade,False,,33,0,0,0,7,False,Boo,Team Heretics,omen,False,,25,0,0,0,5,False,benjyfishy,Team Heretics,deadlock,False,,25,0,0,0,2,False,Wo0t,Team Heretics,chamber,True,100,50,0,8,1,7,True,grubinho,GIANTX,omen,True,100,,0,0,1,7,True,ara,GIANTX,raze,True,85,25,0,0,1,7,True,Cloud,GIANTX,fade,True,100,25,1,0,1,3,False,Flickless,GIANTX,viper,True,100,25,1,0,0,7,True,westside,GIANTX,cypher,True,100,25,0,0,0,6,False
657.490,2816,ACTIVE_ROUND,6,3,2,,21.021,,MiniBoo,Team Heretics,raze,False,,50,0,0,0,3,False,RieNs,Team Heretics,fade,False,,33,0,0,0,7,False,Boo,Team Heretics,omen,False,,25,0,0,0,5,False,benjyfishy,Team Heretics,deadlock,False,,25,0,0,0,2,False,Wo0t,Team Heretics,chamber,True,100,50,0,8,1,7,True,grubinho,GIANTX,omen,True,100,,0,0,1,7,True,ara,GIANTX,raze,True,85,25,0,0,1,7,True,Cloud,GIANTX,fade,True,100,25,1,0,1,3,False,Flickless,GIANTX,viper,True,100,25,1,0,0,7,True,westside,GIANTX,cypher,True,100,25,0,0,0,6,False
657.724,2817,ACTIVE_ROUND,6,3,2,,21.255,,MiniBoo,Team Heretics,raze,False,,50,0,0,0,3,False,RieNs,Team Heretics,fade,False,,33,0,0,0,7,False,Boo,Team Heretics,omen,False,,25,0,0,0,5,False,benjyfishy,Team Heretics,deadlock,False,,25,0,0,0,2,False,Wo0t,Team Heretics,chamber,True,100,50,0,8,1,7,True,grubinho,GIANTX,omen,True,100,,0,0,1,7,True,ara,GIANTX,raze,True,85,25,0,0,1,7,True,Cloud,GIANTX,fade,True,100,25,1,0,1,3,False,Flickless,GIANTX,viper,True,100,25,1,0,0,7,True,westside,GIANTX,cypher,True,100,25,0,0,0,6,False
657.957,2818,ACTIVE_ROUND,6,3,2,,21.488,,MiniBoo,Team Heretics,raze,False,,50,0,0,0,3,False,RieNs,Team Heretics,fade,False,,33,0,0,0,7,False,Boo,Team Heretics,omen,False,,25,0,0,0,5,False,benjyfishy,Team Heretics,deadlock,False,,25,0,0,0,2,False,Wo0t,Team Heretics,chamber,True,100,50,0,8,1,7,True,grubinho,GIANTX,omen,True,100,,0,0,1,7,True,ara,GIANTX,raze,True,85,25,0,0,1,7,True,Cloud,GIANTX,fade,True,100,25,1,0,1,3,False,Flickless,GIANTX,viper,True,100,25,1,0,0,7,True,westside,GIANTX,cypher,True,100,25,0,0,0,6,False
658.191,2819,ACTIVE_ROUND,6,3,2,,21.722,,MiniBoo,Team Heretics,raze,False,,50,0,0,0,3,False,RieNs,Team Heretics,fade,False,,33,0,0,0,7,False,Boo,Team Heretics,omen,False,,25,0,0,0,5,False,benjyfishy,Team Heretics,deadlock,False,,25,0,0,0,2,False,Wo0t,Team Heretics,chamber,True,100,50,0,8,1,7,True,grubinho,GIANTX,omen,True,100,,0,0,1,7,True,ara,GIANTX,raze,True,85,25,0,0,1,7,True,Cloud,GIANTX,fade,True,100,25,1,0,1,3,False,Flickless,GIANTX,viper,True,100,25,1,0,0,7,True,westside,GIANTX,cypher,True,100,25,0,0,0,6,False
658.424,2820,ACTIVE_ROUND,6,3,2,,21.955,,MiniBoo,Team Heretics,raze,False,,50,0,0,0,3,False,RieNs,Team Heretics,fade,False,,33,0,0,0,7,False,Boo,Team Heretics,omen,False,,25,0,0,0,5,False,benjyfishy,Team Heretics,deadlock,False,,25,0,0,0,2,False,Wo0t,Team Heretics,chamber,True,100,50,0,8,1,7,True,grubinho,GIANTX,omen,True,100,,0,0,1,7,True,ara,GIANTX,raze,True,85,25,0,0,1,7,True,Cloud,GIANTX,fade,True,100,25,1,0,1,3,False,Flickless,GIANTX,viper,True,100,25,1,0,0,7,True,westside,GIANTX,cypher,True,100,25,0,0,0,6,False
658.658,2821,ACTIVE_ROUND,6,3,2,,22.189,,MiniBoo,Team Heretics,raze,False,,50,0,0,0,3,False,RieNs,Team Heretics,fade,False,,33,0,0,0,7,False,Boo,Team Heretics,omen,False,,25,0,0,0,5,False,benjyfishy,Team Heretics,deadlock,False,,25,0,0,0,2,False,Wo0t,Team Heretics,chamber,True,100,50,0,8,1,7,True,grubinho,GIANTX,omen,True,100,,0,0,1,7,True,ara,GIANTX,raze,True,85,25,0,0,1,7,True,Cloud,GIANTX,fade,True,100,25,1,0,1,3,False,Flickless,GIANTX,viper,True,100,25,1,0,0,7,True,westside,GIANTX,cypher,True,100,25,0,0,0,6,False
658.892,2822,ACTIVE_ROUND,6,3,2,,22.422,,MiniBoo,Team Heretics,raze,False,,50,0,0,0,3,False,RieNs,Team Heretics,fade,False,,33,0,0,0,7,False,Boo,Team Heretics,omen,False,,25,0,0,0,5,False,benjyfishy,Team Heretics,deadlock,False,,25,0,0,0,2,False,Wo0t,Team Heretics,chamber,True,100,50,0,8,1,7,True,grubinho,GIANTX,omen,True,100,,0,0,1,7,True,ara,GIANTX,raze,True,85,25,0,0,1,7,True,Cloud,GIANTX,fade,True,100,25,1,0,1,3,False,Flickless,GIANTX,viper,True,100,25,1,0,0,7,True,westside,GIANTX,cypher,True,100,25,0,0,0,6,False
659.125,2823,ACTIVE_ROUND,6,3,2,,22.656,,MiniBoo,Team Heretics,raze,False,,50,0,0,0,3,False,RieNs,Team Heretics,fade,False,,33,0,0,0,7,False,Boo,Team Heretics,omen,False,,25,0,0,0,5,False,benjyfishy,Team Heretics,deadlock,False,,25,0,0,0,2,False,Wo0t,Team Heretics,chamber,True,100,50,0,8,1,7,True,grubinho,GIANTX,omen,True,100,,0,0,1,7,True,ara,GIANTX,raze,True,85,25,0,0,1,7,True,Cloud,GIANTX,fade,True,100,25,1,0,1,3,False,Flickless,GIANTX,viper,True,100,25,1,0,0,7,True,westside,GIANTX,cypher,True,100,25,0,0,0,6,False
659.359,2824,ACTIVE_ROUND,6,3,2,,22.890,,MiniBoo,Team Heretics,raze,False,,50,0,0,0,3,False,RieNs,Team Heretics,fade,False,,33,0,0,0,7,False,Boo,Team Heretics,omen,False,,25,0,0,0,5,False,benjyfishy,Team Heretics,deadlock,False,,25,0,0,0,2,False,Wo0t,Team Heretics,chamber,True,100,50,0,8,1,7,True,grubinho,GIANTX,omen,True,100,,0,0,1,7,True,ara,GIANTX,raze,True,85,25,0,0,1,7,True,Cloud,GIANTX,fade,True,100,25,1,0,1,3,False,Flickless,GIANTX,viper,True,100,25,1,0,0,7,True,westside,GIANTX,cypher,True,100,25,0,0,0,6,False
659.592,2825,ACTIVE_ROUND,6,3,2,,23.123,,MiniBoo,Team Heretics,raze,False,,50,0,0,0,3,False,RieNs,Team Heretics,fade,False,,33,0,0,0,7,False,Boo,Team Heretics,omen,False,,25,0,0,0,5,False,benjyfishy,Team Heretics,deadlock,False,,25,0,0,0,2,False,Wo0t,Team Heretics,chamber,True,100,50,0,8,1,7,True,grubinho,GIANTX,omen,True,100,,0,0,1,7,True,ara,GIANTX,raze,True,85,25,0,0,1,7,True,Cloud,GIANTX,fade,True,100,25,1,0,1,3,False,Flickless,GIANTX,viper,True,100,25,1,0,0,7,True,westside,GIANTX,cypher,True,100,25,0,0,0,6,False
659.826,2826,ACTIVE_ROUND,6,3,2,,23.357,,MiniBoo,Team Heretics,raze,False,,50,0,0,0,3,False,RieNs,Team Heretics,fade,False,,33,0,0,0,7,False,Boo,Team Heretics,omen,False,,25,0,0,0,5,False,benjyfishy,Team Heretics,deadlock,False,,25,0,0,0,2,False,Wo0t,Team Heretics,chamber,True,100,50,0,8,1,7,True,grubinho,GIANTX,omen,True,100,,0,0,1,7,True,ara,GIANTX,raze,True,85,25,0,0,1,7,True,Cloud,GIANTX,fade,True,100,25,1,0,1,3,False,Flickless,GIANTX,viper,True,100,25,1,0,0,7,True,westside,GIANTX,cypher,True,100,25,0,0,0,6,False
660.059,2827,ACTIVE_ROUND,6,3,2,,23.590,,MiniBoo,Team Heretics,raze,False,,50,0,0,0,3,False,RieNs,Team Heretics,fade,False,,33,0,0,0,7,False,Boo,Team Heretics,omen,False,,25,0,0,0,5,False,benjyfishy,Team Heretics,deadlock,False,,25,0,0,0,2,False,Wo0t,Team Heretics,chamber,True,100,50,0,8,1,7,True,grubinho,GIANTX,omen,True,100,,0,0,1,7,True,ara,GIANTX,raze,True,85,25,0,0,1,7,True,Cloud,GIANTX,fade,True,100,25,1,0,1,3,False,Flickless,GIANTX,viper,True,100,25,1,0,0,7,True,westside,GIANTX,cypher,True,100,25,0,0,0,6,False
660.293,2828,ACTIVE_ROUND,6,3,2,,23.824,,MiniBoo,Team Heretics,raze,False,,50,0,0,0,3,False,RieNs,Team Heretics,fade,False,,33,0,0,0,7,False,Boo,Team Heretics,omen,False,,25,0,0,0,5,False,benjyfishy,Team Heretics,deadlock,False,,25,0,0,0,2,False,Wo0t,Team Heretics,chamber,True,100,50,0,8,1,7,True,grubinho,GIANTX,omen,True,100,,0,0,1,7,True,ara,GIANTX,raze,True,85,25,0,0,1,7,True,Cloud,GIANTX,fade,True,100,25,1,0,1,3,False,Flickless,GIANTX,viper,True,100,25,1,0,0,7,True,westside,GIANTX,cypher,True,100,25,0,0,0,6,False
660.527,2829,ACTIVE_ROUND,6,3,2,,24.057,,MiniBoo,Team Heretics,raze,False,,50,0,0,0,3,False,RieNs,Team Heretics,fade,False,,33,0,0,0,7,False,Boo,Team Heretics,omen,False,,25,0,0,0,5,False,benjyfishy,Team Heretics,deadlock,False,,25,0,0,0,2,False,Wo0t,Team Heretics,chamber,True,100,50,0,8,1,7,True,grubinho,GIANTX,omen,True,100,,0,0,1,7,True,ara,GIANTX,raze,True,85,25,0,0,1,7,True,Cloud,GIANTX,fade,True,100,25,1,0,1,3,False,Flickless,GIANTX,viper,True,100,25,1,0,0,7,True,westside,GIANTX,cypher,True,100,25,0,0,0,6,False
660.760,2830,ACTIVE_ROUND,6,3,2,,24.291,,MiniBoo,Team Heretics,raze,False,,50,0,0,0,3,False,RieNs,Team Heretics,fade,False,,33,0,0,0,7,False,Boo,Team Heretics,omen,False,,25,0,0,0,5,False,benjyfishy,Team Heretics,deadlock,False,,25,0,0,0,2,False,Wo0t,Team Heretics,chamber,True,100,50,0,8,1,7,True,grubinho,GIANTX,omen,True,100,,0,0,1,7,True,ara,GIANTX,raze,True,85,25,0,0,1,7,True,Cloud,GIANTX,fade,True,100,25,1,0,1,3,False,Flickless,GIANTX,viper,True,100,25,1,0,0,7,True,westside,GIANTX,cypher,True,100,25,0,0,0,6,False
660.994,2831,ACTIVE_ROUND,6,3,2,,24.524,,MiniBoo,Team Heretics,raze,False,,50,0,0,0,3,False,RieNs,Team Heretics,fade,False,,33,0,0,0,7,False,Boo,Team Heretics,omen,False,,25,0,0,0,5,False,benjyfishy,Team Heretics,deadlock,False,,25,0,0,0,2,False,Wo0t,Team Heretics,chamber,True,100,50,0,8,1,7,True,grubinho,GIANTX,omen,True,100,,0,0,1,7,True,ara,GIANTX,raze,True,85,25,0,0,1,7,True,Cloud,GIANTX,fade,True,100,25,1,0,1,3,False,Flickless,GIANTX,viper,True,100,25,1,0,0,7,True,westside,GIANTX,cypher,True,100,25,0,0,0,6,False
661.227,2832,ACTIVE_ROUND,6,3,2,,24.758,,MiniBoo,Team Heretics,raze,False,,50,0,0,0,3,False,RieNs,Team Heretics,fade,False,,33,0,0,0,7,False,Boo,Team Heretics,omen,False,,25,0,0,0,5,False,benjyfishy,Team Heretics,deadlock,False,,25,0,0,0,2,False,Wo0t,Team Heretics,chamber,True,100,50,0,8,1,7,True,grubinho,GIANTX,omen,True,100,,0,0,1,7,True,ara,GIANTX,raze,True,85,25,0,0,1,7,True,Cloud,GIANTX,fade,True,100,25,1,0,1,3,False,Flickless,GIANTX,viper,True,100,25,1,0,0,7,True,westside,GIANTX,cypher,True,100,25,0,0,0,6,False
661.461,2833,ACTIVE_ROUND,6,3,2,,24.992,,MiniBoo,Team Heretics,raze,False,,50,0,0,0,3,False,RieNs,Team Heretics,fade,False,,33,0,0,0,7,False,Boo,Team Heretics,omen,False,,25,0,0,0,5,False,benjyfishy,Team Heretics,deadlock,False,,25,0,0,0,2,False,Wo0t,Team Heretics,chamber,True,100,50,0,8,1,7,True,grubinho,GIANTX,omen,True,100,,0,0,1,7,True,ara,GIANTX,raze,True,85,25,0,0,1,7,True,Cloud,GIANTX,fade,True,100,25,1,0,1,3,False,Flickless,GIANTX,viper,True,100,25,1,0,0,7,True,westside,GIANTX,cypher,True,100,25,0,0,0,6,False
661.694,2834,ACTIVE_ROUND,6,3,2,,25.225,,MiniBoo,Team Heretics,raze,False,,50,0,0,0,3,False,RieNs,Team Heretics,fade,False,,33,0,0,0,7,False,Boo,Team Heretics,omen,False,,25,0,0,0,5,False,benjyfishy,Team Heretics,deadlock,False,,25,0,0,0,2,False,Wo0t,Team Heretics,chamber,True,100,50,0,8,1,7,True,grubinho,GIANTX,omen,True,100,,0,0,1,7,True,ara,GIANTX,raze,True,85,25,0,0,1,7,True,Cloud,GIANTX,fade,True,100,25,1,0,1,3,False,Flickless,GIANTX,viper,True,100,25,1,0,0,7,True,westside,GIANTX,cypher,True,100,25,0,0,0,6,False
661.928,2835,ACTIVE_ROUND,6,3,2,,25.459,,MiniBoo,Team Heretics,raze,False,,50,0,0,0,3,False,RieNs,Team Heretics,fade,False,,33,0,0,0,7,False,Boo,Team Heretics,omen,False,,25,0,0,0,5,False,benjyfishy,Team Heretics,deadlock,False,,25,0,0,0,2,False,Wo0t,Team Heretics,chamber,True,100,50,0,8,1,7,True,grubinho,GIANTX,omen,True,100,,0,0,1,7,True,ara,GIANTX,raze,True,85,25,0,0,1,7,True,Cloud,GIANTX,fade,True,100,25,1,0,1,3,False,Flickless,GIANTX,viper,True,100,25,1,0,0,7,True,westside,GIANTX,cypher,True,100,25,0,0,0,6,False
662.162,2836,ACTIVE_ROUND,6,3,2,,25.692,,MiniBoo,Team Heretics,raze,False,,50,0,0,0,3,False,RieNs,Team Heretics,fade,False,,33,0,0,0,7,False,Boo,Team Heretics,omen,False,,25,0,0,0,5,False,benjyfishy,Team Heretics,deadlock,False,,25,0,0,0,2,False,Wo0t,Team Heretics,chamber,True,100,50,0,8,1,7,True,grubinho,GIANTX,omen,True,100,,0,0,1,7,True,ara,GIANTX,raze,True,85,25,0,0,1,7,True,Cloud,GIANTX,fade,True,100,25,1,0,1,3,False,Flickless,GIANTX,viper,True,100,25,1,0,0,7,True,westside,GIANTX,cypher,True,100,25,0,0,0,6,False
662.395,2837,ACTIVE_ROUND,6,3,2,,25.926,,MiniBoo,Team Heretics,raze,False,,50,0,0,0,3,False,RieNs,Team Heretics,fade,False,,33,0,0,0,7,False,Boo,Team Heretics,omen,False,,25,0,0,0,5,False,benjyfishy,Team Heretics,deadlock,False,,25,0,0,0,2,False,Wo0t,Team Heretics,chamber,True,100,50,0,8,1,7,True,grubinho,GIANTX,omen,True,100,,0,0,1,7,True,ara,GIANTX,raze,True,85,25,0,0,1,7,True,Cloud,GIANTX,fade,True,100,25,1,0,1,3,False,Flickless,GIANTX,viper,True,100,25,1,0,0,7,True,westside,GIANTX,cypher,True,100,25,0,0,0,6,False
662.629,2838,ACTIVE_ROUND,6,3,2,,26.159,,MiniBoo,Team Heretics,raze,False,,50,0,0,0,3,False,RieNs,Team Heretics,fade,False,,33,0,0,0,7,False,Boo,Team Heretics,omen,False,,25,0,0,0,5,False,benjyfishy,Team Heretics,deadlock,False,,25,0,0,0,2,False,Wo0t,Team Heretics,chamber,True,100,50,0,8,1,7,True,grubinho,GIANTX,omen,True,100,,0,0,1,7,True,ara,GIANTX,raze,True,85,25,0,0,1,7,True,Cloud,GIANTX,fade,True,100,25,1,0,1,3,False,Flickless,GIANTX,viper,True,100,25,1,0,0,7,True,westside,GIANTX,cypher,True,100,25,0,0,0,6,False
662.862,2839,ACTIVE_ROUND,6,3,2,,26.393,,MiniBoo,Team Heretics,raze,False,,50,0,0,0,3,False,RieNs,Team Heretics,fade,False,,33,0,0,0,7,False,Boo,Team Heretics,omen,False,,25,0,0,0,5,False,benjyfishy,Team Heretics,deadlock,False,,25,0,0,0,2,False,Wo0t,Team Heretics,chamber,True,100,50,0,8,1,7,True,grubinho,GIANTX,omen,True,100,,0,0,1,7,True,ara,GIANTX,raze,True,85,25,0,0,1,7,True,Cloud,GIANTX,fade,True,100,25,1,0,1,3,False,Flickless,GIANTX,viper,True,100,25,1,0,0,7,True,westside,GIANTX,cypher,True,100,25,0,0,0,6,False
663.096,2840,ACTIVE_ROUND,6,3,2,,26.627,,MiniBoo,Team Heretics,raze,False,,50,0,0,0,3,False,RieNs,Team Heretics,fade,False,,33,0,0,0,7,False,Boo,Team Heretics,omen,False,,25,0,0,0,5,False,benjyfishy,Team Heretics,deadlock,False,,25,0,0,0,2,False,Wo0t,Team Heretics,chamber,True,100,50,0,8,1,7,True,grubinho,GIANTX,omen,True,100,,0,0,1,7,True,ara,GIANTX,raze,True,85,25,0,0,1,7,True,Cloud,GIANTX,fade,True,100,25,1,0,1,3,False,Flickless,GIANTX,viper,True,100,25,1,0,0,7,True,westside,GIANTX,cypher,True,100,25,0,0,0,6,False
663.329,2841,ACTIVE_ROUND,6,3,2,,26.860,,MiniBoo,Team Heretics,raze,False,,50,0,0,0,3,False,RieNs,Team Heretics,fade,False,,33,0,0,0,7,False,Boo,Team Heretics,omen,False,,25,0,0,0,5,False,benjyfishy,Team Heretics,deadlock,False,,25,0,0,0,2,False,Wo0t,Team Heretics,chamber,True,100,50,0,8,1,7,True,grubinho,GIANTX,omen,True,100,,0,0,1,7,True,ara,GIANTX,raze,True,85,25,0,0,1,7,True,Cloud,GIANTX,fade,True,100,25,1,0,1,3,False,Flickless,GIANTX,viper,True,100,25,1,0,0,7,True,westside,GIANTX,cypher,True,100,25,0,0,0,6,False
663.563,2842,ACTIVE_ROUND,6,3,2,,27.094,,MiniBoo,Team Heretics,raze,False,,50,0,0,0,3,False,RieNs,Team Heretics,fade,False,,33,0,0,0,7,False,Boo,Team Heretics,omen,False,,25,0,0,0,5,False,benjyfishy,Team Heretics,deadlock,False,,25,0,0,0,2,False,Wo0t,Team Heretics,chamber,True,100,50,0,8,1,7,True,grubinho,GIANTX,omen,True,100,,0,0,1,7,True,ara,GIANTX,raze,True,85,25,0,0,1,7,True,Cloud,GIANTX,fade,True,100,25,1,0,1,3,False,Flickless,GIANTX,viper,True,100,25,1,0,0,7,True,westside,GIANTX,cypher,True,100,25,0,0,0,6,False
663.796,2843,ACTIVE_ROUND,6,3,2,,27.327,,MiniBoo,Team Heretics,raze,False,,50,0,0,0,3,False,RieNs,Team Heretics,fade,False,,33,0,0,0,7,False,Boo,Team Heretics,omen,False,,25,0,0,0,5,False,benjyfishy,Team Heretics,deadlock,False,,25,0,0,0,2,False,Wo0t,Team Heretics,chamber,True,100,50,0,8,1,7,True,grubinho,GIANTX,omen,True,100,,0,0,1,7,True,ara,GIANTX,raze,True,85,25,0,0,1,7,True,Cloud,GIANTX,fade,True,100,25,1,0,1,3,False,Flickless,GIANTX,viper,True,100,25,1,0,0,7,True,westside,GIANTX,cypher,True,100,25,0,0,0,6,False
664.030,2844,ACTIVE_ROUND,6,3,2,,27.561,,MiniBoo,Team Heretics,raze,False,,50,0,0,0,3,False,RieNs,Team Heretics,fade,False,,33,0,0,0,7,False,Boo,Team Heretics,omen,False,,25,0,0,0,5,False,benjyfishy,Team Heretics,deadlock,False,,25,0,0,0,2,False,Wo0t,Team Heretics,chamber,True,100,50,0,8,1,7,True,grubinho,GIANTX,omen,True,100,,0,0,1,7,True,ara,GIANTX,raze,True,85,25,0,0,1,7,True,Cloud,GIANTX,fade,True,100,25,1,0,1,3,False,Flickless,GIANTX,viper,True,100,25,1,0,0,7,True,westside,GIANTX,cypher,True,100,25,0,0,0,6,False
664.264,2845,ACTIVE_ROUND,6,3,2,,27.794,,MiniBoo,Team Heretics,raze,False,,50,0,0,0,3,False,RieNs,Team Heretics,fade,False,,33,0,0,0,7,False,Boo,Team Heretics,omen,False,,25,0,0,0,5,False,benjyfishy,Team Heretics,deadlock,False,,25,0,0,0,2,False,Wo0t,Team Heretics,chamber,True,100,50,0,8,1,7,True,grubinho,GIANTX,omen,True,100,,0,0,1,7,True,ara,GIANTX,raze,True,85,25,0,0,1,7,True,Cloud,GIANTX,fade,True,100,25,1,0,1,3,False,Flickless,GIANTX,viper,True,100,25,1,0,0,7,True,westside,GIANTX,cypher,True,100,25,0,0,0,6,False
664.497,2846,ACTIVE_ROUND,6,3,2,,28.028,,MiniBoo,Team Heretics,raze,False,,50,0,0,0,3,False,RieNs,Team Heretics,fade,False,,33,0,0,0,7,False,Boo,Team Heretics,omen,False,,25,0,0,0,5,False,benjyfishy,Team Heretics,deadlock,False,,25,0,0,0,2,False,Wo0t,Team Heretics,chamber,True,100,50,0,8,1,7,True,grubinho,GIANTX,omen,True,100,,0,0,1,7,True,ara,GIANTX,raze,True,85,25,0,0,1,7,True,Cloud,GIANTX,fade,True,100,25,1,0,1,3,False,Flickless,GIANTX,viper,True,100,25,1,0,0,7,True,westside,GIANTX,cypher,True,100,25,0,0,0,6,False
664.731,2847,ACTIVE_ROUND,6,3,2,,28.262,,MiniBoo,Team Heretics,raze,False,,50,0,0,0,3,False,RieNs,Team Heretics,fade,False,,33,0,0,0,7,False,Boo,Team Heretics,omen,False,,25,0,0,0,5,False,benjyfishy,Team Heretics,deadlock,False,,25,0,0,0,2,False,Wo0t,Team Heretics,chamber,True,100,50,0,8,1,7,True,grubinho,GIANTX,omen,True,100,,0,0,1,7,True,ara,GIANTX,raze,True,85,25,0,0,1,7,True,Cloud,GIANTX,fade,True,100,25,1,0,1,3,False,Flickless,GIANTX,viper,True,100,25,1,0,0,7,True,westside,GIANTX,cypher,True,100,25,0,0,0,6,False
664.964,2848,ACTIVE_ROUND,6,3,2,,28.495,,MiniBoo,Team Heretics,raze,False,,50,0,0,0,3,False,RieNs,Team Heretics,fade,False,,33,0,0,0,7,False,Boo,Team Heretics,omen,False,,25,0,0,0,5,False,benjyfishy,Team Heretics,deadlock,False,,25,0,0,0,2,False,Wo0t,Team Heretics,chamber,True,100,50,0,8,1,7,True,grubinho,GIANTX,omen,True,100,,0,0,1,7,True,ara,GIANTX,raze,True,85,25,0,0,1,7,True,Cloud,GIANTX,fade,True,100,25,1,0,1,3,False,Flickless,GIANTX,viper,True,100,25,1,0,0,7,True,westside,GIANTX,cypher,True,100,25,0,0,0,6,False
665.198,2849,ACTIVE_ROUND,6,3,2,,28.729,,MiniBoo,Team Heretics,raze,False,,50,0,0,0,3,False,RieNs,Team Heretics,fade,False,,33,0,0,0,7,False,Boo,Team Heretics,omen,False,,25,0,0,0,5,False,benjyfishy,Team Heretics,deadlock,False,,25,0,0,0,2,False,Wo0t,Team Heretics,chamber,True,100,50,0,8,1,7,True,grubinho,GIANTX,omen,True,100,,0,0,1,7,True,ara,GIANTX,raze,True,85,25,0,0,1,7,True,Cloud,GIANTX,fade,True,100,25,1,0,1,3,False,Flickless,GIANTX,viper,True,100,25,1,0,0,7,True,westside,GIANTX,cypher,True,100,25,0,0,0,6,False
665.431,2850,ACTIVE_ROUND,6,3,2,,28.962,,MiniBoo,Team Heretics,raze,False,,50,0,0,0,3,False,RieNs,Team Heretics,fade,False,,33,0,0,0,7,False,Boo,Team Heretics,omen,False,,25,0,0,0,5,False,benjyfishy,Team Heretics,deadlock,False,,25,0,0,0,2,False,Wo0t,Team Heretics,chamber,True,100,50,0,8,1,7,True,grubinho,GIANTX,omen,True,100,,0,0,1,7,True,ara,GIANTX,raze,True,85,25,0,0,1,7,True,Cloud,GIANTX,fade,True,100,25,1,0,1,3,False,Flickless,GIANTX,viper,True,100,25,1,0,0,7,True,westside,GIANTX,cypher,True,100,25,0,0,0,6,False
665.665,2851,ACTIVE_ROUND,6,3,2,,29.196,,MiniBoo,Team Heretics,raze,False,,50,0,0,0,3,False,RieNs,Team Heretics,fade,False,,33,0,0,0,7,False,Boo,Team Heretics,omen,False,,25,0,0,0,5,False,benjyfishy,Team Heretics,deadlock,False,,25,0,0,0,2,False,Wo0t,Team Heretics,chamber,True,100,50,0,8,1,7,True,grubinho,GIANTX,omen,True,100,,0,0,1,7,True,ara,GIANTX,raze,True,85,25,0,0,1,7,True,Cloud,GIANTX,fade,True,100,25,1,0,1,3,False,Flickless,GIANTX,viper,True,100,25,1,0,0,7,True,westside,GIANTX,cypher,True,100,25,0,0,0,6,False
665.899,2852,ACTIVE_ROUND,6,3,2,,29.429,,MiniBoo,Team Heretics,raze,False,,50,0,0,0,3,False,RieNs,Team Heretics,fade,False,,33,0,0,0,7,False,Boo,Team Heretics,omen,False,,25,0,0,0,5,False,benjyfishy,Team Heretics,deadlock,False,,25,0,0,0,2,False,Wo0t,Team Heretics,chamber,True,100,50,0,8,1,7,True,grubinho,GIANTX,omen,True,100,,0,0,1,7,True,ara,GIANTX,raze,True,85,25,0,0,1,7,True,Cloud,GIANTX,fade,True,100,25,1,0,1,3,False,Flickless,GIANTX,viper,True,100,25,1,0,0,7,True,westside,GIANTX,cypher,True,100,25,0,0,0,6,False
666.132,2853,ACTIVE_ROUND,6,3,2,,29.663,,MiniBoo,Team Heretics,raze,False,,50,0,0,0,3,False,RieNs,Team Heretics,fade,False,,33,0,0,0,7,False,Boo,Team Heretics,omen,False,,25,0,0,0,5,False,benjyfishy,Team Heretics,deadlock,False,,25,0,0,0,2,False,Wo0t,Team Heretics,chamber,True,100,50,0,8,1,7,True,grubinho,GIANTX,omen,True,100,,0,0,1,7,True,ara,GIANTX,raze,True,85,25,0,0,1,7,True,Cloud,GIANTX,fade,True,100,25,1,0,1,3,False,Flickless,GIANTX,viper,True,100,25,1,0,0,7,True,westside,GIANTX,cypher,True,100,25,0,0,0,6,False
666.366,2854,ACTIVE_ROUND,6,3,2,,29.897,,MiniBoo,Team Heretics,raze,False,,50,0,0,0,3,False,RieNs,Team Heretics,fade,False,,33,0,0,0,7,False,Boo,Team Heretics,omen,False,,25,0,0,0,5,False,benjyfishy,Team Heretics,deadlock,False,,25,0,0,0,2,False,Wo0t,Team Heretics,chamber,True,100,50,0,8,1,7,True,grubinho,GIANTX,omen,True,100,,0,0,1,7,True,ara,GIANTX,raze,True,85,25,0,0,1,7,True,Cloud,GIANTX,fade,True,100,25,1,0,1,3,False,Flickless,GIANTX,viper,True,100,25,1,0,0,7,True,westside,GIANTX,cypher,True,100,25,0,0,0,6,False
666.599,2855,ACTIVE_ROUND,6,3,2,,30.130,,MiniBoo,Team Heretics,raze,False,,50,0,0,0,3,False,RieNs,Team Heretics,fade,False,,33,0,0,0,7,False,Boo,Team Heretics,omen,False,,25,0,0,0,5,False,benjyfishy,Team Heretics,deadlock,False,,25,0,0,0,2,False,Wo0t,Team Heretics,chamber,True,100,50,0,8,1,7,True,grubinho,GIANTX,omen,True,100,,0,0,1,7,True,ara,GIANTX,raze,True,85,25,0,0,1,7,True,Cloud,GIANTX,fade,True,100,25,1,0,1,3,False,Flickless,GIANTX,viper,True,100,25,1,0,0,7,True,westside,GIANTX,cypher,True,100,25,0,0,0,6,False
666.833,2856,ACTIVE_ROUND,6,3,2,,30.364,,MiniBoo,Team Heretics,raze,False,,50,0,0,0,3,False,RieNs,Team Heretics,fade,False,,33,0,0,0,7,False,Boo,Team Heretics,omen,False,,25,0,0,0,5,False,benjyfishy,Team Heretics,deadlock,False,,25,0,0,0,2,False,Wo0t,Team Heretics,chamber,True,100,50,0,8,1,7,True,grubinho,GIANTX,omen,True,100,,0,0,1,7,True,ara,GIANTX,raze,True,85,25,0,0,1,7,True,Cloud,GIANTX,fade,True,100,25,1,0,1,3,False,Flickless,GIANTX,viper,True,100,25,1,0,0,7,True,westside,GIANTX,cypher,True,100,25,0,0,0,6,False
667.066,2857,ACTIVE_ROUND,6,3,2,,30.597,,MiniBoo,Team Heretics,raze,False,,50,0,0,0,3,False,RieNs,Team Heretics,fade,False,,33,0,0,0,7,False,Boo,Team Heretics,omen,False,,25,0,0,0,5,False,benjyfishy,Team Heretics,deadlock,False,,25,0,0,0,2,False,Wo0t,Team Heretics,chamber,True,100,50,0,8,1,7,True,grubinho,GIANTX,omen,True,100,,0,0,1,7,True,ara,GIANTX,raze,True,85,25,0,0,1,7,True,Cloud,GIANTX,fade,True,100,25,1,0,1,3,False,Flickless,GIANTX,viper,True,100,25,1,0,0,7,True,westside,GIANTX,cypher,True,100,25,0,0,0,6,False
667.300,2858,ACTIVE_ROUND,6,3,2,,30.831,,MiniBoo,Team Heretics,raze,False,,50,0,0,0,3,False,RieNs,Team Heretics,fade,False,,33,0,0,0,7,False,Boo,Team Heretics,omen,False,,25,0,0,0,5,False,benjyfishy,Team Heretics,deadlock,False,,25,0,0,0,2,False,Wo0t,Team Heretics,chamber,True,100,50,0,8,1,7,True,grubinho,GIANTX,omen,True,100,,0,0,1,7,True,ara,GIANTX,raze,True,85,25,0,0,1,7,True,Cloud,GIANTX,fade,True,100,25,1,0,1,3,False,Flickless,GIANTX,viper,True,100,25,1,0,0,7,True,westside,GIANTX,cypher,True,100,25,0,0,0,6,False
667.534,2859,ACTIVE_ROUND,6,3,2,,31.064,,MiniBoo,Team Heretics,raze,False,,50,0,0,0,3,False,RieNs,Team Heretics,fade,False,,33,0,0,0,7,False,Boo,Team Heretics,omen,False,,25,0,0,0,5,False,benjyfishy,Team Heretics,deadlock,False,,25,0,0,0,2,False,Wo0t,Team Heretics,chamber,True,100,50,0,8,1,7,True,grubinho,GIANTX,omen,True,100,,0,0,1,7,True,ara,GIANTX,raze,True,85,25,0,0,1,7,True,Cloud,GIANTX,fade,True,100,25,1,0,1,3,False,Flickless,GIANTX,viper,True,100,25,1,0,0,7,True,westside,GIANTX,cypher,True,100,25,0,0,0,6,False
667.767,2860,ACTIVE_ROUND,6,3,2,,31.298,,MiniBoo,Team Heretics,raze,False,,50,0,0,0,3,False,RieNs,Team Heretics,fade,False,,33,0,0,0,7,False,Boo,Team Heretics,omen,False,,25,0,0,0,5,False,benjyfishy,Team Heretics,deadlock,False,,25,0,0,0,2,False,Wo0t,Team Heretics,chamber,True,100,50,0,8,1,7,True,grubinho,GIANTX,omen,True,100,,0,0,1,7,True,ara,GIANTX,raze,True,85,25,0,0,1,7,True,Cloud,GIANTX,fade,True,100,25,1,0,1,3,False,Flickless,GIANTX,viper,True,100,25,1,0,0,7,True,westside,GIANTX,cypher,True,100,25,0,0,0,6,False
668.001,2861,ACTIVE_ROUND,6,3,2,,31.532,,MiniBoo,Team Heretics,raze,False,,50,0,0,0,3,False,RieNs,Team Heretics,fade,False,,33,0,0,0,7,False,Boo,Team Heretics,omen,False,,25,0,0,0,5,False,benjyfishy,Team Heretics,deadlock,False,,25,0,0,0,2,False,Wo0t,Team Heretics,chamber,True,100,50,0,8,1,7,True,grubinho,GIANTX,omen,True,100,,0,0,1,7,True,ara,GIANTX,raze,True,85,25,0,0,1,7,True,Cloud,GIANTX,fade,True,100,25,1,0,1,3,False,Flickless,GIANTX,viper,True,100,25,1,0,0,7,True,westside,GIANTX,cypher,True,100,25,0,0,0,6,False
668.234,2862,ACTIVE_ROUND,6,3,2,,31.765,,MiniBoo,Team Heretics,raze,False,,50,0,0,0,3,False,RieNs,Team Heretics,fade,False,,33,0,0,0,7,False,Boo,Team Heretics,omen,False,,25,0,0,0,5,False,benjyfishy,Team Heretics,deadlock,False,,25,0,0,0,2,False,Wo0t,Team Heretics,chamber,True,100,50,0,8,1,7,True,grubinho,GIANTX,omen,True,100,,0,0,1,7,True,ara,GIANTX,raze,True,85,25,0,0,1,7,True,Cloud,GIANTX,fade,True,100,25,1,0,1,3,False,Flickless,GIANTX,viper,True,100,25,1,0,0,7,True,westside,GIANTX,cypher,True,100,25,0,0,0,6,False
668.468,2863,ACTIVE_ROUND,6,3,2,,31.999,,MiniBoo,Team Heretics,raze,False,,50,0,0,0,3,False,RieNs,Team Heretics,fade,False,,33,0,0,0,7,False,Boo,Team Heretics,omen,False,,25,0,0,0,5,False,benjyfishy,Team Heretics,deadlock,False,,25,0,0,0,2,False,Wo0t,Team Heretics,chamber,True,100,50,0,8,1,7,True,grubinho,GIANTX,omen,True,100,,0,0,1,7,True,ara,GIANTX,raze,True,85,25,0,0,1,7,True,Cloud,GIANTX,fade,True,100,25,1,0,1,3,False,Flickless,GIANTX,viper,True,100,25,1,0,0,7,True,westside,GIANTX,cypher,True,100,25,0,0,0,6,False
668.701,2864,ACTIVE_ROUND,6,3,2,,32.232,,MiniBoo,Team Heretics,raze,False,,50,0,0,0,3,False,RieNs,Team Heretics,fade,False,,33,0,0,0,7,False,Boo,Team Heretics,omen,False,,25,0,0,0,5,False,benjyfishy,Team Heretics,deadlock,False,,25,0,0,0,2,False,Wo0t,Team Heretics,chamber,True,100,50,0,8,1,7,True,grubinho,GIANTX,omen,True,100,,0,0,1,7,True,ara,GIANTX,raze,True,85,25,0,0,1,7,True,Cloud,GIANTX,fade,True,100,25,1,0,1,3,False,Flickless,GIANTX,viper,True,100,25,1,0,0,7,True,westside,GIANTX,cypher,True,100,25,0,0,0,6,False
668.935,2865,ACTIVE_ROUND,6,3,2,,32.466,,MiniBoo,Team Heretics,raze,False,,50,0,0,0,3,False,RieNs,Team Heretics,fade,False,,33,0,0,0,7,False,Boo,Team Heretics,omen,False,,25,0,0,0,5,False,benjyfishy,Team Heretics,deadlock,False,,25,0,0,0,2,False,Wo0t,Team Heretics,chamber,True,100,50,0,8,1,7,True,grubinho,GIANTX,omen,True,100,,0,0,1,7,True,ara,GIANTX,raze,True,85,25,0,0,1,7,True,Cloud,GIANTX,fade,True,100,25,1,0,1,3,False,Flickless,GIANTX,viper,True,100,25,1,0,0,7,True,westside,GIANTX,cypher,True,100,25,0,0,0,6,False
669.168,2866,ACTIVE_ROUND,6,3,2,,32.699,,MiniBoo,Team Heretics,raze,False,,50,0,0,0,3,False,RieNs,Team Heretics,fade,False,,33,0,0,0,7,False,Boo,Team Heretics,omen,False,,25,0,0,0,5,False,benjyfishy,Team Heretics,deadlock,False,,25,0,0,0,2,False,Wo0t,Team Heretics,chamber,True,100,50,0,8,1,7,True,grubinho,GIANTX,omen,True,100,,0,0,1,7,True,ara,GIANTX,raze,True,85,25,0,0,1,7,True,Cloud,GIANTX,fade,True,100,25,1,0,1,3,False,Flickless,GIANTX,viper,True,100,25,1,0,0,7,True,westside,GIANTX,cypher,True,100,25,0,0,0,6,False
669.402,2867,ACTIVE_ROUND,6,3,2,,32.933,,MiniBoo,Team Heretics,raze,False,,50,0,0,0,3,False,RieNs,Team Heretics,fade,False,,33,0,0,0,7,False,Boo,Team Heretics,omen,False,,25,0,0,0,5,False,benjyfishy,Team Heretics,deadlock,False,,25,0,0,0,2,False,Wo0t,Team Heretics,chamber,True,100,50,0,8,1,7,True,grubinho,GIANTX,omen,True,100,,0,0,1,7,True,ara,GIANTX,raze,True,85,25,0,0,1,7,True,Cloud,GIANTX,fade,True,100,25,1,0,1,3,False,Flickless,GIANTX,viper,True,100,25,1,0,0,7,True,westside,GIANTX,cypher,True,100,25,0,0,0,6,False
669.636,2868,ACTIVE_ROUND,6,3,2,,33.166,,MiniBoo,Team Heretics,raze,False,,50,0,0,0,3,False,RieNs,Team Heretics,fade,False,,33,0,0,0,7,False,Boo,Team Heretics,omen,False,,25,0,0,0,5,False,benjyfishy,Team Heretics,deadlock,False,,25,0,0,0,2,False,Wo0t,Team Heretics,chamber,True,100,50,0,8,1,7,True,grubinho,GIANTX,omen,True,100,,0,0,1,7,True,ara,GIANTX,raze,True,85,25,0,0,1,7,True,Cloud,GIANTX,fade,True,100,25,1,0,1,3,False,Flickless,GIANTX,viper,True,100,25,1,0,0,7,True,westside,GIANTX,cypher,True,100,25,0,0,0,6,False
669.869,2869,ACTIVE_ROUND,6,3,2,,33.400,,MiniBoo,Team Heretics,raze,False,,50,0,0,0,3,False,RieNs,Team Heretics,fade,False,,33,0,0,0,7,False,Boo,Team Heretics,omen,False,,25,0,0,0,5,False,benjyfishy,Team Heretics,deadlock,False,,25,0,0,0,2,False,Wo0t,Team Heretics,chamber,True,100,50,0,8,1,7,True,grubinho,GIANTX,omen,True,100,,0,0,1,7,True,ara,GIANTX,raze,True,85,25,0,0,1,7,True,Cloud,GIANTX,fade,True,100,25,1,0,1,3,False,Flickless,GIANTX,viper,True,100,25,1,0,0,7,True,westside,GIANTX,cypher,True,100,25,0,0,0,6,False
670.103,2870,ACTIVE_ROUND,6,3,2,,33.634,,MiniBoo,Team Heretics,raze,False,,50,0,0,0,3,False,RieNs,Team Heretics,fade,False,,33,0,0,0,7,False,Boo,Team Heretics,omen,False,,25,0,0,0,5,False,benjyfishy,Team Heretics,deadlock,False,,25,0,0,0,2,False,Wo0t,Team Heretics,chamber,True,100,50,0,8,1,7,True,grubinho,GIANTX,omen,True,100,,0,0,1,7,True,ara,GIANTX,raze,True,85,25,0,0,1,7,True,Cloud,GIANTX,fade,True,100,25,1,0,1,3,False,Flickless,GIANTX,viper,True,100,25,1,0,0,7,True,westside,GIANTX,cypher,True,100,25,0,0,0,6,False
670.336,2871,ACTIVE_ROUND,6,3,2,,33.867,,MiniBoo,Team Heretics,raze,False,,50,0,0,0,3,False,RieNs,Team Heretics,fade,False,,33,0,0,0,7,False,Boo,Team Heretics,omen,False,,25,0,0,0,5,False,benjyfishy,Team Heretics,deadlock,False,,25,0,0,0,2,False,Wo0t,Team Heretics,chamber,True,100,50,0,8,1,7,True,grubinho,GIANTX,omen,True,100,,0,0,1,7,True,ara,GIANTX,raze,True,85,25,0,0,1,7,True,Cloud,GIANTX,fade,True,100,25,1,0,1,3,False,Flickless,GIANTX,viper,True,100,25,1,0,0,7,True,westside,GIANTX,cypher,True,100,25,0,0,0,6,False
670.570,2872,ACTIVE_ROUND,6,3,2,,34.101,,MiniBoo,Team Heretics,raze,False,,50,0,0,0,3,False,RieNs,Team Heretics,fade,False,,33,0,0,0,7,False,Boo,Team Heretics,omen,False,,25,0,0,0,5,False,benjyfishy,Team Heretics,deadlock,False,,25,0,0,0,2,False,Wo0t,Team Heretics,chamber,True,100,50,0,8,1,7,True,grubinho,GIANTX,omen,True,100,,0,0,1,7,True,ara,GIANTX,raze,True,85,25,0,0,1,7,True,Cloud,GIANTX,fade,True,100,25,1,0,1,3,False,Flickless,GIANTX,viper,True,100,25,1,0,0,7,True,westside,GIANTX,cypher,True,100,25,0,0,0,6,False
670.803,2873,ACTIVE_ROUND,6,3,2,,34.334,,MiniBoo,Team Heretics,raze,False,,50,0,0,0,3,False,RieNs,Team Heretics,fade,False,,33,0,0,0,7,False,Boo,Team Heretics,omen,False,,25,0,0,0,5,False,benjyfishy,Team Heretics,deadlock,False,,25,0,0,0,2,False,Wo0t,Team Heretics,chamber,True,100,50,0,8,1,7,True,grubinho,GIANTX,omen,True,100,,0,0,1,7,True,ara,GIANTX,raze,True,85,25,0,0,1,7,True,Cloud,GIANTX,fade,True,100,25,1,0,1,3,False,Flickless,GIANTX,viper,True,100,25,1,0,0,7,True,westside,GIANTX,cypher,True,100,25,0,0,0,6,False
671.037,2874,ACTIVE_ROUND,6,3,2,,34.568,,MiniBoo,Team Heretics,raze,False,,50,0,0,0,3,False,RieNs,Team Heretics,fade,False,,33,0,0,0,7,False,Boo,Team Heretics,omen,False,,25,0,0,0,5,False,benjyfishy,Team Heretics,deadlock,False,,25,0,0,0,2,False,Wo0t,Team Heretics,chamber,True,100,50,0,8,1,7,True,grubinho,GIANTX,omen,True,100,,0,0,1,7,True,ara,GIANTX,raze,True,85,25,0,0,1,7,True,Cloud,GIANTX,fade,True,100,25,1,0,1,3,False,Flickless,GIANTX,viper,True,100,25,1,0,0,7,True,westside,GIANTX,cypher,True,100,25,0,0,0,6,False
671.271,2875,ACTIVE_ROUND,6,3,2,,34.801,,MiniBoo,Team Heretics,raze,False,,50,0,0,0,3,False,RieNs,Team Heretics,fade,False,,33,0,0,0,7,False,Boo,Team Heretics,omen,False,,25,0,0,0,5,False,benjyfishy,Team Heretics,deadlock,False,,25,0,0,0,2,False,Wo0t,Team Heretics,chamber,True,100,50,0,8,1,7,True,grubinho,GIANTX,omen,True,100,,0,0,1,7,True,ara,GIANTX,raze,True,85,25,0,0,1,7,True,Cloud,GIANTX,fade,True,100,25,1,0,1,3,False,Flickless,GIANTX,viper,True,100,25,1,0,0,7,True,westside,GIANTX,cypher,True,100,25,0,0,0,6,False
671.504,2876,ACTIVE_ROUND,6,3,2,,35.035,,MiniBoo,Team Heretics,raze,False,,50,0,0,0,3,False,RieNs,Team Heretics,fade,False,,33,0,0,0,7,False,Boo,Team Heretics,omen,False,,25,0,0,0,5,False,benjyfishy,Team Heretics,deadlock,False,,25,0,0,0,2,False,Wo0t,Team Heretics,chamber,True,100,50,0,8,1,7,True,grubinho,GIANTX,omen,True,100,,0,0,1,7,True,ara,GIANTX,raze,True,85,25,0,0,1,7,True,Cloud,GIANTX,fade,True,100,25,1,0,1,3,False,Flickless,GIANTX,viper,True,100,25,1,0,0,7,True,westside,GIANTX,cypher,True,100,25,0,0,0,6,False
671.738,2877,ACTIVE_ROUND,6,3,2,,35.269,,MiniBoo,Team Heretics,raze,False,,50,0,0,0,3,False,RieNs,Team Heretics,fade,False,,33,0,0,0,7,False,Boo,Team Heretics,omen,False,,25,0,0,0,5,False,benjyfishy,Team Heretics,deadlock,False,,25,0,0,0,2,False,Wo0t,Team Heretics,chamber,True,100,50,0,8,1,7,True,grubinho,GIANTX,omen,True,100,,0,0,1,7,True,ara,GIANTX,raze,True,85,25,0,0,1,7,True,Cloud,GIANTX,fade,True,100,25,1,0,1,3,False,Flickless,GIANTX,viper,True,100,25,1,0,0,7,True,westside,GIANTX,cypher,True,100,25,0,0,0,6,False
671.971,2878,ACTIVE_ROUND,6,3,2,,35.502,,MiniBoo,Team Heretics,raze,False,,50,0,0,0,3,False,RieNs,Team Heretics,fade,False,,33,0,0,0,7,False,Boo,Team Heretics,omen,False,,25,0,0,0,5,False,benjyfishy,Team Heretics,deadlock,False,,25,0,0,0,2,False,Wo0t,Team Heretics,chamber,True,100,50,0,8,1,7,True,grubinho,GIANTX,omen,True,100,,0,0,1,7,True,ara,GIANTX,raze,True,85,25,0,0,1,7,True,Cloud,GIANTX,fade,True,100,25,1,0,1,3,False,Flickless,GIANTX,viper,True,100,25,1,0,0,7,True,westside,GIANTX,cypher,True,100,25,0,0,0,6,False
672.205,2879,ACTIVE_ROUND,6,3,2,,35.736,,MiniBoo,Team Heretics,raze,False,,50,0,0,0,3,False,RieNs,Team Heretics,fade,False,,33,0,0,0,7,False,Boo,Team Heretics,omen,False,,25,0,0,0,5,False,benjyfishy,Team Heretics,deadlock,False,,25,0,0,0,2,False,Wo0t,Team Heretics,chamber,True,100,50,0,8,1,7,True,grubinho,GIANTX,omen,True,100,,0,0,1,7,True,ara,GIANTX,raze,True,85,25,0,0,1,7,True,Cloud,GIANTX,fade,True,100,25,1,0,1,3,False,Flickless,GIANTX,viper,True,100,25,1,0,0,7,True,westside,GIANTX,cypher,True,100,25,0,0,0,6,False
672.438,2880,ACTIVE_ROUND,6,3,2,,35.969,,MiniBoo,Team Heretics,raze,False,,50,0,0,0,3,False,RieNs,Team Heretics,fade,False,,33,0,0,0,7,False,Boo,Team Heretics,omen,False,,25,0,0,0,5,False,benjyfishy,Team Heretics,deadlock,False,,25,0,0,0,2,False,Wo0t,Team Heretics,chamber,True,100,50,0,8,1,7,True,grubinho,GIANTX,omen,True,100,,0,0,1,7,True,ara,GIANTX,raze,True,85,25,0,0,1,7,True,Cloud,GIANTX,fade,True,100,25,1,0,1,3,False,Flickless,GIANTX,viper,True,100,25,1,0,0,7,True,westside,GIANTX,cypher,True,100,25,0,0,0,6,False
672.672,2881,ACTIVE_ROUND,6,3,2,,36.203,,MiniBoo,Team Heretics,raze,False,,50,0,0,0,3,False,RieNs,Team Heretics,fade,False,,33,0,0,0,7,False,Boo,Team Heretics,omen,False,,25,0,0,0,5,False,benjyfishy,Team Heretics,deadlock,False,,25,0,0,0,2,False,Wo0t,Team Heretics,chamber,True,100,50,0,8,1,7,True,grubinho,GIANTX,omen,True,100,,0,0,1,7,True,ara,GIANTX,raze,True,85,25,0,0,1,7,True,Cloud,GIANTX,fade,True,100,25,1,0,1,3,False,Flickless,GIANTX,viper,True,100,25,1,0,0,7,True,westside,GIANTX,cypher,True,100,25,0,0,0,6,False
672.906,2882,ACTIVE_ROUND,6,3,2,,36.436,,MiniBoo,Team Heretics,raze,False,,50,0,0,0,3,False,RieNs,Team Heretics,fade,False,,33,0,0,0,7,False,Boo,Team Heretics,omen,False,,25,0,0,0,5,False,benjyfishy,Team Heretics,deadlock,False,,25,0,0,0,2,False,Wo0t,Team Heretics,chamber,True,100,50,0,8,1,7,True,grubinho,GIANTX,omen,True,100,,0,0,1,7,True,ara,GIANTX,raze,True,85,25,0,0,1,7,True,Cloud,GIANTX,fade,True,100,25,1,0,1,3,False,Flickless,GIANTX,viper,True,100,25,1,0,0,7,True,westside,GIANTX,cypher,True,100,25,0,0,0,6,False
673.139,2883,ACTIVE_ROUND,6,3,2,,36.670,,MiniBoo,Team Heretics,raze,False,,50,0,0,0,3,False,RieNs,Team Heretics,fade,False,,33,0,0,0,7,False,Boo,Team Heretics,omen,False,,25,0,0,0,5,False,benjyfishy,Team Heretics,deadlock,False,,25,0,0,0,2,False,Wo0t,Team Heretics,chamber,True,100,50,0,8,1,7,True,grubinho,GIANTX,omen,True,100,,0,0,1,7,True,ara,GIANTX,raze,True,85,25,0,0,1,7,True,Cloud,GIANTX,fade,True,100,25,1,0,1,3,False,Flickless,GIANTX,viper,True,100,25,1,0,0,7,True,westside,GIANTX,cypher,True,100,25,0,0,0,6,False
673.373,2884,ACTIVE_ROUND,6,3,2,,36.904,,MiniBoo,Team Heretics,raze,False,,50,0,0,0,3,False,RieNs,Team Heretics,fade,False,,33,0,0,0,7,False,Boo,Team Heretics,omen,False,,25,0,0,0,5,False,benjyfishy,Team Heretics,deadlock,False,,25,0,0,0,2,False,Wo0t,Team Heretics,chamber,True,100,50,0,8,1,7,True,grubinho,GIANTX,omen,True,100,,0,0,1,7,True,ara,GIANTX,raze,True,85,25,0,0,1,7,True,Cloud,GIANTX,fade,True,100,25,1,0,1,3,False,Flickless,GIANTX,viper,True,100,25,1,0,0,7,True,westside,GIANTX,cypher,True,100,25,0,0,0,6,False
673.606,2885,ACTIVE_ROUND,6,3,2,,37.137,,MiniBoo,Team Heretics,raze,False,,50,0,0,0,3,False,RieNs,Team Heretics,fade,False,,33,0,0,0,7,False,Boo,Team Heretics,omen,False,,25,0,0,0,5,False,benjyfishy,Team Heretics,deadlock,False,,25,0,0,0,2,False,Wo0t,Team Heretics,chamber,True,100,50,0,8,1,7,True,grubinho,GIANTX,omen,True,100,,0,0,1,7,True,ara,GIANTX,raze,True,85,25,0,0,1,7,True,Cloud,GIANTX,fade,True,100,25,1,0,1,3,False,Flickless,GIANTX,viper,True,100,25,1,0,0,7,True,westside,GIANTX,cypher,True,100,25,0,0,0,6,False
673.840,2886,ACTIVE_ROUND,6,3,2,,37.371,,MiniBoo,Team Heretics,raze,False,,50,0,0,0,3,False,RieNs,Team Heretics,fade,False,,33,0,0,0,7,False,Boo,Team Heretics,omen,False,,25,0,0,0,5,False,benjyfishy,Team Heretics,deadlock,False,,25,0,0,0,2,False,Wo0t,Team Heretics,chamber,True,100,50,0,8,1,7,True,grubinho,GIANTX,omen,True,100,,0,0,1,7,True,ara,GIANTX,raze,True,85,25,0,0,1,7,True,Cloud,GIANTX,fade,True,100,25,1,0,1,3,False,Flickless,GIANTX,viper,True,100,25,1,0,0,7,True,westside,GIANTX,cypher,True,100,25,0,0,0,6,False
674.073,2887,ACTIVE_ROUND,6,3,2,,37.604,,MiniBoo,Team Heretics,raze,False,,50,0,0,0,3,False,RieNs,Team Heretics,fade,False,,33,0,0,0,7,False,Boo,Team Heretics,omen,False,,25,0,0,0,5,False,benjyfishy,Team Heretics,deadlock,False,,25,0,0,0,2,False,Wo0t,Team Heretics,chamber,True,100,50,0,8,1,7,True,grubinho,GIANTX,omen,True,100,,0,0,1,7,True,ara,GIANTX,raze,True,85,25,0,0,1,7,True,Cloud,GIANTX,fade,True,100,25,1,0,1,3,False,Flickless,GIANTX,viper,True,100,25,1,0,0,7,True,westside,GIANTX,cypher,True,100,25,0,0,0,6,False
674.307,2888,ACTIVE_ROUND,6,3,2,,37.838,,MiniBoo,Team Heretics,raze,False,,50,0,0,0,3,False,RieNs,Team Heretics,fade,False,,33,0,0,0,7,False,Boo,Team Heretics,omen,False,,25,0,0,0,5,False,benjyfishy,Team Heretics,deadlock,False,,25,0,0,0,2,False,Wo0t,Team Heretics,chamber,True,100,50,0,8,1,7,True,grubinho,GIANTX,omen,True,100,,0,0,1,7,True,ara,GIANTX,raze,True,85,25,0,0,1,7,True,Cloud,GIANTX,fade,True,100,25,1,0,1,3,False,Flickless,GIANTX,viper,True,100,25,1,0,0,7,True,westside,GIANTX,cypher,True,100,2,0,0,0,6,False
674.541,2889,ACTIVE_ROUND,6,3,2,,38.071,,MiniBoo,Team Heretics,raze,False,,50,0,0,0,3,False,RieNs,Team Heretics,fade,False,,33,0,0,0,7,False,Boo,Team Heretics,omen,False,,25,0,0,0,5,False,benjyfishy,Team Heretics,deadlock,False,,25,0,0,0,2,False,Wo0t,Team Heretics,chamber,True,100,50,0,8,1,7,True,grubinho,GIANTX,omen,True,100,,0,0,1,7,True,ara,GIANTX,raze,True,85,25,0,0,1,7,True,Cloud,GIANTX,fade,True,100,25,1,0,1,3,False,Flickless,GIANTX,viper,True,100,25,1,0,0,7,True,westside,GIANTX,cypher,True,100,2,0,0,0,6,False
674.774,2890,ACTIVE_ROUND,6,3,2,,38.305,,MiniBoo,Team Heretics,raze,False,,50,0,0,0,3,False,RieNs,Team Heretics,fade,False,,33,0,0,0,7,False,Boo,Team Heretics,omen,False,,25,0,0,0,5,False,benjyfishy,Team Heretics,deadlock,False,,25,0,0,0,2,False,Wo0t,Team Heretics,chamber,True,100,50,0,8,1,7,True,grubinho,GIANTX,omen,True,100,,0,0,1,7,True,ara,GIANTX,raze,True,85,25,0,0,1,7,True,Cloud,GIANTX,fade,True,100,25,1,0,1,3,False,Flickless,GIANTX,viper,True,100,25,1,0,0,7,True,westside,GIANTX,cypher,True,100,2,0,0,0,6,False
675.008,2891,ACTIVE_ROUND,6,3,2,,38.538,,MiniBoo,Team Heretics,raze,False,,50,0,0,0,3,False,RieNs,Team Heretics,fade,False,,33,0,0,0,7,False,Boo,Team Heretics,omen,False,,25,0,0,0,5,False,benjyfishy,Team Heretics,deadlock,False,,25,0,0,0,2,False,Wo0t,Team Heretics,chamber,True,100,50,0,8,1,7,True,grubinho,GIANTX,omen,True,100,,0,0,1,7,True,ara,GIANTX,raze,True,85,25,0,0,1,7,True,Cloud,GIANTX,fade,True,100,25,1,0,1,3,False,Flickless,GIANTX,viper,True,100,25,1,0,0,7,True,westside,GIANTX,cypher,True,100,2,0,0,0,6,False
675.241,2892,ACTIVE_ROUND,6,3,2,,38.772,,MiniBoo,Team Heretics,raze,False,,50,0,0,0,3,False,RieNs,Team Heretics,fade,False,,33,0,0,0,7,False,Boo,Team Heretics,omen,False,,25,0,0,0,5,False,benjyfishy,Team Heretics,deadlock,False,,25,0,0,0,2,False,Wo0t,Team Heretics,chamber,True,100,50,0,8,1,7,True,grubinho,GIANTX,omen,True,100,,0,0,1,7,True,ara,GIANTX,raze,True,85,25,0,0,1,7,True,Cloud,GIANTX,fade,True,100,25,1,0,1,3,False,Flickless,GIANTX,viper,True,100,25,1,0,0,7,True,westside,GIANTX,cypher,True,100,25,0,0,0,6,False
675.475,2893,ACTIVE_ROUND,6,3,2,,39.006,,MiniBoo,Team Heretics,raze,False,,50,0,0,0,3,False,RieNs,Team Heretics,fade,False,,33,0,0,0,7,False,Boo,Team Heretics,omen,False,,25,0,0,0,5,False,benjyfishy,Team Heretics,deadlock,False,,25,0,0,0,2,False,Wo0t,Team Heretics,chamber,True,100,50,0,8,1,7,True,grubinho,GIANTX,omen,True,100,,0,0,1,7,True,ara,GIANTX,raze,True,85,25,0,0,1,7,True,Cloud,GIANTX,fade,True,100,25,1,0,1,3,False,Flickless,GIANTX,viper,True,100,25,1,0,0,7,True,westside,GIANTX,cypher,True,100,25,0,0,0,6,False
675.708,2894,ACTIVE_ROUND,6,3,2,,39.239,,MiniBoo,Team Heretics,raze,False,,50,0,0,0,3,False,RieNs,Team Heretics,fade,False,,33,0,0,0,7,False,Boo,Team Heretics,omen,False,,25,0,0,0,5,False,benjyfishy,Team Heretics,deadlock,False,,25,0,0,0,2,False,Wo0t,Team Heretics,chamber,True,100,50,0,8,1,7,True,grubinho,GIANTX,omen,True,100,,0,0,1,7,True,ara,GIANTX,raze,True,85,25,0,0,1,7,True,Cloud,GIANTX,fade,True,100,25,1,0,1,3,False,Flickless,GIANTX,viper,True,100,25,1,0,0,7,True,westside,GIANTX,cypher,True,100,25,0,0,0,6,False
675.942,2895,ACTIVE_ROUND,6,3,2,,39.473,,MiniBoo,Team Heretics,raze,False,,50,0,0,0,3,False,RieNs,Team Heretics,fade,False,,33,0,0,0,7,False,Boo,Team Heretics,omen,False,,25,0,0,0,5,False,benjyfishy,Team Heretics,deadlock,False,,25,0,0,0,2,False,Wo0t,Team Heretics,chamber,True,100,50,0,8,1,7,True,grubinho,GIANTX,omen,True,100,,0,0,1,7,True,ara,GIANTX,raze,True,85,25,0,0,1,7,True,Cloud,GIANTX,fade,True,100,25,1,0,1,3,False,Flickless,GIANTX,viper,True,100,25,1,0,0,7,True,westside,GIANTX,cypher,True,100,25,0,0,0,6,False
676.176,2896,ACTIVE_ROUND,6,3,2,,39.706,,MiniBoo,Team Heretics,raze,False,,50,0,0,0,3,False,RieNs,Team Heretics,fade,False,,33,0,0,0,7,False,Boo,Team Heretics,omen,False,,25,0,0,0,5,False,benjyfishy,Team Heretics,deadlock,False,,25,0,0,0,2,False,Wo0t,Team Heretics,chamber,True,100,50,0,8,1,7,True,grubinho,GIANTX,omen,True,100,,0,0,1,7,True,ara,GIANTX,raze,True,85,25,0,0,1,7,True,Cloud,GIANTX,fade,True,100,25,1,0,1,3,False,Flickless,GIANTX,viper,True,100,25,1,0,0,7,True,westside,GIANTX,cypher,True,100,25,0,0,0,6,False
676.409,2897,ACTIVE_ROUND,6,3,2,,39.940,,MiniBoo,Team Heretics,raze,False,,50,0,0,0,3,False,RieNs,Team Heretics,fade,False,,33,0,0,0,7,False,Boo,Team Heretics,omen,False,,25,0,0,0,5,False,benjyfishy,Team Heretics,deadlock,False,,25,0,0,0,2,False,Wo0t,Team Heretics,chamber,True,100,50,0,8,1,7,True,grubinho,GIANTX,omen,True,100,,0,0,1,7,True,ara,GIANTX,raze,True,85,25,0,0,1,7,True,Cloud,GIANTX,fade,True,100,25,1,0,1,3,False,Flickless,GIANTX,viper,True,100,25,1,0,0,7,True,westside,GIANTX,cypher,True,100,25,0,0,0,6,False
676.643,2898,ACTIVE_ROUND,6,3,2,,40.173,,MiniBoo,Team Heretics,raze,False,,50,0,0,0,3,False,RieNs,Team Heretics,fade,False,,33,0,0,0,7,False,Boo,Team Heretics,omen,False,,25,0,0,0,5,False,benjyfishy,Team Heretics,deadlock,False,,25,0,0,0,2,False,Wo0t,Team Heretics,chamber,True,100,50,0,8,1,7,True,grubinho,GIANTX,omen,True,100,,0,0,1,7,True,ara,GIANTX,raze,True,85,25,0,0,1,7,True,Cloud,GIANTX,fade,True,100,25,1,0,1,3,False,Flickless,GIANTX,viper,True,100,25,1,0,0,7,True,westside,GIANTX,cypher,True,100,25,0,0,0,6,False
676.876,2899,ACTIVE_ROUND,6,3,2,,40.407,,MiniBoo,Team Heretics,raze,False,,50,0,0,0,3,False,RieNs,Team Heretics,fade,False,,33,0,0,0,7,False,Boo,Team Heretics,omen,False,,25,0,0,0,5,False,benjyfishy,Team Heretics,deadlock,False,,25,0,0,0,2,False,Wo0t,Team Heretics,chamber,True,100,50,0,8,1,7,True,grubinho,GIANTX,omen,True,100,,0,0,1,7,True,ara,GIANTX,raze,True,85,25,0,0,1,7,True,Cloud,GIANTX,fade,True,100,25,1,0,1,3,False,Flickless,GIANTX,viper,True,100,25,1,0,0,7,True,westside,GIANTX,cypher,True,100,25,0,0,0,6,False
677.110,2900,ACTIVE_ROUND,6,3,2,,40.641,,MiniBoo,Team Heretics,raze,False,,50,0,0,0,3,False,RieNs,Team Heretics,fade,False,,33,0,0,0,7,False,Boo,Team Heretics,omen,False,,25,0,0,0,5,False,benjyfishy,Team Heretics,deadlock,False,,25,0,0,0,2,False,Wo0t,Team Heretics,chamber,True,100,50,0,8,1,7,True,grubinho,GIANTX,omen,True,100,,0,0,1,7,True,ara,GIANTX,raze,True,85,25,0,0,1,7,True,Cloud,GIANTX,fade,True,100,25,1,0,1,3,False,Flickless,GIANTX,viper,True,100,25,1,0,0,7,True,westside,GIANTX,cypher,True,100,25,0,0,0,6,False
677.343,2901,ACTIVE_ROUND,6,3,2,,40.874,,MiniBoo,Team Heretics,raze,False,,50,0,0,0,3,False,RieNs,Team Heretics,fade,False,,33,0,0,0,7,False,Boo,Team Heretics,omen,False,,25,0,0,0,5,False,benjyfishy,Team Heretics,deadlock,False,,25,0,0,0,2,False,Wo0t,Team Heretics,chamber,True,100,50,0,8,1,7,True,grubinho,GIANTX,omen,True,100,,0,0,1,7,True,ara,GIANTX,raze,True,85,25,0,0,1,7,True,Cloud,GIANTX,fade,True,100,25,1,0,1,3,False,Flickless,GIANTX,viper,True,100,25,1,0,0,7,True,westside,GIANTX,cypher,True,100,25,0,0,0,6,False
677.577,2902,ACTIVE_ROUND,6,3,2,,41.108,,MiniBoo,Team Heretics,raze,False,,50,0,0,0,3,False,RieNs,Team Heretics,fade,False,,33,0,0,0,7,False,Boo,Team Heretics,omen,False,,25,0,0,0,5,False,benjyfishy,Team Heretics,deadlock,False,,25,0,0,0,2,False,Wo0t,Team Heretics,chamber,True,100,50,0,8,1,7,True,grubinho,GIANTX,omen,True,100,,0,0,1,7,True,ara,GIANTX,raze,True,85,25,0,0,1,7,True,Cloud,GIANTX,fade,True,100,25,1,0,1,3,False,Flickless,GIANTX,viper,True,100,25,1,0,0,7,True,westside,GIANTX,cypher,True,100,25,0,0,0,6,False
677.810,2903,ACTIVE_ROUND,6,3,2,,41.341,,MiniBoo,Team Heretics,raze,False,,50,0,0,0,3,False,RieNs,Team Heretics,fade,False,,33,0,0,0,7,False,Boo,Team Heretics,omen,False,,25,0,0,0,5,False,benjyfishy,Team Heretics,deadlock,False,,25,0,0,0,2,False,Wo0t,Team Heretics,chamber,True,100,50,0,8,1,7,True,grubinho,GIANTX,omen,True,100,,0,0,1,7,True,ara,GIANTX,raze,True,85,25,0,0,1,7,True,Cloud,GIANTX,fade,True,100,25,1,0,1,3,False,Flickless,GIANTX,viper,True,100,25,1,0,0,7,True,westside,GIANTX,cypher,True,100,25,0,0,0,6,False
678.044,2904,ACTIVE_ROUND,6,3,2,,41.575,,MiniBoo,Team Heretics,raze,False,,50,0,0,0,3,False,RieNs,Team Heretics,fade,False,,33,0,0,0,7,False,Boo,Team Heretics,omen,False,,25,0,0,0,5,False,benjyfishy,Team Heretics,deadlock,False,,25,0,0,0,2,False,Wo0t,Team Heretics,chamber,True,100,50,0,8,1,7,True,grubinho,GIANTX,omen,True,100,,0,0,1,7,True,ara,GIANTX,raze,True,85,25,0,0,1,7,True,Cloud,GIANTX,fade,True,100,25,1,0,1,3,False,Flickless,GIANTX,viper,True,100,25,1,0,0,7,True,westside,GIANTX,cypher,True,100,25,0,0,0,6,False
678.278,2905,ACTIVE_ROUND,6,3,2,,41.808,,MiniBoo,Team Heretics,raze,False,,50,0,0,0,3,False,RieNs,Team Heretics,fade,False,,33,0,0,0,7,False,Boo,Team Heretics,omen,False,,25,0,0,0,5,False,benjyfishy,Team Heretics,deadlock,False,,25,0,0,0,2,False,Wo0t,Team Heretics,chamber,True,100,50,0,8,1,7,True,grubinho,GIANTX,omen,True,100,,0,0,1,7,True,ara,GIANTX,raze,True,85,25,0,0,1,7,True,Cloud,GIANTX,fade,True,100,25,1,0,1,3,False,Flickless,GIANTX,viper,True,100,25,1,0,0,7,True,westside,GIANTX,cypher,True,100,25,0,0,0,6,False
678.511,2906,ACTIVE_ROUND,6,3,2,,42.042,,MiniBoo,Team Heretics,raze,False,,50,0,0,0,3,False,RieNs,Team Heretics,fade,False,,33,0,0,0,7,False,Boo,Team Heretics,omen,False,,25,0,0,0,5,False,benjyfishy,Team Heretics,deadlock,False,,25,0,0,0,2,False,Wo0t,Team Heretics,chamber,True,100,50,0,8,1,7,True,grubinho,GIANTX,omen,True,100,,0,0,1,7,True,ara,GIANTX,raze,True,85,25,0,0,1,7,True,Cloud,GIANTX,fade,True,100,25,1,0,1,3,False,Flickless,GIANTX,viper,True,100,25,1,0,0,7,True,westside,GIANTX,cypher,True,100,25,0,0,0,6,False
678.745,2907,ACTIVE_ROUND,6,3,2,,42.276,,MiniBoo,Team Heretics,raze,False,,50,0,0,0,3,False,RieNs,Team Heretics,fade,False,,33,0,0,0,7,False,Boo,Team Heretics,omen,False,,25,0,0,0,5,False,benjyfishy,Team Heretics,deadlock,False,,25,0,0,0,2,False,Wo0t,Team Heretics,chamber,True,100,50,0,8,1,7,True,grubinho,GIANTX,omen,True,100,,0,0,1,7,True,ara,GIANTX,raze,True,85,25,0,0,1,7,True,Cloud,GIANTX,fade,True,100,25,1,0,1,3,False,Flickless,GIANTX,viper,True,100,25,1,0,0,7,True,westside,GIANTX,cypher,True,100,25,0,0,0,6,False
678.978,2908,ACTIVE_ROUND,6,3,2,,42.509,,MiniBoo,Team Heretics,raze,False,,50,0,0,0,3,False,RieNs,Team Heretics,fade,False,,33,0,0,0,7,False,Boo,Team Heretics,omen,False,,25,0,0,0,5,False,benjyfishy,Team Heretics,deadlock,False,,25,0,0,0,2,False,Wo0t,Team Heretics,chamber,True,100,50,0,8,1,7,True,grubinho,GIANTX,omen,True,100,,0,0,1,7,True,ara,GIANTX,raze,True,85,25,0,0,1,7,True,Cloud,GIANTX,fade,True,100,25,1,0,1,3,False,Flickless,GIANTX,viper,True,100,25,1,0,0,7,True,westside,GIANTX,cypher,True,100,25,0,0,0,6,False
679.212,2909,ACTIVE_ROUND,6,3,2,,42.743,,MiniBoo,Team Heretics,raze,False,,50,0,0,0,3,False,RieNs,Team Heretics,fade,False,,33,0,0,0,7,False,Boo,Team Heretics,omen,False,,25,0,0,0,5,False,benjyfishy,Team Heretics,deadlock,False,,25,0,0,0,2,False,Wo0t,Team Heretics,chamber,True,100,50,0,8,1,7,True,grubinho,GIANTX,omen,True,100,,0,0,1,7,True,ara,GIANTX,raze,True,85,25,0,0,1,7,True,Cloud,GIANTX,fade,True,100,25,1,0,1,3,False,Flickless,GIANTX,viper,True,100,25,1,0,0,7,True,westside,GIANTX,cypher,True,100,25,0,0,0,6,False
679.445,2910,ACTIVE_ROUND,6,3,2,,42.976,,MiniBoo,Team Heretics,raze,False,,50,0,0,0,3,False,RieNs,Team Heretics,fade,False,,33,0,0,0,7,False,Boo,Team Heretics,omen,False,,25,0,0,0,5,False,benjyfishy,Team Heretics,deadlock,False,,25,0,0,0,2,False,Wo0t,Team Heretics,chamber,True,100,50,0,8,1,7,True,grubinho,GIANTX,omen,True,100,,0,0,1,7,True,ara,GIANTX,raze,True,85,25,0,0,1,7,True,Cloud,GIANTX,fade,True,100,25,1,0,1,3,False,Flickless,GIANTX,viper,True,100,25,1,0,0,7,True,westside,GIANTX,cypher,True,100,25,0,0,0,6,False
679.679,2911,ACTIVE_ROUND,6,3,2,,43.210,,MiniBoo,Team Heretics,raze,False,,50,0,0,0,3,False,RieNs,Team Heretics,fade,False,,33,0,0,0,7,False,Boo,Team Heretics,omen,False,,25,0,0,0,5,False,benjyfishy,Team Heretics,deadlock,False,,25,0,0,0,2,False,Wo0t,Team Heretics,chamber,True,100,50,0,8,1,7,True,grubinho,GIANTX,omen,True,100,,0,0,1,7,True,ara,GIANTX,raze,True,85,25,0,0,1,7,True,Cloud,GIANTX,fade,True,100,25,1,0,1,3,False,Flickless,GIANTX,viper,True,100,25,1,0,0,7,True,westside,GIANTX,cypher,True,100,25,0,0,0,6,False
679.913,2912,ACTIVE_ROUND,6,3,2,,43.443,,MiniBoo,Team Heretics,raze,False,,50,0,0,0,3,False,RieNs,Team Heretics,fade,False,,33,0,0,0,7,False,Boo,Team Heretics,omen,False,,25,0,0,0,5,False,benjyfishy,Team Heretics,deadlock,False,,25,0,0,0,2,False,Wo0t,Team Heretics,chamber,True,100,50,0,8,1,7,True,grubinho,GIANTX,omen,True,100,,0,0,1,7,True,ara,GIANTX,raze,True,85,25,0,0,1,7,True,Cloud,GIANTX,fade,True,100,25,1,0,1,3,False,Flickless,GIANTX,viper,True,100,25,1,0,0,7,True,westside,GIANTX,cypher,True,100,25,0,0,0,6,False
680.146,2913,ACTIVE_ROUND,6,3,2,,43.677,,MiniBoo,Team Heretics,raze,False,,50,0,0,0,3,False,RieNs,Team Heretics,fade,False,,33,0,0,0,7,False,Boo,Team Heretics,omen,False,,25,0,0,0,5,False,benjyfishy,Team Heretics,deadlock,False,,25,0,0,0,2,False,Wo0t,Team Heretics,chamber,True,100,50,0,8,1,7,True,grubinho,GIANTX,omen,True,100,,0,0,1,7,True,ara,GIANTX,raze,True,85,25,0,0,1,7,True,Cloud,GIANTX,fade,True,100,25,1,0,1,3,False,Flickless,GIANTX,viper,True,100,25,1,0,0,7,True,westside,GIANTX,cypher,True,100,25,0,0,0,6,False
680.380,2914,ACTIVE_ROUND,6,3,2,,43.911,,MiniBoo,Team Heretics,raze,False,,50,0,0,0,3,False,RieNs,Team Heretics,fade,False,,33,0,0,0,7,False,Boo,Team Heretics,omen,False,,25,0,0,0,5,False,benjyfishy,Team Heretics,deadlock,False,,25,0,0,0,2,False,Wo0t,Team Heretics,chamber,True,100,50,0,8,1,7,True,grubinho,GIANTX,omen,True,100,,0,0,1,7,True,ara,GIANTX,raze,True,85,25,0,0,1,7,True,Cloud,GIANTX,fade,True,100,25,1,0,1,3,False,Flickless,GIANTX,viper,True,100,25,1,0,0,7,True,westside,GIANTX,cypher,True,100,25,0,0,0,6,False
680.613,2915,ACTIVE_ROUND,6,3,2,,44.144,,MiniBoo,Team Heretics,raze,False,,50,0,0,0,3,False,RieNs,Team Heretics,fade,False,,33,0,0,0,7,False,Boo,Team Heretics,omen,False,,25,0,0,0,5,False,benjyfishy,Team Heretics,deadlock,False,,25,0,0,0,2,False,Wo0t,Team Heretics,chamber,True,100,50,0,8,1,7,True,grubinho,GIANTX,omen,True,100,,0,0,1,7,True,ara,GIANTX,raze,True,85,25,0,0,1,7,True,Cloud,GIANTX,fade,True,100,25,1,0,1,3,False,Flickless,GIANTX,viper,True,100,25,1,0,0,7,True,westside,GIANTX,cypher,True,100,25,0,0,0,6,False
681.314,2918,POST_ROUND,6,3,3,,,0.000,MiniBoo,Team Heretics,raze,False,,50,0,0,0,3,False,RieNs,Team Heretics,fade,False,,33,0,0,0,7,False,Boo,Team Heretics,omen,False,,25,0,0,0,5,False,benjyfishy,Team Heretics,deadlock,False,,25,0,0,0,2,False,Wo0t,Team Heretics,chamber,True,100,50,0,8,1,7,True,grubinho,GIANTX,omen,True,100,,0,0,1,7,True,ara,GIANTX,raze,True,85,25,0,0,1,7,True,Cloud,GIANTX,fade,True,100,25,1,0,1,3,False,Flickless,GIANTX,viper,True,100,25,1,0,0,7,True,westside,GIANTX,cypher,True,100,25,0,0,0,6,False
681.548,2919,POST_ROUND,6,3,3,,,0.234,MiniBoo,Team Heretics,raze,False,,50,0,0,0,3,False,RieNs,Team Heretics,fade,False,,33,0,0,0,7,False,Boo,Team Heretics,omen,False,,25,0,0,0,5,False,benjyfishy,Team Heretics,deadlock,False,,25,0,0,0,2,False,Wo0t,Team Heretics,chamber,True,100,50,0,8,1,7,True,grubinho,GIANTX,omen,True,100,,0,0,1,7,True,ara,GIANTX,raze,True,85,25,0,0,1,7,True,Cloud,GIANTX,fade,True,100,25,1,0,1,3,False,Flickless,GIANTX,viper,True,100,25,1,0,0,7,True,westside,GIANTX,cypher,True,100,25,0,0,0,6,False
681.781,2920,POST_ROUND,6,3,3,,,0.467,MiniBoo,Team Heretics,raze,False,,50,0,0,0,3,False,RieNs,Team Heretics,fade,False,,33,0,0,0,7,False,Boo,Team Heretics,omen,False,,25,0,0,0,5,False,benjyfishy,Team Heretics,deadlock,False,,25,0,0,0,2,False,Wo0t,Team Heretics,chamber,True,100,50,0,8,1,7,True,grubinho,GIANTX,omen,True,100,,0,0,1,7,True,ara,GIANTX,raze,True,85,25,0,0,1,7,True,Cloud,GIANTX,fade,True,100,25,1,0,1,3,False,Flickless,GIANTX,viper,True,100,25,1,0,0,7,True,westside,GIANTX,cypher,True,100,25,0,0,0,6,False
682.015,2921,POST_ROUND,6,3,3,,,0.701,MiniBoo,Team Heretics,raze,False,,50,0,0,0,3,False,RieNs,Team Heretics,fade,False,,33,0,0,0,7,False,Boo,Team Heretics,omen,False,,25,0,0,0,5,False,benjyfishy,Team Heretics,deadlock,False,,25,0,0,0,2,False,Wo0t,Team Heretics,chamber,True,100,50,0,8,1,7,True,grubinho,GIANTX,omen,True,100,,0,0,1,7,True,ara,GIANTX,raze,True,85,25,0,0,1,7,True,Cloud,GIANTX,fade,True,100,25,1,0,1,3,False,Flickless,GIANTX,viper,True,100,25,1,0,0,7,True,westside,GIANTX,cypher,True,100,25,0,0,0,6,False
682.248,2922,POST_ROUND,6,3,3,,,0.934,MiniBoo,Team Heretics,raze,False,,50,0,0,0,3,False,RieNs,Team Heretics,fade,False,,33,0,0,0,7,False,Boo,Team Heretics,omen,False,,25,0,0,0,5,False,benjyfishy,Team Heretics,deadlock,False,,25,0,0,0,2,False,Wo0t,Team Heretics,chamber,True,100,50,0,8,1,7,True,grubinho,GIANTX,omen,True,100,,0,0,1,7,True,ara,GIANTX,raze,True,85,25,0,0,1,7,True,Cloud,GIANTX,fade,True,100,25,1,0,1,3,False,Flickless,GIANTX,viper,True,100,25,1,0,0,7,True,westside,GIANTX,cypher,True,100,25,0,0,0,6,False
682.482,2923,POST_ROUND,6,3,3,,,1.168,MiniBoo,Team Heretics,raze,False,,50,0,0,0,3,False,RieNs,Team Heretics,fade,False,,33,0,0,0,7,False,Boo,Team Heretics,omen,False,,25,0,0,0,5,False,benjyfishy,Team Heretics,deadlock,False,,25,0,0,0,2,False,Wo0t,Team Heretics,chamber,True,100,50,0,8,1,7,True,grubinho,GIANTX,omen,True,100,,0,0,1,7,True,ara,GIANTX,raze,True,85,25,0,0,1,7,True,Cloud,GIANTX,fade,True,100,25,1,0,1,3,False,Flickless,GIANTX,viper,True,100,25,1,0,0,7,True,westside,GIANTX,cypher,True,100,25,0,0,0,6,False
682.715,2924,POST_ROUND,6,3,3,,,1.401,MiniBoo,Team Heretics,raze,False,,50,0,0,0,3,False,RieNs,Team Heretics,fade,False,,33,0,0,0,7,False,Boo,Team Heretics,omen,False,,25,0,0,0,5,False,benjyfishy,Team Heretics,deadlock,False,,25,0,0,0,2,False,Wo0t,Team Heretics,chamber,True,100,50,0,8,1,7,True,grubinho,GIANTX,omen,True,100,,0,0,1,7,True,ara,GIANTX,raze,True,85,25,0,0,1,7,True,Cloud,GIANTX,fade,True,100,25,1,0,1,3,False,Flickless,GIANTX,viper,True,100,25,1,0,0,7,True,westside,GIANTX,cypher,True,100,25,0,0,0,6,False
682.949,2925,POST_ROUND,6,3,3,,,1.635,MiniBoo,Team Heretics,raze,False,,50,0,0,0,3,False,RieNs,Team Heretics,fade,False,,33,0,0,0,7,False,Boo,Team Heretics,omen,False,,25,0,0,0,5,False,benjyfishy,Team Heretics,deadlock,False,,25,0,0,0,2,False,Wo0t,Team Heretics,chamber,True,100,50,0,8,1,7,True,grubinho,GIANTX,omen,True,100,,0,0,1,7,True,ara,GIANTX,raze,True,85,25,0,0,1,7,True,Cloud,GIANTX,fade,True,100,25,1,0,1,3,False,Flickless,GIANTX,viper,True,100,25,1,0,0,7,True,westside,GIANTX,cypher,True,100,25,0,0,0,6,False
683.183,2926,POST_ROUND,6,3,3,,,1.869,MiniBoo,Team Heretics,raze,False,,50,0,0,0,3,False,RieNs,Team Heretics,fade,False,,33,0,0,0,7,False,Boo,Team Heretics,omen,False,,25,0,0,0,5,False,benjyfishy,Team Heretics,deadlock,False,,25,0,0,0,2,False,Wo0t,Team Heretics,chamber,True,100,50,0,8,1,7,True,grubinho,GIANTX,omen,True,100,,0,0,1,7,True,ara,GIANTX,raze,True,85,25,0,0,1,7,True,Cloud,GIANTX,fade,True,100,25,1,0,1,3,False,Flickless,GIANTX,viper,True,100,25,1,0,0,7,True,westside,GIANTX,cypher,True,100,25,0,0,0,6,False
683.416,2927,POST_ROUND,6,3,3,,,2.102,MiniBoo,Team Heretics,raze,False,,50,0,0,0,3,False,RieNs,Team Heretics,fade,False,,33,0,0,0,7,False,Boo,Team Heretics,omen,False,,25,0,0,0,5,False,benjyfishy,Team Heretics,deadlock,False,,25,0,0,0,2,False,Wo0t,Team Heretics,chamber,True,100,50,0,8,1,7,True,grubinho,GIANTX,omen,True,100,,0,0,1,7,True,ara,GIANTX,raze,True,85,25,0,0,1,7,True,Cloud,GIANTX,fade,True,100,25,1,0,1,3,False,Flickless,GIANTX,viper,True,100,25,1,0,0,7,True,westside,GIANTX,cypher,True,100,25,0,0,0,6,False
683.650,2928,POST_ROUND,6,3,3,,,2.336,MiniBoo,Team Heretics,raze,False,,50,0,0,0,3,False,RieNs,Team Heretics,fade,False,,33,0,0,0,7,False,Boo,Team Heretics,omen,False,,25,0,0,0,5,False,benjyfishy,Team Heretics,deadlock,False,,25,0,0,0,2,False,Wo0t,Team Heretics,chamber,True,100,50,0,8,1,7,True,grubinho,GIANTX,omen,True,100,,0,0,1,7,True,ara,GIANTX,raze,True,85,25,0,0,1,7,True,Cloud,GIANTX,fade,True,100,25,1,0,1,3,False,Flickless,GIANTX,viper,True,100,25,1,0,0,7,True,westside,GIANTX,cypher,True,100,25,0,0,0,6,False
683.883,2929,POST_ROUND,6,3,3,,,2.569,MiniBoo,Team Heretics,raze,False,,50,0,0,0,3,False,RieNs,Team Heretics,fade,False,,33,0,0,0,7,False,Boo,Team Heretics,omen,False,,25,0,0,0,5,False,benjyfishy,Team Heretics,deadlock,False,,25,0,0,0,2,False,Wo0t,Team Heretics,chamber,True,100,50,0,8,1,7,True,grubinho,GIANTX,omen,True,100,,0,0,1,7,True,ara,GIANTX,raze,True,85,25,0,0,1,7,True,Cloud,GIANTX,fade,True,100,25,1,0,1,3,False,Flickless,GIANTX,viper,True,100,25,1,0,0,7,True,westside,GIANTX,cypher,True,100,25,0,0,0,6,False
684.117,2930,POST_ROUND,6,3,3,,,2.803,MiniBoo,Team Heretics,raze,False,,50,0,0,0,3,False,RieNs,Team Heretics,fade,False,,33,0,0,0,7,False,Boo,Team Heretics,omen,False,,25,0,0,0,5,False,benjyfishy,Team Heretics,deadlock,False,,25,0,0,0,2,False,Wo0t,Team Heretics,chamber,True,100,50,0,8,1,7,True,grubinho,GIANTX,omen,True,100,,0,0,2,7,True,ara,GIANTX,raze,True,85,25,0,0,1,7,True,Cloud,GIANTX,fade,True,100,25,1,0,1,3,False,Flickless,GIANTX,viper,True,100,25,1,0,0,7,True,westside,GIANTX,cypher,True,100,25,0,0,0,6,False
684.350,2931,POST_ROUND,6,3,3,,,3.036,MiniBoo,Team Heretics,raze,False,,50,0,0,0,3,False,RieNs,Team Heretics,fade,False,,33,0,0,0,7,False,Boo,Team Heretics,omen,False,,25,0,0,0,5,False,benjyfishy,Team Heretics,deadlock,False,,25,0,0,0,2,False,Wo0t,Team Heretics,chamber,True,100,50,0,8,1,7,True,grubinho,GIANTX,omen,True,100,,0,0,2,7,True,ara,GIANTX,raze,True,85,25,0,0,1,7,True,Cloud,GIANTX,fade,True,100,25,1,0,1,3,False,Flickless,GIANTX,viper,True,100,25,1,0,0,7,True,westside,GIANTX,cypher,True,100,25,0,0,0,6,False
684.584,2932,POST_ROUND,6,3,3,,,3.270,MiniBoo,Team Heretics,raze,False,,50,0,0,0,3,False,RieNs,Team Heretics,fade,False,,33,0,0,0,7,False,Boo,Team Heretics,omen,False,,25,0,0,0,5,False,benjyfishy,Team Heretics,deadlock,False,,25,0,0,0,2,False,Wo0t,Team Heretics,chamber,True,100,50,0,8,1,7,True,grubinho,GIANTX,omen,True,100,,0,0,2,7,True,ara,GIANTX,raze,True,85,25,0,0,1,7,True,Cloud,GIANTX,fade,True,100,25,1,0,1,3,False,Flickless,GIANTX,viper,True,100,25,1,0,0,7,True,westside,GIANTX,cypher,True,100,25,0,0,0,6,False
684.817,2933,POST_ROUND,6,3,3,,,3.503,MiniBoo,Team Heretics,raze,False,,50,0,0,0,3,False,RieNs,Team Heretics,fade,False,,33,0,0,0,7,False,Boo,Team Heretics,omen,False,,25,0,0,0,5,False,benjyfishy,Team Heretics,deadlock,False,,25,0,0,0,2,False,Wo0t,Team Heretics,chamber,True,100,50,0,8,1,7,True,grubinho,GIANTX,omen,True,100,,0,0,2,7,True,ara,GIANTX,raze,True,85,25,0,0,1,7,True,Cloud,GIANTX,fade,True,100,25,1,0,1,3,False,Flickless,GIANTX,viper,True,100,25,1,0,0,7,True,westside,GIANTX,cypher,True,100,25,0,0,0,6,False
685.051,2934,POST_ROUND,6,3,3,,,3.737,MiniBoo,Team Heretics,raze,False,,50,0,0,0,3,False,RieNs,Team Heretics,fade,False,,33,0,0,0,7,False,Boo,Team Heretics,omen,False,,25,0,0,0,5,False,benjyfishy,Team Heretics,deadlock,False,,25,0,0,0,2,False,Wo0t,Team Heretics,chamber,True,100,50,0,8,1,7,True,grubinho,GIANTX,omen,True,100,,0,0,2,7,True,ara,GIANTX,raze,True,85,25,0,0,1,7,True,Cloud,GIANTX,fade,True,100,25,1,0,1,3,False,Flickless,GIANTX,viper,True,100,25,1,0,0,7,True,westside,GIANTX,cypher,True,100,25,0,0,0,6,False
685.285,2935,POST_ROUND,6,3,3,,,3.971,MiniBoo,Team Heretics,raze,False,,50,0,0,0,3,False,RieNs,Team Heretics,fade,False,,33,0,0,0,7,False,Boo,Team Heretics,omen,False,,25,0,0,0,5,False,benjyfishy,Team Heretics,deadlock,False,,25,0,0,0,2,False,Wo0t,Team Heretics,chamber,True,100,50,0,8,1,7,True,grubinho,GIANTX,omen,True,100,,0,0,2,7,True,ara,GIANTX,raze,True,85,25,0,0,1,7,True,Cloud,GIANTX,fade,True,100,25,1,0,1,3,False,Flickless,GIANTX,viper,True,100,25,1,0,0,7,True,westside,GIANTX,cypher,True,100,25,0,0,0,6,False
685.518,2936,POST_ROUND,6,3,3,,,4.204,MiniBoo,Team Heretics,raze,False,,50,0,0,0,3,False,RieNs,Team Heretics,fade,False,,33,0,0,0,7,False,Boo,Team Heretics,omen,False,,25,0,0,0,5,False,benjyfishy,Team Heretics,deadlock,False,,25,0,0,0,2,False,Wo0t,Team Heretics,chamber,True,100,50,0,8,1,7,True,grubinho,GIANTX,omen,True,100,,0,0,2,7,True,ara,GIANTX,raze,True,85,25,0,0,1,7,True,Cloud,GIANTX,fade,True,100,25,1,0,1,3,False,Flickless,GIANTX,viper,True,100,25,1,0,0,7,True,westside,GIANTX,cypher,True,100,25,0,0,0,6,False
685.752,2937,POST_ROUND,6,3,3,,,4.438,MiniBoo,Team Heretics,raze,False,,50,0,0,0,3,False,RieNs,Team Heretics,fade,False,,33,0,0,0,7,False,Boo,Team Heretics,omen,False,,25,0,0,0,5,False,benjyfishy,Team Heretics,deadlock,False,,25,0,0,0,2,False,Wo0t,Team Heretics,chamber,True,100,50,0,8,1,7,True,grubinho,GIANTX,omen,True,100,,0,0,2,7,True,ara,GIANTX,raze,True,85,25,0,0,1,7,True,Cloud,GIANTX,fade,True,100,25,1,0,1,3,False,Flickless,GIANTX,viper,True,100,25,1,0,0,7,True,westside,GIANTX,cypher,True,100,25,0,0,0,6,False
685.985,2938,POST_ROUND,6,3,3,,,4.671,MiniBoo,Team Heretics,raze,False,,50,0,0,0,3,False,RieNs,Team Heretics,fade,False,,33,0,0,0,7,False,Boo,Team Heretics,omen,False,,25,0,0,0,5,False,benjyfishy,Team Heretics,deadlock,False,,25,0,0,0,2,False,Wo0t,Team Heretics,chamber,True,100,50,0,8,1,7,True,grubinho,GIANTX,omen,True,100,,0,0,2,7,True,ara,GIANTX,raze,True,85,25,0,0,1,7,True,Cloud,GIANTX,fade,True,100,25,1,0,1,3,False,Flickless,GIANTX,viper,True,100,25,1,0,0,7,True,westside,GIANTX,cypher,True,100,25,0,0,0,6,False
704.904,3019,PREROUND,7,3,3,,,,MiniBoo,Team Heretics,raze,True,,,1,2,1,4,False,RieNs,Team Heretics,fade,True,,,2,1,1,7,True,Boo,Team Heretics,omen,True,,,2,1,2,6,False,benjyfishy,Team Heretics,deadlock,True,,,1,1,1,3,False,Wo0t,Team Heretics,chamber,True,,,1,8,1,7,True,grubinho,GIANTX,omen,True,,,2,1,2,7,True,ara,GIANTX,raze,True,,,1,2,1,7,True,Cloud,GIANTX,fade,True,,,2,1,1,3,False,Flickless,GIANTX,viper,True,,,1,1,0,7,True,westside,GIANTX,cypher,True,,,0,2,1,6,False
705.138,3020,PREROUND,7,3,3,,,,MiniBoo,Team Heretics,raze,True,,,1,2,1,4,False,RieNs,Team Heretics,fade,True,,,2,1,1,7,True,Boo,Team Heretics,omen,True,,,2,1,2,6,False,benjyfishy,Team Heretics,deadlock,True,,,1,1,1,3,False,Wo0t,Team Heretics,chamber,True,,,0,8,1,7,True,grubinho,GIANTX,omen,True,,,2,1,2,7,True,ara,GIANTX,raze,True,,,1,2,1,7,True,Cloud,GIANTX,fade,True,,,2,1,1,3,False,Flickless,GIANTX,viper,True,,,1,1,0,7,True,westside,GIANTX,cypher,True,,,0,2,1,6,False
705.371,3021,PREROUND,7,3,3,,,,MiniBoo,Team Heretics,raze,True,,,1,2,1,4,False,RieNs,Team Heretics,fade,True,,,2,1,1,7,True,Boo,Team Heretics,omen,True,,,2,1,2,6,False,benjyfishy,Team Heretics,deadlock,True,,,1,1,1,3,False,Wo0t,Team Heretics,chamber,True,,,0,8,1,7,True,grubinho,GIANTX,omen,True,,,2,1,2,7,True,ara,GIANTX,raze,True,,,1,2,1,7,True,Cloud,GIANTX,fade,True,,,2,1,1,3,False,Flickless,GIANTX,viper,True,,,1,1,0,7,True,westside,GIANTX,cypher,True,,,0,2,1,6,False
705.605,3022,PREROUND,7,3,3,,,,MiniBoo,Team Heretics,raze,True,,,1,2,1,4,False,RieNs,Team Heretics,fade,True,,,2,1,1,7,True,Boo,Team Heretics,omen,True,,,2,1,2,6,False,benjyfishy,Team Heretics,deadlock,True,,,1,1,1,3,False,Wo0t,Team Heretics,chamber,True,,,0,8,1,7,True,grubinho,GIANTX,omen,True,,,2,1,2,7,True,ara,GIANTX,raze,True,,,1,2,1,7,True,Cloud,GIANTX,fade,True,,,2,1,1,3,False,Flickless,GIANTX,viper,True,,,1,1,0,7,True,westside,GIANTX,cypher,True,,,0,2,1,6,False
705.838,3023,PREROUND,7,3,3,,,,MiniBoo,Team Heretics,raze,True,,,1,2,1,4,False,RieNs,Team Heretics,fade,True,,,2,1,1,7,True,Boo,Team Heretics,omen,True,,,2,1,2,6,False,benjyfishy,Team Heretics,deadlock,True,,,1,1,1,3,False,Wo0t,Team Heretics,chamber,True,,,0,8,1,7,True,grubinho,GIANTX,omen,True,,,2,1,2,7,True,ara,GIANTX,raze,True,,,1,2,1,7,True,Cloud,GIANTX,fade,True,,,2,1,1,3,False,Flickless,GIANTX,viper,True,,,1,1,0,7,True,westside,GIANTX,cypher,True,,,0,2,1,6,False
706.072,3024,PREROUND,7,3,3,,,,MiniBoo,Team Heretics,raze,True,,,1,2,1,4,False,RieNs,Team Heretics,fade,True,,,2,1,1,7,True,Boo,Team Heretics,omen,True,,,2,1,2,6,False,benjyfishy,Team Heretics,deadlock,True,,,1,1,1,3,False,Wo0t,Team Heretics,chamber,True,,,0,8,0,7,True,grubinho,GIANTX,omen,True,,,2,1,2,7,True,ara,GIANTX,raze,True,,,1,2,1,7,True,Cloud,GIANTX,fade,True,,,2,1,1,3,False,Flickless,GIANTX,viper,True,,,1,1,0,7,True,westside,GIANTX,cypher,True,,,0,2,1,6,False
706.306,3025,PREROUND,7,3,3,,,,MiniBoo,Team Heretics,raze,True,,,1,2,1,4,False,RieNs,Team Heretics,fade,True,,,2,1,1,7,True,Boo,Team Heretics,omen,True,,,2,1,2,6,False,benjyfishy,Team Heretics,deadlock,True,,,1,1,1,3,False,Wo0t,Team Heretics,chamber,True,,,0,8,0,7,True,grubinho,GIANTX,omen,True,,,2,1,2,7,True,ara,GIANTX,raze,True,,,1,2,1,7,True,Cloud,GIANTX,fade,True,,,2,1,1,3,False,Flickless,GIANTX,viper,True,,,1,1,0,7,True,westside,GIANTX,cypher,True,,,0,2,1,6,False
706.539,3026,PREROUND,7,3,3,,,,MiniBoo,Team Heretics,raze,True,,,1,2,1,4,False,RieNs,Team Heretics,fade,True,,,2,1,1,7,True,Boo,Team Heretics,omen,True,,,2,1,2,6,False,benjyfishy,Team Heretics,deadlock,True,,,1,1,1,3,False,Wo0t,Team Heretics,chamber,True,,,0,8,0,7,True,grubinho,GIANTX,omen,True,,,2,1,2,7,True,ara,GIANTX,raze,True,,,1,2,1,7,True,Cloud,GIANTX,fade,True,,,2,1,1,3,False,Flickless,GIANTX,viper,True,,,1,1,0,7,True,westside,GIANTX,cypher,True,,,0,2,1,6,False
706.773,3027,PREROUND,7,3,3,,,,MiniBoo,Team Heretics,raze,True,,,1,2,1,4,False,RieNs,Team Heretics,fade,True,,,2,1,1,7,True,Boo,Team Heretics,omen,True,,,2,1,2,6,False,benjyfishy,Team Heretics,deadlock,True,,,1,1,1,3,False,Wo0t,Team Heretics,chamber,True,,,0,8,0,7,True,grubinho,GIANTX,omen,True,,,2,1,2,7,True,ara,GIANTX,raze,True,,,1,2,1,7,True,Cloud,GIANTX,fade,True,,,2,1,1,3,False,Flickless,GIANTX,viper,True,,,1,1,0,7,True,westside,GIANTX,cypher,True,,,0,2,1,6,False
707.006,3028,PREROUND,7,3,3,,,,MiniBoo,Team Heretics,raze,True,,,1,2,1,4,False,RieNs,Team Heretics,fade,True,,,2,1,1,7,True,Boo,Team Heretics,omen,True,,,2,1,2,6,False,benjyfishy,Team Heretics,deadlock,True,,,1,1,1,3,False,Wo0t,Team Heretics,chamber,True,,,0,8,0,7,True,grubinho,GIANTX,omen,True,,,2,1,2,7,True,ara,GIANTX,raze,True,,,1,2,1,7,True,Cloud,GIANTX,fade,True,,,2,1,1,3,False,Flickless,GIANTX,viper,True,,,1,1,0,7,True,westside,GIANTX,cypher,True,,,0,2,1,6,False
707.240,3029,PREROUND,7,3,3,,,,MiniBoo,Team Heretics,raze,True,,,1,2,1,4,False,RieNs,Team Heretics,fade,True,,,2,1,1,7,True,Boo,Team Heretics,omen,True,,,2,1,2,6,False,benjyfishy,Team Heretics,deadlock,True,,,1,1,1,3,False,Wo0t,Team Heretics,chamber,True,,,0,8,0,7,True,grubinho,GIANTX,omen,True,,,2,1,2,7,True,ara,GIANTX,raze,True,,,1,2,1,7,True,Cloud,GIANTX,fade,True,,,2,1,1,3,False,Flickless,GIANTX,viper,True,,,1,1,0,7,True,westside,GIANTX,cypher,True,,,0,2,1,6,False
707.473,3030,PREROUND,7,3,3,,,,MiniBoo,Team Heretics,raze,True,,,1,2,1,4,False,RieNs,Team Heretics,fade,True,,,2,1,1,7,True,Boo,Team Heretics,omen,True,,,2,1,2,6,False,benjyfishy,Team Heretics,deadlock,True,,,1,1,1,3,False,Wo0t,Team Heretics,chamber,True,,,0,8,0,7,True,grubinho,GIANTX,omen,True,,,2,1,2,7,True,ara,GIANTX,raze,True,,,1,2,1,7,True,Cloud,GIANTX,fade,True,,,2,1,1,3,False,Flickless,GIANTX,viper,True,,,1,1,0,7,True,westside,GIANTX,cypher,True,,,0,2,1,6,False
707.707,3031,PREROUND,7,3,3,,,,MiniBoo,Team Heretics,raze,True,,,1,2,1,4,False,RieNs,Team Heretics,fade,True,,,2,1,1,7,True,Boo,Team Heretics,omen,True,,,2,1,2,6,False,benjyfishy,Team Heretics,deadlock,True,,,1,1,1,3,False,Wo0t,Team Heretics,chamber,True,,,0,8,0,7,True,grubinho,GIANTX,omen,True,,,2,1,2,7,True,ara,GIANTX,raze,True,,,1,2,1,7,True,Cloud,GIANTX,fade,True,,,2,1,1,3,False,Flickless,GIANTX,viper,True,,,1,1,0,7,True,westside,GIANTX,cypher,True,,,0,2,1,6,False
707.941,3032,PREROUND,7,3,3,,,,MiniBoo,Team Heretics,raze,True,,,1,2,1,4,False,RieNs,Team Heretics,fade,True,,,2,1,1,7,True,Boo,Team Heretics,omen,True,,,2,1,2,6,False,benjyfishy,Team Heretics,deadlock,True,,,1,1,1,3,False,Wo0t,Team Heretics,chamber,True,,,0,8,0,7,True,grubinho,GIANTX,omen,True,,,2,1,2,7,True,ara,GIANTX,raze,True,,,1,2,1,7,True,Cloud,GIANTX,fade,True,,,2,1,1,3,False,Flickless,GIANTX,viper,True,,,1,1,0,7,True,westside,GIANTX,cypher,True,,,0,2,1,6,False
708.174,3033,PREROUND,7,3,3,,,,MiniBoo,Team Heretics,raze,True,,,1,2,1,4,False,RieNs,Team Heretics,fade,True,,,2,1,1,7,True,Boo,Team Heretics,omen,True,,,2,1,2,6,False,benjyfishy,Team Heretics,deadlock,True,,,1,1,1,3,False,Wo0t,Team Heretics,chamber,True,,,0,8,0,7,True,grubinho,GIANTX,omen,True,,,2,1,2,7,True,ara,GIANTX,raze,True,,,1,2,1,7,True,Cloud,GIANTX,fade,True,,,2,1,1,3,False,Flickless,GIANTX,viper,True,,,1,1,0,7,True,westside,GIANTX,cypher,True,,,0,2,1,6,False
708.408,3034,PREROUND,7,3,3,,,,MiniBoo,Team Heretics,raze,True,,,1,2,1,4,False,RieNs,Team Heretics,fade,True,,,2,1,1,7,True,Boo,Team Heretics,omen,True,,,2,1,2,6,False,benjyfishy,Team Heretics,deadlock,True,,,1,1,1,3,False,Wo0t,Team Heretics,chamber,True,,,0,8,0,7,True,grubinho,GIANTX,omen,True,,,2,1,2,7,True,ara,GIANTX,raze,True,,,1,2,1,7,True,Cloud,GIANTX,fade,True,,,2,1,1,3,False,Flickless,GIANTX,viper,True,,,1,1,0,7,True,westside,GIANTX,cypher,True,,,0,2,1,6,False
708.641,3035,PREROUND,7,3,3,,,,MiniBoo,Team Heretics,raze,True,,,1,2,1,4,False,RieNs,Team Heretics,fade,True,,,2,1,1,7,True,Boo,Team Heretics,omen,True,,,2,1,2,6,False,benjyfishy,Team Heretics,deadlock,True,,,1,1,1,3,False,Wo0t,Team Heretics,chamber,True,,,0,8,0,7,True,grubinho,GIANTX,omen,True,,,2,1,2,7,True,ara,GIANTX,raze,True,,,1,2,1,7,True,Cloud,GIANTX,fade,True,,,2,1,1,3,False,Flickless,GIANTX,viper,True,,,1,1,0,7,True,westside,GIANTX,cypher,True,,,0,2,1,6,False
708.875,3036,PREROUND,7,3,3,,,,MiniBoo,Team Heretics,raze,True,,,1,2,1,4,False,RieNs,Team Heretics,fade,True,,,2,1,1,7,True,Boo,Team Heretics,omen,True,,,2,1,2,6,False,benjyfishy,Team Heretics,deadlock,True,,,1,1,1,3,False,Wo0t,Team Heretics,chamber,True,,,0,8,0,7,True,grubinho,GIANTX,omen,True,,,2,1,2,7,True,ara,GIANTX,raze,True,,,1,2,1,7,True,Cloud,GIANTX,fade,True,,,2,1,1,3,False,Flickless,GIANTX,viper,True,,,1,1,0,7,True,westside,GIANTX,cypher,True,,,0,2,1,6,False
709.108,3037,PREROUND,7,3,3,,,,MiniBoo,Team Heretics,raze,True,,,1,2,1,4,False,RieNs,Team Heretics,fade,True,,,2,1,1,7,True,Boo,Team Heretics,omen,True,,,2,1,2,6,False,benjyfishy,Team Heretics,deadlock,True,,,1,1,1,3,False,Wo0t,Team Heretics,chamber,True,,,0,8,1,7,True,grubinho,GIANTX,omen,True,,,2,1,2,7,True,ara,GIANTX,raze,True,,,1,2,1,7,True,Cloud,GIANTX,fade,True,,,2,1,1,3,False,Flickless,GIANTX,viper,True,,,1,1,0,7,True,westside,GIANTX,cypher,True,,,0,2,1,6,False
709.342,3038,PREROUND,7,3,3,,,,MiniBoo,Team Heretics,raze,True,,,1,2,1,4,False,RieNs,Team Heretics,fade,True,,,2,1,1,7,True,Boo,Team Heretics,omen,True,,,2,1,2,6,False,benjyfishy,Team Heretics,deadlock,True,,,1,1,1,3,False,Wo0t,Team Heretics,chamber,True,,,0,8,1,7,True,grubinho,GIANTX,omen,True,,,2,1,2,7,True,ara,GIANTX,raze,True,,,1,2,1,7,True,Cloud,GIANTX,fade,True,,,2,1,1,3,False,Flickless,GIANTX,viper,True,,,1,1,0,7,True,westside,GIANTX,cypher,True,,,0,2,1,6,False
709.576,3039,PREROUND,7,3,3,,,,MiniBoo,Team Heretics,raze,True,,,1,2,1,4,False,RieNs,Team Heretics,fade,True,,,2,1,1,7,True,Boo,Team Heretics,omen,True,,,2,1,2,6,False,benjyfishy,Team Heretics,deadlock,True,,,1,1,1,3,False,Wo0t,Team Heretics,chamber,True,,,0,8,1,7,True,grubinho,GIANTX,omen,True,,,2,1,2,7,True,ara,GIANTX,raze,True,,,1,2,1,7,True,Cloud,GIANTX,fade,True,,,2,1,1,3,False,Flickless,GIANTX,viper,True,,,1,1,0,7,True,westside,GIANTX,cypher,True,,,0,2,1,6,False
709.809,3040,PREROUND,7,3,3,,,,MiniBoo,Team Heretics,raze,True,,,1,2,1,4,False,RieNs,Team Heretics,fade,True,,,2,1,1,7,True,Boo,Team Heretics,omen,True,,,2,1,2,6,False,benjyfishy,Team Heretics,deadlock,True,,,1,1,1,3,False,Wo0t,Team Heretics,chamber,True,,,0,8,1,7,True,grubinho,GIANTX,omen,True,,,2,1,2,7,True,ara,GIANTX,raze,True,,,1,2,1,7,True,Cloud,GIANTX,fade,True,,,2,1,1,3,False,Flickless,GIANTX,viper,True,,,1,1,0,7,True,westside,GIANTX,cypher,True,,,0,2,1,6,False
710.043,3041,PREROUND,7,3,3,,,,MiniBoo,Team Heretics,raze,True,,,1,2,1,4,False,RieNs,Team Heretics,fade,True,,,2,1,1,7,True,Boo,Team Heretics,omen,True,,,2,1,2,6,False,benjyfishy,Team Heretics,deadlock,True,,,1,1,1,3,False,Wo0t,Team Heretics,chamber,True,,,0,8,1,7,True,grubinho,GIANTX,omen,True,,,2,1,2,7,True,ara,GIANTX,raze,True,,,1,2,1,7,True,Cloud,GIANTX,fade,True,,,2,1,1,3,False,Flickless,GIANTX,viper,True,,,1,1,0,7,True,westside,GIANTX,cypher,True,,,0,2,1,6,False
710.276,3042,PREROUND,7,3,3,,,,MiniBoo,Team Heretics,raze,True,,,1,2,1,4,False,RieNs,Team Heretics,fade,True,,,2,1,1,7,True,Boo,Team Heretics,omen,True,,,2,1,2,6,False,benjyfishy,Team Heretics,deadlock,True,,,1,1,1,3,False,Wo0t,Team Heretics,chamber,True,,,0,8,1,7,True,grubinho,GIANTX,omen,True,,,2,1,2,7,True,ara,GIANTX,raze,True,,,1,2,1,7,True,Cloud,GIANTX,fade,True,,,2,1,1,3,False,Flickless,GIANTX,viper,True,,,1,1,0,7,True,westside,GIANTX,cypher,True,,,0,2,1,6,False
710.510,3043,PREROUND,7,3,3,,,,MiniBoo,Team Heretics,raze,True,,,1,2,1,4,False,RieNs,Team Heretics,fade,True,,,2,1,1,7,True,Boo,Team Heretics,omen,True,,,2,1,2,6,False,benjyfishy,Team Heretics,deadlock,True,,,1,1,1,3,False,Wo0t,Team Heretics,chamber,True,,,0,8,1,7,True,grubinho,GIANTX,omen,True,,,2,1,2,7,True,ara,GIANTX,raze,True,,,1,2,1,7,True,Cloud,GIANTX,fade,True,,,2,1,1,3,False,Flickless,GIANTX,viper,True,,,1,1,0,7,True,westside,GIANTX,cypher,True,,,0,2,1,6,False
710.743,3044,PREROUND,7,3,3,,,,MiniBoo,Team Heretics,raze,True,,,1,2,1,4,False,RieNs,Team Heretics,fade,True,,,2,1,1,7,True,Boo,Team Heretics,omen,True,,,2,1,2,6,False,benjyfishy,Team Heretics,deadlock,True,,,1,1,1,3,False,Wo0t,Team Heretics,chamber,True,,,0,8,1,7,True,grubinho,GIANTX,omen,True,,,2,1,2,7,True,ara,GIANTX,raze,True,,,1,2,1,7,True,Cloud,GIANTX,fade,True,,,2,1,1,3,False,Flickless,GIANTX,viper,True,,,1,1,0,7,True,westside,GIANTX,cypher,True,,,0,2,1,6,False
710.977,3045,PREROUND,7,3,3,,,,MiniBoo,Team Heretics,raze,True,,,1,2,1,4,False,RieNs,Team Heretics,fade,True,,,2,1,1,7,True,Boo,Team Heretics,omen,True,,,2,1,2,6,False,benjyfishy,Team Heretics,deadlock,True,,,1,1,1,3,False,Wo0t,Team Heretics,chamber,True,,,0,8,1,7,True,grubinho,GIANTX,omen,True,,,2,1,2,7,True,ara,GIANTX,raze,True,,,1,2,1,7,True,Cloud,GIANTX,fade,True,,,2,1,1,3,False,Flickless,GIANTX,viper,True,,,1,1,0,7,True,westside,GIANTX,cypher,True,,,0,2,1,6,False
711.211,3046,PREROUND,7,3,3,,,,MiniBoo,Team Heretics,raze,True,,,1,2,1,4,False,RieNs,Team Heretics,fade,True,,,2,1,1,7,True,Boo,Team Heretics,omen,True,,,2,1,2,6,False,benjyfishy,Team Heretics,deadlock,True,,,1,1,1,3,False,Wo0t,Team Heretics,chamber,True,,,0,8,1,7,True,grubinho,GIANTX,omen,True,,,2,1,2,7,True,ara,GIANTX,raze,True,,,1,2,1,7,True,Cloud,GIANTX,fade,True,,,2,1,1,3,False,Flickless,GIANTX,viper,True,,,1,1,0,7,True,westside,GIANTX,cypher,True,,,0,2,1,6,False
711.444,3047,PREROUND,7,3,3,,,,MiniBoo,Team Heretics,raze,True,,,1,2,1,4,False,RieNs,Team Heretics,fade,True,,,2,1,1,7,True,Boo,Team Heretics,omen,True,,,2,1,2,6,False,benjyfishy,Team Heretics,deadlock,True,,,1,1,1,3,False,Wo0t,Team Heretics,chamber,True,,,0,8,1,7,True,grubinho,GIANTX,omen,True,,,2,1,2,7,True,ara,GIANTX,raze,True,,,1,2,1,7,True,Cloud,GIANTX,fade,True,,,2,1,1,3,False,Flickless,GIANTX,viper,True,,,1,1,0,7,True,westside,GIANTX,cypher,True,,,0,2,1,6,False
711.678,3048,PREROUND,7,3,3,,,,MiniBoo,Team Heretics,raze,True,,,1,2,1,4,False,RieNs,Team Heretics,fade,True,,,2,1,1,7,True,Boo,Team Heretics,omen,True,,,2,1,2,6,False,benjyfishy,Team Heretics,deadlock,True,,,1,1,1,3,False,Wo0t,Team Heretics,chamber,True,,,0,8,1,7,True,grubinho,GIANTX,omen,True,,,2,1,2,7,True,ara,GIANTX,raze,True,,,1,2,1,7,True,Cloud,GIANTX,fade,True,,,2,1,1,3,False,Flickless,GIANTX,viper,True,,,1,1,0,7,True,westside,GIANTX,cypher,True,,,0,2,1,6,False
711.911,3049,PREROUND,7,3,3,,,,MiniBoo,Team Heretics,raze,True,,,1,2,1,4,False,RieNs,Team Heretics,fade,True,,,2,1,1,7,True,Boo,Team Heretics,omen,True,,,2,1,2,6,False,benjyfishy,Team Heretics,deadlock,True,,,1,1,1,3,False,Wo0t,Team Heretics,chamber,True,,,0,8,1,7,True,grubinho,GIANTX,omen,True,,,2,1,2,7,True,ara,GIANTX,raze,True,,,1,2,1,7,True,Cloud,GIANTX,fade,True,,,2,1,1,3,False,Flickless,GIANTX,viper,True,,,1,1,0,7,True,westside,GIANTX,cypher,True,,,0,2,1,6,False
712.145,3050,PREROUND,7,3,3,,,,MiniBoo,Team Heretics,raze,True,,,1,2,1,4,False,RieNs,Team Heretics,fade,True,,,2,1,1,7,True,Boo,Team Heretics,omen,True,,,2,1,2,6,False,benjyfishy,Team Heretics,deadlock,True,,,1,1,1,3,False,Wo0t,Team Heretics,chamber,True,,,0,8,1,7,True,grubinho,GIANTX,omen,True,,,2,1,2,7,True,ara,GIANTX,raze,True,,,1,2,1,7,True,Cloud,GIANTX,fade,True,,,2,1,1,3,False,Flickless,GIANTX,viper,True,,,1,1,0,7,True,westside,GIANTX,cypher,True,,,0,2,1,6,False
712.378,3051,PREROUND,7,3,3,,,,MiniBoo,Team Heretics,raze,True,,,1,2,1,4,False,RieNs,Team Heretics,fade,True,,,2,1,1,7,True,Boo,Team Heretics,omen,True,,,2,1,2,6,False,benjyfishy,Team Heretics,deadlock,True,,,1,1,1,3,False,Wo0t,Team Heretics,chamber,True,,,0,8,1,7,True,grubinho,GIANTX,omen,True,,,2,1,2,7,True,ara,GIANTX,raze,True,,,1,2,1,7,True,Cloud,GIANTX,fade,True,,,2,1,1,3,False,Flickless,GIANTX,viper,True,,,1,1,0,7,True,westside,GIANTX,cypher,True,,,0,2,1,6,False
712.612,3052,PREROUND,7,3,3,,,,MiniBoo,Team Heretics,raze,True,,,1,2,1,4,False,RieNs,Team Heretics,fade,True,,,2,1,1,7,True,Boo,Team Heretics,omen,True,,,2,1,2,6,False,benjyfishy,Team Heretics,deadlock,True,,,1,1,1,3,False,Wo0t,Team Heretics,chamber,True,,,0,8,1,7,True,grubinho,GIANTX,omen,True,,,2,1,2,7,True,ara,GIANTX,raze,True,,,1,2,1,7,True,Cloud,GIANTX,fade,True,,,2,1,1,3,False,Flickless,GIANTX,viper,True,,,1,1,0,7,True,westside,GIANTX,cypher,True,,,0,2,1,6,False
712.845,3053,PREROUND,7,3,3,,,,MiniBoo,Team Heretics,raze,True,,,1,2,1,4,False,RieNs,Team Heretics,fade,True,,,2,1,1,7,True,Boo,Team Heretics,omen,True,,,2,1,2,6,False,benjyfishy,Team Heretics,deadlock,True,,,1,1,1,3,False,Wo0t,Team Heretics,chamber,True,,,0,8,1,7,True,grubinho,GIANTX,omen,True,,,2,1,2,7,True,ara,GIANTX,raze,True,,,1,2,1,7,True,Cloud,GIANTX,fade,True,,,2,1,1,3,False,Flickless,GIANTX,viper,True,,,1,1,0,7,True,westside,GIANTX,cypher,True,,,0,2,1,6,False
713.079,3054,PREROUND,7,3,3,,,,MiniBoo,Team Heretics,raze,True,,,1,2,1,4,False,RieNs,Team Heretics,fade,True,,,2,1,1,7,True,Boo,Team Heretics,omen,True,,,2,1,2,6,False,benjyfishy,Team Heretics,deadlock,True,,,1,1,1,3,False,Wo0t,Team Heretics,chamber,True,,,0,8,1,7,True,grubinho,GIANTX,omen,True,,,2,1,2,7,True,ara,GIANTX,raze,True,,,1,2,1,7,True,Cloud,GIANTX,fade,True,,,2,1,1,3,False,Flickless,GIANTX,viper,True,,,1,1,0,7,True,westside,GIANTX,cypher,True,,,0,2,1,6,False
713.313,3055,PREROUND,7,3,3,,,,MiniBoo,Team Heretics,raze,True,,,1,2,1,4,False,RieNs,Team Heretics,fade,True,,,2,1,1,7,True,Boo,Team Heretics,omen,True,,,2,1,2,6,False,benjyfishy,Team Heretics,deadlock,True,,,1,1,1,3,False,Wo0t,Team Heretics,chamber,True,,,0,8,1,7,True,grubinho,GIANTX,omen,True,,,2,1,2,7,True,ara,GIANTX,raze,True,,,1,2,1,7,True,Cloud,GIANTX,fade,True,,,2,1,1,3,False,Flickless,GIANTX,viper,True,,,1,1,0,7,True,westside,GIANTX,cypher,True,,,0,2,1,6,False
713.546,3056,PREROUND,7,3,3,,,,MiniBoo,Team Heretics,raze,True,,,1,2,1,4,False,RieNs,Team Heretics,fade,True,,,2,1,1,7,True,Boo,Team Heretics,omen,True,,,2,1,2,6,False,benjyfishy,Team Heretics,deadlock,True,,,1,1,1,3,False,Wo0t,Team Heretics,chamber,True,,,0,8,1,7,True,grubinho,GIANTX,omen,True,,,2,1,2,7,True,ara,GIANTX,raze,True,,,1,2,1,7,True,Cloud,GIANTX,fade,True,,,2,1,1,3,False,Flickless,GIANTX,viper,True,,,1,1,0,7,True,westside,GIANTX,cypher,True,,,0,2,1,6,False
713.780,3057,PREROUND,7,3,3,,,,MiniBoo,Team Heretics,raze,True,,,1,2,1,4,False,RieNs,Team Heretics,fade,True,,,2,1,1,7,True,Boo,Team Heretics,omen,True,,,2,1,2,6,False,benjyfishy,Team Heretics,deadlock,True,,,1,1,1,3,False,Wo0t,Team Heretics,chamber,True,,,0,8,1,7,True,grubinho,GIANTX,omen,True,,,2,1,2,7,True,ara,GIANTX,raze,True,,,1,2,1,7,True,Cloud,GIANTX,fade,True,,,2,1,1,3,False,Flickless,GIANTX,viper,True,,,1,1,0,7,True,westside,GIANTX,cypher,True,,,0,2,1,6,False
714.013,3058,PREROUND,7,3,3,,,,MiniBoo,Team Heretics,raze,True,,,1,2,1,4,False,RieNs,Team Heretics,fade,True,,,2,1,1,7,True,Boo,Team Heretics,omen,True,,,2,1,2,6,False,benjyfishy,Team Heretics,deadlock,True,,,1,1,1,3,False,Wo0t,Team Heretics,chamber,True,,,0,8,1,7,True,grubinho,GIANTX,omen,True,,,2,1,2,7,True,ara,GIANTX,raze,True,,,1,2,1,7,True,Cloud,GIANTX,fade,True,,,2,1,1,3,False,Flickless,GIANTX,viper,True,,,1,1,0,7,True,westside,GIANTX,cypher,True,,,0,2,1,6,False
714.247,3059,PREROUND,7,3,3,,,,MiniBoo,Team Heretics,raze,True,,,1,2,1,4,False,RieNs,Team Heretics,fade,True,,,2,1,1,7,True,Boo,Team Heretics,omen,True,,,2,1,2,6,False,benjyfishy,Team Heretics,deadlock,True,,,1,1,1,3,False,Wo0t,Team Heretics,chamber,True,,,0,8,1,7,True,grubinho,GIANTX,omen,True,,,2,1,2,7,True,ara,GIANTX,raze,True,,,1,2,1,7,True,Cloud,GIANTX,fade,True,,,2,1,1,3,False,Flickless,GIANTX,viper,True,,,1,1,0,7,True,westside,GIANTX,cypher,True,,,0,2,1,6,False
714.480,3060,PREROUND,7,3,3,,,,MiniBoo,Team Heretics,raze,True,,,1,2,1,4,False,RieNs,Team Heretics,fade,True,,,2,1,1,7,True,Boo,Team Heretics,omen,True,,,2,1,2,6,False,benjyfishy,Team Heretics,deadlock,True,,,1,1,1,3,False,Wo0t,Team Heretics,chamber,True,,,0,8,1,7,True,grubinho,GIANTX,omen,True,,,2,1,2,7,True,ara,GIANTX,raze,True,,,1,2,1,7,True,Cloud,GIANTX,fade,True,,,2,1,1,3,False,Flickless,GIANTX,viper,True,,,1,1,0,7,True,westside,GIANTX,cypher,True,,,0,2,1,6,False
714.714,3061,PREROUND,7,3,3,,,,MiniBoo,Team Heretics,raze,True,,,1,2,1,4,False,RieNs,Team Heretics,fade,True,,,2,1,1,7,True,Boo,Team Heretics,omen,True,,,2,1,2,6,False,benjyfishy,Team Heretics,deadlock,True,,,1,1,1,3,False,Wo0t,Team Heretics,chamber,True,,,0,8,1,7,True,grubinho,GIANTX,omen,True,,,2,1,2,7,True,ara,GIANTX,raze,True,,,1,2,1,7,True,Cloud,GIANTX,fade,True,,,2,1,1,3,False,Flickless,GIANTX,viper,True,,,1,1,0,7,True,westside,GIANTX,cypher,True,,,0,2,1,6,False
714.948,3062,PREROUND,7,3,3,,,,MiniBoo,Team Heretics,raze,True,,,1,2,1,4,False,RieNs,Team Heretics,fade,True,,,2,1,1,7,True,Boo,Team Heretics,omen,True,,,2,1,2,6,False,benjyfishy,Team Heretics,deadlock,True,,,1,1,1,3,False,Wo0t,Team Heretics,chamber,True,,,0,8,1,7,True,grubinho,GIANTX,omen,True,,,2,1,2,7,True,ara,GIANTX,raze,True,,,1,2,1,7,True,Cloud,GIANTX,fade,True,,,2,1,1,3,False,Flickless,GIANTX,viper,True,,,1,1,0,7,True,westside,GIANTX,cypher,True,,,0,2,1,6,False
715.181,3063,PREROUND,7,3,3,,,,MiniBoo,Team Heretics,raze,True,,,1,2,1,4,False,RieNs,Team Heretics,fade,True,,,2,1,1,7,True,Boo,Team Heretics,omen,True,,,2,1,2,6,False,benjyfishy,Team Heretics,deadlock,True,,,1,1,1,3,False,Wo0t,Team Heretics,chamber,True,,,0,8,1,7,True,grubinho,GIANTX,omen,True,,,2,1,2,7,True,ara,GIANTX,raze,True,,,1,2,1,7,True,Cloud,GIANTX,fade,True,,,2,1,1,3,False,Flickless,GIANTX,viper,True,,,1,1,0,7,True,westside,GIANTX,cypher,True,,,0,2,1,6,False
715.415,3064,PREROUND,7,3,3,,,,MiniBoo,Team Heretics,raze,True,,,1,2,1,4,False,RieNs,Team Heretics,fade,True,,,2,1,1,7,True,Boo,Team Heretics,omen,True,,,2,1,2,6,False,benjyfishy,Team Heretics,deadlock,True,,,1,1,1,3,False,Wo0t,Team Heretics,chamber,True,,,0,8,1,7,True,grubinho,GIANTX,omen,True,,,2,1,2,7,True,ara,GIANTX,raze,True,,,1,2,1,7,True,Cloud,GIANTX,fade,True,,,2,1,1,3,False,Flickless,GIANTX,viper,True,,,1,1,0,7,True,westside,GIANTX,cypher,True,,,0,2,1,6,False
715.648,3065,PREROUND,7,3,3,,,,MiniBoo,Team Heretics,raze,True,,,1,2,1,4,False,RieNs,Team Heretics,fade,True,,,2,1,1,7,True,Boo,Team Heretics,omen,True,,,2,1,2,6,False,benjyfishy,Team Heretics,deadlock,True,,,1,1,1,3,False,Wo0t,Team Heretics,chamber,True,,,0,8,1,7,True,grubinho,GIANTX,omen,True,,,2,1,2,7,True,ara,GIANTX,raze,True,,,1,2,1,7,True,Cloud,GIANTX,fade,True,,,2,1,1,3,False,Flickless,GIANTX,viper,True,,,1,1,0,7,True,westside,GIANTX,cypher,True,,,0,2,1,6,False
715.882,3066,PREROUND,7,3,3,,,,MiniBoo,Team Heretics,raze,True,,,1,2,1,4,False,RieNs,Team Heretics,fade,True,,,2,1,1,7,True,Boo,Team Heretics,omen,True,,,2,1,2,6,False,benjyfishy,Team Heretics,deadlock,True,,,1,1,1,3,False,Wo0t,Team Heretics,chamber,True,,,0,8,1,7,True,grubinho,GIANTX,omen,True,,,2,1,2,7,True,ara,GIANTX,raze,True,,,1,2,1,7,True,Cloud,GIANTX,fade,True,,,2,1,1,3,False,Flickless,GIANTX,viper,True,,,1,1,0,7,True,westside,GIANTX,cypher,True,,,0,2,1,6,False
716.115,3067,PREROUND,7,3,3,,,,MiniBoo,Team Heretics,raze,True,,,1,2,1,4,False,RieNs,Team Heretics,fade,True,,,2,1,1,7,True,Boo,Team Heretics,omen,True,,,2,1,2,6,False,benjyfishy,Team Heretics,deadlock,True,,,1,1,1,3,False,Wo0t,Team Heretics,chamber,True,,,0,8,1,7,True,grubinho,GIANTX,omen,True,,,2,1,2,7,True,ara,GIANTX,raze,True,,,1,2,1,7,True,Cloud,GIANTX,fade,True,,,2,1,1,3,False,Flickless,GIANTX,viper,True,,,1,1,0,7,True,westside,GIANTX,cypher,True,,,0,2,1,6,False
716.349,3068,PREROUND,7,3,3,,,,MiniBoo,Team Heretics,raze,True,,,1,2,1,4,False,RieNs,Team Heretics,fade,True,,,2,1,1,7,True,Boo,Team Heretics,omen,True,,,2,1,2,6,False,benjyfishy,Team Heretics,deadlock,True,,,1,1,1,3,False,Wo0t,Team Heretics,chamber,True,,,0,8,1,7,True,grubinho,GIANTX,omen,True,,,2,1,2,7,True,ara,GIANTX,raze,True,,,1,2,1,7,True,Cloud,GIANTX,fade,True,,,2,1,1,3,False,Flickless,GIANTX,viper,True,,,1,1,0,7,True,westside,GIANTX,cypher,True,,,0,2,1,6,False
716.583,3069,PREROUND,7,3,3,,,,MiniBoo,Team Heretics,raze,True,,,1,2,1,4,False,RieNs,Team Heretics,fade,True,,,2,1,1,7,True,Boo,Team Heretics,omen,True,,,2,1,2,6,False,benjyfishy,Team Heretics,deadlock,True,,,1,1,1,3,False,Wo0t,Team Heretics,chamber,True,,,0,8,1,7,True,grubinho,GIANTX,omen,True,,,2,1,2,7,True,ara,GIANTX,raze,True,,,1,2,1,7,True,Cloud,GIANTX,fade,True,,,2,1,1,3,False,Flickless,GIANTX,viper,True,,,1,1,0,7,True,westside,GIANTX,cypher,True,,,0,2,1,6,False
716.816,3070,PREROUND,7,3,3,,,,MiniBoo,Team Heretics,raze,True,,,1,2,1,4,False,RieNs,Team Heretics,fade,True,,,2,1,1,7,True,Boo,Team Heretics,omen,True,,,2,1,2,6,False,benjyfishy,Team Heretics,deadlock,True,,,1,1,1,3,False,Wo0t,Team Heretics,chamber,True,,,0,8,1,7,True,grubinho,GIANTX,omen,True,,,2,1,2,7,True,ara,GIANTX,raze,True,,,1,2,1,7,True,Cloud,GIANTX,fade,True,,,2,1,1,3,False,Flickless,GIANTX,viper,True,,,1,1,0,7,True,westside,GIANTX,cypher,True,,,0,2,1,6,False
717.050,3071,PREROUND,7,3,3,,,,MiniBoo,Team Heretics,raze,True,,,1,2,1,4,False,RieNs,Team Heretics,fade,True,,,2,1,1,7,True,Boo,Team Heretics,omen,True,,,2,1,2,6,False,benjyfishy,Team Heretics,deadlock,True,,,1,1,1,3,False,Wo0t,Team Heretics,chamber,True,,,0,8,1,7,True,grubinho,GIANTX,omen,True,,,2,1,2,7,True,ara,GIANTX,raze,True,,,1,2,1,7,True,Cloud,GIANTX,fade,True,,,2,1,1,3,False,Flickless,GIANTX,viper,True,,,1,1,0,7,True,westside,GIANTX,cypher,True,,,0,2,1,6,False
717.283,3072,PREROUND,7,3,3,,,,MiniBoo,Team Heretics,raze,True,,,1,2,1,4,False,RieNs,Team Heretics,fade,True,,,2,1,1,7,True,Boo,Team Heretics,omen,True,,,2,1,2,6,False,benjyfishy,Team Heretics,deadlock,True,,,1,1,1,3,False,Wo0t,Team Heretics,chamber,True,,,0,8,1,7,True,grubinho,GIANTX,omen,True,,,2,1,2,7,True,ara,GIANTX,raze,True,,,1,2,1,7,True,Cloud,GIANTX,fade,True,,,2,1,1,3,False,Flickless,GIANTX,viper,True,,,1,1,0,7,True,westside,GIANTX,cypher,True,,,0,2,1,6,False
717.517,3073,PREROUND,7,3,3,,,,MiniBoo,Team Heretics,raze,True,,,1,2,1,4,False,RieNs,Team Heretics,fade,True,,,2,1,1,7,True,Boo,Team Heretics,omen,True,,,2,1,2,6,False,benjyfishy,Team Heretics,deadlock,True,,,1,1,1,3,False,Wo0t,Team Heretics,chamber,True,,,0,8,1,7,True,grubinho,GIANTX,omen,True,,,2,1,2,7,True,ara,GIANTX,raze,True,,,1,2,1,7,True,Cloud,GIANTX,fade,True,,,2,1,1,3,False,Flickless,GIANTX,viper,True,,,1,1,0,7,True,westside,GIANTX,cypher,True,,,0,2,1,6,False
717.984,3075,ACTIVE_ROUND,7,3,3,99.000,,,MiniBoo,Team Heretics,raze,True,,,1,2,1,4,False,RieNs,Team Heretics,fade,True,,,2,1,1,7,True,Boo,Team Heretics,omen,True,,,2,1,2,6,False,benjyfishy,Team Heretics,deadlock,True,,,1,1,1,3,False,Wo0t,Team Heretics,chamber,True,,,0,8,1,7,True,grubinho,GIANTX,omen,True,,,2,1,2,7,True,ara,GIANTX,raze,True,,,1,2,1,7,True,Cloud,GIANTX,fade,True,,,2,1,1,3,False,Flickless,GIANTX,viper,True,,,1,1,0,7,True,westside,GIANTX,cypher,True,,,0,2,1,6,False
718.217,3076,ACTIVE_ROUND,7,3,3,99.000,,,MiniBoo,Team Heretics,raze,True,100,25,1,2,1,4,False,RieNs,Team Heretics,fade,True,100,25,2,1,1,7,True,Boo,Team Heretics,omen,True,100,,2,1,2,6,False,benjyfishy,Team Heretics,deadlock,True,100,25,1,1,1,3,False,Wo0t,Team Heretics,chamber,True,100,50,0,8,1,7,True,grubinho,GIANTX,omen,True,100,50,2,1,2,7,True,ara,GIANTX,raze,True,100,50,1,2,1,7,True,Cloud,GIANTX,fade,True,100,25,2,1,1,3,False,Flickless,GIANTX,viper,True,100,50,1,1,0,7,True,westside,GIANTX,cypher,True,100,25,0,2,1,6,False
718.451,3077,ACTIVE_ROUND,7,3,3,99.000,,,MiniBoo,Team Heretics,raze,True,100,25,1,2,1,4,False,RieNs,Team Heretics,fade,True,100,25,2,1,1,7,True,Boo,Team Heretics,omen,True,100,,2,1,2,6,False,benjyfishy,Team Heretics,deadlock,True,100,25,1,1,1,3,False,Wo0t,Team Heretics,chamber,True,100,50,0,8,1,7,True,grubinho,GIANTX,omen,True,100,50,2,1,2,7,True,ara,GIANTX,raze,True,100,50,1,2,1,7,True,Cloud,GIANTX,fade,True,100,25,2,1,1,3,False,Flickless,GIANTX,viper,True,100,50,1,1,0,7,True,westside,GIANTX,cypher,True,100,25,0,2,1,6,False
718.685,3078,ACTIVE_ROUND,7,3,3,99.000,,,MiniBoo,Team Heretics,raze,True,100,25,1,2,1,4,False,RieNs,Team Heretics,fade,True,100,25,2,1,1,7,True,Boo,Team Heretics,omen,True,100,,2,1,2,6,False,benjyfishy,Team Heretics,deadlock,True,100,25,1,1,1,3,False,Wo0t,Team Heretics,chamber,True,100,50,0,8,1,7,True,grubinho,GIANTX,omen,True,100,50,2,1,2,7,True,ara,GIANTX,raze,True,100,50,1,2,1,7,True,Cloud,GIANTX,fade,True,100,25,2,1,1,3,False,Flickless,GIANTX,viper,True,100,50,1,1,0,7,True,westside,GIANTX,cypher,True,100,25,0,2,1,6,False
718.918,3079,ACTIVE_ROUND,7,3,3,98.000,,,MiniBoo,Team Heretics,raze,True,100,25,1,2,1,4,False,RieNs,Team Heretics,fade,True,100,25,2,1,1,7,True,Boo,Team Heretics,omen,True,100,,2,1,2,6,False,benjyfishy,Team Heretics,deadlock,True,100,25,1,1,1,3,False,Wo0t,Team Heretics,chamber,True,100,50,0,8,1,7,True,grubinho,GIANTX,omen,True,100,50,2,1,2,7,True,ara,GIANTX,raze,True,100,50,1,2,1,7,True,Cloud,GIANTX,fade,True,100,25,2,1,1,3,False,Flickless,GIANTX,viper,True,100,50,1,1,0,7,True,westside,GIANTX,cypher,True,100,25,0,2,1,6,False
719.152,3080,ACTIVE_ROUND,7,3,3,98.000,,,MiniBoo,Team Heretics,raze,True,100,25,1,2,1,4,False,RieNs,Team Heretics,fade,True,100,25,2,1,1,7,True,Boo,Team Heretics,omen,True,100,,2,1,1,6,False,benjyfishy,Team Heretics,deadlock,True,100,25,1,1,1,3,False,Wo0t,Team Heretics,chamber,True,100,50,0,8,1,7,True,grubinho,GIANTX,omen,True,100,50,2,1,1,7,True,ara,GIANTX,raze,True,100,50,1,2,1,7,True,Cloud,GIANTX,fade,True,100,25,2,1,0,3,False,Flickless,GIANTX,viper,True,100,50,1,1,0,7,True,westside,GIANTX,cypher,True,100,25,0,2,0,6,False
719.385,3081,ACTIVE_ROUND,7,3,3,98.000,,,MiniBoo,Team Heretics,raze,True,100,25,1,2,1,4,False,RieNs,Team Heretics,fade,True,100,25,2,1,1,7,True,Boo,Team Heretics,omen,True,100,,2,1,1,6,False,benjyfishy,Team Heretics,deadlock,True,100,25,1,1,1,3,False,Wo0t,Team Heretics,chamber,True,100,50,0,8,1,7,True,grubinho,GIANTX,omen,True,100,50,2,1,1,7,True,ara,GIANTX,raze,True,100,50,1,2,1,7,True,Cloud,GIANTX,fade,True,100,25,2,1,0,3,False,Flickless,GIANTX,viper,True,100,50,1,1,0,7,True,westside,GIANTX,cypher,True,100,25,0,2,0,6,False
719.619,3082,ACTIVE_ROUND,7,3,3,98.000,,,MiniBoo,Team Heretics,raze,True,100,25,1,2,1,4,False,RieNs,Team Heretics,fade,True,100,25,2,1,1,7,True,Boo,Team Heretics,omen,True,100,,2,1,1,6,False,benjyfishy,Team Heretics,deadlock,True,100,25,1,1,1,3,False,Wo0t,Team Heretics,chamber,True,100,50,0,8,1,7,True,grubinho,GIANTX,omen,True,100,50,2,1,1,7,True,ara,GIANTX,raze,True,100,50,1,2,1,7,True,Cloud,GIANTX,fade,True,100,25,2,1,0,3,False,Flickless,GIANTX,viper,True,100,50,1,1,0,7,True,westside,GIANTX,cypher,True,100,25,0,2,0,6,False
719.852,3083,ACTIVE_ROUND,7,3,3,97.000,,,MiniBoo,Team Heretics,raze,True,100,25,1,2,1,4,False,RieNs,Team Heretics,fade,True,100,25,2,1,1,7,True,Boo,Team Heretics,omen,True,100,,2,1,1,6,False,benjyfishy,Team Heretics,deadlock,True,100,25,1,1,1,3,False,Wo0t,Team Heretics,chamber,True,100,50,0,8,1,7,True,grubinho,GIANTX,omen,True,100,50,2,1,1,7,True,ara,GIANTX,raze,True,100,50,1,2,1,7,True,Cloud,GIANTX,fade,True,100,25,2,1,0,3,False,Flickless,GIANTX,viper,True,100,50,1,1,0,7,True,westside,GIANTX,cypher,True,100,25,0,2,0,6,False
720.086,3084,ACTIVE_ROUND,7,3,3,97.000,,,MiniBoo,Team Heretics,raze,True,100,25,1,2,1,4,False,RieNs,Team Heretics,fade,True,100,25,2,1,1,7,True,Boo,Team Heretics,omen,True,100,,2,1,1,6,False,benjyfishy,Team Heretics,deadlock,True,100,25,1,1,1,3,False,Wo0t,Team Heretics,chamber,True,100,50,0,8,1,7,True,grubinho,GIANTX,omen,True,100,50,1,1,1,7,True,ara,GIANTX,raze,True,100,50,1,2,1,7,True,Cloud,GIANTX,fade,True,100,25,2,1,0,3,False,Flickless,GIANTX,viper,True,100,50,1,1,0,7,True,westside,GIANTX,cypher,True,100,25,0,2,0,6,False
720.320,3085,ACTIVE_ROUND,7,3,3,97.000,,,MiniBoo,Team Heretics,raze,True,100,25,1,2,1,4,False,RieNs,Team Heretics,fade,True,100,25,2,1,1,7,True,Boo,Team Heretics,omen,True,100,,2,1,1,6,False,benjyfishy,Team Heretics,deadlock,True,100,25,1,1,1,3,False,Wo0t,Team Heretics,chamber,True,100,50,0,8,1,7,True,grubinho,GIANTX,omen,True,100,50,1,1,1,7,True,ara,GIANTX,raze,True,100,50,1,2,1,7,True,Cloud,GIANTX,fade,True,100,25,2,1,0,3,False,Flickless,GIANTX,viper,True,100,50,1,1,0,7,True,westside,GIANTX,cypher,True,100,25,0,2,0,6,False
720.553,3086,ACTIVE_ROUND,7,3,3,97.000,,,MiniBoo,Team Heretics,raze,True,100,25,1,2,1,4,False,RieNs,Team Heretics,fade,True,100,25,2,1,1,7,True,Boo,Team Heretics,omen,True,100,,2,1,1,6,False,benjyfishy,Team Heretics,deadlock,True,100,25,1,1,1,3,False,Wo0t,Team Heretics,chamber,True,100,50,0,8,1,7,True,grubinho,GIANTX,omen,True,100,50,1,1,1,7,True,ara,GIANTX,raze,True,100,50,1,2,1,7,True,Cloud,GIANTX,fade,True,100,25,2,1,0,3,False,Flickless,GIANTX,viper,True,100,50,1,1,0,7,True,westside,GIANTX,cypher,True,100,25,0,2,0,6,False
720.787,3087,ACTIVE_ROUND,7,3,3,96.000,,,MiniBoo,Team Heretics,raze,True,100,25,1,2,1,4,False,RieNs,Team Heretics,fade,True,100,25,2,1,1,7,True,Boo,Team Heretics,omen,True,100,,2,1,1,6,False,benjyfishy,Team Heretics,deadlock,True,100,25,1,1,1,3,False,Wo0t,Team Heretics,chamber,True,100,50,0,8,1,7,True,grubinho,GIANTX,omen,True,100,50,1,1,1,7,True,ara,GIANTX,raze,True,100,50,1,2,1,7,True,Cloud,GIANTX,fade,True,100,25,2,1,0,3,False,Flickless,GIANTX,viper,True,100,50,1,1,0,7,True,westside,GIANTX,cypher,True,100,25,0,2,0,6,False
721.020,3088,ACTIVE_ROUND,7,3,3,96.000,,,MiniBoo,Team Heretics,raze,True,100,25,1,2,1,4,False,RieNs,Team Heretics,fade,True,100,25,2,1,1,7,True,Boo,Team Heretics,omen,True,100,,2,1,1,6,False,benjyfishy,Team Heretics,deadlock,True,100,25,1,1,1,3,False,Wo0t,Team Heretics,chamber,True,100,50,0,8,1,7,True,grubinho,GIANTX,omen,True,100,50,1,1,1,7,True,ara,GIANTX,raze,True,100,50,1,2,1,7,True,Cloud,GIANTX,fade,True,100,25,2,1,0,3,False,Flickless,GIANTX,viper,True,100,50,1,1,0,7,True,westside,GIANTX,cypher,True,100,25,0,2,0,6,False
721.254,3089,ACTIVE_ROUND,7,3,3,96.000,,,MiniBoo,Team Heretics,raze,True,100,25,1,2,1,4,False,RieNs,Team Heretics,fade,True,100,25,2,1,1,7,True,Boo,Team Heretics,omen,True,100,,2,1,1,6,False,benjyfishy,Team Heretics,deadlock,True,100,25,1,1,1,3,False,Wo0t,Team Heretics,chamber,True,100,50,0,8,1,7,True,grubinho,GIANTX,omen,True,100,50,1,1,1,7,True,ara,GIANTX,raze,True,100,50,1,2,1,7,True,Cloud,GIANTX,fade,True,100,25,2,1,0,3,False,Flickless,GIANTX,viper,True,100,50,1,1,0,7,True,westside,GIANTX,cypher,True,100,25,0,2,0,6,False
721.487,3090,ACTIVE_ROUND,7,3,3,96.000,,,MiniBoo,Team Heretics,raze,True,100,25,1,2,1,4,False,RieNs,Team Heretics,fade,True,100,25,2,1,1,7,True,Boo,Team Heretics,omen,True,100,,2,1,1,6,False,benjyfishy,Team Heretics,deadlock,True,100,25,1,1,1,3,False,Wo0t,Team Heretics,chamber,True,100,50,0,8,1,7,True,grubinho,GIANTX,omen,True,100,50,1,1,1,7,True,ara,GIANTX,raze,True,100,50,1,2,1,7,True,Cloud,GIANTX,fade,True,100,25,2,1,0,3,False,Flickless,GIANTX,viper,True,100,50,1,1,0,7,True,westside,GIANTX,cypher,True,100,25,0,2,0,6,False
721.721,3091,ACTIVE_ROUND,7,3,3,95.000,,,MiniBoo,Team Heretics,raze,True,100,25,1,2,1,4,False,RieNs,Team Heretics,fade,True,100,25,2,1,1,7,True,Boo,Team Heretics,omen,True,100,,2,1,1,6,False,benjyfishy,Team Heretics,deadlock,True,100,25,1,1,1,3,False,Wo0t,Team Heretics,chamber,True,100,50,0,8,1,7,True,grubinho,GIANTX,omen,True,100,50,1,1,1,7,True,ara,GIANTX,raze,True,100,50,1,2,1,7,True,Cloud,GIANTX,fade,True,100,25,2,1,0,3,False,Flickless,GIANTX,viper,True,100,50,1,1,0,7,True,westside,GIANTX,cypher,True,100,25,0,2,0,6,False
721.955,3092,ACTIVE_ROUND,7,3,3,95.000,,,MiniBoo,Team Heretics,raze,True,100,25,1,2,1,4,False,RieNs,Team Heretics,fade,True,100,25,2,1,1,7,True,Boo,Team Heretics,omen,True,100,,2,1,1,6,False,benjyfishy,Team Heretics,deadlock,True,100,25,1,1,1,3,False,Wo0t,Team Heretics,chamber,True,100,50,0,8,1,7,True,grubinho,GIANTX,omen,True,100,50,1,1,1,7,True,ara,GIANTX,raze,True,100,50,1,2,1,7,True,Cloud,GIANTX,fade,True,100,25,2,1,0,3,False,Flickless,GIANTX,viper,True,100,50,1,1,0,7,True,westside,GIANTX,cypher,True,100,25,0,2,0,6,False
722.188,3093,ACTIVE_ROUND,7,3,3,95.000,,,MiniBoo,Team Heretics,raze,True,100,25,1,2,1,4,False,RieNs,Team Heretics,fade,True,100,25,2,1,1,7,True,Boo,Team Heretics,omen,True,100,,2,1,1,6,False,benjyfishy,Team Heretics,deadlock,True,100,25,1,0,1,3,False,Wo0t,Team Heretics,chamber,True,100,50,0,8,1,7,True,grubinho,GIANTX,omen,True,100,50,1,1,1,7,True,ara,GIANTX,raze,True,100,50,1,2,1,7,True,Cloud,GIANTX,fade,True,100,25,2,1,0,3,False,Flickless,GIANTX,viper,True,100,50,1,1,0,7,True,westside,GIANTX,cypher,True,100,25,0,1,0,6,False
722.422,3094,ACTIVE_ROUND,7,3,3,95.000,,,MiniBoo,Team Heretics,raze,True,100,25,1,2,1,4,False,RieNs,Team Heretics,fade,True,100,25,2,1,1,7,True,Boo,Team Heretics,omen,True,100,,2,1,1,6,False,benjyfishy,Team Heretics,deadlock,True,100,25,1,0,1,3,False,Wo0t,Team Heretics,chamber,True,100,50,0,8,1,7,True,grubinho,GIANTX,omen,True,100,50,1,1,1,7,True,ara,GIANTX,raze,True,100,50,1,2,1,7,True,Cloud,GIANTX,fade,True,100,25,2,1,0,3,False,Flickless,GIANTX,viper,True,100,50,1,1,0,7,True,westside,GIANTX,cypher,True,100,25,0,1,0,6,False
722.655,3095,ACTIVE_ROUND,7,3,3,95.000,,,MiniBoo,Team Heretics,raze,True,100,25,1,2,1,4,False,RieNs,Team Heretics,fade,True,100,25,2,1,1,7,True,Boo,Team Heretics,omen,True,100,,2,1,1,6,False,benjyfishy,Team Heretics,deadlock,True,100,25,1,0,1,3,False,Wo0t,Team Heretics,chamber,True,100,50,0,8,1,7,True,grubinho,GIANTX,omen,True,100,50,1,1,1,7,True,ara,GIANTX,raze,True,100,50,1,2,1,7,True,Cloud,GIANTX,fade,True,100,25,2,1,0,3,False,Flickless,GIANTX,viper,True,100,50,1,1,0,7,True,westside,GIANTX,cypher,True,100,25,0,1,0,6,False
722.889,3096,ACTIVE_ROUND,7,3,3,94.000,,,MiniBoo,Team Heretics,raze,True,100,25,1,2,1,4,False,RieNs,Team Heretics,fade,True,100,25,2,1,1,7,True,Boo,Team Heretics,omen,True,100,,2,1,1,6,False,benjyfishy,Team Heretics,deadlock,True,100,25,1,0,1,3,False,Wo0t,Team Heretics,chamber,True,100,50,0,8,1,7,True,grubinho,GIANTX,omen,True,100,50,1,1,1,7,True,ara,GIANTX,raze,True,100,50,1,2,1,7,True,Cloud,GIANTX,fade,True,100,25,2,1,0,3,False,Flickless,GIANTX,viper,True,100,50,1,1,0,7,True,westside,GIANTX,cypher,True,100,25,0,1,0,6,False
723.122,3097,ACTIVE_ROUND,7,3,3,94.000,,,MiniBoo,Team Heretics,raze,True,100,25,1,2,1,4,False,RieNs,Team Heretics,fade,True,100,25,2,1,1,7,True,Boo,Team Heretics,omen,True,100,,2,1,1,6,False,benjyfishy,Team Heretics,deadlock,True,100,25,1,0,1,3,False,Wo0t,Team Heretics,chamber,True,100,50,0,8,1,7,True,grubinho,GIANTX,omen,True,100,50,1,1,1,7,True,ara,GIANTX,raze,True,100,50,1,2,1,7,True,Cloud,GIANTX,fade,True,100,25,2,1,0,3,False,Flickless,GIANTX,viper,True,100,50,1,1,0,7,True,westside,GIANTX,cypher,True,100,25,0,1,0,6,False
723.356,3098,ACTIVE_ROUND,7,3,3,94.000,,,MiniBoo,Team Heretics,raze,True,100,25,1,2,1,4,False,RieNs,Team Heretics,fade,True,100,25,2,1,1,7,True,Boo,Team Heretics,omen,True,100,,2,1,1,6,False,benjyfishy,Team Heretics,deadlock,True,100,25,1,0,1,3,False,Wo0t,Team Heretics,chamber,True,100,50,0,8,1,7,True,grubinho,GIANTX,omen,True,100,50,1,1,1,7,True,ara,GIANTX,raze,True,100,50,1,2,1,7,True,Cloud,GIANTX,fade,True,100,25,2,1,0,3,False,Flickless,GIANTX,viper,True,100,50,1,1,0,7,True,westside,GIANTX,cypher,True,100,25,0,1,0,6,False
723.590,3099,ACTIVE_ROUND,7,3,3,94.000,,,MiniBoo,Team Heretics,raze,True,100,25,1,2,1,4,False,RieNs,Team Heretics,fade,True,100,25,2,1,1,7,True,Boo,Team Heretics,omen,True,100,,2,1,1,6,False,benjyfishy,Team Heretics,deadlock,True,100,25,1,0,1,3,False,Wo0t,Team Heretics,chamber,True,100,50,0,8,1,7,True,grubinho,GIANTX,omen,True,100,50,1,1,1,7,True,ara,GIANTX,raze,True,100,50,1,2,1,7,True,Cloud,GIANTX,fade,True,100,25,2,1,0,3,False,Flickless,GIANTX,viper,True,100,50,1,1,0,7,True,westside,GIANTX,cypher,True,100,25,0,1,0,6,False
723.823,3100,ACTIVE_ROUND,7,3,3,93.000,,,MiniBoo,Team Heretics,raze,True,100,25,1,2,1,4,False,RieNs,Team Heretics,fade,True,100,25,2,1,1,7,True,Boo,Team Heretics,omen,True,100,,2,1,1,6,False,benjyfishy,Team Heretics,deadlock,True,100,25,1,0,1,3,False,Wo0t,Team Heretics,chamber,True,100,50,0,8,1,7,True,grubinho,GIANTX,omen,True,100,50,1,1,1,7,True,ara,GIANTX,raze,True,100,50,1,2,1,7,True,Cloud,GIANTX,fade,True,100,25,2,1,0,3,False,Flickless,GIANTX,viper,True,100,50,1,1,0,7,True,westside,GIANTX,cypher,True,100,25,0,1,0,6,False
724.057,3101,ACTIVE_ROUND,7,3,3,93.000,,,MiniBoo,Team Heretics,raze,True,100,25,1,2,1,4,False,RieNs,Team Heretics,fade,True,100,25,2,1,1,7,True,Boo,Team Heretics,omen,True,100,,2,1,1,6,False,benjyfishy,Team Heretics,deadlock,True,100,25,1,0,1,3,False,Wo0t,Team Heretics,chamber,True,100,50,0,8,1,7,True,grubinho,GIANTX,omen,True,100,50,1,1,1,7,True,ara,GIANTX,raze,True,100,50,1,2,1,7,True,Cloud,GIANTX,fade,True,100,25,2,1,0,3,False,Flickless,GIANTX,viper,True,100,50,1,1,0,7,True,westside,GIANTX,cypher,True,100,25,0,1,0,6,False
724.290,3102,ACTIVE_ROUND,7,3,3,93.000,,,MiniBoo,Team Heretics,raze,True,100,25,1,2,1,4,False,RieNs,Team Heretics,fade,True,100,25,2,1,1,7,True,Boo,Team Heretics,omen,True,100,,2,1,1,6,False,benjyfishy,Team Heretics,deadlock,True,100,25,1,0,1,3,False,Wo0t,Team Heretics,chamber,True,100,8,0,8,1,7,True,grubinho,GIANTX,omen,True,100,8,1,1,1,7,True,ara,GIANTX,raze,True,100,50,1,2,1,7,True,Cloud,GIANTX,fade,True,100,25,2,1,0,3,False,Flickless,GIANTX,viper,True,100,50,1,1,0,7,True,westside,GIANTX,cypher,True,100,25,0,1,0,6,False
724.524,3103,ACTIVE_ROUND,7,3,3,93.000,,,MiniBoo,Team Heretics,raze,True,100,25,1,2,1,4,False,RieNs,Team Heretics,fade,True,100,25,2,1,1,7,True,Boo,Team Heretics,omen,True,100,,2,1,1,6,False,benjyfishy,Team Heretics,deadlock,True,100,25,1,0,1,3,False,Wo0t,Team Heretics,chamber,True,100,8,0,8,1,7,True,grubinho,GIANTX,omen,True,100,8,1,1,1,7,True,ara,GIANTX,raze,True,100,50,1,2,1,7,True,Cloud,GIANTX,fade,True,100,25,2,1,0,3,False,Flickless,GIANTX,viper,True,100,50,1,1,0,7,True,westside,GIANTX,cypher,True,100,25,0,1,0,6,False
724.757,3104,ACTIVE_ROUND,7,3,3,92.000,,,MiniBoo,Team Heretics,raze,True,100,25,1,2,1,4,False,RieNs,Team Heretics,fade,True,100,25,2,1,1,7,True,Boo,Team Heretics,omen,True,100,,2,1,1,6,False,benjyfishy,Team Heretics,deadlock,True,100,25,1,0,1,3,False,Wo0t,Team Heretics,chamber,True,100,8,0,8,1,7,True,grubinho,GIANTX,omen,True,100,8,1,1,1,7,True,ara,GIANTX,raze,True,100,50,1,2,1,7,True,Cloud,GIANTX,fade,True,100,25,2,1,0,3,False,Flickless,GIANTX,viper,True,100,50,1,1,0,7,True,westside,GIANTX,cypher,True,100,25,0,1,0,6,False
724.991,3105,ACTIVE_ROUND,7,3,3,92.000,,,MiniBoo,Team Heretics,raze,True,100,25,1,2,1,4,False,RieNs,Team Heretics,fade,True,100,25,2,1,1,7,True,Boo,Team Heretics,omen,True,100,,2,1,1,6,False,benjyfishy,Team Heretics,deadlock,True,100,25,1,0,1,3,False,Wo0t,Team Heretics,chamber,True,100,8,0,8,1,7,True,grubinho,GIANTX,omen,True,100,8,1,1,1,7,True,ara,GIANTX,raze,True,100,50,1,2,1,7,True,Cloud,GIANTX,fade,True,100,25,2,1,0,3,False,Flickless,GIANTX,viper,True,100,50,1,1,0,7,True,westside,GIANTX,cypher,True,100,25,0,1,0,6,False
725.225,3106,ACTIVE_ROUND,7,3,3,92.000,,,MiniBoo,Team Heretics,raze,True,100,25,1,2,1,4,False,RieNs,Team Heretics,fade,True,100,25,2,1,1,7,True,Boo,Team Heretics,omen,True,100,,2,1,1,6,False,benjyfishy,Team Heretics,deadlock,True,100,25,1,0,1,3,False,Wo0t,Team Heretics,chamber,True,100,8,0,8,1,7,True,grubinho,GIANTX,omen,True,100,8,1,1,1,7,True,ara,GIANTX,raze,True,100,50,1,2,1,7,True,Cloud,GIANTX,fade,True,100,25,2,1,0,3,False,Flickless,GIANTX,viper,True,100,50,1,1,0,7,True,westside,GIANTX,cypher,True,100,25,0,1,0,6,False
725.458,3107,ACTIVE_ROUND,7,3,3,92.000,,,MiniBoo,Team Heretics,raze,True,100,25,1,2,1,4,False,RieNs,Team Heretics,fade,True,100,25,2,1,1,7,True,Boo,Team Heretics,omen,True,100,,2,1,1,6,False,benjyfishy,Team Heretics,deadlock,True,100,25,1,0,1,3,False,Wo0t,Team Heretics,chamber,True,100,8,0,8,1,7,True,grubinho,GIANTX,omen,True,100,8,1,1,1,7,True,ara,GIANTX,raze,True,100,50,1,2,1,7,True,Cloud,GIANTX,fade,True,100,25,2,1,0,3,False,Flickless,GIANTX,viper,True,100,50,1,1,0,7,True,westside,GIANTX,cypher,True,100,25,0,1,0,6,False
725.692,3108,ACTIVE_ROUND,7,3,3,92.000,,,MiniBoo,Team Heretics,raze,True,100,25,1,2,1,4,False,RieNs,Team Heretics,fade,True,100,25,2,1,1,7,True,Boo,Team Heretics,omen,True,100,,2,1,1,6,False,benjyfishy,Team Heretics,deadlock,True,100,25,1,0,1,3,False,Wo0t,Team Heretics,chamber,True,100,8,0,8,1,7,True,grubinho,GIANTX,omen,True,100,8,1,1,1,7,True,ara,GIANTX,raze,True,100,50,1,2,1,7,True,Cloud,GIANTX,fade,True,100,25,2,1,0,3,False,Flickless,GIANTX,viper,True,100,50,1,1,0,7,True,westside,GIANTX,cypher,True,100,25,0,1,0,6,False
725.925,3109,ACTIVE_ROUND,7,3,3,91.000,,,MiniBoo,Team Heretics,raze,True,100,25,1,2,1,4,False,RieNs,Team Heretics,fade,True,100,25,2,1,1,7,True,Boo,Team Heretics,omen,True,100,,2,1,1,6,False,benjyfishy,Team Heretics,deadlock,True,100,25,1,0,1,3,False,Wo0t,Team Heretics,chamber,True,100,8,0,8,1,7,True,grubinho,GIANTX,omen,True,100,8,1,1,1,7,True,ara,GIANTX,raze,True,100,50,1,2,1,7,True,Cloud,GIANTX,fade,True,100,25,2,1,0,3,False,Flickless,GIANTX,viper,True,100,50,1,1,0,7,True,westside,GIANTX,cypher,True,100,25,0,1,0,6,False
726.159,3110,ACTIVE_ROUND,7,3,3,91.000,,,MiniBoo,Team Heretics,raze,True,100,25,1,2,1,4,False,RieNs,Team Heretics,fade,True,100,25,2,1,1,7,True,Boo,Team Heretics,omen,True,100,,2,1,1,6,False,benjyfishy,Team Heretics,deadlock,True,100,25,1,0,1,3,False,Wo0t,Team Heretics,chamber,True,100,8,0,8,1,7,True,grubinho,GIANTX,omen,True,100,8,1,1,1,7,True,ara,GIANTX,raze,True,100,50,1,2,1,7,True,Cloud,GIANTX,fade,True,100,25,2,1,0,3,False,Flickless,GIANTX,viper,True,100,50,1,1,0,7,True,westside,GIANTX,cypher,True,100,25,0,1,0,6,False
726.392,3111,ACTIVE_ROUND,7,3,3,91.000,,,MiniBoo,Team Heretics,raze,True,100,25,1,2,1,4,False,RieNs,Team Heretics,fade,True,100,25,2,1,1,7,True,Boo,Team Heretics,omen,True,100,,2,1,1,6,False,benjyfishy,Team Heretics,deadlock,True,100,25,1,0,1,3,False,Wo0t,Team Heretics,chamber,True,100,8,0,8,1,7,True,grubinho,GIANTX,omen,True,100,8,1,1,1,7,True,ara,GIANTX,raze,True,100,50,1,2,1,7,True,Cloud,GIANTX,fade,True,100,25,2,1,0,3,False,Flickless,GIANTX,viper,True,100,50,1,1,0,7,True,westside,GIANTX,cypher,True,100,25,0,1,0,6,False
726.626,3112,ACTIVE_ROUND,7,3,3,91.000,,,MiniBoo,Team Heretics,raze,True,100,25,1,2,1,4,False,RieNs,Team Heretics,fade,True,100,25,2,1,1,7,True,Boo,Team Heretics,omen,True,100,,2,1,1,6,False,benjyfishy,Team Heretics,deadlock,True,100,25,1,0,1,3,False,Wo0t,Team Heretics,chamber,True,100,8,0,8,1,7,True,grubinho,GIANTX,omen,True,100,8,1,1,1,7,True,ara,GIANTX,raze,True,100,50,1,2,1,7,True,Cloud,GIANTX,fade,True,100,25,2,1,0,3,False,Flickless,GIANTX,viper,True,100,50,1,1,0,7,True,westside,GIANTX,cypher,True,100,25,0,1,0,6,False
726.859,3113,ACTIVE_ROUND,7,3,3,90.000,,,MiniBoo,Team Heretics,raze,True,100,25,1,2,1,4,False,RieNs,Team Heretics,fade,True,100,25,2,1,1,7,True,Boo,Team Heretics,omen,True,100,,2,1,1,6,False,benjyfishy,Team Heretics,deadlock,True,100,25,1,0,1,3,False,Wo0t,Team Heretics,chamber,True,100,8,0,8,1,7,True,grubinho,GIANTX,omen,True,100,8,1,1,1,7,True,ara,GIANTX,raze,True,100,50,1,2,1,7,True,Cloud,GIANTX,fade,True,100,25,2,1,0,3,False,Flickless,GIANTX,viper,True,100,50,1,1,0,7,True,westside,GIANTX,cypher,True,100,25,0,1,0,6,False
727.093,3114,ACTIVE_ROUND,7,3,3,90.000,,,MiniBoo,Team Heretics,raze,True,100,25,1,2,1,4,False,RieNs,Team Heretics,fade,True,100,25,2,1,1,7,True,Boo,Team Heretics,omen,True,100,,2,1,1,6,False,benjyfishy,Team Heretics,deadlock,True,100,25,1,0,1,3,False,Wo0t,Team Heretics,chamber,True,100,8,0,8,1,7,True,grubinho,GIANTX,omen,True,100,8,1,1,1,7,True,ara,GIANTX,raze,True,100,50,1,2,1,7,True,Cloud,GIANTX,fade,True,100,25,2,1,0,3,False,Flickless,GIANTX,viper,True,100,50,1,1,0,7,True,westside,GIANTX,cypher,True,100,25,0,1,0,6,False
727.327,3115,ACTIVE_ROUND,7,3,3,90.000,,,MiniBoo,Team Heretics,raze,True,100,25,1,2,1,4,False,RieNs,Team Heretics,fade,True,100,25,2,1,1,7,True,Boo,Team Heretics,omen,True,100,,2,1,1,6,False,benjyfishy,Team Heretics,deadlock,True,100,25,1,0,1,3,False,Wo0t,Team Heretics,chamber,True,100,8,0,8,1,7,True,grubinho,GIANTX,omen,True,100,8,1,1,1,7,True,ara,GIANTX,raze,True,100,50,1,2,1,7,True,Cloud,GIANTX,fade,True,100,25,2,1,0,3,False,Flickless,GIANTX,viper,True,100,50,1,1,0,7,True,westside,GIANTX,cypher,True,100,25,0,1,0,6,False
727.560,3116,ACTIVE_ROUND,7,3,3,90.000,,,MiniBoo,Team Heretics,raze,True,100,25,1,2,1,4,False,RieNs,Team Heretics,fade,True,100,25,2,1,1,7,True,Boo,Team Heretics,omen,True,100,,2,1,1,6,False,benjyfishy,Team Heretics,deadlock,True,100,25,1,0,1,3,False,Wo0t,Team Heretics,chamber,True,100,8,0,8,1,7,True,grubinho,GIANTX,omen,True,100,8,1,1,1,7,True,ara,GIANTX,raze,True,100,50,1,2,1,7,True,Cloud,GIANTX,fade,True,100,25,2,1,0,3,False,Flickless,GIANTX,viper,True,100,50,1,1,0,7,True,westside,GIANTX,cypher,True,100,25,0,1,0,6,False
727.794,3117,ACTIVE_ROUND,7,3,3,89.000,,,MiniBoo,Team Heretics,raze,True,100,25,1,2,1,4,False,RieNs,Team Heretics,fade,True,100,25,2,1,1,7,True,Boo,Team Heretics,omen,True,100,,2,1,1,6,False,benjyfishy,Team Heretics,deadlock,True,100,25,1,0,1,3,False,Wo0t,Team Heretics,chamber,True,100,8,0,8,1,7,True,grubinho,GIANTX,omen,True,100,8,1,1,1,7,True,ara,GIANTX,raze,True,100,50,1,2,1,7,True,Cloud,GIANTX,fade,True,100,25,2,1,0,3,False,Flickless,GIANTX,viper,True,100,50,1,1,0,7,True,westside,GIANTX,cypher,True,100,25,0,1,0,6,False
728.027,3118,ACTIVE_ROUND,7,3,3,89.000,,,MiniBoo,Team Heretics,raze,True,100,25,1,2,1,4,False,RieNs,Team Heretics,fade,True,100,25,2,1,1,7,True,Boo,Team Heretics,omen,True,100,,2,1,1,6,False,benjyfishy,Team Heretics,deadlock,True,100,25,1,0,1,3,False,Wo0t,Team Heretics,chamber,True,100,8,0,8,1,7,True,grubinho,GIANTX,omen,True,100,8,1,1,1,7,True,ara,GIANTX,raze,True,100,50,1,2,1,7,True,Cloud,GIANTX,fade,True,100,25,2,1,0,3,False,Flickless,GIANTX,viper,True,100,50,1,1,0,7,True,westside,GIANTX,cypher,True,100,25,0,1,0,6,False
728.261,3119,ACTIVE_ROUND,7,3,3,89.000,,,MiniBoo,Team Heretics,raze,True,100,25,1,2,1,4,False,RieNs,Team Heretics,fade,True,100,25,2,1,0,7,True,Boo,Team Heretics,omen,True,100,,2,1,1,6,False,benjyfishy,Team Heretics,deadlock,True,100,25,1,0,1,3,False,Wo0t,Team Heretics,chamber,True,100,8,0,8,1,7,True,grubinho,GIANTX,omen,True,100,8,1,1,1,7,True,ara,GIANTX,raze,True,100,50,1,2,1,7,True,Cloud,GIANTX,fade,True,100,25,2,1,0,3,False,Flickless,GIANTX,viper,True,100,50,1,1,0,7,True,westside,GIANTX,cypher,True,100,25,0,1,0,6,False
728.494,3120,ACTIVE_ROUND,7,3,3,89.000,,,MiniBoo,Team Heretics,raze,True,100,25,1,2,1,4,False,RieNs,Team Heretics,fade,True,100,25,2,1,0,7,True,Boo,Team Heretics,omen,True,100,,2,1,1,6,False,benjyfishy,Team Heretics,deadlock,True,100,25,1,0,1,3,False,Wo0t,Team Heretics,chamber,True,100,8,0,8,1,7,True,grubinho,GIANTX,omen,True,100,8,1,1,1,7,True,ara,GIANTX,raze,True,100,50,1,2,1,7,True,Cloud,GIANTX,fade,True,100,25,2,1,0,3,False,Flickless,GIANTX,viper,True,100,50,1,1,0,7,True,westside,GIANTX,cypher,True,100,25,0,1,0,6,False
728.728,3121,ACTIVE_ROUND,7,3,3,88.000,,,MiniBoo,Team Heretics,raze,True,100,25,1,2,1,4,False,RieNs,Team Heretics,fade,True,100,25,2,1,0,7,True,Boo,Team Heretics,omen,True,100,,2,1,1,6,False,benjyfishy,Team Heretics,deadlock,True,100,25,1,0,1,3,False,Wo0t,Team Heretics,chamber,True,100,50,0,8,1,7,True,grubinho,GIANTX,omen,True,100,50,1,1,1,7,True,ara,GIANTX,raze,True,100,50,1,2,1,7,True,Cloud,GIANTX,fade,True,100,25,2,1,0,3,False,Flickless,GIANTX,viper,True,100,50,1,1,0,7,True,westside,GIANTX,cypher,True,100,25,0,1,0,6,False
728.962,3122,ACTIVE_ROUND,7,3,3,88.000,,,MiniBoo,Team Heretics,raze,True,100,25,1,2,1,4,False,RieNs,Team Heretics,fade,True,100,25,2,1,0,7,True,Boo,Team Heretics,omen,True,100,,2,1,1,6,False,benjyfishy,Team Heretics,deadlock,True,100,25,1,0,1,3,False,Wo0t,Team Heretics,chamber,True,100,50,0,8,1,7,True,grubinho,GIANTX,omen,True,100,50,1,1,1,7,True,ara,GIANTX,raze,True,100,50,1,2,1,7,True,Cloud,GIANTX,fade,True,100,25,2,1,0,3,False,Flickless,GIANTX,viper,True,100,50,1,1,0,7,True,westside,GIANTX,cypher,True,100,25,0,1,0,6,False
729.195,3123,ACTIVE_ROUND,7,3,3,88.000,,,MiniBoo,Team Heretics,raze,True,100,25,1,2,1,4,False,RieNs,Team Heretics,fade,True,100,25,2,1,0,7,True,Boo,Team Heretics,omen,True,100,,2,1,1,6,False,benjyfishy,Team Heretics,deadlock,True,100,25,1,0,1,3,False,Wo0t,Team Heretics,chamber,True,100,50,0,8,1,7,True,grubinho,GIANTX,omen,True,100,50,1,1,1,7,True,ara,GIANTX,raze,True,100,50,1,2,1,7,True,Cloud,GIANTX,fade,True,100,25,2,1,0,3,False,Flickless,GIANTX,viper,True,100,50,1,1,0,7,True,westside,GIANTX,cypher,True,100,25,0,1,0,6,False
729.429,3124,ACTIVE_ROUND,7,3,3,88.000,,,MiniBoo,Team Heretics,raze,True,100,25,1,2,1,4,False,RieNs,Team Heretics,fade,True,100,25,2,1,0,7,True,Boo,Team Heretics,omen,True,100,,2,1,1,6,False,benjyfishy,Team Heretics,deadlock,True,100,25,1,0,1,3,False,Wo0t,Team Heretics,chamber,True,100,50,0,8,1,7,True,grubinho,GIANTX,omen,True,100,50,1,1,1,7,True,ara,GIANTX,raze,True,100,50,1,2,1,7,True,Cloud,GIANTX,fade,True,100,25,2,1,0,3,False,Flickless,GIANTX,viper,True,100,50,1,1,0,7,True,westside,GIANTX,cypher,True,100,25,0,1,0,6,False
729.662,3125,ACTIVE_ROUND,7,3,3,88.000,,,MiniBoo,Team Heretics,raze,True,100,25,1,2,1,4,False,RieNs,Team Heretics,fade,True,100,25,2,1,0,7,True,Boo,Team Heretics,omen,True,100,,2,1,1,6,False,benjyfishy,Team Heretics,deadlock,True,100,25,1,0,1,3,False,Wo0t,Team Heretics,chamber,True,100,50,0,8,1,7,True,grubinho,GIANTX,omen,True,100,50,1,1,1,7,True,ara,GIANTX,raze,True,100,50,1,2,1,7,True,Cloud,GIANTX,fade,True,100,25,2,1,0,3,False,Flickless,GIANTX,viper,True,100,50,1,1,0,7,True,westside,GIANTX,cypher,True,100,25,0,1,0,6,False
729.896,3126,ACTIVE_ROUND,7,3,3,87.000,,,MiniBoo,Team Heretics,raze,True,100,25,1,2,1,4,False,RieNs,Team Heretics,fade,True,100,25,2,1,0,7,True,Boo,Team Heretics,omen,True,100,,2,1,1,6,False,benjyfishy,Team Heretics,deadlock,True,100,25,1,0,1,3,False,Wo0t,Team Heretics,chamber,True,100,50,0,8,1,7,True,grubinho,GIANTX,omen,True,100,50,1,1,1,7,True,ara,GIANTX,raze,True,100,50,1,2,1,7,True,Cloud,GIANTX,fade,True,100,25,2,1,0,3,False,Flickless,GIANTX,viper,True,100,50,1,1,0,7,True,westside,GIANTX,cypher,True,100,25,0,1,0,6,False
730.129,3127,ACTIVE_ROUND,7,3,3,87.000,,,MiniBoo,Team Heretics,raze,True,100,25,1,2,1,4,False,RieNs,Team Heretics,fade,True,100,25,2,1,0,7,True,Boo,Team Heretics,omen,True,100,,2,1,1,6,False,benjyfishy,Team Heretics,deadlock,True,100,25,1,0,1,3,False,Wo0t,Team Heretics,chamber,True,100,50,0,8,1,7,True,grubinho,GIANTX,omen,True,100,50,1,1,1,7,True,ara,GIANTX,raze,True,100,50,1,2,1,7,True,Cloud,GIANTX,fade,True,100,25,2,1,0,3,False,Flickless,GIANTX,viper,True,100,50,1,1,0,7,True,westside,GIANTX,cypher,True,100,25,0,1,0,6,False
730.363,3128,ACTIVE_ROUND,7,3,3,87.000,,,MiniBoo,Team Heretics,raze,True,100,25,1,2,1,4,False,RieNs,Team Heretics,fade,True,100,25,2,1,0,7,True,Boo,Team Heretics,omen,True,100,,2,1,1,6,False,benjyfishy,Team Heretics,deadlock,True,100,25,1,0,1,3,False,Wo0t,Team Heretics,chamber,True,100,50,0,8,1,7,True,grubinho,GIANTX,omen,True,100,50,1,1,1,7,True,ara,GIANTX,raze,True,100,50,1,2,1,7,True,Cloud,GIANTX,fade,True,100,25,2,1,0,3,False,Flickless,GIANTX,viper,True,100,50,1,1,0,7,True,westside,GIANTX,cypher,True,100,25,0,1,0,6,False
730.597,3129,ACTIVE_ROUND,7,3,3,87.000,,,MiniBoo,Team Heretics,raze,True,100,25,1,2,1,4,False,RieNs,Team Heretics,fade,True,100,25,2,1,0,7,True,Boo,Team Heretics,omen,True,100,,2,1,1,6,False,benjyfishy,Team Heretics,deadlock,True,100,25,1,0,1,3,False,Wo0t,Team Heretics,chamber,True,100,50,0,8,1,7,True,grubinho,GIANTX,omen,True,100,50,1,1,1,7,True,ara,GIANTX,raze,True,100,50,1,2,1,7,True,Cloud,GIANTX,fade,True,100,25,2,1,0,3,False,Flickless,GIANTX,viper,True,100,50,1,1,0,7,True,westside,GIANTX,cypher,True,100,25,0,1,0,6,False
730.830,3130,ACTIVE_ROUND,7,3,3,86.000,,,MiniBoo,Team Heretics,raze,True,100,25,1,2,1,4,False,RieNs,Team Heretics,fade,True,100,25,2,1,0,7,True,Boo,Team Heretics,omen,True,100,,2,1,1,6,False,benjyfishy,Team Heretics,deadlock,True,100,25,1,0,1,3,False,Wo0t,Team Heretics,chamber,True,100,50,0,8,1,7,True,grubinho,GIANTX,omen,True,100,50,1,1,1,7,True,ara,GIANTX,raze,True,100,50,1,2,1,7,True,Cloud,GIANTX,fade,True,100,25,2,1,0,3,False,Flickless,GIANTX,viper,True,100,50,1,1,0,7,True,westside,GIANTX,cypher,True,100,25,0,1,0,6,False
731.064,3131,ACTIVE_ROUND,7,3,3,86.000,,,MiniBoo,Team Heretics,raze,True,100,25,1,2,1,4,False,RieNs,Team Heretics,fade,True,100,25,2,1,0,7,True,Boo,Team Heretics,omen,True,100,,2,1,1,6,False,benjyfishy,Team Heretics,deadlock,True,100,25,1,0,1,3,False,Wo0t,Team Heretics,chamber,True,100,50,0,8,1,7,True,grubinho,GIANTX,omen,True,100,50,1,1,1,7,True,ara,GIANTX,raze,True,100,50,1,2,1,7,True,Cloud,GIANTX,fade,True,100,25,2,1,0,3,False,Flickless,GIANTX,viper,True,100,50,1,1,0,7,True,westside,GIANTX,cypher,True,100,25,0,1,0,6,False
731.297,3132,ACTIVE_ROUND,7,3,3,86.000,,,MiniBoo,Team Heretics,raze,True,100,25,1,2,1,4,False,RieNs,Team Heretics,fade,True,100,25,2,1,0,7,True,Boo,Team Heretics,omen,True,100,,2,1,1,6,False,benjyfishy,Team Heretics,deadlock,True,100,25,1,0,1,3,False,Wo0t,Team Heretics,chamber,True,100,50,0,8,1,7,True,grubinho,GIANTX,omen,True,100,50,1,1,1,7,True,ara,GIANTX,raze,True,100,50,1,2,1,7,True,Cloud,GIANTX,fade,True,100,25,2,1,0,3,False,Flickless,GIANTX,viper,True,100,50,1,1,0,7,True,westside,GIANTX,cypher,True,100,25,0,1,0,6,False
731.531,3133,ACTIVE_ROUND,7,3,3,86.000,,,MiniBoo,Team Heretics,raze,True,100,25,1,2,1,4,False,RieNs,Team Heretics,fade,True,100,25,2,1,0,7,True,Boo,Team Heretics,omen,True,100,,2,1,1,6,False,benjyfishy,Team Heretics,deadlock,True,100,25,1,0,1,3,False,Wo0t,Team Heretics,chamber,True,100,50,0,8,1,7,True,grubinho,GIANTX,omen,True,100,50,1,1,1,7,True,ara,GIANTX,raze,True,100,50,1,2,1,7,True,Cloud,GIANTX,fade,True,100,25,2,1,0,3,False,Flickless,GIANTX,viper,True,100,50,1,1,0,7,True,westside,GIANTX,cypher,True,100,25,0,1,0,6,False
731.764,3134,ACTIVE_ROUND,7,3,3,85.000,,,MiniBoo,Team Heretics,raze,True,100,25,1,2,1,4,False,RieNs,Team Heretics,fade,True,100,25,2,1,0,7,True,Boo,Team Heretics,omen,True,100,,2,1,1,6,False,benjyfishy,Team Heretics,deadlock,True,100,25,1,0,1,3,False,Wo0t,Team Heretics,chamber,True,100,50,0,8,1,7,True,grubinho,GIANTX,omen,True,100,50,1,1,1,7,True,ara,GIANTX,raze,True,100,50,1,2,1,7,True,Cloud,GIANTX,fade,True,100,25,2,1,0,3,False,Flickless,GIANTX,viper,True,100,50,1,1,0,7,True,westside,GIANTX,cypher,True,100,25,0,1,0,6,False
731.998,3135,ACTIVE_ROUND,7,3,3,85.000,,,MiniBoo,Team Heretics,raze,True,100,25,1,2,1,4,False,RieNs,Team Heretics,fade,True,100,25,2,1,0,7,True,Boo,Team Heretics,omen,True,100,,2,1,1,6,False,benjyfishy,Team Heretics,deadlock,True,100,25,1,0,1,3,False,Wo0t,Team Heretics,chamber,True,100,50,0,8,1,7,True,grubinho,GIANTX,omen,True,100,50,1,1,1,7,True,ara,GIANTX,raze,True,100,50,1,2,1,7,True,Cloud,GIANTX,fade,True,100,25,2,1,0,3,False,Flickless,GIANTX,viper,True,100,50,1,1,0,7,True,westside,GIANTX,cypher,True,100,25,0,1,0,6,False
732.231,3136,ACTIVE_ROUND,7,3,3,85.000,,,MiniBoo,Team Heretics,raze,True,100,25,1,2,1,4,False,RieNs,Team Heretics,fade,True,100,25,2,1,0,7,True,Boo,Team Heretics,omen,True,100,,2,1,1,6,False,benjyfishy,Team Heretics,deadlock,True,100,25,1,0,1,3,False,Wo0t,Team Heretics,chamber,True,100,50,0,8,1,7,True,grubinho,GIANTX,omen,True,100,50,1,1,1,7,True,ara,GIANTX,raze,True,100,50,1,2,1,7,True,Cloud,GIANTX,fade,True,100,25,2,1,0,3,False,Flickless,GIANTX,viper,True,100,50,1,1,0,7,True,westside,GIANTX,cypher,True,100,25,0,1,0,6,False
732.465,3137,ACTIVE_ROUND,7,3,3,85.000,,,MiniBoo,Team Heretics,raze,True,100,25,1,2,1,4,False,RieNs,Team Heretics,fade,True,100,25,2,1,0,7,True,Boo,Team Heretics,omen,True,100,,2,1,1,6,False,benjyfishy,Team Heretics,deadlock,True,100,25,1,0,1,3,False,Wo0t,Team Heretics,chamber,True,100,50,0,8,1,7,True,grubinho,GIANTX,omen,True,100,50,1,1,1,7,True,ara,GIANTX,raze,True,100,50,1,2,1,7,True,Cloud,GIANTX,fade,True,100,25,2,1,0,3,False,Flickless,GIANTX,viper,True,100,50,1,1,0,7,True,westside,GIANTX,cypher,True,100,25,0,1,0,6,False
732.699,3138,ACTIVE_ROUND,7,3,3,85.000,,,MiniBoo,Team Heretics,raze,True,100,25,1,2,1,4,False,RieNs,Team Heretics,fade,True,100,25,2,1,0,7,True,Boo,Team Heretics,omen,True,100,,2,1,1,6,False,benjyfishy,Team Heretics,deadlock,True,100,25,1,0,1,3,False,Wo0t,Team Heretics,chamber,True,100,50,0,8,1,7,True,grubinho,GIANTX,omen,True,100,50,1,1,1,7,True,ara,GIANTX,raze,True,100,50,1,2,1,7,True,Cloud,GIANTX,fade,True,100,25,2,1,0,3,False,Flickless,GIANTX,viper,True,100,50,1,1,0,7,True,westside,GIANTX,cypher,True,100,25,0,1,0,6,False
732.932,3139,ACTIVE_ROUND,7,3,3,84.000,,,MiniBoo,Team Heretics,raze,True,100,25,1,2,1,4,False,RieNs,Team Heretics,fade,True,100,25,2,1,0,7,True,Boo,Team Heretics,omen,True,100,,2,1,1,6,False,benjyfishy,Team Heretics,deadlock,True,100,25,1,0,1,3,False,Wo0t,Team Heretics,chamber,True,100,50,0,8,1,7,True,grubinho,GIANTX,omen,True,100,50,1,1,1,7,True,ara,GIANTX,raze,True,100,50,1,2,1,7,True,Cloud,GIANTX,fade,True,100,25,2,1,0,3,False,Flickless,GIANTX,viper,True,100,50,1,1,0,7,True,westside,GIANTX,cypher,True,100,25,0,1,0,6,False
733.166,3140,ACTIVE_ROUND,7,3,3,84.000,,,MiniBoo,Team Heretics,raze,True,100,25,1,2,1,4,False,RieNs,Team Heretics,fade,True,100,25,2,1,0,7,True,Boo,Team Heretics,omen,True,100,,2,1,1,6,False,benjyfishy,Team Heretics,deadlock,True,100,25,1,0,1,3,False,Wo0t,Team Heretics,chamber,True,100,50,0,8,1,7,True,grubinho,GIANTX,omen,True,100,50,1,1,1,7,True,ara,GIANTX,raze,True,100,50,1,2,1,7,True,Cloud,GIANTX,fade,True,100,25,2,1,0,3,False,Flickless,GIANTX,viper,True,100,50,1,1,0,7,True,westside,GIANTX,cypher,True,100,25,1,1,0,6,False
733.399,3141,ACTIVE_ROUND,7,3,3,84.000,,,MiniBoo,Team Heretics,raze,True,100,25,1,2,1,4,False,RieNs,Team Heretics,fade,True,100,25,2,1,0,7,True,Boo,Team Heretics,omen,True,100,,2,1,1,6,False,benjyfishy,Team Heretics,deadlock,True,100,25,1,0,1,3,False,Wo0t,Team Heretics,chamber,True,100,50,0,8,1,7,True,grubinho,GIANTX,omen,True,100,50,1,1,1,7,True,ara,GIANTX,raze,True,100,50,1,2,1,7,True,Cloud,GIANTX,fade,True,100,25,2,1,0,3,False,Flickless,GIANTX,viper,True,100,50,1,1,0,7,True,westside,GIANTX,cypher,True,100,25,1,1,0,6,False
733.633,3142,ACTIVE_ROUND,7,3,3,84.000,,,MiniBoo,Team Heretics,raze,True,100,25,1,2,1,4,False,RieNs,Team Heretics,fade,True,100,25,2,1,0,7,True,Boo,Team Heretics,omen,True,100,,2,1,1,6,False,benjyfishy,Team Heretics,deadlock,True,100,25,1,0,1,3,False,Wo0t,Team Heretics,chamber,True,100,50,0,8,1,7,True,grubinho,GIANTX,omen,True,100,50,1,1,1,7,True,ara,GIANTX,raze,True,100,50,1,2,1,7,True,Cloud,GIANTX,fade,True,100,25,2,1,0,3,False,Flickless,GIANTX,viper,True,100,50,1,1,0,7,True,westside,GIANTX,cypher,True,100,25,1,1,0,6,False
733.866,3143,ACTIVE_ROUND,7,3,3,83.000,,,MiniBoo,Team Heretics,raze,True,100,25,1,2,1,4,False,RieNs,Team Heretics,fade,True,100,25,2,1,0,7,True,Boo,Team Heretics,omen,True,100,,2,1,1,6,False,benjyfishy,Team Heretics,deadlock,True,100,25,1,0,1,3,False,Wo0t,Team Heretics,chamber,True,100,50,0,8,1,7,True,grubinho,GIANTX,omen,True,100,50,1,1,1,7,True,ara,GIANTX,raze,True,100,50,1,2,1,7,True,Cloud,GIANTX,fade,True,100,25,2,1,0,3,False,Flickless,GIANTX,viper,True,100,50,1,1,0,7,True,westside,GIANTX,cypher,True,100,25,1,1,0,6,False
734.100,3144,ACTIVE_ROUND,7,3,3,83.000,,,MiniBoo,Team Heretics,raze,True,100,25,1,2,1,4,False,RieNs,Team Heretics,fade,True,100,25,2,1,0,7,True,Boo,Team Heretics,omen,True,100,,2,1,1,6,False,benjyfishy,Team Heretics,deadlock,True,100,25,1,0,1,3,False,Wo0t,Team Heretics,chamber,True,100,50,0,8,1,7,True,grubinho,GIANTX,omen,True,100,50,1,1,1,7,True,ara,GIANTX,raze,True,100,50,1,2,1,7,True,Cloud,GIANTX,fade,True,100,25,2,1,0,3,False,Flickless,GIANTX,viper,True,100,50,1,1,0,7,True,westside,GIANTX,cypher,True,100,25,1,1,0,6,False
734.334,3145,ACTIVE_ROUND,7,3,3,83.000,,,MiniBoo,Team Heretics,raze,True,100,25,1,2,1,4,False,RieNs,Team Heretics,fade,True,100,25,2,1,0,7,True,Boo,Team Heretics,omen,True,100,,2,1,1,6,False,benjyfishy,Team Heretics,deadlock,True,100,25,1,0,1,3,False,Wo0t,Team Heretics,chamber,True,100,50,0,8,1,7,True,grubinho,GIANTX,omen,True,100,50,1,1,1,7,True,ara,GIANTX,raze,True,100,50,1,2,1,7,True,Cloud,GIANTX,fade,True,100,25,2,1,0,3,False,Flickless,GIANTX,viper,True,100,50,1,1,0,7,True,westside,GIANTX,cypher,True,100,25,1,1,0,6,False
734.567,3146,ACTIVE_ROUND,7,3,3,83.000,,,MiniBoo,Team Heretics,raze,True,100,25,1,2,1,4,False,RieNs,Team Heretics,fade,True,100,25,2,1,0,7,True,Boo,Team Heretics,omen,True,100,,2,1,1,6,False,benjyfishy,Team Heretics,deadlock,True,100,25,1,0,1,3,False,Wo0t,Team Heretics,chamber,True,100,50,0,8,1,7,True,grubinho,GIANTX,omen,True,100,50,1,1,1,7,True,ara,GIANTX,raze,True,100,50,1,2,1,7,True,Cloud,GIANTX,fade,True,100,25,2,1,0,3,False,Flickless,GIANTX,viper,True,100,50,1,1,0,7,True,westside,GIANTX,cypher,True,100,25,1,1,0,6,False
734.801,3147,ACTIVE_ROUND,7,3,3,82.000,,,MiniBoo,Team Heretics,raze,True,100,25,1,2,1,4,False,RieNs,Team Heretics,fade,True,100,25,2,1,0,7,True,Boo,Team Heretics,omen,True,100,,2,1,1,6,False,benjyfishy,Team Heretics,deadlock,True,100,25,1,0,1,3,False,Wo0t,Team Heretics,chamber,True,100,50,0,8,1,7,True,grubinho,GIANTX,omen,True,100,50,1,1,1,7,True,ara,GIANTX,raze,True,100,50,1,2,1,7,True,Cloud,GIANTX,fade,True,100,25,2,1,0,3,False,Flickless,GIANTX,viper,True,100,50,1,1,0,7,True,westside,GIANTX,cypher,True,100,25,1,1,0,6,False
735.034,3148,ACTIVE_ROUND,7,3,3,82.000,,,MiniBoo,Team Heretics,raze,True,100,25,1,2,1,4,False,RieNs,Team Heretics,fade,True,100,25,2,1,0,7,True,Boo,Team Heretics,omen,True,100,,2,1,1,6,False,benjyfishy,Team Heretics,deadlock,True,100,25,1,0,1,3,False,Wo0t,Team Heretics,chamber,True,100,50,0,8,1,7,True,grubinho,GIANTX,omen,True,100,50,1,1,1,7,True,ara,GIANTX,raze,True,100,50,1,2,1,7,True,Cloud,GIANTX,fade,True,100,25,2,1,0,3,False,Flickless,GIANTX,viper,True,100,50,1,1,0,7,True,westside,GIANTX,cypher,True,100,25,1,1,0,6,False
735.268,3149,ACTIVE_ROUND,7,3,3,82.000,,,MiniBoo,Team Heretics,raze,True,100,25,1,2,1,4,False,RieNs,Team Heretics,fade,True,100,25,2,1,0,7,True,Boo,Team Heretics,omen,True,100,,2,1,1,6,False,benjyfishy,Team Heretics,deadlock,True,100,25,1,0,1,3,False,Wo0t,Team Heretics,chamber,True,100,50,0,8,1,7,True,grubinho,GIANTX,omen,True,100,50,1,1,1,7,True,ara,GIANTX,raze,True,100,50,1,2,1,7,True,Cloud,GIANTX,fade,True,100,25,2,1,0,3,False,Flickless,GIANTX,viper,True,100,50,1,1,0,7,True,westside,GIANTX,cypher,True,100,25,0,1,0,6,False
735.501,3150,ACTIVE_ROUND,7,3,3,82.000,,,MiniBoo,Team Heretics,raze,True,100,25,1,2,1,4,False,RieNs,Team Heretics,fade,True,100,25,2,1,0,7,True,Boo,Team Heretics,omen,True,100,,2,1,1,6,False,benjyfishy,Team Heretics,deadlock,True,100,25,1,0,1,3,False,Wo0t,Team Heretics,chamber,True,100,50,0,8,1,7,True,grubinho,GIANTX,omen,True,100,50,1,1,1,7,True,ara,GIANTX,raze,True,100,50,1,2,1,7,True,Cloud,GIANTX,fade,True,100,25,2,1,0,3,False,Flickless,GIANTX,viper,True,100,50,1,1,0,7,True,westside,GIANTX,cypher,True,100,25,0,1,0,6,False
735.735,3151,ACTIVE_ROUND,7,3,3,81.000,,,MiniBoo,Team Heretics,raze,True,100,25,1,2,1,4,False,RieNs,Team Heretics,fade,True,100,25,2,1,0,7,True,Boo,Team Heretics,omen,True,100,,2,1,1,6,False,benjyfishy,Team Heretics,deadlock,True,100,25,1,0,1,3,False,Wo0t,Team Heretics,chamber,True,100,50,0,8,1,7,True,grubinho,GIANTX,omen,True,100,50,1,1,1,7,True,ara,GIANTX,raze,True,100,50,1,2,1,7,True,Cloud,GIANTX,fade,True,100,25,2,1,0,3,False,Flickless,GIANTX,viper,True,100,50,1,1,0,7,True,westside,GIANTX,cypher,True,100,25,0,1,0,6,False
735.969,3152,ACTIVE_ROUND,7,3,3,81.000,,,MiniBoo,Team Heretics,raze,True,100,25,1,2,1,4,False,RieNs,Team Heretics,fade,True,100,25,2,1,0,7,True,Boo,Team Heretics,omen,True,100,,2,1,1,6,False,benjyfishy,Team Heretics,deadlock,True,100,25,1,0,1,3,False,Wo0t,Team Heretics,chamber,True,100,50,0,8,1,7,True,grubinho,GIANTX,omen,True,100,50,1,1,1,7,True,ara,GIANTX,raze,True,100,50,1,2,1,7,True,Cloud,GIANTX,fade,True,100,25,2,1,0,3,False,Flickless,GIANTX,viper,True,100,50,1,1,0,7,True,westside,GIANTX,cypher,True,100,25,0,1,0,6,False
736.202,3153,ACTIVE_ROUND,7,3,3,81.000,,,MiniBoo,Team Heretics,raze,True,100,25,1,2,1,4,False,RieNs,Team Heretics,fade,True,100,25,2,1,0,7,True,Boo,Team Heretics,omen,True,100,,2,1,1,6,False,benjyfishy,Team Heretics,deadlock,True,100,25,1,0,1,3,False,Wo0t,Team Heretics,chamber,True,100,50,0,8,1,7,True,grubinho,GIANTX,omen,True,100,50,1,1,1,7,True,ara,GIANTX,raze,True,100,50,1,2,1,7,True,Cloud,GIANTX,fade,True,100,25,2,1,0,3,False,Flickless,GIANTX,viper,True,100,50,1,1,0,7,True,westside,GIANTX,cypher,True,100,25,0,1,0,6,False
736.436,3154,ACTIVE_ROUND,7,3,3,81.000,,,MiniBoo,Team Heretics,raze,True,100,25,1,2,1,4,False,RieNs,Team Heretics,fade,True,100,25,2,1,0,7,True,Boo,Team Heretics,omen,True,100,,2,1,1,6,False,benjyfishy,Team Heretics,deadlock,True,100,25,1,0,1,3,False,Wo0t,Team Heretics,chamber,True,100,50,0,8,1,7,True,grubinho,GIANTX,omen,True,100,50,1,1,1,7,True,ara,GIANTX,raze,True,100,50,1,2,1,7,True,Cloud,GIANTX,fade,True,100,25,2,1,0,3,False,Flickless,GIANTX,viper,True,100,50,1,1,0,7,True,westside,GIANTX,cypher,True,100,25,0,1,0,6,False
736.669,3155,ACTIVE_ROUND,7,3,3,81.000,,,MiniBoo,Team Heretics,raze,True,100,25,1,2,1,4,False,RieNs,Team Heretics,fade,True,100,25,2,1,0,7,True,Boo,Team Heretics,omen,True,100,,2,1,1,6,False,benjyfishy,Team Heretics,deadlock,True,100,25,1,0,1,3,False,Wo0t,Team Heretics,chamber,True,100,50,0,8,1,7,True,grubinho,GIANTX,omen,True,100,50,1,1,1,7,True,ara,GIANTX,raze,True,100,50,1,2,1,7,True,Cloud,GIANTX,fade,True,100,25,2,1,0,3,False,Flickless,GIANTX,viper,True,100,50,1,1,0,7,True,westside,GIANTX,cypher,True,100,25,0,1,0,6,False
736.903,3156,ACTIVE_ROUND,7,3,3,80.000,,,MiniBoo,Team Heretics,raze,True,100,25,1,2,1,4,False,RieNs,Team Heretics,fade,True,100,25,2,1,0,7,True,Boo,Team Heretics,omen,True,100,,2,1,1,6,False,benjyfishy,Team Heretics,deadlock,True,100,25,1,0,1,3,False,Wo0t,Team Heretics,chamber,True,100,50,0,8,1,7,True,grubinho,GIANTX,omen,True,100,50,1,1,1,7,True,ara,GIANTX,raze,True,100,50,1,2,1,7,True,Cloud,GIANTX,fade,True,100,25,2,1,0,3,False,Flickless,GIANTX,viper,True,100,50,1,1,0,7,True,westside,GIANTX,cypher,True,100,25,0,1,0,6,False
737.136,3157,ACTIVE_ROUND,7,3,3,80.000,,,MiniBoo,Team Heretics,raze,True,100,25,1,2,1,4,False,RieNs,Team Heretics,fade,True,100,25,2,1,0,7,True,Boo,Team Heretics,omen,True,100,,2,1,1,6,False,benjyfishy,Team Heretics,deadlock,True,94,1,1,0,1,3,False,Wo0t,Team Heretics,chamber,True,100,50,0,8,1,7,True,grubinho,GIANTX,omen,True,100,50,1,1,1,7,True,ara,GIANTX,raze,True,100,50,1,2,1,7,True,Cloud,GIANTX,fade,True,100,25,2,1,0,3,False,Flickless,GIANTX,viper,True,100,50,1,1,0,7,True,westside,GIANTX,cypher,True,100,25,0,1,0,6,False
737.370,3158,ACTIVE_ROUND,7,3,3,80.000,,,MiniBoo,Team Heretics,raze,True,100,25,1,2,1,4,False,RieNs,Team Heretics,fade,True,100,25,2,1,0,7,True,Boo,Team Heretics,omen,True,100,,2,1,1,6,False,benjyfishy,Team Heretics,deadlock,True,94,1,1,0,1,3,False,Wo0t,Team Heretics,chamber,True,100,50,0,8,1,7,True,grubinho,GIANTX,omen,True,100,50,1,1,1,7,True,ara,GIANTX,raze,True,100,50,1,2,1,7,True,Cloud,GIANTX,fade,True,100,25,2,1,0,3,False,Flickless,GIANTX,viper,True,100,50,1,1,0,7,True,westside,GIANTX,cypher,True,100,25,0,1,0,6,False
737.604,3159,ACTIVE_ROUND,7,3,3,80.000,,,MiniBoo,Team Heretics,raze,True,100,25,1,2,1,4,False,RieNs,Team Heretics,fade,True,100,25,2,1,0,7,True,Boo,Team Heretics,omen,True,100,,2,1,1,6,False,benjyfishy,Team Heretics,deadlock,True,94,1,1,0,1,3,False,Wo0t,Team Heretics,chamber,True,100,50,0,8,1,7,True,grubinho,GIANTX,omen,True,100,50,1,1,1,7,True,ara,GIANTX,raze,True,100,50,1,2,1,7,True,Cloud,GIANTX,fade,True,100,25,2,1,0,3,False,Flickless,GIANTX,viper,True,100,50,1,1,0,7,True,westside,GIANTX,cypher,True,100,25,0,1,0,6,False
737.837,3160,ACTIVE_ROUND,7,3,3,79.000,,,MiniBoo,Team Heretics,raze,True,100,25,1,2,1,4,False,RieNs,Team Heretics,fade,True,100,25,2,1,0,7,True,Boo,Team Heretics,omen,True,100,,2,1,1,6,False,benjyfishy,Team Heretics,deadlock,True,94,1,1,0,1,3,False,Wo0t,Team Heretics,chamber,True,100,50,0,8,1,7,True,grubinho,GIANTX,omen,True,100,50,1,1,1,7,True,ara,GIANTX,raze,True,100,50,1,2,1,7,True,Cloud,GIANTX,fade,True,100,25,2,1,0,3,False,Flickless,GIANTX,viper,True,100,50,1,1,0,7,True,westside,GIANTX,cypher,True,100,25,0,1,0,6,False
738.071,3161,ACTIVE_ROUND,7,3,3,79.000,,,MiniBoo,Team Heretics,raze,True,100,25,1,2,1,4,False,RieNs,Team Heretics,fade,True,100,25,2,1,0,7,True,Boo,Team Heretics,omen,True,100,,2,1,1,6,False,benjyfishy,Team Heretics,deadlock,True,93,1,1,0,1,3,False,Wo0t,Team Heretics,chamber,True,100,50,0,8,1,7,True,grubinho,GIANTX,omen,True,100,50,1,1,1,7,True,ara,GIANTX,raze,True,100,50,1,2,1,7,True,Cloud,GIANTX,fade,True,100,25,2,1,0,3,False,Flickless,GIANTX,viper,True,100,50,1,1,0,7,True,westside,GIANTX,cypher,True,100,25,0,1,0,6,False
738.304,3162,ACTIVE_ROUND,7,3,3,79.000,,,MiniBoo,Team Heretics,raze,True,100,25,1,2,1,4,False,RieNs,Team Heretics,fade,True,100,25,2,1,0,7,True,Boo,Team Heretics,omen,True,100,,2,1,1,6,False,benjyfishy,Team Heretics,deadlock,True,93,1,1,0,1,3,False,Wo0t,Team Heretics,chamber,True,100,50,0,8,1,7,True,grubinho,GIANTX,omen,True,100,50,1,1,1,7,True,ara,GIANTX,raze,True,100,50,1,2,1,7,True,Cloud,GIANTX,fade,True,100,25,2,1,0,3,False,Flickless,GIANTX,viper,True,100,50,1,1,0,7,True,westside,GIANTX,cypher,True,100,25,0,1,0,6,False
738.538,3163,ACTIVE_ROUND,7,3,3,79.000,,,MiniBoo,Team Heretics,raze,True,100,25,1,2,1,4,False,RieNs,Team Heretics,fade,True,100,25,2,1,0,7,True,Boo,Team Heretics,omen,True,100,,2,1,1,6,False,benjyfishy,Team Heretics,deadlock,True,93,1,1,0,1,3,False,Wo0t,Team Heretics,chamber,True,100,50,0,8,1,7,True,grubinho,GIANTX,omen,True,100,50,1,1,1,7,True,ara,GIANTX,raze,True,100,50,1,2,1,7,True,Cloud,GIANTX,fade,True,100,25,2,1,0,3,False,Flickless,GIANTX,viper,True,100,50,1,1,0,7,True,westside,GIANTX,cypher,True,100,25,0,1,0,6,False
738.771,3164,ACTIVE_ROUND,7,3,3,78.000,,,MiniBoo,Team Heretics,raze,True,100,25,1,2,1,4,False,RieNs,Team Heretics,fade,True,100,25,2,1,0,7,True,Boo,Team Heretics,omen,True,100,,2,1,1,6,False,benjyfishy,Team Heretics,deadlock,True,93,1,1,0,1,3,False,Wo0t,Team Heretics,chamber,True,100,50,0,8,1,7,True,grubinho,GIANTX,omen,True,100,50,1,1,1,7,True,ara,GIANTX,raze,True,100,50,1,2,1,7,True,Cloud,GIANTX,fade,True,100,25,2,1,0,3,False,Flickless,GIANTX,viper,True,100,50,1,1,0,7,True,westside,GIANTX,cypher,True,100,25,0,1,0,6,False
739.005,3165,ACTIVE_ROUND,7,3,3,78.000,,,MiniBoo,Team Heretics,raze,True,100,25,1,2,1,4,False,RieNs,Team Heretics,fade,True,100,25,2,1,0,7,True,Boo,Team Heretics,omen,True,100,,2,1,1,6,False,benjyfishy,Team Heretics,deadlock,True,93,1,1,0,1,3,False,Wo0t,Team Heretics,chamber,True,100,50,0,8,1,7,True,grubinho,GIANTX,omen,True,100,50,1,1,1,7,True,ara,GIANTX,raze,True,100,50,1,2,1,7,True,Cloud,GIANTX,fade,True,100,25,2,1,0,3,False,Flickless,GIANTX,viper,True,100,50,1,1,0,7,True,westside,GIANTX,cypher,True,100,25,0,1,0,6,False
739.239,3166,ACTIVE_ROUND,7,3,3,78.000,,,MiniBoo,Team Heretics,raze,True,100,25,1,2,1,4,False,RieNs,Team Heretics,fade,True,100,25,2,1,0,7,True,Boo,Team Heretics,omen,True,100,,2,1,1,6,False,benjyfishy,Team Heretics,deadlock,True,100,4,1,0,1,3,False,Wo0t,Team Heretics,chamber,True,100,50,0,8,1,7,True,grubinho,GIANTX,omen,True,100,50,1,1,1,7,True,ara,GIANTX,raze,True,100,50,1,2,1,7,True,Cloud,GIANTX,fade,True,100,25,2,1,0,3,False,Flickless,GIANTX,viper,True,100,50,1,1,0,7,True,westside,GIANTX,cypher,True,100,25,0,1,0,6,False
739.472,3167,ACTIVE_ROUND,7,3,3,78.000,,,MiniBoo,Team Heretics,raze,True,100,25,1,2,1,4,False,RieNs,Team Heretics,fade,True,100,25,2,1,0,7,True,Boo,Team Heretics,omen,True,100,,2,1,1,6,False,benjyfishy,Team Heretics,deadlock,True,100,4,1,0,1,3,False,Wo0t,Team Heretics,chamber,True,100,50,0,8,1,7,True,grubinho,GIANTX,omen,True,100,50,1,1,1,7,True,ara,GIANTX,raze,True,100,50,1,2,1,7,True,Cloud,GIANTX,fade,True,100,25,2,1,0,3,False,Flickless,GIANTX,viper,True,100,50,1,1,0,7,True,westside,GIANTX,cypher,True,100,25,0,1,0,6,False
739.706,3168,ACTIVE_ROUND,7,3,3,78.000,,,MiniBoo,Team Heretics,raze,True,100,25,1,2,1,4,False,RieNs,Team Heretics,fade,True,100,25,2,1,0,7,True,Boo,Team Heretics,omen,True,100,,2,1,1,6,False,benjyfishy,Team Heretics,deadlock,True,100,4,1,0,1,3,False,Wo0t,Team Heretics,chamber,True,100,50,0,8,1,7,True,grubinho,GIANTX,omen,True,100,50,1,1,1,7,True,ara,GIANTX,raze,True,100,50,1,2,1,7,True,Cloud,GIANTX,fade,True,100,25,2,1,0,3,False,Flickless,GIANTX,viper,True,100,50,1,1,0,7,True,westside,GIANTX,cypher,True,100,25,0,1,0,6,False
739.939,3169,ACTIVE_ROUND,7,3,3,77.000,,,MiniBoo,Team Heretics,raze,True,100,25,1,2,1,4,False,RieNs,Team Heretics,fade,True,100,25,2,1,0,7,True,Boo,Team Heretics,omen,True,100,,2,1,1,6,False,benjyfishy,Team Heretics,deadlock,True,100,4,1,0,1,3,False,Wo0t,Team Heretics,chamber,True,100,50,0,8,1,7,True,grubinho,GIANTX,omen,True,100,50,1,1,1,7,True,ara,GIANTX,raze,True,100,50,1,2,1,7,True,Cloud,GIANTX,fade,True,100,25,2,1,0,3,False,Flickless,GIANTX,viper,True,100,50,1,1,0,7,True,westside,GIANTX,cypher,True,100,25,0,1,0,6,False
740.173,3170,ACTIVE_ROUND,7,3,3,77.000,,,MiniBoo,Team Heretics,raze,True,100,25,1,2,1,4,False,RieNs,Team Heretics,fade,True,100,25,2,1,0,7,True,Boo,Team Heretics,omen,True,100,,2,1,1,6,False,benjyfishy,Team Heretics,deadlock,True,100,25,1,0,1,3,False,Wo0t,Team Heretics,chamber,True,100,50,0,8,1,7,True,grubinho,GIANTX,omen,True,100,50,1,1,1,7,True,ara,GIANTX,raze,True,100,50,1,2,1,7,True,Cloud,GIANTX,fade,True,100,25,2,1,0,3,False,Flickless,GIANTX,viper,True,100,50,1,1,0,7,True,westside,GIANTX,cypher,True,100,25,0,1,0,6,False
740.406,3171,ACTIVE_ROUND,7,3,3,77.000,,,MiniBoo,Team Heretics,raze,True,100,25,1,2,1,4,False,RieNs,Team Heretics,fade,True,100,25,2,1,0,7,True,Boo,Team Heretics,omen,True,100,,2,1,1,6,False,benjyfishy,Team Heretics,deadlock,True,100,25,1,0,1,3,False,Wo0t,Team Heretics,chamber,True,100,50,0,8,1,7,True,grubinho,GIANTX,omen,True,100,50,1,1,1,7,True,ara,GIANTX,raze,True,100,50,1,2,1,7,True,Cloud,GIANTX,fade,True,100,25,2,1,0,3,False,Flickless,GIANTX,viper,True,100,50,1,1,0,7,True,westside,GIANTX,cypher,True,100,25,0,1,0,6,False
740.640,3172,ACTIVE_ROUND,7,3,3,77.000,,,MiniBoo,Team Heretics,raze,True,100,25,1,2,1,4,False,RieNs,Team Heretics,fade,True,100,25,2,1,0,7,True,Boo,Team Heretics,omen,True,100,,2,1,1,6,False,benjyfishy,Team Heretics,deadlock,True,100,25,1,0,1,3,False,Wo0t,Team Heretics,chamber,True,100,50,0,8,1,7,True,grubinho,GIANTX,omen,True,100,50,1,1,1,7,True,ara,GIANTX,raze,True,100,50,1,2,1,7,True,Cloud,GIANTX,fade,True,100,25,2,1,0,3,False,Flickless,GIANTX,viper,True,100,50,1,1,0,7,True,westside,GIANTX,cypher,True,100,25,0,1,0,6,False
740.873,3173,ACTIVE_ROUND,7,3,3,76.000,,,MiniBoo,Team Heretics,raze,True,100,25,1,2,1,4,False,RieNs,Team Heretics,fade,True,100,25,2,1,0,7,True,Boo,Team Heretics,omen,True,100,,2,1,1,6,False,benjyfishy,Team Heretics,deadlock,True,100,25,1,0,1,3,False,Wo0t,Team Heretics,chamber,True,100,50,0,8,1,7,True,grubinho,GIANTX,omen,True,100,50,1,1,1,7,True,ara,GIANTX,raze,True,100,50,1,2,1,7,True,Cloud,GIANTX,fade,True,100,25,2,1,0,3,False,Flickless,GIANTX,viper,True,100,50,1,1,0,7,True,westside,GIANTX,cypher,True,100,25,0,1,0,6,False
741.107,3174,ACTIVE_ROUND,7,3,3,76.000,,,MiniBoo,Team Heretics,raze,True,100,25,1,2,1,4,False,RieNs,Team Heretics,fade,True,100,25,2,1,0,7,True,Boo,Team Heretics,omen,True,100,,2,1,1,6,False,benjyfishy,Team Heretics,deadlock,True,100,25,1,0,1,3,False,Wo0t,Team Heretics,chamber,True,100,50,0,8,1,7,True,grubinho,GIANTX,omen,True,100,50,1,1,1,7,True,ara,GIANTX,raze,True,100,50,1,2,1,7,True,Cloud,GIANTX,fade,True,100,25,1,1,0,3,False,Flickless,GIANTX,viper,True,100,50,1,1,0,7,True,westside,GIANTX,cypher,True,100,25,0,1,0,6,False
741.341,3175,ACTIVE_ROUND,7,3,3,76.000,,,MiniBoo,Team Heretics,raze,True,100,25,1,2,1,4,False,RieNs,Team Heretics,fade,True,100,25,2,1,0,7,True,Boo,Team Heretics,omen,True,100,,2,1,1,6,False,benjyfishy,Team Heretics,deadlock,True,100,25,1,0,1,3,False,Wo0t,Team Heretics,chamber,True,100,50,0,8,1,7,True,grubinho,GIANTX,omen,True,100,50,1,1,1,7,True,ara,GIANTX,raze,True,100,50,1,2,1,7,True,Cloud,GIANTX,fade,True,100,25,1,1,0,3,False,Flickless,GIANTX,viper,True,100,50,1,1,0,7,True,westside,GIANTX,cypher,True,100,25,0,1,0,6,False
741.574,3176,ACTIVE_ROUND,7,3,3,76.000,,,MiniBoo,Team Heretics,raze,True,100,25,1,2,1,4,False,RieNs,Team Heretics,fade,True,100,25,2,1,0,7,True,Boo,Team Heretics,omen,True,100,,2,1,1,6,False,benjyfishy,Team Heretics,deadlock,True,100,25,1,0,1,3,False,Wo0t,Team Heretics,chamber,True,100,50,0,8,1,7,True,grubinho,GIANTX,omen,True,100,50,1,1,1,7,True,ara,GIANTX,raze,True,100,50,1,2,1,7,True,Cloud,GIANTX,fade,True,100,25,1,1,0,3,False,Flickless,GIANTX,viper,True,100,50,1,1,0,7,True,westside,GIANTX,cypher,True,100,25,0,1,0,6,False
741.808,3177,ACTIVE_ROUND,7,3,3,75.000,,,MiniBoo,Team Heretics,raze,True,100,25,1,2,1,4,False,RieNs,Team Heretics,fade,True,100,25,2,1,0,7,True,Boo,Team Heretics,omen,True,100,,2,1,1,6,False,benjyfishy,Team Heretics,deadlock,True,100,25,1,0,1,3,False,Wo0t,Team Heretics,chamber,True,100,50,0,8,1,7,True,grubinho,GIANTX,omen,True,100,50,1,1,1,7,True,ara,GIANTX,raze,True,100,50,1,2,1,7,True,Cloud,GIANTX,fade,True,100,25,1,1,0,3,False,Flickless,GIANTX,viper,True,100,50,1,1,0,7,True,westside,GIANTX,cypher,True,100,25,0,1,0,6,False
742.041,3178,ACTIVE_ROUND,7,3,3,75.000,,,MiniBoo,Team Heretics,raze,True,100,25,1,2,1,4,False,RieNs,Team Heretics,fade,True,100,25,2,1,0,7,True,Boo,Team Heretics,omen,True,100,,2,1,1,6,False,benjyfishy,Team Heretics,deadlock,True,100,25,1,0,1,3,False,Wo0t,Team Heretics,chamber,True,100,50,0,8,1,7,True,grubinho,GIANTX,omen,True,100,50,1,1,1,7,True,ara,GIANTX,raze,True,100,50,1,2,1,7,True,Cloud,GIANTX,fade,True,100,25,1,1,0,3,False,Flickless,GIANTX,viper,True,100,50,1,1,0,7,True,westside,GIANTX,cypher,True,100,25,0,1,0,6,False
742.275,3179,ACTIVE_ROUND,7,3,3,75.000,,,MiniBoo,Team Heretics,raze,True,100,25,1,2,1,4,False,RieNs,Team Heretics,fade,True,100,25,2,1,0,7,True,Boo,Team Heretics,omen,True,100,,2,1,1,6,False,benjyfishy,Team Heretics,deadlock,True,100,25,1,0,1,3,False,Wo0t,Team Heretics,chamber,True,100,50,0,8,1,7,True,grubinho,GIANTX,omen,True,100,50,1,1,0,7,True,ara,GIANTX,raze,True,100,50,1,2,1,7,True,Cloud,GIANTX,fade,True,100,25,1,1,0,3,False,Flickless,GIANTX,viper,True,100,50,1,1,0,7,True,westside,GIANTX,cypher,True,100,25,0,1,0,6,False
742.508,3180,ACTIVE_ROUND,7,3,3,75.000,,,MiniBoo,Team Heretics,raze,True,100,25,1,2,1,4,False,RieNs,Team Heretics,fade,True,100,25,2,1,0,7,True,Boo,Team Heretics,omen,True,100,,2,1,1,6,False,benjyfishy,Team Heretics,deadlock,True,100,25,1,0,1,3,False,Wo0t,Team Heretics,chamber,True,100,50,0,8,1,7,True,grubinho,GIANTX,omen,True,100,50,1,1,0,7,True,ara,GIANTX,raze,True,100,50,1,2,1,7,True,Cloud,GIANTX,fade,True,100,25,1,1,0,3,False,Flickless,GIANTX,viper,True,100,50,1,1,0,7,True,westside,GIANTX,cypher,True,100,25,0,1,0,6,False
742.742,3181,ACTIVE_ROUND,7,3,3,74.000,,,MiniBoo,Team Heretics,raze,True,100,25,1,2,1,4,False,RieNs,Team Heretics,fade,True,100,25,2,1,0,7,True,Boo,Team Heretics,omen,True,100,,2,1,1,6,False,benjyfishy,Team Heretics,deadlock,True,100,25,1,0,1,3,False,Wo0t,Team Heretics,chamber,True,100,50,0,8,1,7,True,grubinho,GIANTX,omen,True,100,50,1,1,0,7,True,ara,GIANTX,raze,True,100,50,1,2,1,7,True,Cloud,GIANTX,fade,True,100,25,1,1,0,3,False,Flickless,GIANTX,viper,True,100,50,1,1,0,7,True,westside,GIANTX,cypher,True,100,25,0,1,0,6,False
742.976,3182,ACTIVE_ROUND,7,3,3,74.000,,,MiniBoo,Team Heretics,raze,True,100,25,1,2,1,4,False,RieNs,Team Heretics,fade,True,100,25,2,1,0,7,True,Boo,Team Heretics,omen,True,100,,2,1,1,6,False,benjyfishy,Team Heretics,deadlock,True,100,25,1,0,1,3,False,Wo0t,Team Heretics,chamber,True,100,50,0,8,1,7,True,grubinho,GIANTX,omen,True,100,50,1,1,0,7,True,ara,GIANTX,raze,True,100,50,1,2,1,7,True,Cloud,GIANTX,fade,True,100,25,1,1,0,3,False,Flickless,GIANTX,viper,True,100,50,1,1,0,7,True,westside,GIANTX,cypher,True,100,25,0,1,0,6,False
743.209,3183,ACTIVE_ROUND,7,3,3,74.000,,,MiniBoo,Team Heretics,raze,True,100,25,1,2,1,4,False,RieNs,Team Heretics,fade,True,100,25,2,1,0,7,True,Boo,Team Heretics,omen,True,100,,2,1,0,6,False,benjyfishy,Team Heretics,deadlock,True,100,25,1,0,1,3,False,Wo0t,Team Heretics,chamber,True,100,50,0,8,1,7,True,grubinho,GIANTX,omen,True,100,50,1,1,0,7,True,ara,GIANTX,raze,True,100,50,1,2,1,7,True,Cloud,GIANTX,fade,True,100,25,1,1,0,3,False,Flickless,GIANTX,viper,True,100,50,1,1,0,7,True,westside,GIANTX,cypher,True,100,25,0,1,0,6,False
743.443,3184,ACTIVE_ROUND,7,3,3,74.000,,,MiniBoo,Team Heretics,raze,True,100,25,1,2,1,4,False,RieNs,Team Heretics,fade,True,100,25,2,1,0,7,True,Boo,Team Heretics,omen,True,100,,2,1,0,6,False,benjyfishy,Team Heretics,deadlock,True,100,25,1,0,1,3,False,Wo0t,Team Heretics,chamber,True,100,50,0,8,1,7,True,grubinho,GIANTX,omen,True,100,50,1,1,0,7,True,ara,GIANTX,raze,True,100,50,1,2,1,7,True,Cloud,GIANTX,fade,True,100,25,1,1,0,3,False,Flickless,GIANTX,viper,True,100,50,1,1,0,7,True,westside,GIANTX,cypher,True,100,25,0,1,0,6,False
743.676,3185,ACTIVE_ROUND,7,3,3,74.000,,,MiniBoo,Team Heretics,raze,True,100,25,1,2,1,4,False,RieNs,Team Heretics,fade,True,100,25,2,1,0,7,True,Boo,Team Heretics,omen,True,100,,2,1,0,6,False,benjyfishy,Team Heretics,deadlock,True,100,25,1,0,1,3,False,Wo0t,Team Heretics,chamber,True,100,50,0,8,1,7,True,grubinho,GIANTX,omen,True,100,50,1,1,0,7,True,ara,GIANTX,raze,True,100,50,1,2,1,7,True,Cloud,GIANTX,fade,True,100,25,1,1,0,3,False,Flickless,GIANTX,viper,True,100,50,1,1,0,7,True,westside,GIANTX,cypher,True,100,25,0,1,0,6,False
743.910,3186,ACTIVE_ROUND,7,3,3,73.000,,,MiniBoo,Team Heretics,raze,True,100,25,1,2,1,4,False,RieNs,Team Heretics,fade,True,100,25,2,1,0,7,True,Boo,Team Heretics,omen,True,100,,2,1,0,6,False,benjyfishy,Team Heretics,deadlock,True,100,25,1,0,1,3,False,Wo0t,Team Heretics,chamber,True,100,50,0,8,1,7,True,grubinho,GIANTX,omen,True,100,50,1,1,0,7,True,ara,GIANTX,raze,True,100,50,1,2,1,7,True,Cloud,GIANTX,fade,True,100,25,1,1,0,3,False,Flickless,GIANTX,viper,True,100,50,1,1,0,7,True,westside,GIANTX,cypher,True,100,25,0,1,0,6,False
744.143,3187,ACTIVE_ROUND,7,3,3,73.000,,,MiniBoo,Team Heretics,raze,True,100,25,1,2,1,4,False,RieNs,Team Heretics,fade,True,100,25,2,1,0,7,True,Boo,Team Heretics,omen,True,100,,2,1,0,6,False,benjyfishy,Team Heretics,deadlock,True,100,25,1,0,1,3,False,Wo0t,Team Heretics,chamber,True,100,50,0,8,1,7,True,grubinho,GIANTX,omen,True,100,50,1,1,0,7,True,ara,GIANTX,raze,True,100,50,1,2,1,7,True,Cloud,GIANTX,fade,True,100,25,1,1,0,3,False,Flickless,GIANTX,viper,True,100,50,1,1,0,7,True,westside,GIANTX,cypher,True,100,25,0,1,0,6,False
744.377,3188,ACTIVE_ROUND,7,3,3,73.000,,,MiniBoo,Team Heretics,raze,True,100,25,1,2,1,4,False,RieNs,Team Heretics,fade,True,100,25,2,1,0,7,True,Boo,Team Heretics,omen,True,100,,2,1,0,6,False,benjyfishy,Team Heretics,deadlock,True,100,25,1,0,1,3,False,Wo0t,Team Heretics,chamber,True,100,50,0,8,1,7,True,grubinho,GIANTX,omen,True,100,50,1,1,0,7,True,ara,GIANTX,raze,True,100,50,1,2,1,7,True,Cloud,GIANTX,fade,True,100,25,1,1,0,3,False,Flickless,GIANTX,viper,True,100,50,1,1,0,7,True,westside,GIANTX,cypher,True,100,25,0,1,0,6,False
744.611,3189,ACTIVE_ROUND,7,3,3,73.000,,,MiniBoo,Team Heretics,raze,True,100,25,1,2,1,4,False,RieNs,Team Heretics,fade,True,100,25,2,1,0,7,True,Boo,Team Heretics,omen,True,100,,2,1,0,6,False,benjyfishy,Team Heretics,deadlock,True,100,25,1,0,1,3,False,Wo0t,Team Heretics,chamber,True,100,50,0,8,1,7,True,grubinho,GIANTX,omen,True,100,50,1,1,0,7,True,ara,GIANTX,raze,True,100,50,1,2,1,7,True,Cloud,GIANTX,fade,True,100,25,1,1,0,3,False,Flickless,GIANTX,viper,True,100,50,1,1,0,7,True,westside,GIANTX,cypher,True,100,25,0,1,0,6,False
744.844,3190,ACTIVE_ROUND,7,3,3,72.000,,,MiniBoo,Team Heretics,raze,True,100,25,1,2,1,4,False,RieNs,Team Heretics,fade,True,100,25,2,1,0,7,True,Boo,Team Heretics,omen,True,100,,2,1,0,6,False,benjyfishy,Team Heretics,deadlock,True,100,25,1,0,1,3,False,Wo0t,Team Heretics,chamber,True,100,50,0,8,1,7,True,grubinho,GIANTX,omen,True,100,50,1,1,0,7,True,ara,GIANTX,raze,True,100,50,1,2,1,7,True,Cloud,GIANTX,fade,True,100,25,1,1,0,3,False,Flickless,GIANTX,viper,True,100,50,1,1,0,7,True,westside,GIANTX,cypher,True,100,25,0,1,0,6,False
745.078,3191,ACTIVE_ROUND,7,3,3,72.000,,,MiniBoo,Team Heretics,raze,True,100,25,1,2,1,4,False,RieNs,Team Heretics,fade,True,100,25,2,1,0,7,True,Boo,Team Heretics,omen,True,100,,2,1,0,6,False,benjyfishy,Team Heretics,deadlock,True,100,25,1,0,1,3,False,Wo0t,Team Heretics,chamber,True,100,50,0,8,1,7,True,grubinho,GIANTX,omen,True,100,50,1,1,0,7,True,ara,GIANTX,raze,True,100,50,1,2,1,7,True,Cloud,GIANTX,fade,True,100,25,1,1,0,3,False,Flickless,GIANTX,viper,True,100,50,1,1,0,7,True,westside,GIANTX,cypher,True,100,25,0,1,0,6,False
745.311,3192,ACTIVE_ROUND,7,3,3,72.000,,,MiniBoo,Team Heretics,raze,True,100,25,1,2,1,4,False,RieNs,Team Heretics,fade,True,100,25,2,1,0,7,True,Boo,Team Heretics,omen,True,100,,2,1,0,6,False,benjyfishy,Team Heretics,deadlock,True,100,25,1,0,1,3,False,Wo0t,Team Heretics,chamber,True,100,50,0,8,1,7,True,grubinho,GIANTX,omen,True,100,50,1,1,0,7,True,ara,GIANTX,raze,True,100,50,1,2,1,7,True,Cloud,GIANTX,fade,True,100,25,1,1,0,3,False,Flickless,GIANTX,viper,True,100,50,1,1,0,7,True,westside,GIANTX,cypher,True,100,25,0,1,0,6,False
745.545,3193,ACTIVE_ROUND,7,3,3,72.000,,,MiniBoo,Team Heretics,raze,True,100,25,1,2,1,4,False,RieNs,Team Heretics,fade,True,100,25,2,1,0,7,True,Boo,Team Heretics,omen,True,100,,2,1,0,6,False,benjyfishy,Team Heretics,deadlock,True,100,25,1,0,1,3,False,Wo0t,Team Heretics,chamber,True,100,50,0,8,1,7,True,grubinho,GIANTX,omen,True,100,50,1,1,0,7,True,ara,GIANTX,raze,True,100,50,1,2,1,7,True,Cloud,GIANTX,fade,True,100,25,1,1,0,3,False,Flickless,GIANTX,viper,True,100,50,1,1,0,7,True,westside,GIANTX,cypher,True,100,25,0,1,0,6,False
745.778,3194,ACTIVE_ROUND,7,3,3,71.000,,,MiniBoo,Team Heretics,raze,True,100,25,1,2,1,4,False,RieNs,Team Heretics,fade,True,100,25,2,1,0,7,True,Boo,Team Heretics,omen,True,100,,2,1,0,6,False,benjyfishy,Team Heretics,deadlock,True,100,25,1,0,1,3,False,Wo0t,Team Heretics,chamber,True,100,50,0,8,1,7,True,grubinho,GIANTX,omen,True,100,50,1,1,0,7,True,ara,GIANTX,raze,True,100,50,1,2,1,7,True,Cloud,GIANTX,fade,True,100,25,1,1,0,3,False,Flickless,GIANTX,viper,True,100,50,1,1,0,7,True,westside,GIANTX,cypher,True,100,25,0,1,0,6,False
746.012,3195,ACTIVE_ROUND,7,3,3,71.000,,,MiniBoo,Team Heretics,raze,True,100,25,1,2,1,4,False,RieNs,Team Heretics,fade,True,100,25,2,1,0,7,True,Boo,Team Heretics,omen,True,100,,2,1,0,6,False,benjyfishy,Team Heretics,deadlock,True,100,25,1,0,1,3,False,Wo0t,Team Heretics,chamber,True,100,50,0,8,1,7,True,grubinho,GIANTX,omen,True,100,50,1,1,0,7,True,ara,GIANTX,raze,True,100,50,1,2,1,7,True,Cloud,GIANTX,fade,True,100,25,1,1,0,3,False,Flickless,GIANTX,viper,True,100,50,1,1,0,7,True,westside,GIANTX,cypher,True,100,25,0,1,0,6,False
746.245,3196,ACTIVE_ROUND,7,3,3,71.000,,,MiniBoo,Team Heretics,raze,True,100,25,1,2,1,4,False,RieNs,Team Heretics,fade,True,100,25,2,1,0,7,True,Boo,Team Heretics,omen,True,100,,2,1,0,6,False,benjyfishy,Team Heretics,deadlock,True,100,25,1,0,1,3,False,Wo0t,Team Heretics,chamber,True,100,50,0,8,1,7,True,grubinho,GIANTX,omen,True,100,50,1,1,0,7,True,ara,GIANTX,raze,True,100,50,1,2,1,7,True,Cloud,GIANTX,fade,True,100,25,1,1,0,3,False,Flickless,GIANTX,viper,True,100,50,1,1,0,7,True,westside,GIANTX,cypher,True,100,25,0,1,0,6,False
746.479,3197,ACTIVE_ROUND,7,3,3,71.000,,,MiniBoo,Team Heretics,raze,True,100,25,1,2,1,4,False,RieNs,Team Heretics,fade,True,100,25,2,1,0,7,True,Boo,Team Heretics,omen,True,100,,2,1,0,6,False,benjyfishy,Team Heretics,deadlock,True,100,25,1,0,1,3,False,Wo0t,Team Heretics,chamber,True,100,50,0,8,1,7,True,grubinho,GIANTX,omen,True,100,50,1,1,0,7,True,ara,GIANTX,raze,True,100,50,1,2,1,7,True,Cloud,GIANTX,fade,True,100,25,1,1,0,3,False,Flickless,GIANTX,viper,True,100,50,1,1,0,7,True,westside,GIANTX,cypher,True,100,25,0,1,0,6,False
746.713,3198,ACTIVE_ROUND,7,3,3,71.000,,,MiniBoo,Team Heretics,raze,True,100,25,1,2,1,4,False,RieNs,Team Heretics,fade,True,100,25,2,1,0,7,True,Boo,Team Heretics,omen,True,100,,2,1,0,6,False,benjyfishy,Team Heretics,deadlock,True,100,25,1,0,1,3,False,Wo0t,Team Heretics,chamber,True,100,50,0,8,1,7,True,grubinho,GIANTX,omen,True,100,50,1,1,0,7,True,ara,GIANTX,raze,True,100,50,1,2,1,7,True,Cloud,GIANTX,fade,True,100,25,1,1,0,3,False,Flickless,GIANTX,viper,True,100,50,1,1,0,7,True,westside,GIANTX,cypher,True,100,25,0,1,0,6,False
746.946,3199,ACTIVE_ROUND,7,3,3,70.000,,,MiniBoo,Team Heretics,raze,True,100,25,1,2,1,4,False,RieNs,Team Heretics,fade,True,100,25,2,1,0,7,True,Boo,Team Heretics,omen,True,100,,2,1,0,6,False,benjyfishy,Team Heretics,deadlock,True,100,25,1,0,1,3,False,Wo0t,Team Heretics,chamber,True,100,50,0,8,1,7,True,grubinho,GIANTX,omen,True,100,50,1,1,0,7,True,ara,GIANTX,raze,True,100,50,1,2,1,7,True,Cloud,GIANTX,fade,True,100,25,1,1,0,3,False,Flickless,GIANTX,viper,True,100,50,1,1,0,7,True,westside,GIANTX,cypher,True,100,25,0,1,0,6,False
747.180,3200,ACTIVE_ROUND,7,3,3,70.000,,,MiniBoo,Team Heretics,raze,True,100,25,1,2,1,4,False,RieNs,Team Heretics,fade,True,100,25,2,0,0,7,True,Boo,Team Heretics,omen,True,100,,2,1,0,6,False,benjyfishy,Team Heretics,deadlock,True,100,25,1,0,1,3,False,Wo0t,Team Heretics,chamber,True,100,50,0,8,1,7,True,grubinho,GIANTX,omen,True,100,50,1,1,0,7,True,ara,GIANTX,raze,True,100,50,1,1,1,0,False,Cloud,GIANTX,fade,True,100,25,0,1,0,3,False,Flickless,GIANTX,viper,True,100,50,1,1,0,7,True,westside,GIANTX,cypher,True,100,25,0,1,0,6,False
747.413,3201,ACTIVE_ROUND,7,3,3,70.000,,,MiniBoo,Team Heretics,raze,True,100,25,1,2,1,4,False,RieNs,Team Heretics,fade,True,100,25,2,0,0,7,True,Boo,Team Heretics,omen,True,100,,2,1,0,6,False,benjyfishy,Team Heretics,deadlock,True,100,25,1,0,1,3,False,Wo0t,Team Heretics,chamber,True,100,50,0,8,1,7,True,grubinho,GIANTX,omen,True,100,50,1,1,0,7,True,ara,GIANTX,raze,True,100,50,1,1,1,0,False,Cloud,GIANTX,fade,True,100,25,0,1,0,3,False,Flickless,GIANTX,viper,True,100,50,1,1,0,7,True,westside,GIANTX,cypher,True,100,25,0,1,0,6,False
747.647,3202,ACTIVE_ROUND,7,3,3,70.000,,,MiniBoo,Team Heretics,raze,True,100,25,1,2,1,4,False,RieNs,Team Heretics,fade,True,100,25,2,0,0,7,True,Boo,Team Heretics,omen,True,100,,2,1,0,6,False,benjyfishy,Team Heretics,deadlock,True,100,25,1,0,1,3,False,Wo0t,Team Heretics,chamber,True,100,50,0,8,1,7,True,grubinho,GIANTX,omen,True,100,50,1,1,0,7,True,ara,GIANTX,raze,True,100,50,1,1,1,0,False,Cloud,GIANTX,fade,True,100,25,0,1,0,3,False,Flickless,GIANTX,viper,True,100,50,1,1,0,7,True,westside,GIANTX,cypher,True,100,25,0,1,0,6,False
747.880,3203,ACTIVE_ROUND,7,3,3,69.000,,,MiniBoo,Team Heretics,raze,True,100,25,1,2,1,4,False,RieNs,Team Heretics,fade,True,100,25,2,0,0,7,True,Boo,Team Heretics,omen,True,100,,2,1,0,6,False,benjyfishy,Team Heretics,deadlock,True,100,25,1,0,1,3,False,Wo0t,Team Heretics,chamber,True,100,50,0,8,1,7,True,grubinho,GIANTX,omen,True,100,50,1,1,0,7,True,ara,GIANTX,raze,True,100,50,1,1,1,0,False,Cloud,GIANTX,fade,True,100,25,0,1,0,3,False,Flickless,GIANTX,viper,True,100,50,1,1,0,7,True,westside,GIANTX,cypher,True,100,25,0,1,0,6,False
748.114,3204,ACTIVE_ROUND,7,3,3,69.000,,,MiniBoo,Team Heretics,raze,True,100,25,1,2,1,4,False,RieNs,Team Heretics,fade,True,100,25,2,0,0,7,True,Boo,Team Heretics,omen,True,100,,2,0,0,6,False,benjyfishy,Team Heretics,deadlock,True,100,25,1,0,1,3,False,Wo0t,Team Heretics,chamber,True,100,50,0,8,1,7,True,grubinho,GIANTX,omen,True,100,50,1,0,0,7,True,ara,GIANTX,raze,True,75,1,1,1,1,0,False,Cloud,GIANTX,fade,True,100,25,0,1,0,3,False,Flickless,GIANTX,viper,True,75,1,1,1,0,7,True,westside,GIANTX,cypher,True,52,1,0,1,0,6,False
748.348,3205,ACTIVE_ROUND,7,3,3,69.000,,,MiniBoo,Team Heretics,raze,True,100,25,1,2,1,4,False,RieNs,Team Heretics,fade,True,100,25,2,0,0,7,True,Boo,Team Heretics,omen,True,100,,2,0,0,6,False,benjyfishy,Team Heretics,deadlock,True,100,25,1,0,1,3,False,Wo0t,Team Heretics,chamber,True,100,50,0,8,1,7,True,grubinho,GIANTX,omen,True,100,50,1,0,0,7,True,ara,GIANTX,raze,True,75,1,1,1,1,0,False,Cloud,GIANTX,fade,True,100,25,0,1,0,3,False,Flickless,GIANTX,viper,True,75,1,1,1,0,7,True,westside,GIANTX,cypher,True,52,1,0,1,0,6,False
748.581,3206,ACTIVE_ROUND,7,3,3,69.000,,,MiniBoo,Team Heretics,raze,True,100,25,1,2,1,4,False,RieNs,Team Heretics,fade,True,100,25,0,0,0,7,True,Boo,Team Heretics,omen,True,100,,2,0,0,6,False,benjyfishy,Team Heretics,deadlock,True,100,25,1,0,1,3,False,Wo0t,Team Heretics,chamber,True,100,50,0,8,1,7,True,grubinho,GIANTX,omen,True,100,50,1,0,0,7,True,ara,GIANTX,raze,True,75,1,1,1,1,0,False,Cloud,GIANTX,fade,True,100,25,0,1,0,3,False,Flickless,GIANTX,viper,True,75,1,1,1,0,7,True,westside,GIANTX,cypher,True,52,1,0,1,0,6,False
748.815,3207,ACTIVE_ROUND,7,3,3,68.000,,,MiniBoo,Team Heretics,raze,True,100,25,1,2,1,4,False,RieNs,Team Heretics,fade,False,,25,0,0,0,7,True,Boo,Team Heretics,omen,True,100,,2,0,0,6,False,benjyfishy,Team Heretics,deadlock,True,100,25,1,0,1,3,False,Wo0t,Team Heretics,chamber,True,100,50,0,8,1,7,True,grubinho,GIANTX,omen,True,100,50,1,0,0,7,True,ara,GIANTX,raze,True,75,1,1,1,1,0,False,Cloud,GIANTX,fade,True,100,25,0,1,0,3,False,Flickless,GIANTX,viper,True,75,1,1,1,0,7,True,westside,GIANTX,cypher,True,52,1,0,1,0,6,False
749.048,3208,ACTIVE_ROUND,7,3,3,68.000,,,MiniBoo,Team Heretics,raze,True,100,25,1,2,1,4,False,RieNs,Team Heretics,fade,False,,25,0,0,0,7,True,Boo,Team Heretics,omen,True,100,,2,0,0,6,False,benjyfishy,Team Heretics,deadlock,True,100,25,1,0,1,3,False,Wo0t,Team Heretics,chamber,True,100,50,0,8,1,7,True,grubinho,GIANTX,omen,True,100,50,1,0,0,7,True,ara,GIANTX,raze,True,75,1,1,1,1,0,False,Cloud,GIANTX,fade,True,100,25,0,1,0,3,False,Flickless,GIANTX,viper,True,75,1,1,1,0,7,True,westside,GIANTX,cypher,True,52,1,0,1,0,6,False
749.282,3209,ACTIVE_ROUND,7,3,3,68.000,,,MiniBoo,Team Heretics,raze,True,100,25,1,2,1,4,False,RieNs,Team Heretics,fade,False,,25,0,0,0,7,True,Boo,Team Heretics,omen,True,100,,2,0,1,6,False,benjyfishy,Team Heretics,deadlock,True,100,25,1,0,1,3,False,Wo0t,Team Heretics,chamber,True,100,50,0,8,1,7,True,grubinho,GIANTX,omen,True,100,50,1,0,1,7,True,ara,GIANTX,raze,True,90,1,1,1,1,0,False,Cloud,GIANTX,fade,True,100,25,0,1,0,3,False,Flickless,GIANTX,viper,True,89,1,0,1,0,7,True,westside,GIANTX,cypher,True,69,1,0,1,0,6,False
749.515,3210,ACTIVE_ROUND,7,3,3,68.000,,,MiniBoo,Team Heretics,raze,True,100,25,1,2,1,4,False,RieNs,Team Heretics,fade,False,,25,0,0,0,7,True,Boo,Team Heretics,omen,True,100,,2,0,1,6,False,benjyfishy,Team Heretics,deadlock,True,100,25,1,0,1,3,False,Wo0t,Team Heretics,chamber,True,100,50,0,8,1,7,True,grubinho,GIANTX,omen,True,100,50,1,0,1,7,True,ara,GIANTX,raze,True,90,1,1,1,1,0,False,Cloud,GIANTX,fade,True,100,25,0,1,0,3,False,Flickless,GIANTX,viper,True,89,1,0,1,0,7,True,westside,GIANTX,cypher,True,69,1,0,1,0,6,False
749.749,3211,ACTIVE_ROUND,7,3,3,67.000,,,MiniBoo,Team Heretics,raze,True,100,25,1,2,1,4,False,RieNs,Team Heretics,fade,False,,25,0,0,0,7,True,Boo,Team Heretics,omen,True,100,,2,0,1,6,False,benjyfishy,Team Heretics,deadlock,True,100,25,1,0,1,3,False,Wo0t,Team Heretics,chamber,True,100,50,0,8,1,7,True,grubinho,GIANTX,omen,True,100,50,1,0,1,7,True,ara,GIANTX,raze,True,90,1,1,1,1,0,False,Cloud,GIANTX,fade,True,100,25,0,1,0,3,False,Flickless,GIANTX,viper,True,89,1,0,1,0,7,True,westside,GIANTX,cypher,True,69,1,0,1,0,6,False
749.983,3212,ACTIVE_ROUND,7,3,3,67.000,,,MiniBoo,Team Heretics,raze,True,100,25,1,2,1,4,False,RieNs,Team Heretics,fade,False,,25,0,0,0,7,True,Boo,Team Heretics,omen,True,100,,2,0,1,6,False,benjyfishy,Team Heretics,deadlock,True,100,25,1,0,1,3,False,Wo0t,Team Heretics,chamber,True,100,50,0,8,1,7,True,grubinho,GIANTX,omen,True,100,50,1,0,1,7,True,ara,GIANTX,raze,True,90,1,1,1,1,0,False,Cloud,GIANTX,fade,True,100,25,0,1,0,3,False,Flickless,GIANTX,viper,True,89,1,0,1,0,7,True,westside,GIANTX,cypher,True,69,1,0,1,0,6,False
750.216,3213,ACTIVE_ROUND,7,3,3,67.000,,,MiniBoo,Team Heretics,raze,True,100,25,1,2,1,4,False,RieNs,Team Heretics,fade,False,,25,0,0,0,7,True,Boo,Team Heretics,omen,True,100,,2,0,1,6,False,benjyfishy,Team Heretics,deadlock,True,100,25,1,0,1,3,False,Wo0t,Team Heretics,chamber,True,100,50,0,8,1,7,True,grubinho,GIANTX,omen,True,100,50,1,0,1,7,True,ara,GIANTX,raze,True,100,16,1,1,1,0,False,Cloud,GIANTX,fade,True,100,25,0,1,0,3,False,Flickless,GIANTX,viper,True,100,15,0,1,0,7,True,westside,GIANTX,cypher,True,91,1,0,1,0,6,False
750.450,3214,ACTIVE_ROUND,7,3,3,67.000,,,MiniBoo,Team Heretics,raze,True,100,25,1,2,1,4,False,RieNs,Team Heretics,fade,False,,25,0,0,0,7,True,Boo,Team Heretics,omen,True,100,,2,0,1,6,False,benjyfishy,Team Heretics,deadlock,True,100,25,1,0,1,3,False,Wo0t,Team Heretics,chamber,True,100,50,0,8,1,7,True,grubinho,GIANTX,omen,True,100,50,1,0,1,7,True,ara,GIANTX,raze,True,100,16,1,1,1,0,False,Cloud,GIANTX,fade,True,100,25,0,1,0,3,False,Flickless,GIANTX,viper,True,100,15,0,1,0,7,True,westside,GIANTX,cypher,True,91,1,0,1,0,6,False
750.683,3215,ACTIVE_ROUND,7,3,3,67.000,,,MiniBoo,Team Heretics,raze,True,100,25,1,2,1,4,False,RieNs,Team Heretics,fade,False,,25,0,0,0,7,True,Boo,Team Heretics,omen,True,100,,2,0,1,6,False,benjyfishy,Team Heretics,deadlock,True,100,25,1,0,1,3,False,Wo0t,Team Heretics,chamber,True,100,50,0,8,1,7,True,grubinho,GIANTX,omen,True,100,50,1,0,1,7,True,ara,GIANTX,raze,True,100,16,1,1,1,0,False,Cloud,GIANTX,fade,True,100,25,0,1,0,3,False,Flickless,GIANTX,viper,True,100,15,0,1,0,7,True,westside,GIANTX,cypher,True,91,1,0,1,0,6,False
750.917,3216,ACTIVE_ROUND,7,3,3,66.000,,,MiniBoo,Team Heretics,raze,True,100,25,1,2,1,4,False,RieNs,Team Heretics,fade,False,,25,0,0,0,7,True,Boo,Team Heretics,omen,True,100,,2,0,1,6,False,benjyfishy,Team Heretics,deadlock,True,100,25,1,0,1,3,False,Wo0t,Team Heretics,chamber,True,100,50,0,8,1,7,True,grubinho,GIANTX,omen,True,100,50,1,0,1,7,True,ara,GIANTX,raze,True,100,16,1,1,1,0,False,Cloud,GIANTX,fade,True,100,25,0,1,0,3,False,Flickless,GIANTX,viper,True,100,15,0,1,0,7,True,westside,GIANTX,cypher,True,91,1,0,1,0,6,False
751.150,3217,ACTIVE_ROUND,7,3,3,66.000,,,MiniBoo,Team Heretics,raze,True,100,25,1,2,1,4,False,RieNs,Team Heretics,fade,False,,25,0,0,0,7,True,Boo,Team Heretics,omen,True,100,,2,0,1,6,False,benjyfishy,Team Heretics,deadlock,True,100,25,1,0,1,3,False,Wo0t,Team Heretics,chamber,True,100,50,0,8,1,7,True,grubinho,GIANTX,omen,True,100,50,1,0,1,7,True,ara,GIANTX,raze,True,100,31,0,1,1,0,False,Cloud,GIANTX,fade,True,100,25,0,1,0,3,False,Flickless,GIANTX,viper,True,100,31,0,1,0,7,True,westside,GIANTX,cypher,True,100,9,0,0,0,6,False
751.384,3218,ACTIVE_ROUND,7,3,3,66.000,,,MiniBoo,Team Heretics,raze,True,100,25,1,2,1,4,False,RieNs,Team Heretics,fade,False,,25,0,0,0,7,True,Boo,Team Heretics,omen,True,100,,2,0,1,6,False,benjyfishy,Team Heretics,deadlock,True,100,25,1,0,1,3,False,Wo0t,Team Heretics,chamber,True,100,50,0,8,1,7,True,grubinho,GIANTX,omen,True,100,50,1,0,1,7,True,ara,GIANTX,raze,True,100,31,0,1,1,0,False,Cloud,GIANTX,fade,True,100,25,0,1,0,3,False,Flickless,GIANTX,viper,True,100,31,0,1,0,7,True,westside,GIANTX,cypher,True,100,8,0,0,0,6,False
751.618,3219,ACTIVE_ROUND,7,3,3,66.000,,,MiniBoo,Team Heretics,raze,True,100,25,1,2,1,4,False,RieNs,Team Heretics,fade,False,,25,0,0,0,7,True,Boo,Team Heretics,omen,True,100,,2,0,1,6,False,benjyfishy,Team Heretics,deadlock,True,100,25,1,0,1,3,False,Wo0t,Team Heretics,chamber,True,100,50,0,8,1,7,True,grubinho,GIANTX,omen,True,100,50,1,0,1,7,True,ara,GIANTX,raze,True,100,31,0,1,1,0,False,Cloud,GIANTX,fade,True,100,25,0,1,0,3,False,Flickless,GIANTX,viper,True,100,31,0,1,0,7,True,westside,GIANTX,cypher,True,100,9,0,0,0,6,False
751.851,3220,ACTIVE_ROUND,7,3,3,65.000,,,MiniBoo,Team Heretics,raze,True,100,25,1,2,1,4,False,RieNs,Team Heretics,fade,False,,25,0,0,0,7,True,Boo,Team Heretics,omen,True,100,,2,0,1,6,False,benjyfishy,Team Heretics,deadlock,True,100,25,1,0,1,3,False,Wo0t,Team Heretics,chamber,True,100,50,0,8,1,7,True,grubinho,GIANTX,omen,True,100,50,1,0,1,7,True,ara,GIANTX,raze,True,100,31,0,1,1,0,False,Cloud,GIANTX,fade,True,100,25,0,1,0,3,False,Flickless,GIANTX,viper,True,100,31,0,1,0,7,True,westside,GIANTX,cypher,True,100,8,0,0,0,6,False
752.085,3221,ACTIVE_ROUND,7,3,3,65.000,,,MiniBoo,Team Heretics,raze,True,100,25,1,2,1,4,False,RieNs,Team Heretics,fade,False,,25,0,0,0,7,True,Boo,Team Heretics,omen,True,100,,2,0,1,6,False,benjyfishy,Team Heretics,deadlock,True,100,25,1,0,1,3,False,Wo0t,Team Heretics,chamber,True,100,50,0,8,1,7,True,grubinho,GIANTX,omen,True,100,50,1,0,1,7,True,ara,GIANTX,raze,True,100,46,0,1,1,0,False,Cloud,GIANTX,fade,True,100,25,0,1,0,3,False,Flickless,GIANTX,viper,True,100,46,0,0,0,7,True,westside,GIANTX,cypher,True,100,23,0,0,0,6,False
752.318,3222,ACTIVE_ROUND,7,3,3,65.000,,,MiniBoo,Team Heretics,raze,True,100,25,1,2,1,4,False,RieNs,Team Heretics,fade,False,,25,0,0,0,7,True,Boo,Team Heretics,omen,True,100,,2,0,1,6,False,benjyfishy,Team Heretics,deadlock,True,100,25,1,0,1,3,False,Wo0t,Team Heretics,chamber,True,100,50,0,8,1,7,True,grubinho,GIANTX,omen,True,100,50,1,0,1,7,True,ara,GIANTX,raze,True,100,46,0,1,1,0,False,Cloud,GIANTX,fade,True,100,25,0,1,0,3,False,Flickless,GIANTX,viper,True,100,46,0,0,0,7,True,westside,GIANTX,cypher,True,100,23,0,0,0,6,False
752.552,3223,ACTIVE_ROUND,7,3,3,65.000,,,MiniBoo,Team Heretics,raze,True,100,25,1,2,1,4,False,RieNs,Team Heretics,fade,False,,25,0,0,0,7,True,Boo,Team Heretics,omen,True,100,,2,0,1,6,False,benjyfishy,Team Heretics,deadlock,True,100,25,1,0,1,3,False,Wo0t,Team Heretics,chamber,True,100,50,0,8,1,7,True,grubinho,GIANTX,omen,True,100,50,1,0,1,7,True,ara,GIANTX,raze,True,100,46,0,1,1,0,False,Cloud,GIANTX,fade,True,100,25,0,1,0,3,False,Flickless,GIANTX,viper,True,100,46,0,0,0,7,True,westside,GIANTX,cypher,True,100,23,0,0,0,6,False
752.785,3224,ACTIVE_ROUND,7,3,3,64.000,,,MiniBoo,Team Heretics,raze,True,100,25,1,2,1,4,False,RieNs,Team Heretics,fade,False,,25,0,0,0,7,True,Boo,Team Heretics,omen,True,100,,2,0,1,6,False,benjyfishy,Team Heretics,deadlock,True,100,25,1,0,1,3,False,Wo0t,Team Heretics,chamber,True,100,50,0,8,1,7,True,grubinho,GIANTX,omen,True,100,50,1,0,1,7,True,ara,GIANTX,raze,True,100,46,0,1,1,0,False,Cloud,GIANTX,fade,True,100,25,0,1,0,3,False,Flickless,GIANTX,viper,True,100,46,0,0,0,7,True,westside,GIANTX,cypher,True,100,23,0,0,0,6,False
753.019,3225,ACTIVE_ROUND,7,3,3,64.000,,,MiniBoo,Team Heretics,raze,True,100,25,1,2,1,4,False,RieNs,Team Heretics,fade,False,,25,0,0,0,7,True,Boo,Team Heretics,omen,True,100,,2,0,1,6,False,benjyfishy,Team Heretics,deadlock,True,100,25,1,0,1,3,False,Wo0t,Team Heretics,chamber,True,100,50,0,8,1,7,True,grubinho,GIANTX,omen,True,100,50,1,0,1,7,True,ara,GIANTX,raze,True,100,46,0,1,1,0,False,Cloud,GIANTX,fade,True,100,25,0,1,0,3,False,Flickless,GIANTX,viper,True,100,46,0,0,0,7,True,westside,GIANTX,cypher,True,100,23,0,0,0,6,False
753.253,3226,ACTIVE_ROUND,7,3,3,64.000,,,MiniBoo,Team Heretics,raze,True,100,25,1,2,1,4,False,RieNs,Team Heretics,fade,False,,25,0,0,0,7,True,Boo,Team Heretics,omen,True,100,,2,0,1,6,False,benjyfishy,Team Heretics,deadlock,True,100,25,1,0,1,3,False,Wo0t,Team Heretics,chamber,True,100,50,0,8,1,7,True,grubinho,GIANTX,omen,True,100,50,1,0,1,7,True,ara,GIANTX,raze,True,100,50,0,1,1,0,False,Cloud,GIANTX,fade,True,100,25,0,1,0,3,False,Flickless,GIANTX,viper,True,100,50,0,0,0,7,True,westside,GIANTX,cypher,True,100,25,0,0,0,6,False
753.486,3227,ACTIVE_ROUND,7,3,3,64.000,,,MiniBoo,Team Heretics,raze,True,100,25,1,2,1,4,False,RieNs,Team Heretics,fade,False,,25,0,0,0,7,True,Boo,Team Heretics,omen,True,100,,2,0,1,6,False,benjyfishy,Team Heretics,deadlock,True,100,25,1,0,1,3,False,Wo0t,Team Heretics,chamber,True,100,50,0,8,1,7,True,grubinho,GIANTX,omen,True,100,50,1,0,1,7,True,ara,GIANTX,raze,True,100,50,0,1,1,0,False,Cloud,GIANTX,fade,True,100,25,0,1,0,3,False,Flickless,GIANTX,viper,True,100,50,0,0,0,7,True,westside,GIANTX,cypher,True,100,25,0,0,0,6,False
753.720,3228,ACTIVE_ROUND,7,3,3,63.000,,,MiniBoo,Team Heretics,raze,True,100,25,1,2,1,4,False,RieNs,Team Heretics,fade,False,,25,0,0,0,7,True,Boo,Team Heretics,omen,True,100,,2,0,1,6,False,benjyfishy,Team Heretics,deadlock,True,100,25,1,0,1,3,False,Wo0t,Team Heretics,chamber,True,100,50,0,8,1,7,True,grubinho,GIANTX,omen,True,100,50,1,0,1,7,True,ara,GIANTX,raze,True,100,50,0,1,1,0,False,Cloud,GIANTX,fade,True,100,25,0,1,0,3,False,Flickless,GIANTX,viper,True,100,50,0,0,0,7,True,westside,GIANTX,cypher,True,100,25,0,0,0,6,False
753.953,3229,ACTIVE_ROUND,7,3,3,63.000,,,MiniBoo,Team Heretics,raze,True,100,25,1,2,1,4,False,RieNs,Team Heretics,fade,False,,25,0,0,0,7,True,Boo,Team Heretics,omen,True,100,,2,0,1,6,False,benjyfishy,Team Heretics,deadlock,True,100,25,1,0,1,3,False,Wo0t,Team Heretics,chamber,True,100,50,0,8,1,7,True,grubinho,GIANTX,omen,True,100,50,1,0,1,7,True,ara,GIANTX,raze,True,100,50,0,1,1,0,False,Cloud,GIANTX,fade,True,100,25,0,1,0,3,False,Flickless,GIANTX,viper,True,100,50,0,0,0,7,True,westside,GIANTX,cypher,True,100,25,0,0,0,6,False
754.187,3230,ACTIVE_ROUND,7,3,3,63.000,,,MiniBoo,Team Heretics,raze,True,100,25,1,2,1,4,False,RieNs,Team Heretics,fade,False,,25,0,0,0,7,True,Boo,Team Heretics,omen,True,92,,2,0,1,6,False,benjyfishy,Team Heretics,deadlock,True,100,25,1,0,1,3,False,Wo0t,Team Heretics,chamber,True,100,50,0,8,1,7,True,grubinho,GIANTX,omen,True,100,50,1,0,1,7,True,ara,GIANTX,raze,True,100,50,0,1,1,0,False,Cloud,GIANTX,fade,True,100,25,0,1,0,3,False,Flickless,GIANTX,viper,True,100,50,0,0,0,7,True,westside,GIANTX,cypher,True,100,25,0,0,0,6,False
754.420,3231,ACTIVE_ROUND,7,3,3,63.000,,,MiniBoo,Team Heretics,raze,True,100,25,1,2,1,4,False,RieNs,Team Heretics,fade,False,,25,0,0,0,7,True,Boo,Team Heretics,omen,True,92,,2,0,1,6,False,benjyfishy,Team Heretics,deadlock,True,100,25,1,0,1,3,False,Wo0t,Team Heretics,chamber,True,100,50,0,8,1,7,True,grubinho,GIANTX,omen,True,100,50,1,0,1,7,True,ara,GIANTX,raze,True,100,50,0,1,1,0,False,Cloud,GIANTX,fade,True,100,25,0,1,0,3,False,Flickless,GIANTX,viper,True,100,50,0,0,0,7,True,westside,GIANTX,cypher,True,100,25,0,0,0,6,False
754.654,3232,ACTIVE_ROUND,7,3,3,63.000,,,MiniBoo,Team Heretics,raze,True,100,25,1,2,1,4,False,RieNs,Team Heretics,fade,False,,25,0,0,0,7,True,Boo,Team Heretics,omen,True,92,,2,0,1,6,False,benjyfishy,Team Heretics,deadlock,True,100,25,1,0,1,3,False,Wo0t,Team Heretics,chamber,True,100,50,0,8,1,7,True,grubinho,GIANTX,omen,True,100,50,1,0,1,7,True,ara,GIANTX,raze,True,100,50,0,1,1,0,False,Cloud,GIANTX,fade,True,100,25,0,1,0,3,False,Flickless,GIANTX,viper,True,100,50,0,0,0,7,True,westside,GIANTX,cypher,True,100,25,0,0,0,6,False
754.887,3233,ACTIVE_ROUND,7,3,3,62.000,,,MiniBoo,Team Heretics,raze,True,100,25,1,2,1,4,False,RieNs,Team Heretics,fade,False,,25,0,0,0,7,True,Boo,Team Heretics,omen,True,92,,2,0,1,6,False,benjyfishy,Team Heretics,deadlock,True,100,25,1,0,1,3,False,Wo0t,Team Heretics,chamber,True,100,50,0,8,1,7,True,grubinho,GIANTX,omen,True,100,50,1,0,1,7,True,ara,GIANTX,raze,True,100,50,0,1,1,0,False,Cloud,GIANTX,fade,True,100,25,0,1,0,3,False,Flickless,GIANTX,viper,True,100,50,0,0,0,7,True,westside,GIANTX,cypher,True,100,25,0,0,0,6,False
755.121,3234,ACTIVE_ROUND,7,3,3,62.000,,,MiniBoo,Team Heretics,raze,True,100,25,1,2,1,4,False,RieNs,Team Heretics,fade,False,,25,0,0,0,7,True,Boo,Team Heretics,omen,True,91,,2,0,1,6,False,benjyfishy,Team Heretics,deadlock,True,100,25,1,0,1,3,False,Wo0t,Team Heretics,chamber,True,100,50,0,8,1,7,True,grubinho,GIANTX,omen,True,100,50,1,0,0,7,True,ara,GIANTX,raze,True,100,50,0,1,1,0,False,Cloud,GIANTX,fade,True,100,25,0,0,0,3,False,Flickless,GIANTX,viper,True,100,50,0,0,0,7,True,westside,GIANTX,cypher,True,100,25,0,0,0,6,False
755.355,3235,ACTIVE_ROUND,7,3,3,62.000,,,MiniBoo,Team Heretics,raze,True,100,25,1,2,1,4,False,RieNs,Team Heretics,fade,False,,25,0,0,0,7,True,Boo,Team Heretics,omen,True,91,,2,0,1,6,False,benjyfishy,Team Heretics,deadlock,True,100,25,1,0,1,3,False,Wo0t,Team Heretics,chamber,True,100,50,0,8,1,7,True,grubinho,GIANTX,omen,True,100,50,1,0,0,7,True,ara,GIANTX,raze,True,100,50,0,1,1,0,False,Cloud,GIANTX,fade,True,100,25,0,0,0,3,False,Flickless,GIANTX,viper,True,100,50,0,0,0,7,True,westside,GIANTX,cypher,True,100,25,0,0,0,6,False
755.588,3236,ACTIVE_ROUND,7,3,3,62.000,,,MiniBoo,Team Heretics,raze,True,100,25,1,2,1,4,False,RieNs,Team Heretics,fade,False,,25,0,0,0,7,True,Boo,Team Heretics,omen,True,91,,2,0,1,6,False,benjyfishy,Team Heretics,deadlock,True,100,25,1,0,1,3,False,Wo0t,Team Heretics,chamber,True,100,50,0,8,1,7,True,grubinho,GIANTX,omen,True,100,50,1,0,0,7,True,ara,GIANTX,raze,True,100,50,0,1,1,0,False,Cloud,GIANTX,fade,True,100,25,0,0,0,3,False,Flickless,GIANTX,viper,True,100,50,0,0,0,7,True,westside,GIANTX,cypher,True,100,25,0,0,0,6,False
755.822,3237,ACTIVE_ROUND,7,3,3,61.000,,,MiniBoo,Team Heretics,raze,True,100,25,1,2,1,4,False,RieNs,Team Heretics,fade,False,,25,0,0,0,7,True,Boo,Team Heretics,omen,True,91,,2,0,1,6,False,benjyfishy,Team Heretics,deadlock,True,100,25,1,0,1,3,False,Wo0t,Team Heretics,chamber,True,100,50,0,8,1,7,True,grubinho,GIANTX,omen,True,100,50,1,0,0,7,True,ara,GIANTX,raze,True,100,50,0,1,1,0,False,Cloud,GIANTX,fade,True,100,25,0,0,0,3,False,Flickless,GIANTX,viper,True,100,50,0,0,0,7,True,westside,GIANTX,cypher,True,100,25,0,0,0,6,False
756.055,3238,ACTIVE_ROUND,7,3,3,61.000,,,MiniBoo,Team Heretics,raze,True,100,25,1,2,1,4,False,RieNs,Team Heretics,fade,False,,25,0,0,0,7,True,Boo,Team Heretics,omen,True,91,,2,0,1,6,False,benjyfishy,Team Heretics,deadlock,True,100,25,1,0,1,3,False,Wo0t,Team Heretics,chamber,True,100,50,0,8,1,7,True,grubinho,GIANTX,omen,True,100,50,1,0,0,7,True,ara,GIANTX,raze,True,100,50,0,1,1,0,False,Cloud,GIANTX,fade,True,100,25,0,0,0,3,False,Flickless,GIANTX,viper,True,100,50,0,0,0,7,True,westside,GIANTX,cypher,True,100,25,0,0,0,6,False
756.289,3239,ACTIVE_ROUND,7,3,3,61.000,,,MiniBoo,Team Heretics,raze,True,100,25,1,2,1,4,False,RieNs,Team Heretics,fade,False,,25,0,0,0,7,True,Boo,Team Heretics,omen,True,42,,2,0,1,6,False,benjyfishy,Team Heretics,deadlock,True,100,25,1,0,0,3,False,Wo0t,Team Heretics,chamber,True,100,50,0,8,1,7,True,grubinho,GIANTX,omen,True,100,50,1,0,0,7,True,ara,GIANTX,raze,True,100,50,0,0,1,0,False,Cloud,GIANTX,fade,True,100,25,0,0,0,3,False,Flickless,GIANTX,viper,True,100,50,0,0,0,7,True,westside,GIANTX,cypher,True,100,25,0,0,0,6,False
756.522,3240,ACTIVE_ROUND,7,3,3,61.000,,,MiniBoo,Team Heretics,raze,True,100,25,1,2,1,4,False,RieNs,Team Heretics,fade,False,,25,0,0,0,7,True,Boo,Team Heretics,omen,True,42,,2,0,1,6,False,benjyfishy,Team Heretics,deadlock,True,100,25,1,0,0,3,False,Wo0t,Team Heretics,chamber,True,100,50,0,8,1,7,True,grubinho,GIANTX,omen,True,100,50,1,0,0,7,True,ara,GIANTX,raze,True,100,50,0,0,1,0,False,Cloud,GIANTX,fade,True,100,25,0,0,0,3,False,Flickless,GIANTX,viper,True,100,50,0,0,0,7,True,westside,GIANTX,cypher,True,100,25,0,0,0,6,False
756.756,3241,ACTIVE_ROUND,7,3,3,60.000,,,MiniBoo,Team Heretics,raze,True,100,25,1,2,1,4,False,RieNs,Team Heretics,fade,False,,25,0,0,0,7,True,Boo,Team Heretics,omen,True,42,,2,0,1,6,False,benjyfishy,Team Heretics,deadlock,True,100,25,1,0,0,3,False,Wo0t,Team Heretics,chamber,True,100,50,0,8,1,7,True,grubinho,GIANTX,omen,True,100,50,1,0,0,7,True,ara,GIANTX,raze,True,100,50,0,0,1,0,False,Cloud,GIANTX,fade,True,100,25,0,0,0,3,False,Flickless,GIANTX,viper,True,100,50,0,0,0,7,True,westside,GIANTX,cypher,True,100,25,0,0,0,6,False
756.990,3242,ACTIVE_ROUND,7,3,3,60.000,,,MiniBoo,Team Heretics,raze,True,100,25,1,2,1,4,False,RieNs,Team Heretics,fade,False,,25,0,0,0,7,True,Boo,Team Heretics,omen,True,42,,2,0,1,6,False,benjyfishy,Team Heretics,deadlock,True,100,25,1,0,0,3,False,Wo0t,Team Heretics,chamber,True,100,50,0,0,0,7,True,grubinho,GIANTX,omen,True,100,50,1,0,0,7,True,ara,GIANTX,raze,True,100,50,0,0,1,0,False,Cloud,GIANTX,fade,True,100,25,0,0,0,3,False,Flickless,GIANTX,viper,True,100,50,0,0,0,7,True,westside,GIANTX,cypher,True,100,25,0,0,0,6,False
757.223,3243,ACTIVE_ROUND,7,3,3,60.000,,,MiniBoo,Team Heretics,raze,True,100,25,1,2,1,4,False,RieNs,Team Heretics,fade,False,,25,0,0,0,7,True,Boo,Team Heretics,omen,True,37,,2,0,1,6,False,benjyfishy,Team Heretics,deadlock,True,100,25,1,0,0,3,False,Wo0t,Team Heretics,chamber,False,,50,0,0,0,0,False,grubinho,GIANTX,omen,True,100,50,1,0,0,7,True,ara,GIANTX,raze,True,100,50,0,0,1,1,False,Cloud,GIANTX,fade,True,100,25,0,0,0,3,False,Flickless,GIANTX,viper,True,100,50,0,0,0,7,True,westside,GIANTX,cypher,True,100,25,0,0,0,6,False
757.457,3244,ACTIVE_ROUND,7,3,3,60.000,,,MiniBoo,Team Heretics,raze,True,100,25,1,2,1,4,False,RieNs,Team Heretics,fade,False,,25,0,0,0,7,True,Boo,Team Heretics,omen,True,37,,2,0,1,6,False,benjyfishy,Team Heretics,deadlock,True,100,25,1,0,0,3,False,Wo0t,Team Heretics,chamber,False,,50,0,0,0,0,False,grubinho,GIANTX,omen,True,100,50,1,0,0,7,True,ara,GIANTX,raze,True,100,50,0,0,1,1,False,Cloud,GIANTX,fade,True,100,25,0,0,0,3,False,Flickless,GIANTX,viper,True,100,50,0,0,0,7,True,westside,GIANTX,cypher,True,100,25,0,0,0,6,False
757.690,3245,ACTIVE_ROUND,7,3,3,60.000,,,MiniBoo,Team Heretics,raze,True,100,25,1,2,1,4,False,RieNs,Team Heretics,fade,False,,25,0,0,0,7,True,Boo,Team Heretics,omen,True,37,,2,0,1,6,False,benjyfishy,Team Heretics,deadlock,True,100,25,1,0,0,3,False,Wo0t,Team Heretics,chamber,False,,50,0,0,0,0,False,grubinho,GIANTX,omen,True,100,50,1,0,0,7,True,ara,GIANTX,raze,True,100,50,0,0,1,1,False,Cloud,GIANTX,fade,True,100,25,0,0,0,3,False,Flickless,GIANTX,viper,True,100,50,0,0,0,7,True,westside,GIANTX,cypher,True,100,25,0,0,0,6,False
757.924,3246,ACTIVE_ROUND,7,3,3,59.000,,,MiniBoo,Team Heretics,raze,True,100,25,1,2,1,4,False,RieNs,Team Heretics,fade,False,,25,0,0,0,7,True,Boo,Team Heretics,omen,True,37,,2,0,1,6,False,benjyfishy,Team Heretics,deadlock,True,100,25,1,0,0,3,False,Wo0t,Team Heretics,chamber,False,,50,0,0,0,0,False,grubinho,GIANTX,omen,True,100,50,1,0,0,7,True,ara,GIANTX,raze,True,100,50,0,0,1,1,False,Cloud,GIANTX,fade,True,100,25,0,0,0,3,False,Flickless,GIANTX,viper,True,100,50,0,0,0,7,True,westside,GIANTX,cypher,True,100,25,0,0,0,6,False
758.157,3247,ACTIVE_ROUND,7,3,3,59.000,,,MiniBoo,Team Heretics,raze,True,100,25,1,2,1,4,False,RieNs,Team Heretics,fade,False,,25,0,0,0,7,True,Boo,Team Heretics,omen,True,37,,2,0,1,6,False,benjyfishy,Team Heretics,deadlock,True,100,25,0,0,0,3,False,Wo0t,Team Heretics,chamber,False,,50,0,0,0,0,False,grubinho,GIANTX,omen,True,100,50,1,0,0,7,True,ara,GIANTX,raze,True,100,50,0,0,1,1,False,Cloud,GIANTX,fade,True,100,25,0,0,0,3,False,Flickless,GIANTX,viper,True,100,50,0,0,0,7,True,westside,GIANTX,cypher,True,100,25,0,0,0,6,False
758.391,3248,ACTIVE_ROUND,7,3,3,59.000,,,MiniBoo,Team Heretics,raze,True,100,25,1,2,1,4,False,RieNs,Team Heretics,fade,False,,25,0,0,0,7,True,Boo,Team Heretics,omen,True,37,,2,0,1,6,False,benjyfishy,Team Heretics,deadlock,True,100,25,0,0,0,3,False,Wo0t,Team Heretics,chamber,False,,50,0,0,0,0,False,grubinho,GIANTX,omen,True,100,50,1,0,0,7,True,ara,GIANTX,raze,True,100,50,0,0,1,1,False,Cloud,GIANTX,fade,True,100,25,0,0,0,3,False,Flickless,GIANTX,viper,True,100,50,0,0,0,7,True,westside,GIANTX,cypher,True,100,25,0,0,0,6,False
758.625,3249,ACTIVE_ROUND,7,3,3,59.000,,,MiniBoo,Team Heretics,raze,True,100,25,1,2,1,4,False,RieNs,Team Heretics,fade,False,,25,0,0,0,7,True,Boo,Team Heretics,omen,True,37,,2,0,1,6,False,benjyfishy,Team Heretics,deadlock,True,100,25,0,0,0,3,False,Wo0t,Team Heretics,chamber,False,,50,0,0,0,0,False,grubinho,GIANTX,omen,True,100,50,1,0,0,7,True,ara,GIANTX,raze,True,100,50,0,0,1,1,False,Cloud,GIANTX,fade,True,100,25,0,0,0,3,False,Flickless,GIANTX,viper,True,100,50,0,0,0,7,True,westside,GIANTX,cypher,True,100,25,0,0,0,6,False
758.858,3250,ACTIVE_ROUND,7,3,3,58.000,,,MiniBoo,Team Heretics,raze,True,100,25,1,2,1,4,False,RieNs,Team Heretics,fade,False,,25,0,0,0,7,True,Boo,Team Heretics,omen,True,37,,2,0,1,6,False,benjyfishy,Team Heretics,deadlock,True,100,25,0,0,0,3,False,Wo0t,Team Heretics,chamber,False,,50,0,0,0,0,False,grubinho,GIANTX,omen,True,100,50,1,0,0,7,True,ara,GIANTX,raze,True,100,50,0,0,1,1,False,Cloud,GIANTX,fade,True,100,25,0,0,0,3,False,Flickless,GIANTX,viper,True,100,50,0,0,0,7,True,westside,GIANTX,cypher,True,100,25,0,0,0,6,False
759.092,3251,ACTIVE_ROUND,7,3,3,58.000,,,MiniBoo,Team Heretics,raze,True,100,25,1,2,1,4,False,RieNs,Team Heretics,fade,False,,25,0,0,0,7,True,Boo,Team Heretics,omen,True,61,,2,0,1,6,False,benjyfishy,Team Heretics,deadlock,True,100,25,0,0,0,3,False,Wo0t,Team Heretics,chamber,False,,50,0,0,0,0,False,grubinho,GIANTX,omen,True,100,50,1,0,0,7,True,ara,GIANTX,raze,True,100,50,0,0,1,1,False,Cloud,GIANTX,fade,True,100,25,0,0,1,3,False,Flickless,GIANTX,viper,True,100,50,0,0,0,7,True,westside,GIANTX,cypher,True,100,25,0,0,0,6,False
759.325,3252,ACTIVE_ROUND,7,3,3,58.000,,,MiniBoo,Team Heretics,raze,True,100,25,1,2,1,4,False,RieNs,Team Heretics,fade,False,,25,0,0,0,7,True,Boo,Team Heretics,omen,True,61,,2,0,1,6,False,benjyfishy,Team Heretics,deadlock,True,100,25,0,0,0,3,False,Wo0t,Team Heretics,chamber,False,,50,0,0,0,0,False,grubinho,GIANTX,omen,True,100,50,1,0,0,7,True,ara,GIANTX,raze,True,100,50,0,0,1,1,False,Cloud,GIANTX,fade,True,100,25,0,0,1,3,False,Flickless,GIANTX,viper,True,100,50,0,0,0,7,True,westside,GIANTX,cypher,True,100,25,0,0,0,6,False
759.559,3253,ACTIVE_ROUND,7,3,3,58.000,,,MiniBoo,Team Heretics,raze,True,100,25,1,2,1,4,False,RieNs,Team Heretics,fade,False,,25,0,0,0,7,True,Boo,Team Heretics,omen,True,61,,2,0,1,6,False,benjyfishy,Team Heretics,deadlock,True,100,25,0,0,0,3,False,Wo0t,Team Heretics,chamber,False,,50,0,0,0,0,False,grubinho,GIANTX,omen,True,100,50,1,0,0,7,True,ara,GIANTX,raze,True,100,50,0,0,1,1,False,Cloud,GIANTX,fade,True,100,25,0,0,1,3,False,Flickless,GIANTX,viper,True,100,50,0,0,0,7,True,westside,GIANTX,cypher,True,100,25,0,0,0,6,False
759.792,3254,ACTIVE_ROUND,7,3,3,57.000,,,MiniBoo,Team Heretics,raze,True,100,25,1,2,1,4,False,RieNs,Team Heretics,fade,False,,25,0,0,0,7,True,Boo,Team Heretics,omen,True,61,,2,0,1,6,False,benjyfishy,Team Heretics,deadlock,True,100,25,0,0,0,3,False,Wo0t,Team Heretics,chamber,False,,50,0,0,0,0,False,grubinho,GIANTX,omen,True,100,50,1,0,0,7,True,ara,GIANTX,raze,True,100,50,0,0,1,1,False,Cloud,GIANTX,fade,True,100,25,0,0,1,3,False,Flickless,GIANTX,viper,True,100,50,0,0,0,7,True,westside,GIANTX,cypher,True,100,25,0,0,0,6,False
760.026,3255,ACTIVE_ROUND,7,3,3,57.000,,,MiniBoo,Team Heretics,raze,True,100,25,1,2,1,4,False,RieNs,Team Heretics,fade,False,,25,0,0,0,7,True,Boo,Team Heretics,omen,True,61,,2,0,1,6,False,benjyfishy,Team Heretics,deadlock,True,100,25,0,0,0,3,False,Wo0t,Team Heretics,chamber,False,,50,0,0,0,0,False,grubinho,GIANTX,omen,True,100,50,1,0,0,7,True,ara,GIANTX,raze,True,100,50,0,0,1,1,False,Cloud,GIANTX,fade,True,100,25,0,0,1,3,False,Flickless,GIANTX,viper,True,100,50,0,0,0,7,True,westside,GIANTX,cypher,True,100,25,0,0,0,6,False
760.260,3256,ACTIVE_ROUND,7,3,3,57.000,,,MiniBoo,Team Heretics,raze,True,100,25,1,2,1,4,False,RieNs,Team Heretics,fade,False,,25,0,0,0,7,True,Boo,Team Heretics,omen,True,82,,2,0,1,6,False,benjyfishy,Team Heretics,deadlock,False,,25,0,0,0,4,False,Wo0t,Team Heretics,chamber,False,,50,0,0,0,0,False,grubinho,GIANTX,omen,True,100,50,1,0,0,7,True,ara,GIANTX,raze,True,100,50,0,0,1,1,False,Cloud,GIANTX,fade,True,100,25,0,0,1,3,False,Flickless,GIANTX,viper,True,100,50,0,0,0,7,True,westside,GIANTX,cypher,True,93,11,0,0,0,7,True
760.493,3257,ACTIVE_ROUND,7,3,3,57.000,,,MiniBoo,Team Heretics,raze,True,100,25,1,2,1,4,False,RieNs,Team Heretics,fade,False,,25,0,0,0,7,True,Boo,Team Heretics,omen,True,82,,2,0,1,6,False,benjyfishy,Team Heretics,deadlock,False,,25,0,0,0,4,False,Wo0t,Team Heretics,chamber,False,,50,0,0,0,0,False,grubinho,GIANTX,omen,True,100,50,1,0,0,7,True,ara,GIANTX,raze,True,100,50,0,0,1,1,False,Cloud,GIANTX,fade,True,100,25,0,0,1,3,False,Flickless,GIANTX,viper,True,100,50,0,0,0,7,True,westside,GIANTX,cypher,True,93,11,0,0,0,7,True
760.727,3258,ACTIVE_ROUND,7,3,3,56.000,,,MiniBoo,Team Heretics,raze,True,100,25,1,2,1,4,False,RieNs,Team Heretics,fade,False,,25,0,0,0,7,True,Boo,Team Heretics,omen,True,82,,2,0,1,6,False,benjyfishy,Team Heretics,deadlock,False,,25,0,0,0,4,False,Wo0t,Team Heretics,chamber,False,,50,0,0,0,0,False,grubinho,GIANTX,omen,True,100,50,1,0,0,7,True,ara,GIANTX,raze,True,100,50,0,0,1,1,False,Cloud,GIANTX,fade,True,100,25,0,0,1,3,False,Flickless,GIANTX,viper,True,100,50,0,0,0,7,True,westside,GIANTX,cypher,True,93,11,0,0,0,7,True
760.960,3259,ACTIVE_ROUND,7,3,3,56.000,,,MiniBoo,Team Heretics,raze,True,100,25,1,2,1,4,False,RieNs,Team Heretics,fade,False,,25,0,0,0,7,True,Boo,Team Heretics,omen,True,82,,2,0,1,6,False,benjyfishy,Team Heretics,deadlock,False,,25,0,0,0,4,False,Wo0t,Team Heretics,chamber,False,,50,0,0,0,0,False,grubinho,GIANTX,omen,True,100,50,1,0,0,7,True,ara,GIANTX,raze,True,100,50,0,0,1,1,False,Cloud,GIANTX,fade,True,100,25,0,0,1,3,False,Flickless,GIANTX,viper,True,100,50,0,0,0,7,True,westside,GIANTX,cypher,True,93,11,0,0,0,7,True
761.194,3260,ACTIVE_ROUND,7,3,3,56.000,,,MiniBoo,Team Heretics,raze,True,100,25,1,2,1,4,False,RieNs,Team Heretics,fade,False,,25,0,0,0,7,True,Boo,Team Heretics,omen,True,82,,2,0,1,6,False,benjyfishy,Team Heretics,deadlock,False,,25,0,0,0,4,False,Wo0t,Team Heretics,chamber,False,,50,0,0,0,0,False,grubinho,GIANTX,omen,True,100,50,1,0,0,7,True,ara,GIANTX,raze,True,100,50,0,0,1,1,False,Cloud,GIANTX,fade,True,100,25,0,0,1,3,False,Flickless,GIANTX,viper,True,100,50,0,0,0,7,True,westside,GIANTX,cypher,True,93,11,0,0,0,7,True
761.427,3261,ACTIVE_ROUND,7,3,3,56.000,,,MiniBoo,Team Heretics,raze,True,100,25,1,2,1,4,False,RieNs,Team Heretics,fade,False,,25,0,0,0,7,True,Boo,Team Heretics,omen,True,82,,2,0,1,6,False,benjyfishy,Team Heretics,deadlock,False,,25,0,0,0,4,False,Wo0t,Team Heretics,chamber,False,,50,0,0,0,0,False,grubinho,GIANTX,omen,True,100,50,1,0,0,7,True,ara,GIANTX,raze,True,100,50,0,0,1,1,False,Cloud,GIANTX,fade,True,100,25,0,0,1,3,False,Flickless,GIANTX,viper,True,100,50,0,0,0,7,True,westside,GIANTX,cypher,True,93,11,0,0,0,7,True
761.661,3262,ACTIVE_ROUND,7,3,3,56.000,,,MiniBoo,Team Heretics,raze,True,100,25,1,2,1,4,False,RieNs,Team Heretics,fade,False,,25,0,0,0,7,True,Boo,Team Heretics,omen,True,82,,2,0,1,6,False,benjyfishy,Team Heretics,deadlock,False,,25,0,0,0,4,False,Wo0t,Team Heretics,chamber,False,,50,0,0,0,0,False,grubinho,GIANTX,omen,True,100,50,1,0,0,7,True,ara,GIANTX,raze,True,100,50,0,0,1,1,False,Cloud,GIANTX,fade,True,100,25,0,0,1,3,False,Flickless,GIANTX,viper,True,100,50,0,0,0,7,True,westside,GIANTX,cypher,True,93,11,0,0,0,7,True
761.894,3263,ACTIVE_ROUND,7,3,3,55.000,,,MiniBoo,Team Heretics,raze,True,100,25,1,2,1,4,False,RieNs,Team Heretics,fade,False,,25,0,0,0,7,True,Boo,Team Heretics,omen,True,82,,2,0,1,6,False,benjyfishy,Team Heretics,deadlock,False,,25,0,0,0,4,False,Wo0t,Team Heretics,chamber,False,,50,0,0,0,0,False,grubinho,GIANTX,omen,True,100,50,1,0,0,7,True,ara,GIANTX,raze,True,100,50,0,0,1,1,False,Cloud,GIANTX,fade,True,100,25,0,0,1,3,False,Flickless,GIANTX,viper,True,100,50,0,0,0,7,True,westside,GIANTX,cypher,True,93,11,0,0,0,7,True
762.128,3264,ACTIVE_ROUND,7,3,3,55.000,,,MiniBoo,Team Heretics,raze,True,100,25,1,2,1,4,False,RieNs,Team Heretics,fade,False,,25,0,0,0,7,True,Boo,Team Heretics,omen,True,82,,2,0,1,6,False,benjyfishy,Team Heretics,deadlock,False,,25,0,0,0,4,False,Wo0t,Team Heretics,chamber,False,,50,0,0,0,0,False,grubinho,GIANTX,omen,True,100,50,1,0,0,7,True,ara,GIANTX,raze,True,100,50,0,0,1,1,False,Cloud,GIANTX,fade,True,100,25,0,0,1,3,False,Flickless,GIANTX,viper,True,100,50,0,0,0,7,True,westside,GIANTX,cypher,True,93,11,0,0,0,7,True
762.362,3265,ACTIVE_ROUND,7,3,3,55.000,,,MiniBoo,Team Heretics,raze,True,100,25,1,2,1,4,False,RieNs,Team Heretics,fade,False,,25,0,0,0,7,True,Boo,Team Heretics,omen,True,82,,2,0,1,6,False,benjyfishy,Team Heretics,deadlock,False,,25,0,0,0,4,False,Wo0t,Team Heretics,chamber,False,,50,0,0,0,0,False,grubinho,GIANTX,omen,True,100,50,1,0,0,7,True,ara,GIANTX,raze,True,100,50,0,0,1,1,False,Cloud,GIANTX,fade,True,100,25,0,0,1,3,False,Flickless,GIANTX,viper,True,100,50,0,0,0,7,True,westside,GIANTX,cypher,True,93,11,0,0,0,7,True
762.595,3266,ACTIVE_ROUND,7,3,3,55.000,,,MiniBoo,Team Heretics,raze,True,100,25,1,2,1,4,False,RieNs,Team Heretics,fade,False,,25,0,0,0,7,True,Boo,Team Heretics,omen,True,82,,2,0,1,6,False,benjyfishy,Team Heretics,deadlock,False,,25,0,0,0,4,False,Wo0t,Team Heretics,chamber,False,,50,0,0,0,0,False,grubinho,GIANTX,omen,True,100,50,1,0,0,7,True,ara,GIANTX,raze,True,100,50,0,0,1,1,False,Cloud,GIANTX,fade,True,100,25,0,0,1,3,False,Flickless,GIANTX,viper,True,100,50,0,0,0,7,True,westside,GIANTX,cypher,True,93,11,0,0,0,7,True
762.829,3267,ACTIVE_ROUND,7,3,3,54.000,,,MiniBoo,Team Heretics,raze,True,100,25,1,2,1,4,False,RieNs,Team Heretics,fade,False,,25,0,0,0,7,True,Boo,Team Heretics,omen,True,82,,2,0,1,6,False,benjyfishy,Team Heretics,deadlock,False,,25,0,0,0,4,False,Wo0t,Team Heretics,chamber,False,,50,0,0,0,0,False,grubinho,GIANTX,omen,True,100,50,1,0,0,7,True,ara,GIANTX,raze,True,100,50,0,0,1,1,False,Cloud,GIANTX,fade,True,100,25,0,0,1,3,False,Flickless,GIANTX,viper,True,100,50,0,0,0,7,True,westside,GIANTX,cypher,True,93,11,0,0,0,7,True
763.062,3268,ACTIVE_ROUND,7,3,3,54.000,,,MiniBoo,Team Heretics,raze,True,100,25,1,2,1,4,False,RieNs,Team Heretics,fade,False,,25,0,0,0,7,True,Boo,Team Heretics,omen,True,82,,2,0,1,6,False,benjyfishy,Team Heretics,deadlock,False,,25,0,0,0,4,False,Wo0t,Team Heretics,chamber,False,,50,0,0,0,0,False,grubinho,GIANTX,omen,True,100,50,1,0,0,7,True,ara,GIANTX,raze,True,100,50,0,0,1,1,False,Cloud,GIANTX,fade,True,100,25,0,0,1,3,False,Flickless,GIANTX,viper,True,100,50,0,0,0,7,True,westside,GIANTX,cypher,True,93,11,0,0,0,7,True
763.296,3269,ACTIVE_ROUND,7,3,3,54.000,,,MiniBoo,Team Heretics,raze,True,100,25,1,2,1,4,False,RieNs,Team Heretics,fade,False,,25,0,0,0,7,True,Boo,Team Heretics,omen,True,82,,2,0,1,6,False,benjyfishy,Team Heretics,deadlock,False,,25,0,0,0,4,False,Wo0t,Team Heretics,chamber,False,,50,0,0,0,0,False,grubinho,GIANTX,omen,True,100,50,1,0,0,7,True,ara,GIANTX,raze,True,100,50,0,0,0,1,False,Cloud,GIANTX,fade,True,100,25,0,0,1,3,False,Flickless,GIANTX,viper,True,100,50,0,0,0,7,True,westside,GIANTX,cypher,True,93,11,0,0,0,7,True
763.529,3270,ACTIVE_ROUND,7,3,3,54.000,,,MiniBoo,Team Heretics,raze,True,100,25,1,2,1,4,False,RieNs,Team Heretics,fade,False,,25,0,0,0,7,True,Boo,Team Heretics,omen,True,82,,2,0,1,6,False,benjyfishy,Team Heretics,deadlock,False,,25,0,0,0,4,False,Wo0t,Team Heretics,chamber,False,,50,0,0,0,0,False,grubinho,GIANTX,omen,True,100,50,1,0,0,7,True,ara,GIANTX,raze,True,100,50,0,0,0,1,False,Cloud,GIANTX,fade,True,100,25,0,0,1,3,False,Flickless,GIANTX,viper,True,100,50,0,0,0,7,True,westside,GIANTX,cypher,True,93,11,0,0,0,7,True
763.763,3271,ACTIVE_ROUND,7,3,3,53.000,,,MiniBoo,Team Heretics,raze,True,100,25,1,2,1,4,False,RieNs,Team Heretics,fade,False,,25,0,0,0,7,True,Boo,Team Heretics,omen,True,82,,2,0,1,6,False,benjyfishy,Team Heretics,deadlock,False,,25,0,0,0,4,False,Wo0t,Team Heretics,chamber,False,,50,0,0,0,0,False,grubinho,GIANTX,omen,True,100,50,1,0,0,7,True,ara,GIANTX,raze,True,100,50,0,0,0,1,False,Cloud,GIANTX,fade,True,100,25,0,0,1,3,False,Flickless,GIANTX,viper,True,100,50,0,0,0,7,True,westside,GIANTX,cypher,True,93,11,0,0,0,7,True
763.997,3272,ACTIVE_ROUND,7,3,3,53.000,,,MiniBoo,Team Heretics,raze,True,100,25,1,2,1,4,False,RieNs,Team Heretics,fade,False,,25,0,0,0,7,True,Boo,Team Heretics,omen,True,82,,2,0,1,6,False,benjyfishy,Team Heretics,deadlock,False,,25,0,0,0,4,False,Wo0t,Team Heretics,chamber,False,,50,0,0,0,0,False,grubinho,GIANTX,omen,True,100,50,1,0,0,7,True,ara,GIANTX,raze,True,100,50,0,0,0,1,False,Cloud,GIANTX,fade,True,100,25,0,0,1,3,False,Flickless,GIANTX,viper,True,100,50,0,0,0,7,True,westside,GIANTX,cypher,True,93,11,0,0,0,7,True
764.230,3273,ACTIVE_ROUND,7,3,3,53.000,,,MiniBoo,Team Heretics,raze,True,100,25,1,2,1,4,False,RieNs,Team Heretics,fade,False,,25,0,0,0,7,True,Boo,Team Heretics,omen,True,82,,2,0,1,6,False,benjyfishy,Team Heretics,deadlock,False,,25,0,0,0,4,False,Wo0t,Team Heretics,chamber,False,,50,0,0,0,0,False,grubinho,GIANTX,omen,True,100,50,1,0,0,7,True,ara,GIANTX,raze,True,100,50,0,0,0,1,False,Cloud,GIANTX,fade,True,100,25,0,0,1,3,False,Flickless,GIANTX,viper,True,100,50,0,0,0,7,True,westside,GIANTX,cypher,True,93,11,0,0,0,7,True
764.464,3274,ACTIVE_ROUND,7,3,3,53.000,,,MiniBoo,Team Heretics,raze,True,100,25,1,2,1,4,False,RieNs,Team Heretics,fade,False,,25,0,0,0,7,True,Boo,Team Heretics,omen,True,82,,2,0,1,6,False,benjyfishy,Team Heretics,deadlock,False,,25,0,0,0,4,False,Wo0t,Team Heretics,chamber,False,,50,0,0,0,0,False,grubinho,GIANTX,omen,True,100,50,1,0,0,7,True,ara,GIANTX,raze,True,100,50,0,0,0,1,False,Cloud,GIANTX,fade,True,100,25,0,0,1,3,False,Flickless,GIANTX,viper,True,100,50,0,0,0,7,True,westside,GIANTX,cypher,True,93,11,0,0,0,7,True
764.697,3275,ACTIVE_ROUND,7,3,3,53.000,,,MiniBoo,Team Heretics,raze,True,100,25,1,2,1,4,False,RieNs,Team Heretics,fade,False,,25,0,0,0,7,True,Boo,Team Heretics,omen,True,82,,2,0,1,6,False,benjyfishy,Team Heretics,deadlock,False,,25,0,0,0,4,False,Wo0t,Team Heretics,chamber,False,,50,0,0,0,0,False,grubinho,GIANTX,omen,True,100,50,1,0,0,7,True,ara,GIANTX,raze,True,100,50,0,0,0,1,False,Cloud,GIANTX,fade,True,100,25,0,0,1,3,False,Flickless,GIANTX,viper,True,100,50,0,0,0,7,True,westside,GIANTX,cypher,True,93,11,0,0,0,7,True
764.931,3276,ACTIVE_ROUND,7,3,3,52.000,,,MiniBoo,Team Heretics,raze,True,100,25,1,2,1,4,False,RieNs,Team Heretics,fade,False,,25,0,0,0,7,True,Boo,Team Heretics,omen,True,82,,2,0,1,6,False,benjyfishy,Team Heretics,deadlock,False,,25,0,0,0,4,False,Wo0t,Team Heretics,chamber,False,,50,0,0,0,0,False,grubinho,GIANTX,omen,True,100,50,1,0,0,7,True,ara,GIANTX,raze,True,100,50,0,0,0,1,False,Cloud,GIANTX,fade,True,100,25,0,0,1,3,False,Flickless,GIANTX,viper,True,100,50,0,0,0,7,True,westside,GIANTX,cypher,True,93,11,0,0,0,7,True
765.164,3277,ACTIVE_ROUND,7,3,3,52.000,,,MiniBoo,Team Heretics,raze,True,100,25,1,2,1,4,False,RieNs,Team Heretics,fade,False,,25,0,0,0,7,True,Boo,Team Heretics,omen,True,82,,2,0,1,6,False,benjyfishy,Team Heretics,deadlock,False,,25,0,0,0,4,False,Wo0t,Team Heretics,chamber,False,,50,0,0,0,0,False,grubinho,GIANTX,omen,True,100,50,1,0,0,7,True,ara,GIANTX,raze,True,100,50,0,0,0,1,False,Cloud,GIANTX,fade,True,100,25,0,0,1,3,False,Flickless,GIANTX,viper,True,100,50,0,0,0,7,True,westside,GIANTX,cypher,True,93,11,0,0,0,7,True
765.398,3278,ACTIVE_ROUND,7,3,3,52.000,,,MiniBoo,Team Heretics,raze,True,100,25,1,2,1,4,False,RieNs,Team Heretics,fade,False,,25,0,0,0,7,True,Boo,Team Heretics,omen,True,82,,2,0,1,6,False,benjyfishy,Team Heretics,deadlock,False,,25,0,0,0,4,False,Wo0t,Team Heretics,chamber,False,,50,0,0,0,0,False,grubinho,GIANTX,omen,True,100,50,1,0,0,7,True,ara,GIANTX,raze,True,100,50,0,0,0,1,False,Cloud,GIANTX,fade,True,100,25,0,0,1,3,False,Flickless,GIANTX,viper,True,100,50,0,0,0,7,True,westside,GIANTX,cypher,True,93,11,0,0,0,7,True
765.632,3279,ACTIVE_ROUND,7,3,3,52.000,,,MiniBoo,Team Heretics,raze,True,100,25,1,2,1,4,False,RieNs,Team Heretics,fade,False,,25,0,0,0,7,True,Boo,Team Heretics,omen,True,82,,2,0,1,6,False,benjyfishy,Team Heretics,deadlock,False,,25,0,0,0,4,False,Wo0t,Team Heretics,chamber,False,,50,0,0,0,0,False,grubinho,GIANTX,omen,True,100,50,1,0,0,7,True,ara,GIANTX,raze,True,100,50,0,0,0,1,False,Cloud,GIANTX,fade,True,100,25,0,0,1,3,False,Flickless,GIANTX,viper,True,100,50,0,0,0,7,True,westside,GIANTX,cypher,True,93,11,0,0,0,7,True
765.865,3280,ACTIVE_ROUND,7,3,3,51.000,,,MiniBoo,Team Heretics,raze,True,100,25,1,2,1,4,False,RieNs,Team Heretics,fade,False,,25,0,0,0,7,True,Boo,Team Heretics,omen,True,82,,2,0,1,6,False,benjyfishy,Team Heretics,deadlock,False,,25,0,0,0,4,False,Wo0t,Team Heretics,chamber,False,,50,0,0,0,0,False,grubinho,GIANTX,omen,True,100,50,1,0,0,7,True,ara,GIANTX,raze,True,100,50,0,0,0,1,False,Cloud,GIANTX,fade,True,100,25,0,0,1,3,False,Flickless,GIANTX,viper,True,100,50,0,0,0,7,True,westside,GIANTX,cypher,True,93,11,0,0,0,7,True
766.099,3281,ACTIVE_ROUND,7,3,3,51.000,,,MiniBoo,Team Heretics,raze,True,100,25,1,2,1,4,False,RieNs,Team Heretics,fade,False,,25,0,0,0,7,True,Boo,Team Heretics,omen,True,82,,2,0,1,6,False,benjyfishy,Team Heretics,deadlock,False,,25,0,0,0,4,False,Wo0t,Team Heretics,chamber,False,,50,0,0,0,0,False,grubinho,GIANTX,omen,True,100,50,1,0,0,7,True,ara,GIANTX,raze,True,100,50,0,0,0,1,False,Cloud,GIANTX,fade,True,100,25,0,0,1,3,False,Flickless,GIANTX,viper,True,100,50,0,0,0,7,True,westside,GIANTX,cypher,True,93,11,0,0,1,7,True
766.332,3282,ACTIVE_ROUND,7,3,3,51.000,,,MiniBoo,Team Heretics,raze,True,100,25,1,2,1,4,False,RieNs,Team Heretics,fade,False,,25,0,0,0,7,True,Boo,Team Heretics,omen,True,82,,2,0,1,6,False,benjyfishy,Team Heretics,deadlock,False,,25,0,0,0,4,False,Wo0t,Team Heretics,chamber,False,,50,0,0,0,0,False,grubinho,GIANTX,omen,True,100,50,1,0,0,7,True,ara,GIANTX,raze,True,100,50,0,0,0,1,False,Cloud,GIANTX,fade,True,100,25,0,0,1,3,False,Flickless,GIANTX,viper,True,100,50,0,0,0,7,True,westside,GIANTX,cypher,True,93,11,0,0,1,7,True
766.566,3283,ACTIVE_ROUND,7,3,3,51.000,,,MiniBoo,Team Heretics,raze,True,100,25,1,2,1,4,False,RieNs,Team Heretics,fade,False,,25,0,0,0,7,True,Boo,Team Heretics,omen,True,82,,2,0,1,6,False,benjyfishy,Team Heretics,deadlock,False,,25,0,0,0,4,False,Wo0t,Team Heretics,chamber,False,,50,0,0,0,0,False,grubinho,GIANTX,omen,True,100,50,1,0,0,7,True,ara,GIANTX,raze,True,100,50,0,0,0,1,False,Cloud,GIANTX,fade,True,100,25,0,0,1,3,False,Flickless,GIANTX,viper,True,100,50,0,0,0,7,True,westside,GIANTX,cypher,True,93,11,0,0,1,7,True
766.799,3284,ACTIVE_ROUND,7,3,3,50.000,,,MiniBoo,Team Heretics,raze,True,100,25,1,2,1,4,False,RieNs,Team Heretics,fade,False,,25,0,0,0,7,True,Boo,Team Heretics,omen,True,82,,2,0,1,6,False,benjyfishy,Team Heretics,deadlock,False,,25,0,0,0,4,False,Wo0t,Team Heretics,chamber,False,,50,0,0,0,0,False,grubinho,GIANTX,omen,True,100,50,1,0,0,7,True,ara,GIANTX,raze,True,100,50,0,0,0,1,False,Cloud,GIANTX,fade,True,100,25,0,0,1,3,False,Flickless,GIANTX,viper,True,100,50,0,0,0,7,True,westside,GIANTX,cypher,True,93,11,0,0,1,7,True
767.033,3285,ACTIVE_ROUND,7,3,3,50.000,,,MiniBoo,Team Heretics,raze,True,100,25,1,2,1,4,False,RieNs,Team Heretics,fade,False,,25,0,0,0,7,True,Boo,Team Heretics,omen,True,82,,2,0,1,6,False,benjyfishy,Team Heretics,deadlock,False,,25,0,0,0,4,False,Wo0t,Team Heretics,chamber,False,,50,0,0,0,0,False,grubinho,GIANTX,omen,True,100,50,1,0,0,7,True,ara,GIANTX,raze,True,100,50,0,0,0,1,False,Cloud,GIANTX,fade,True,100,25,0,0,1,3,False,Flickless,GIANTX,viper,True,100,50,0,0,0,7,True,westside,GIANTX,cypher,True,93,11,0,0,1,7,True
767.267,3286,ACTIVE_ROUND,7,3,3,50.000,,,MiniBoo,Team Heretics,raze,True,100,25,1,2,1,4,False,RieNs,Team Heretics,fade,False,,25,0,0,0,7,True,Boo,Team Heretics,omen,True,82,,2,0,1,6,False,benjyfishy,Team Heretics,deadlock,False,,25,0,0,0,4,False,Wo0t,Team Heretics,chamber,False,,50,0,0,0,0,False,grubinho,GIANTX,omen,True,100,50,1,0,0,7,True,ara,GIANTX,raze,True,100,50,0,0,0,1,False,Cloud,GIANTX,fade,True,100,25,0,0,1,3,False,Flickless,GIANTX,viper,True,100,50,0,0,0,7,True,westside,GIANTX,cypher,True,93,11,0,0,1,7,True
767.500,3287,ACTIVE_ROUND,7,3,3,50.000,,,MiniBoo,Team Heretics,raze,True,100,25,1,2,1,4,False,RieNs,Team Heretics,fade,False,,25,0,0,0,7,True,Boo,Team Heretics,omen,True,82,,2,0,1,6,False,benjyfishy,Team Heretics,deadlock,False,,25,0,0,0,4,False,Wo0t,Team Heretics,chamber,False,,50,0,0,0,0,False,grubinho,GIANTX,omen,True,100,50,1,0,0,7,True,ara,GIANTX,raze,True,100,50,0,0,0,1,False,Cloud,GIANTX,fade,True,100,25,0,0,1,3,False,Flickless,GIANTX,viper,True,100,50,0,0,0,7,True,westside,GIANTX,cypher,True,93,11,0,0,1,7,True
768.201,3290,ACTIVE_ROUND,7,3,3,,0.000,,MiniBoo,Team Heretics,raze,True,100,25,1,2,1,4,False,RieNs,Team Heretics,fade,False,,25,0,0,0,7,True,Boo,Team Heretics,omen,True,82,,2,0,1,6,False,benjyfishy,Team Heretics,deadlock,False,,25,0,0,0,4,False,Wo0t,Team Heretics,chamber,False,,50,0,0,0,0,False,grubinho,GIANTX,omen,True,100,50,1,0,0,7,True,ara,GIANTX,raze,True,100,50,0,0,0,1,False,Cloud,GIANTX,fade,True,100,25,0,0,1,4,False,Flickless,GIANTX,viper,True,100,50,0,0,0,7,True,westside,GIANTX,cypher,True,93,11,0,0,1,7,True
768.434,3291,ACTIVE_ROUND,7,3,3,,0.234,,MiniBoo,Team Heretics,raze,True,100,25,1,2,1,4,False,RieNs,Team Heretics,fade,False,,25,0,0,0,7,True,Boo,Team Heretics,omen,True,82,,2,0,1,6,False,benjyfishy,Team Heretics,deadlock,False,,25,0,0,0,4,False,Wo0t,Team Heretics,chamber,False,,50,0,0,0,0,False,grubinho,GIANTX,omen,True,100,50,1,0,0,7,True,ara,GIANTX,raze,True,100,50,0,0,0,1,False,Cloud,GIANTX,fade,True,100,25,0,0,1,4,False,Flickless,GIANTX,viper,True,100,50,0,0,0,7,True,westside,GIANTX,cypher,True,93,11,0,0,1,7,True
768.668,3292,ACTIVE_ROUND,7,3,3,,0.467,,MiniBoo,Team Heretics,raze,True,100,25,1,2,1,4,False,RieNs,Team Heretics,fade,False,,25,0,0,0,7,True,Boo,Team Heretics,omen,True,82,,2,0,1,6,False,benjyfishy,Team Heretics,deadlock,False,,25,0,0,0,4,False,Wo0t,Team Heretics,chamber,False,,50,0,0,0,0,False,grubinho,GIANTX,omen,True,100,50,1,0,0,7,True,ara,GIANTX,raze,True,100,50,0,0,0,1,False,Cloud,GIANTX,fade,True,100,25,0,0,1,4,False,Flickless,GIANTX,viper,True,100,50,0,0,0,7,True,westside,GIANTX,cypher,True,93,11,0,0,1,7,True
768.901,3293,ACTIVE_ROUND,7,3,3,,0.701,,MiniBoo,Team Heretics,raze,True,100,25,1,2,1,4,False,RieNs,Team Heretics,fade,False,,25,0,0,0,7,True,Boo,Team Heretics,omen,True,82,,2,0,1,6,False,benjyfishy,Team Heretics,deadlock,False,,25,0,0,0,4,False,Wo0t,Team Heretics,chamber,False,,50,0,0,0,0,False,grubinho,GIANTX,omen,True,100,50,1,0,0,7,True,ara,GIANTX,raze,True,100,50,0,0,0,1,False,Cloud,GIANTX,fade,True,100,25,0,0,1,4,False,Flickless,GIANTX,viper,True,100,50,0,0,0,7,True,westside,GIANTX,cypher,True,93,11,0,0,1,7,True
769.135,3294,ACTIVE_ROUND,7,3,3,,0.934,,MiniBoo,Team Heretics,raze,True,100,25,1,2,1,4,False,RieNs,Team Heretics,fade,False,,25,0,0,0,7,True,Boo,Team Heretics,omen,True,82,,2,0,1,6,False,benjyfishy,Team Heretics,deadlock,False,,25,0,0,0,4,False,Wo0t,Team Heretics,chamber,False,,50,0,0,0,0,False,grubinho,GIANTX,omen,True,100,50,1,0,0,7,True,ara,GIANTX,raze,True,100,50,0,0,0,1,False,Cloud,GIANTX,fade,True,100,25,0,0,1,4,False,Flickless,GIANTX,viper,True,100,50,0,0,0,7,True,westside,GIANTX,cypher,True,93,11,0,0,1,7,True
769.369,3295,ACTIVE_ROUND,7,3,3,,1.168,,MiniBoo,Team Heretics,raze,True,100,25,1,2,1,4,False,RieNs,Team Heretics,fade,False,,25,0,0,0,7,True,Boo,Team Heretics,omen,True,82,,2,0,1,6,False,benjyfishy,Team Heretics,deadlock,False,,25,0,0,0,4,False,Wo0t,Team Heretics,chamber,False,,50,0,0,0,0,False,grubinho,GIANTX,omen,True,100,50,1,0,0,7,True,ara,GIANTX,raze,True,100,50,0,0,0,1,False,Cloud,GIANTX,fade,True,100,25,0,0,1,4,False,Flickless,GIANTX,viper,True,100,50,0,0,0,7,True,westside,GIANTX,cypher,True,93,11,0,0,1,7,True
769.602,3296,ACTIVE_ROUND,7,3,3,,1.401,,MiniBoo,Team Heretics,raze,True,100,25,1,2,1,4,False,RieNs,Team Heretics,fade,False,,25,0,0,0,7,True,Boo,Team Heretics,omen,True,82,,2,0,1,6,False,benjyfishy,Team Heretics,deadlock,False,,25,0,0,0,4,False,Wo0t,Team Heretics,chamber,False,,50,0,0,0,0,False,grubinho,GIANTX,omen,True,100,50,1,0,0,7,True,ara,GIANTX,raze,True,100,50,0,0,0,1,False,Cloud,GIANTX,fade,True,100,25,0,0,1,4,False,Flickless,GIANTX,viper,True,100,50,0,0,0,7,True,westside,GIANTX,cypher,True,93,11,0,0,1,7,True
769.836,3297,ACTIVE_ROUND,7,3,3,,1.635,,MiniBoo,Team Heretics,raze,True,100,25,1,2,1,4,False,RieNs,Team Heretics,fade,False,,25,0,0,0,7,True,Boo,Team Heretics,omen,True,82,,2,0,1,6,False,benjyfishy,Team Heretics,deadlock,False,,25,0,0,0,4,False,Wo0t,Team Heretics,chamber,False,,50,0,0,0,0,False,grubinho,GIANTX,omen,True,100,50,1,0,0,7,True,ara,GIANTX,raze,True,100,50,0,0,0,1,False,Cloud,GIANTX,fade,True,100,25,0,0,1,4,False,Flickless,GIANTX,viper,True,100,50,0,0,0,7,True,westside,GIANTX,cypher,True,93,11,0,0,1,7,True
770.069,3298,ACTIVE_ROUND,7,3,3,,1.869,,MiniBoo,Team Heretics,raze,True,100,25,1,2,1,4,False,RieNs,Team Heretics,fade,False,,25,0,0,0,7,True,Boo,Team Heretics,omen,True,82,,2,0,1,6,False,benjyfishy,Team Heretics,deadlock,False,,25,0,0,0,4,False,Wo0t,Team Heretics,chamber,False,,50,0,0,0,0,False,grubinho,GIANTX,omen,True,100,50,1,0,0,7,True,ara,GIANTX,raze,True,100,50,0,0,0,1,False,Cloud,GIANTX,fade,True,100,25,0,0,1,4,False,Flickless,GIANTX,viper,True,100,50,0,0,0,7,True,westside,GIANTX,cypher,True,93,11,0,0,1,7,True
770.303,3299,ACTIVE_ROUND,7,3,3,,2.102,,MiniBoo,Team Heretics,raze,True,100,25,1,2,1,4,False,RieNs,Team Heretics,fade,False,,25,0,0,0,7,True,Boo,Team Heretics,omen,True,82,,2,0,1,6,False,benjyfishy,Team Heretics,deadlock,False,,25,0,0,0,4,False,Wo0t,Team Heretics,chamber,False,,50,0,0,0,0,False,grubinho,GIANTX,omen,True,100,50,1,0,0,7,True,ara,GIANTX,raze,True,100,50,0,0,0,1,False,Cloud,GIANTX,fade,True,100,25,0,0,1,4,False,Flickless,GIANTX,viper,True,100,50,0,0,0,7,True,westside,GIANTX,cypher,True,93,11,0,0,1,7,True
770.536,3300,ACTIVE_ROUND,7,3,3,,2.336,,MiniBoo,Team Heretics,raze,True,100,25,1,2,1,4,False,RieNs,Team Heretics,fade,False,,25,0,0,0,7,True,Boo,Team Heretics,omen,True,82,,2,0,1,6,False,benjyfishy,Team Heretics,deadlock,False,,25,0,0,0,4,False,Wo0t,Team Heretics,chamber,False,,50,0,0,0,0,False,grubinho,GIANTX,omen,True,100,50,1,0,0,7,True,ara,GIANTX,raze,True,100,50,0,0,0,1,False,Cloud,GIANTX,fade,True,100,25,0,0,1,4,False,Flickless,GIANTX,viper,True,100,50,0,0,0,7,True,westside,GIANTX,cypher,True,93,11,0,0,1,7,True
770.770,3301,ACTIVE_ROUND,7,3,3,,2.569,,MiniBoo,Team Heretics,raze,True,100,25,1,2,1,4,False,RieNs,Team Heretics,fade,False,,25,0,0,0,7,True,Boo,Team Heretics,omen,True,82,,2,0,1,6,False,benjyfishy,Team Heretics,deadlock,False,,25,0,0,0,4,False,Wo0t,Team Heretics,chamber,False,,50,0,0,0,0,False,grubinho,GIANTX,omen,True,100,50,1,0,0,7,True,ara,GIANTX,raze,True,100,50,0,0,0,1,False,Cloud,GIANTX,fade,True,100,25,0,0,1,4,False,Flickless,GIANTX,viper,True,100,50,0,0,0,7,True,westside,GIANTX,cypher,True,93,11,0,0,1,7,True
771.004,3302,ACTIVE_ROUND,7,3,3,,2.803,,MiniBoo,Team Heretics,raze,True,100,25,1,2,1,4,False,RieNs,Team Heretics,fade,False,,25,0,0,0,7,True,Boo,Team Heretics,omen,True,82,,2,0,1,6,False,benjyfishy,Team Heretics,deadlock,False,,25,0,0,0,4,False,Wo0t,Team Heretics,chamber,False,,50,0,0,0,0,False,grubinho,GIANTX,omen,True,100,50,1,0,0,7,True,ara,GIANTX,raze,True,100,50,0,0,0,1,False,Cloud,GIANTX,fade,True,100,25,0,0,1,4,False,Flickless,GIANTX,viper,True,100,50,0,0,0,7,True,westside,GIANTX,cypher,True,93,11,0,0,1,7,True
771.237,3303,ACTIVE_ROUND,7,3,3,,3.036,,MiniBoo,Team Heretics,raze,True,100,25,1,2,1,4,False,RieNs,Team Heretics,fade,False,,25,0,0,0,7,True,Boo,Team Heretics,omen,True,82,,2,0,1,6,False,benjyfishy,Team Heretics,deadlock,False,,25,0,0,0,4,False,Wo0t,Team Heretics,chamber,False,,50,0,0,0,0,False,grubinho,GIANTX,omen,True,100,50,1,0,0,7,True,ara,GIANTX,raze,True,100,50,0,0,0,1,False,Cloud,GIANTX,fade,True,100,25,0,0,1,4,False,Flickless,GIANTX,viper,True,100,50,0,0,0,7,True,westside,GIANTX,cypher,True,93,11,0,0,1,7,True
771.471,3304,ACTIVE_ROUND,7,3,3,,3.270,,MiniBoo,Team Heretics,raze,True,100,25,1,2,1,4,False,RieNs,Team Heretics,fade,False,,25,0,0,0,7,True,Boo,Team Heretics,omen,True,82,,2,0,1,6,False,benjyfishy,Team Heretics,deadlock,False,,25,0,0,0,4,False,Wo0t,Team Heretics,chamber,False,,50,0,0,0,0,False,grubinho,GIANTX,omen,True,100,50,1,0,0,7,True,ara,GIANTX,raze,True,100,50,0,0,0,1,False,Cloud,GIANTX,fade,True,100,25,0,0,1,4,False,Flickless,GIANTX,viper,True,100,50,0,0,0,7,True,westside,GIANTX,cypher,True,93,11,0,0,1,7,True
771.704,3305,ACTIVE_ROUND,7,3,3,,3.503,,MiniBoo,Team Heretics,raze,True,100,25,1,2,1,4,False,RieNs,Team Heretics,fade,False,,25,0,0,0,7,True,Boo,Team Heretics,omen,True,82,,0,0,0,6,False,benjyfishy,Team Heretics,deadlock,False,,25,0,0,0,4,False,Wo0t,Team Heretics,chamber,False,,50,0,0,0,0,False,grubinho,GIANTX,omen,True,100,50,1,0,0,7,True,ara,GIANTX,raze,True,100,50,0,0,0,1,False,Cloud,GIANTX,fade,True,100,25,0,0,1,4,False,Flickless,GIANTX,viper,True,100,50,0,0,0,7,True,westside,GIANTX,cypher,True,93,11,0,0,1,7,True
771.938,3306,ACTIVE_ROUND,7,3,3,,3.737,,MiniBoo,Team Heretics,raze,True,100,25,1,2,1,4,False,RieNs,Team Heretics,fade,False,,25,0,0,0,7,True,Boo,Team Heretics,omen,False,,,0,0,0,6,False,benjyfishy,Team Heretics,deadlock,False,,25,0,0,0,4,False,Wo0t,Team Heretics,chamber,False,,50,0,0,0,0,False,grubinho,GIANTX,omen,True,100,50,1,0,0,7,True,ara,GIANTX,raze,True,100,50,0,0,0,1,False,Cloud,GIANTX,fade,True,100,25,0,0,1,4,False,Flickless,GIANTX,viper,True,100,50,0,0,0,7,True,westside,GIANTX,cypher,True,93,11,0,0,1,7,True
772.171,3307,ACTIVE_ROUND,7,3,3,,3.971,,MiniBoo,Team Heretics,raze,True,100,25,1,2,1,4,False,RieNs,Team Heretics,fade,False,,25,0,0,0,7,True,Boo,Team Heretics,omen,False,,,0,0,0,6,False,benjyfishy,Team Heretics,deadlock,False,,25,0,0,0,4,False,Wo0t,Team Heretics,chamber,False,,50,0,0,0,0,False,grubinho,GIANTX,omen,True,100,50,1,0,0,7,True,ara,GIANTX,raze,True,100,50,0,0,0,2,False,Cloud,GIANTX,fade,True,100,25,0,0,0,4,False,Flickless,GIANTX,viper,True,100,50,0,0,0,7,True,westside,GIANTX,cypher,True,93,11,0,0,1,7,True
772.405,3308,ACTIVE_ROUND,7,3,3,,4.204,,MiniBoo,Team Heretics,raze,True,100,25,1,2,1,4,False,RieNs,Team Heretics,fade,False,,25,0,0,0,7,True,Boo,Team Heretics,omen,False,,,0,0,0,6,False,benjyfishy,Team Heretics,deadlock,False,,25,0,0,0,4,False,Wo0t,Team Heretics,chamber,False,,50,0,0,0,0,False,grubinho,GIANTX,omen,True,100,50,1,0,0,7,True,ara,GIANTX,raze,True,100,50,0,0,0,2,False,Cloud,GIANTX,fade,True,100,25,0,0,0,4,False,Flickless,GIANTX,viper,True,100,50,0,0,0,7,True,westside,GIANTX,cypher,True,93,11,0,0,1,7,True
772.639,3309,ACTIVE_ROUND,7,3,3,,4.438,,MiniBoo,Team Heretics,raze,True,100,25,1,2,1,4,False,RieNs,Team Heretics,fade,False,,25,0,0,0,7,True,Boo,Team Heretics,omen,False,,,0,0,0,6,False,benjyfishy,Team Heretics,deadlock,False,,25,0,0,0,4,False,Wo0t,Team Heretics,chamber,False,,50,0,0,0,0,False,grubinho,GIANTX,omen,True,100,50,1,0,0,7,True,ara,GIANTX,raze,True,100,50,0,0,0,2,False,Cloud,GIANTX,fade,True,100,25,0,0,0,4,False,Flickless,GIANTX,viper,True,100,50,0,0,0,7,True,westside,GIANTX,cypher,True,93,11,0,0,1,7,True
772.872,3310,ACTIVE_ROUND,7,3,3,,4.671,,MiniBoo,Team Heretics,raze,True,100,25,1,2,1,4,False,RieNs,Team Heretics,fade,False,,25,0,0,0,7,True,Boo,Team Heretics,omen,False,,,0,0,0,6,False,benjyfishy,Team Heretics,deadlock,False,,25,0,0,0,4,False,Wo0t,Team Heretics,chamber,False,,50,0,0,0,0,False,grubinho,GIANTX,omen,True,100,50,1,0,0,7,True,ara,GIANTX,raze,True,100,50,0,0,0,2,False,Cloud,GIANTX,fade,True,100,25,0,0,0,4,False,Flickless,GIANTX,viper,True,100,50,0,0,0,7,True,westside,GIANTX,cypher,True,93,11,0,0,1,7,True
773.106,3311,ACTIVE_ROUND,7,3,3,,4.905,,MiniBoo,Team Heretics,raze,True,100,25,1,2,1,4,False,RieNs,Team Heretics,fade,False,,25,0,0,0,7,True,Boo,Team Heretics,omen,False,,,0,0,0,6,False,benjyfishy,Team Heretics,deadlock,False,,25,0,0,0,4,False,Wo0t,Team Heretics,chamber,False,,50,0,0,0,0,False,grubinho,GIANTX,omen,True,100,50,1,0,0,7,True,ara,GIANTX,raze,True,100,50,0,0,0,2,False,Cloud,GIANTX,fade,True,100,25,0,0,0,4,False,Flickless,GIANTX,viper,True,100,50,0,0,0,7,True,westside,GIANTX,cypher,True,93,11,0,0,1,7,True
773.339,3312,ACTIVE_ROUND,7,3,3,,5.138,,MiniBoo,Team Heretics,raze,True,100,25,1,2,1,4,False,RieNs,Team Heretics,fade,False,,25,0,0,0,7,True,Boo,Team Heretics,omen,False,,,0,0,0,6,False,benjyfishy,Team Heretics,deadlock,False,,25,0,0,0,4,False,Wo0t,Team Heretics,chamber,False,,50,0,0,0,0,False,grubinho,GIANTX,omen,True,100,50,1,0,0,7,True,ara,GIANTX,raze,True,100,50,0,0,0,2,False,Cloud,GIANTX,fade,True,100,25,0,0,0,4,False,Flickless,GIANTX,viper,True,100,50,0,0,0,7,True,westside,GIANTX,cypher,True,93,11,0,0,1,7,True
773.573,3313,ACTIVE_ROUND,7,3,3,,5.372,,MiniBoo,Team Heretics,raze,True,100,25,1,2,1,4,False,RieNs,Team Heretics,fade,False,,25,0,0,0,7,True,Boo,Team Heretics,omen,False,,,0,0,0,6,False,benjyfishy,Team Heretics,deadlock,False,,25,0,0,0,4,False,Wo0t,Team Heretics,chamber,False,,50,0,0,0,0,False,grubinho,GIANTX,omen,True,100,50,1,0,0,7,True,ara,GIANTX,raze,True,100,50,0,0,0,2,False,Cloud,GIANTX,fade,True,100,25,0,0,0,4,False,Flickless,GIANTX,viper,True,100,50,0,0,0,7,True,westside,GIANTX,cypher,True,93,11,0,0,1,7,True
773.806,3314,ACTIVE_ROUND,7,3,3,,5.606,,MiniBoo,Team Heretics,raze,True,100,25,1,2,1,4,False,RieNs,Team Heretics,fade,False,,25,0,0,0,7,True,Boo,Team Heretics,omen,False,,,0,0,0,6,False,benjyfishy,Team Heretics,deadlock,False,,25,0,0,0,4,False,Wo0t,Team Heretics,chamber,False,,50,0,0,0,0,False,grubinho,GIANTX,omen,True,100,50,1,0,0,7,True,ara,GIANTX,raze,True,100,50,0,0,0,2,False,Cloud,GIANTX,fade,True,100,25,0,0,0,4,False,Flickless,GIANTX,viper,True,100,50,0,0,0,7,True,westside,GIANTX,cypher,True,93,11,0,0,1,7,True
774.040,3315,ACTIVE_ROUND,7,3,3,,5.839,,MiniBoo,Team Heretics,raze,True,100,25,1,2,1,4,False,RieNs,Team Heretics,fade,False,,25,0,0,0,7,True,Boo,Team Heretics,omen,False,,,0,0,0,6,False,benjyfishy,Team Heretics,deadlock,False,,25,0,0,0,4,False,Wo0t,Team Heretics,chamber,False,,50,0,0,0,0,False,grubinho,GIANTX,omen,True,100,50,1,0,0,7,True,ara,GIANTX,raze,True,100,50,0,0,0,2,False,Cloud,GIANTX,fade,True,100,25,0,0,0,4,False,Flickless,GIANTX,viper,True,100,50,0,0,0,7,True,westside,GIANTX,cypher,True,93,11,0,0,1,7,True
774.274,3316,ACTIVE_ROUND,7,3,3,,6.073,,MiniBoo,Team Heretics,raze,True,100,25,1,2,1,4,False,RieNs,Team Heretics,fade,False,,25,0,0,0,7,True,Boo,Team Heretics,omen,False,,,0,0,0,6,False,benjyfishy,Team Heretics,deadlock,False,,25,0,0,0,4,False,Wo0t,Team Heretics,chamber,False,,50,0,0,0,0,False,grubinho,GIANTX,omen,True,100,50,1,0,0,7,True,ara,GIANTX,raze,True,100,50,0,0,0,2,False,Cloud,GIANTX,fade,True,100,25,0,0,0,4,False,Flickless,GIANTX,viper,True,100,50,0,0,0,7,True,westside,GIANTX,cypher,True,93,11,0,0,1,7,True
774.507,3317,ACTIVE_ROUND,7,3,3,,6.306,,MiniBoo,Team Heretics,raze,True,100,25,1,2,1,4,False,RieNs,Team Heretics,fade,False,,25,0,0,0,7,True,Boo,Team Heretics,omen,False,,,0,0,0,6,False,benjyfishy,Team Heretics,deadlock,False,,25,0,0,0,4,False,Wo0t,Team Heretics,chamber,False,,50,0,0,0,0,False,grubinho,GIANTX,omen,True,100,50,1,0,0,7,True,ara,GIANTX,raze,True,100,50,0,0,0,2,False,Cloud,GIANTX,fade,True,100,25,0,0,0,4,False,Flickless,GIANTX,viper,True,100,50,0,0,0,7,True,westside,GIANTX,cypher,True,93,11,0,0,1,7,True
774.741,3318,ACTIVE_ROUND,7,3,3,,6.540,,MiniBoo,Team Heretics,raze,True,100,25,1,2,1,4,False,RieNs,Team Heretics,fade,False,,25,0,0,0,7,True,Boo,Team Heretics,omen,False,,,0,0,0,6,False,benjyfishy,Team Heretics,deadlock,False,,25,0,0,0,4,False,Wo0t,Team Heretics,chamber,False,,50,0,0,0,0,False,grubinho,GIANTX,omen,True,100,50,1,0,0,7,True,ara,GIANTX,raze,True,100,50,0,0,0,2,False,Cloud,GIANTX,fade,True,100,25,0,0,0,4,False,Flickless,GIANTX,viper,True,100,50,0,0,0,7,True,westside,GIANTX,cypher,True,93,11,0,0,1,7,True
774.974,3319,ACTIVE_ROUND,7,3,3,,6.773,,MiniBoo,Team Heretics,raze,True,100,25,1,2,1,4,False,RieNs,Team Heretics,fade,False,,25,0,0,0,7,True,Boo,Team Heretics,omen,False,,,0,0,0,6,False,benjyfishy,Team Heretics,deadlock,False,,25,0,0,0,4,False,Wo0t,Team Heretics,chamber,False,,50,0,0,0,0,False,grubinho,GIANTX,omen,True,100,50,1,0,0,7,True,ara,GIANTX,raze,True,100,50,0,0,0,2,False,Cloud,GIANTX,fade,True,100,25,0,0,0,4,False,Flickless,GIANTX,viper,True,100,50,0,0,0,7,True,westside,GIANTX,cypher,True,93,11,0,0,1,7,True
775.208,3320,ACTIVE_ROUND,7,3,3,,7.007,,MiniBoo,Team Heretics,raze,True,100,25,1,2,1,4,False,RieNs,Team Heretics,fade,False,,25,0,0,0,7,True,Boo,Team Heretics,omen,False,,,0,0,0,6,False,benjyfishy,Team Heretics,deadlock,False,,25,0,0,0,4,False,Wo0t,Team Heretics,chamber,False,,50,0,0,0,0,False,grubinho,GIANTX,omen,True,100,50,1,0,0,7,True,ara,GIANTX,raze,True,100,50,0,0,0,2,False,Cloud,GIANTX,fade,True,100,25,0,0,0,4,False,Flickless,GIANTX,viper,True,100,50,0,0,0,7,True,westside,GIANTX,cypher,True,93,11,0,0,1,7,True
775.441,3321,ACTIVE_ROUND,7,3,3,,7.241,,MiniBoo,Team Heretics,raze,True,100,25,1,2,1,4,False,RieNs,Team Heretics,fade,False,,25,0,0,0,7,True,Boo,Team Heretics,omen,False,,,0,0,0,6,False,benjyfishy,Team Heretics,deadlock,False,,25,0,0,0,4,False,Wo0t,Team Heretics,chamber,False,,50,0,0,0,0,False,grubinho,GIANTX,omen,True,100,50,1,0,0,7,True,ara,GIANTX,raze,True,100,50,0,0,0,2,False,Cloud,GIANTX,fade,True,100,25,0,0,0,4,False,Flickless,GIANTX,viper,True,100,50,0,0,0,7,True,westside,GIANTX,cypher,True,93,11,0,0,1,7,True
775.675,3322,ACTIVE_ROUND,7,3,3,,7.474,,MiniBoo,Team Heretics,raze,True,100,25,1,2,1,4,False,RieNs,Team Heretics,fade,False,,25,0,0,0,7,True,Boo,Team Heretics,omen,False,,,0,0,0,6,False,benjyfishy,Team Heretics,deadlock,False,,25,0,0,0,4,False,Wo0t,Team Heretics,chamber,False,,50,0,0,0,0,False,grubinho,GIANTX,omen,True,100,50,1,0,0,7,True,ara,GIANTX,raze,True,100,50,0,0,0,2,False,Cloud,GIANTX,fade,True,100,25,0,0,0,4,False,Flickless,GIANTX,viper,True,100,50,0,0,0,7,True,westside,GIANTX,cypher,True,93,11,0,0,1,7,True
775.908,3323,ACTIVE_ROUND,7,3,3,,7.708,,MiniBoo,Team Heretics,raze,True,100,25,1,2,1,4,False,RieNs,Team Heretics,fade,False,,25,0,0,0,7,True,Boo,Team Heretics,omen,False,,,0,0,0,6,False,benjyfishy,Team Heretics,deadlock,False,,25,0,0,0,4,False,Wo0t,Team Heretics,chamber,False,,50,0,0,0,0,False,grubinho,GIANTX,omen,True,100,50,1,0,0,7,True,ara,GIANTX,raze,True,100,50,0,0,0,2,False,Cloud,GIANTX,fade,True,100,25,0,0,0,4,False,Flickless,GIANTX,viper,True,100,50,0,0,0,7,True,westside,GIANTX,cypher,True,93,11,0,0,1,7,True
776.142,3324,ACTIVE_ROUND,7,3,3,,7.941,,MiniBoo,Team Heretics,raze,True,100,25,1,2,1,4,False,RieNs,Team Heretics,fade,False,,25,0,0,0,7,True,Boo,Team Heretics,omen,False,,,0,0,0,6,False,benjyfishy,Team Heretics,deadlock,False,,25,0,0,0,4,False,Wo0t,Team Heretics,chamber,False,,50,0,0,0,0,False,grubinho,GIANTX,omen,True,100,50,1,0,0,7,True,ara,GIANTX,raze,True,100,50,0,0,0,2,False,Cloud,GIANTX,fade,True,100,25,0,0,0,4,False,Flickless,GIANTX,viper,True,100,50,0,0,0,7,True,westside,GIANTX,cypher,True,93,11,0,0,1,7,True
776.376,3325,ACTIVE_ROUND,7,3,3,,8.175,,MiniBoo,Team Heretics,raze,True,100,25,1,2,1,4,False,RieNs,Team Heretics,fade,False,,25,0,0,0,7,True,Boo,Team Heretics,omen,False,,,0,0,0,6,False,benjyfishy,Team Heretics,deadlock,False,,25,0,0,0,4,False,Wo0t,Team Heretics,chamber,False,,50,0,0,0,0,False,grubinho,GIANTX,omen,True,100,50,1,0,0,7,True,ara,GIANTX,raze,True,100,50,0,0,0,2,False,Cloud,GIANTX,fade,True,100,25,0,0,0,4,False,Flickless,GIANTX,viper,True,100,50,0,0,0,7,True,westside,GIANTX,cypher,True,93,11,0,0,1,7,True
776.609,3326,ACTIVE_ROUND,7,3,3,,8.408,,MiniBoo,Team Heretics,raze,True,100,25,1,2,1,4,False,RieNs,Team Heretics,fade,False,,25,0,0,0,7,True,Boo,Team Heretics,omen,False,,,0,0,0,6,False,benjyfishy,Team Heretics,deadlock,False,,25,0,0,0,4,False,Wo0t,Team Heretics,chamber,False,,50,0,0,0,0,False,grubinho,GIANTX,omen,True,100,50,1,0,0,7,True,ara,GIANTX,raze,True,100,50,0,0,0,2,False,Cloud,GIANTX,fade,True,100,25,0,0,0,4,False,Flickless,GIANTX,viper,True,100,50,0,0,0,7,True,westside,GIANTX,cypher,True,93,11,0,0,1,7,True
776.843,3327,ACTIVE_ROUND,7,3,3,,8.642,,MiniBoo,Team Heretics,raze,True,100,25,1,2,1,4,False,RieNs,Team Heretics,fade,False,,25,0,0,0,7,True,Boo,Team Heretics,omen,False,,,0,0,0,6,False,benjyfishy,Team Heretics,deadlock,False,,25,0,0,0,4,False,Wo0t,Team Heretics,chamber,False,,50,0,0,0,0,False,grubinho,GIANTX,omen,True,100,50,1,0,0,7,True,ara,GIANTX,raze,True,100,50,0,0,0,2,False,Cloud,GIANTX,fade,True,100,25,0,0,0,4,False,Flickless,GIANTX,viper,True,100,50,0,0,0,7,True,westside,GIANTX,cypher,True,93,11,0,0,1,7,True
777.076,3328,ACTIVE_ROUND,7,3,3,,8.876,,MiniBoo,Team Heretics,raze,True,100,25,1,2,1,4,False,RieNs,Team Heretics,fade,False,,25,0,0,0,7,True,Boo,Team Heretics,omen,False,,,0,0,0,6,False,benjyfishy,Team Heretics,deadlock,False,,25,0,0,0,4,False,Wo0t,Team Heretics,chamber,False,,50,0,0,0,0,False,grubinho,GIANTX,omen,True,100,50,1,0,0,7,True,ara,GIANTX,raze,True,100,50,0,0,0,2,False,Cloud,GIANTX,fade,True,100,25,0,0,0,4,False,Flickless,GIANTX,viper,True,100,50,0,0,0,7,True,westside,GIANTX,cypher,True,93,11,0,0,1,7,True
777.310,3329,ACTIVE_ROUND,7,3,3,,9.109,,MiniBoo,Team Heretics,raze,True,100,25,1,2,1,4,False,RieNs,Team Heretics,fade,False,,25,0,0,0,7,True,Boo,Team Heretics,omen,False,,,0,0,0,6,False,benjyfishy,Team Heretics,deadlock,False,,25,0,0,0,4,False,Wo0t,Team Heretics,chamber,False,,50,0,0,0,0,False,grubinho,GIANTX,omen,True,100,50,1,0,0,7,True,ara,GIANTX,raze,True,100,50,0,0,0,2,False,Cloud,GIANTX,fade,True,100,25,0,0,0,4,False,Flickless,GIANTX,viper,True,100,50,0,0,0,7,True,westside,GIANTX,cypher,True,93,11,0,0,1,7,True
777.543,3330,ACTIVE_ROUND,7,3,3,,9.343,,MiniBoo,Team Heretics,raze,True,100,25,1,2,1,4,False,RieNs,Team Heretics,fade,False,,25,0,0,0,7,True,Boo,Team Heretics,omen,False,,,0,0,0,6,False,benjyfishy,Team Heretics,deadlock,False,,25,0,0,0,4,False,Wo0t,Team Heretics,chamber,False,,50,0,0,0,0,False,grubinho,GIANTX,omen,True,100,50,1,0,0,7,True,ara,GIANTX,raze,True,100,50,0,0,0,2,False,Cloud,GIANTX,fade,True,100,25,0,0,0,4,False,Flickless,GIANTX,viper,True,100,50,0,0,0,7,True,westside,GIANTX,cypher,True,93,11,0,0,1,7,True
777.777,3331,ACTIVE_ROUND,7,3,3,,9.576,,MiniBoo,Team Heretics,raze,True,100,25,1,2,1,4,False,RieNs,Team Heretics,fade,False,,25,0,0,0,7,True,Boo,Team Heretics,omen,False,,,0,0,0,6,False,benjyfishy,Team Heretics,deadlock,False,,25,0,0,0,4,False,Wo0t,Team Heretics,chamber,False,,50,0,0,0,0,False,grubinho,GIANTX,omen,True,100,50,1,0,0,7,True,ara,GIANTX,raze,True,100,50,0,0,0,2,False,Cloud,GIANTX,fade,True,100,25,0,0,0,4,False,Flickless,GIANTX,viper,True,100,50,0,0,0,7,True,westside,GIANTX,cypher,True,93,11,0,0,1,7,True
778.011,3332,ACTIVE_ROUND,7,3,3,,9.810,,MiniBoo,Team Heretics,raze,True,100,25,1,2,1,4,False,RieNs,Team Heretics,fade,False,,25,0,0,0,7,True,Boo,Team Heretics,omen,False,,,0,0,0,6,False,benjyfishy,Team Heretics,deadlock,False,,25,0,0,0,4,False,Wo0t,Team Heretics,chamber,False,,50,0,0,0,0,False,grubinho,GIANTX,omen,True,100,50,1,0,0,7,True,ara,GIANTX,raze,True,100,50,0,0,0,2,False,Cloud,GIANTX,fade,True,100,25,0,0,0,4,False,Flickless,GIANTX,viper,True,100,50,0,0,0,7,True,westside,GIANTX,cypher,True,93,11,0,0,1,7,True
778.244,3333,ACTIVE_ROUND,7,3,3,,10.043,,MiniBoo,Team Heretics,raze,True,100,25,1,2,1,4,False,RieNs,Team Heretics,fade,False,,25,0,0,0,7,True,Boo,Team Heretics,omen,False,,,0,0,0,6,False,benjyfishy,Team Heretics,deadlock,False,,25,0,0,0,4,False,Wo0t,Team Heretics,chamber,False,,50,0,0,0,0,False,grubinho,GIANTX,omen,True,100,50,1,0,0,7,True,ara,GIANTX,raze,True,100,50,0,0,0,2,False,Cloud,GIANTX,fade,True,100,25,0,0,0,4,False,Flickless,GIANTX,viper,True,100,50,0,0,0,7,True,westside,GIANTX,cypher,True,93,11,0,0,1,7,True
778.478,3334,ACTIVE_ROUND,7,3,3,,10.277,,MiniBoo,Team Heretics,raze,True,100,25,1,2,1,4,False,RieNs,Team Heretics,fade,False,,25,0,0,0,7,True,Boo,Team Heretics,omen,False,,,0,0,0,6,False,benjyfishy,Team Heretics,deadlock,False,,25,0,0,0,4,False,Wo0t,Team Heretics,chamber,False,,50,0,0,0,0,False,grubinho,GIANTX,omen,True,100,50,1,0,0,7,True,ara,GIANTX,raze,True,100,50,0,0,0,2,False,Cloud,GIANTX,fade,True,100,25,0,0,0,4,False,Flickless,GIANTX,viper,True,100,50,0,0,0,7,True,westside,GIANTX,cypher,True,93,11,0,0,1,7,True
778.711,3335,ACTIVE_ROUND,7,3,3,,10.510,,MiniBoo,Team Heretics,raze,True,100,25,1,2,1,4,False,RieNs,Team Heretics,fade,False,,25,0,0,0,7,True,Boo,Team Heretics,omen,False,,,0,0,0,6,False,benjyfishy,Team Heretics,deadlock,False,,25,0,0,0,4,False,Wo0t,Team Heretics,chamber,False,,50,0,0,0,0,False,grubinho,GIANTX,omen,True,100,50,1,0,0,7,True,ara,GIANTX,raze,True,100,50,0,0,0,2,False,Cloud,GIANTX,fade,True,100,25,0,0,0,4,False,Flickless,GIANTX,viper,True,100,50,0,0,0,7,True,westside,GIANTX,cypher,True,93,11,0,0,1,7,True
778.945,3336,ACTIVE_ROUND,7,3,3,,10.744,,MiniBoo,Team Heretics,raze,True,100,25,1,2,1,4,False,RieNs,Team Heretics,fade,False,,25,0,0,0,7,True,Boo,Team Heretics,omen,False,,,0,0,0,6,False,benjyfishy,Team Heretics,deadlock,False,,25,0,0,0,4,False,Wo0t,Team Heretics,chamber,False,,50,0,0,0,0,False,grubinho,GIANTX,omen,True,100,50,1,0,0,7,True,ara,GIANTX,raze,True,100,50,0,0,0,2,False,Cloud,GIANTX,fade,True,100,25,0,0,0,4,False,Flickless,GIANTX,viper,True,100,50,0,0,0,7,True,westside,GIANTX,cypher,True,93,11,0,0,1,7,True
779.178,3337,ACTIVE_ROUND,7,3,3,,10.978,,MiniBoo,Team Heretics,raze,True,100,25,1,2,1,4,False,RieNs,Team Heretics,fade,False,,25,0,0,0,7,True,Boo,Team Heretics,omen,False,,,0,0,0,6,False,benjyfishy,Team Heretics,deadlock,False,,25,0,0,0,4,False,Wo0t,Team Heretics,chamber,False,,50,0,0,0,0,False,grubinho,GIANTX,omen,True,100,50,1,0,1,7,True,ara,GIANTX,raze,True,100,50,0,0,0,2,False,Cloud,GIANTX,fade,True,100,25,0,0,0,4,False,Flickless,GIANTX,viper,True,100,50,0,0,0,7,True,westside,GIANTX,cypher,True,93,11,0,0,1,7,True
779.412,3338,ACTIVE_ROUND,7,3,3,,11.211,,MiniBoo,Team Heretics,raze,True,100,25,1,2,1,4,False,RieNs,Team Heretics,fade,False,,25,0,0,0,7,True,Boo,Team Heretics,omen,False,,,0,0,0,6,False,benjyfishy,Team Heretics,deadlock,False,,25,0,0,0,4,False,Wo0t,Team Heretics,chamber,False,,50,0,0,0,0,False,grubinho,GIANTX,omen,True,100,50,1,0,1,7,True,ara,GIANTX,raze,True,100,50,0,0,0,2,False,Cloud,GIANTX,fade,True,100,25,0,0,0,4,False,Flickless,GIANTX,viper,True,100,50,0,0,0,7,True,westside,GIANTX,cypher,True,93,11,0,0,1,7,True
779.646,3339,ACTIVE_ROUND,7,3,3,,11.445,,MiniBoo,Team Heretics,raze,True,100,25,1,2,1,4,False,RieNs,Team Heretics,fade,False,,25,0,0,0,7,True,Boo,Team Heretics,omen,False,,,0,0,0,6,False,benjyfishy,Team Heretics,deadlock,False,,25,0,0,0,4,False,Wo0t,Team Heretics,chamber,False,,50,0,0,0,0,False,grubinho,GIANTX,omen,True,100,50,1,0,1,7,True,ara,GIANTX,raze,True,100,50,0,0,0,2,False,Cloud,GIANTX,fade,True,100,25,0,0,0,4,False,Flickless,GIANTX,viper,True,100,50,0,0,0,7,True,westside,GIANTX,cypher,True,93,11,0,0,1,7,True
779.879,3340,ACTIVE_ROUND,7,3,3,,11.678,,MiniBoo,Team Heretics,raze,True,100,25,1,2,1,4,False,RieNs,Team Heretics,fade,False,,25,0,0,0,7,True,Boo,Team Heretics,omen,False,,,0,0,0,6,False,benjyfishy,Team Heretics,deadlock,False,,25,0,0,0,4,False,Wo0t,Team Heretics,chamber,False,,50,0,0,0,0,False,grubinho,GIANTX,omen,True,100,8,1,0,1,7,True,ara,GIANTX,raze,True,100,50,0,0,0,2,False,Cloud,GIANTX,fade,True,100,25,0,0,0,4,False,Flickless,GIANTX,viper,True,100,50,0,0,0,7,True,westside,GIANTX,cypher,True,93,11,0,0,1,7,True
780.113,3341,ACTIVE_ROUND,7,3,3,,11.912,,MiniBoo,Team Heretics,raze,True,100,25,1,2,1,4,False,RieNs,Team Heretics,fade,False,,25,0,0,0,7,True,Boo,Team Heretics,omen,False,,,0,0,0,6,False,benjyfishy,Team Heretics,deadlock,False,,25,0,0,0,4,False,Wo0t,Team Heretics,chamber,False,,50,0,0,0,0,False,grubinho,GIANTX,omen,True,100,8,1,0,1,7,True,ara,GIANTX,raze,True,100,50,0,0,0,2,False,Cloud,GIANTX,fade,True,100,25,0,0,0,4,False,Flickless,GIANTX,viper,True,100,50,0,0,0,7,True,westside,GIANTX,cypher,True,93,11,0,0,0,7,True
780.346,3342,ACTIVE_ROUND,7,3,3,,12.145,,MiniBoo,Team Heretics,raze,True,100,25,1,2,1,4,False,RieNs,Team Heretics,fade,False,,25,0,0,0,7,True,Boo,Team Heretics,omen,False,,,0,0,0,6,False,benjyfishy,Team Heretics,deadlock,False,,25,0,0,0,4,False,Wo0t,Team Heretics,chamber,False,,50,0,0,0,0,False,grubinho,GIANTX,omen,True,100,8,1,0,1,7,True,ara,GIANTX,raze,True,100,50,0,0,0,2,False,Cloud,GIANTX,fade,True,100,25,0,0,0,4,False,Flickless,GIANTX,viper,True,100,50,0,0,0,7,True,westside,GIANTX,cypher,True,93,11,0,0,0,7,True
780.580,3343,ACTIVE_ROUND,7,3,3,,12.379,,MiniBoo,Team Heretics,raze,True,100,25,1,2,1,4,False,RieNs,Team Heretics,fade,False,,25,0,0,0,7,True,Boo,Team Heretics,omen,False,,,0,0,0,6,False,benjyfishy,Team Heretics,deadlock,False,,25,0,0,0,4,False,Wo0t,Team Heretics,chamber,False,,50,0,0,0,0,False,grubinho,GIANTX,omen,True,100,50,1,0,1,7,True,ara,GIANTX,raze,True,100,50,0,0,0,2,False,Cloud,GIANTX,fade,True,100,25,0,0,0,4,False,Flickless,GIANTX,viper,True,100,50,0,0,0,7,True,westside,GIANTX,cypher,True,93,11,0,0,0,7,True
780.813,3344,ACTIVE_ROUND,7,3,3,,12.613,,MiniBoo,Team Heretics,raze,True,100,25,1,2,1,4,False,RieNs,Team Heretics,fade,False,,25,0,0,0,7,True,Boo,Team Heretics,omen,False,,,0,0,0,6,False,benjyfishy,Team Heretics,deadlock,False,,25,0,0,0,4,False,Wo0t,Team Heretics,chamber,False,,50,0,0,0,0,False,grubinho,GIANTX,omen,True,100,50,1,0,1,7,True,ara,GIANTX,raze,False,,50,0,0,0,2,False,Cloud,GIANTX,fade,True,100,25,0,0,0,4,False,Flickless,GIANTX,viper,True,100,50,0,0,0,7,True,westside,GIANTX,cypher,True,93,11,0,0,0,7,True
781.047,3345,ACTIVE_ROUND,7,3,3,,12.846,,MiniBoo,Team Heretics,raze,True,100,25,1,2,1,4,False,RieNs,Team Heretics,fade,False,,25,0,0,0,7,True,Boo,Team Heretics,omen,False,,,0,0,0,6,False,benjyfishy,Team Heretics,deadlock,False,,25,0,0,0,4,False,Wo0t,Team Heretics,chamber,False,,50,0,0,0,0,False,grubinho,GIANTX,omen,True,100,50,1,0,1,7,True,ara,GIANTX,raze,False,,50,0,0,0,2,False,Cloud,GIANTX,fade,True,100,25,0,0,0,4,False,Flickless,GIANTX,viper,True,100,50,0,0,0,7,True,westside,GIANTX,cypher,True,93,11,0,0,0,7,True
781.280,3346,ACTIVE_ROUND,7,3,3,,13.080,,MiniBoo,Team Heretics,raze,True,100,25,1,2,1,5,False,RieNs,Team Heretics,fade,False,,25,0,0,0,7,True,Boo,Team Heretics,omen,False,,,0,0,0,6,False,benjyfishy,Team Heretics,deadlock,False,,25,0,0,0,4,False,Wo0t,Team Heretics,chamber,False,,50,0,0,0,0,False,grubinho,GIANTX,omen,True,100,50,1,0,1,7,True,ara,GIANTX,raze,False,,50,0,0,0,2,False,Cloud,GIANTX,fade,True,100,25,0,0,0,4,False,Flickless,GIANTX,viper,True,100,50,0,0,0,7,True,westside,GIANTX,cypher,True,93,11,0,0,0,7,True
781.514,3347,ACTIVE_ROUND,7,3,3,,13.313,,MiniBoo,Team Heretics,raze,True,100,25,1,2,1,5,False,RieNs,Team Heretics,fade,False,,25,0,0,0,7,True,Boo,Team Heretics,omen,False,,,0,0,0,6,False,benjyfishy,Team Heretics,deadlock,False,,25,0,0,0,4,False,Wo0t,Team Heretics,chamber,False,,50,0,0,0,0,False,grubinho,GIANTX,omen,True,100,50,1,0,1,7,True,ara,GIANTX,raze,False,,50,0,0,0,2,False,Cloud,GIANTX,fade,True,100,25,0,0,0,4,False,Flickless,GIANTX,viper,True,100,50,0,0,0,7,True,westside,GIANTX,cypher,True,93,11,0,0,0,7,True
781.748,3348,ACTIVE_ROUND,7,3,3,,13.547,,MiniBoo,Team Heretics,raze,True,100,25,1,2,1,5,False,RieNs,Team Heretics,fade,False,,25,0,0,0,7,True,Boo,Team Heretics,omen,False,,,0,0,0,6,False,benjyfishy,Team Heretics,deadlock,False,,25,0,0,0,4,False,Wo0t,Team Heretics,chamber,False,,50,0,0,0,0,False,grubinho,GIANTX,omen,True,100,50,1,0,1,7,True,ara,GIANTX,raze,False,,50,0,0,0,2,False,Cloud,GIANTX,fade,True,100,25,0,0,0,4,False,Flickless,GIANTX,viper,True,100,50,0,0,0,7,True,westside,GIANTX,cypher,True,93,11,0,0,0,7,True
781.981,3349,ACTIVE_ROUND,7,3,3,,13.780,,MiniBoo,Team Heretics,raze,True,100,25,1,2,1,5,False,RieNs,Team Heretics,fade,False,,25,0,0,0,7,True,Boo,Team Heretics,omen,False,,,0,0,0,6,False,benjyfishy,Team Heretics,deadlock,False,,25,0,0,0,4,False,Wo0t,Team Heretics,chamber,False,,50,0,0,0,0,False,grubinho,GIANTX,omen,True,100,50,1,0,1,7,True,ara,GIANTX,raze,False,,50,0,0,0,2,False,Cloud,GIANTX,fade,True,100,25,0,0,0,4,False,Flickless,GIANTX,viper,True,100,50,0,0,0,7,True,westside,GIANTX,cypher,True,93,11,0,0,0,7,True
782.215,3350,ACTIVE_ROUND,7,3,3,,14.014,,MiniBoo,Team Heretics,raze,True,100,25,1,2,1,5,False,RieNs,Team Heretics,fade,False,,25,0,0,0,7,True,Boo,Team Heretics,omen,False,,,0,0,0,6,False,benjyfishy,Team Heretics,deadlock,False,,25,0,0,0,4,False,Wo0t,Team Heretics,chamber,False,,50,0,0,0,0,False,grubinho,GIANTX,omen,True,100,50,1,0,1,7,True,ara,GIANTX,raze,False,,50,0,0,0,2,False,Cloud,GIANTX,fade,True,100,25,0,0,0,4,False,Flickless,GIANTX,viper,True,100,50,0,0,0,7,True,westside,GIANTX,cypher,True,93,11,0,0,0,7,True
782.448,3351,ACTIVE_ROUND,7,3,3,,14.248,,MiniBoo,Team Heretics,raze,True,100,25,1,2,1,5,False,RieNs,Team Heretics,fade,False,,25,0,0,0,7,True,Boo,Team Heretics,omen,False,,,0,0,0,6,False,benjyfishy,Team Heretics,deadlock,False,,25,0,0,0,4,False,Wo0t,Team Heretics,chamber,False,,50,0,0,0,0,False,grubinho,GIANTX,omen,True,100,50,1,0,1,7,True,ara,GIANTX,raze,False,,50,0,0,0,2,False,Cloud,GIANTX,fade,True,100,25,0,0,0,4,False,Flickless,GIANTX,viper,True,100,50,0,0,0,7,True,westside,GIANTX,cypher,True,93,11,0,0,0,7,True
782.682,3352,ACTIVE_ROUND,7,3,3,,14.481,,MiniBoo,Team Heretics,raze,True,100,25,1,2,1,5,False,RieNs,Team Heretics,fade,False,,25,0,0,0,7,True,Boo,Team Heretics,omen,False,,,0,0,0,6,False,benjyfishy,Team Heretics,deadlock,False,,25,0,0,0,4,False,Wo0t,Team Heretics,chamber,False,,50,0,0,0,0,False,grubinho,GIANTX,omen,True,100,50,1,0,1,7,True,ara,GIANTX,raze,False,,50,0,0,0,2,False,Cloud,GIANTX,fade,True,100,25,0,0,0,4,False,Flickless,GIANTX,viper,True,100,50,0,0,0,7,True,westside,GIANTX,cypher,True,93,11,0,0,0,7,True
782.915,3353,ACTIVE_ROUND,7,3,3,,14.715,,MiniBoo,Team Heretics,raze,True,100,25,1,2,1,5,False,RieNs,Team Heretics,fade,False,,25,0,0,0,7,True,Boo,Team Heretics,omen,False,,,0,0,0,6,False,benjyfishy,Team Heretics,deadlock,False,,25,0,0,0,4,False,Wo0t,Team Heretics,chamber,False,,50,0,0,0,0,False,grubinho,GIANTX,omen,True,100,50,1,0,1,7,True,ara,GIANTX,raze,False,,50,0,0,0,2,False,Cloud,GIANTX,fade,True,100,25,0,0,0,4,False,Flickless,GIANTX,viper,True,100,50,0,0,0,7,True,westside,GIANTX,cypher,True,93,11,0,0,0,7,True
783.149,3354,ACTIVE_ROUND,7,3,3,,14.948,,MiniBoo,Team Heretics,raze,True,100,25,1,2,1,5,False,RieNs,Team Heretics,fade,False,,25,0,0,0,7,True,Boo,Team Heretics,omen,False,,,0,0,0,6,False,benjyfishy,Team Heretics,deadlock,False,,25,0,0,0,4,False,Wo0t,Team Heretics,chamber,False,,50,0,0,0,0,False,grubinho,GIANTX,omen,True,100,50,1,0,1,7,True,ara,GIANTX,raze,False,,50,0,0,0,2,False,Cloud,GIANTX,fade,True,100,25,0,0,0,4,False,Flickless,GIANTX,viper,True,100,50,0,0,0,7,True,westside,GIANTX,cypher,True,93,11,0,0,0,7,True
783.383,3355,ACTIVE_ROUND,7,3,3,,15.182,,MiniBoo,Team Heretics,raze,True,100,25,1,2,1,5,False,RieNs,Team Heretics,fade,False,,25,0,0,0,7,True,Boo,Team Heretics,omen,False,,,0,0,0,6,False,benjyfishy,Team Heretics,deadlock,False,,25,0,0,0,4,False,Wo0t,Team Heretics,chamber,False,,50,0,0,0,0,False,grubinho,GIANTX,omen,True,100,50,1,0,1,7,True,ara,GIANTX,raze,False,,50,0,0,0,2,False,Cloud,GIANTX,fade,True,100,25,0,0,0,4,False,Flickless,GIANTX,viper,True,100,50,0,0,0,7,True,westside,GIANTX,cypher,True,93,11,0,0,0,7,True
783.616,3356,ACTIVE_ROUND,7,3,3,,15.415,,MiniBoo,Team Heretics,raze,True,100,25,1,2,1,5,False,RieNs,Team Heretics,fade,False,,25,0,0,0,7,True,Boo,Team Heretics,omen,False,,,0,0,0,6,False,benjyfishy,Team Heretics,deadlock,False,,25,0,0,0,4,False,Wo0t,Team Heretics,chamber,False,,50,0,0,0,0,False,grubinho,GIANTX,omen,True,100,50,1,0,1,7,True,ara,GIANTX,raze,False,,50,0,0,0,2,False,Cloud,GIANTX,fade,True,100,25,0,0,0,4,False,Flickless,GIANTX,viper,True,100,50,0,0,0,7,True,westside,GIANTX,cypher,True,93,11,0,0,0,7,True
783.850,3357,ACTIVE_ROUND,7,3,3,,15.649,,MiniBoo,Team Heretics,raze,True,100,25,1,2,1,5,False,RieNs,Team Heretics,fade,False,,25,0,0,0,7,True,Boo,Team Heretics,omen,False,,,0,0,0,6,False,benjyfishy,Team Heretics,deadlock,False,,25,0,0,0,4,False,Wo0t,Team Heretics,chamber,False,,50,0,0,0,0,False,grubinho,GIANTX,omen,True,100,50,1,0,1,7,True,ara,GIANTX,raze,False,,50,0,0,0,2,False,Cloud,GIANTX,fade,True,100,25,0,0,0,4,False,Flickless,GIANTX,viper,True,100,50,0,0,0,7,True,westside,GIANTX,cypher,True,93,11,0,0,0,7,True
784.083,3358,ACTIVE_ROUND,7,3,3,,15.883,,MiniBoo,Team Heretics,raze,True,100,25,1,2,1,5,False,RieNs,Team Heretics,fade,False,,25,0,0,0,7,True,Boo,Team Heretics,omen,False,,,0,0,0,6,False,benjyfishy,Team Heretics,deadlock,False,,25,0,0,0,4,False,Wo0t,Team Heretics,chamber,False,,50,0,0,0,0,False,grubinho,GIANTX,omen,True,100,50,1,0,1,7,True,ara,GIANTX,raze,False,,50,0,0,0,2,False,Cloud,GIANTX,fade,True,100,25,0,0,0,4,False,Flickless,GIANTX,viper,True,100,50,0,0,0,7,True,westside,GIANTX,cypher,True,93,11,0,0,0,7,True
784.317,3359,ACTIVE_ROUND,7,3,3,,16.116,,MiniBoo,Team Heretics,raze,True,100,25,1,2,1,5,False,RieNs,Team Heretics,fade,False,,25,0,0,0,7,True,Boo,Team Heretics,omen,False,,,0,0,0,6,False,benjyfishy,Team Heretics,deadlock,False,,25,0,0,0,4,False,Wo0t,Team Heretics,chamber,False,,50,0,0,0,0,False,grubinho,GIANTX,omen,True,100,50,1,0,1,7,True,ara,GIANTX,raze,False,,50,0,0,0,2,False,Cloud,GIANTX,fade,True,100,25,0,0,0,4,False,Flickless,GIANTX,viper,True,100,50,0,0,0,7,True,westside,GIANTX,cypher,True,93,11,0,0,0,7,True
784.550,3360,ACTIVE_ROUND,7,3,3,,16.350,,MiniBoo,Team Heretics,raze,True,100,25,1,2,1,5,False,RieNs,Team Heretics,fade,False,,25,0,0,0,7,True,Boo,Team Heretics,omen,False,,,0,0,0,6,False,benjyfishy,Team Heretics,deadlock,False,,25,0,0,0,4,False,Wo0t,Team Heretics,chamber,False,,50,0,0,0,0,False,grubinho,GIANTX,omen,True,100,50,1,0,1,7,True,ara,GIANTX,raze,False,,50,0,0,0,2,False,Cloud,GIANTX,fade,True,100,25,0,0,0,4,False,Flickless,GIANTX,viper,True,100,50,0,0,0,7,True,westside,GIANTX,cypher,True,93,11,0,0,0,7,True
784.784,3361,ACTIVE_ROUND,7,3,3,,16.583,,MiniBoo,Team Heretics,raze,True,100,25,1,2,1,5,False,RieNs,Team Heretics,fade,False,,25,0,0,0,7,True,Boo,Team Heretics,omen,False,,,0,0,0,6,False,benjyfishy,Team Heretics,deadlock,False,,25,0,0,0,4,False,Wo0t,Team Heretics,chamber,False,,50,0,0,0,0,False,grubinho,GIANTX,omen,True,100,50,1,0,1,7,True,ara,GIANTX,raze,False,,50,0,0,0,2,False,Cloud,GIANTX,fade,True,100,25,0,0,0,4,False,Flickless,GIANTX,viper,True,100,50,0,0,0,7,True,westside,GIANTX,cypher,True,93,11,0,0,0,7,True
785.018,3362,ACTIVE_ROUND,7,3,3,,16.817,,MiniBoo,Team Heretics,raze,True,100,25,1,2,1,5,False,RieNs,Team Heretics,fade,False,,25,0,0,0,7,True,Boo,Team Heretics,omen,False,,,0,0,0,6,False,benjyfishy,Team Heretics,deadlock,False,,25,0,0,0,4,False,Wo0t,Team Heretics,chamber,False,,50,0,0,0,0,False,grubinho,GIANTX,omen,True,100,50,1,0,1,7,True,ara,GIANTX,raze,False,,50,0,0,0,2,False,Cloud,GIANTX,fade,True,100,25,0,0,0,4,False,Flickless,GIANTX,viper,True,100,50,0,0,0,7,True,westside,GIANTX,cypher,True,93,11,0,0,0,7,True
785.251,3363,ACTIVE_ROUND,7,3,3,,17.050,,MiniBoo,Team Heretics,raze,True,100,25,1,2,1,5,False,RieNs,Team Heretics,fade,False,,25,0,0,0,7,True,Boo,Team Heretics,omen,False,,,0,0,0,6,False,benjyfishy,Team Heretics,deadlock,False,,25,0,0,0,4,False,Wo0t,Team Heretics,chamber,False,,50,0,0,0,0,False,grubinho,GIANTX,omen,True,100,50,1,0,1,7,True,ara,GIANTX,raze,False,,50,0,0,0,2,False,Cloud,GIANTX,fade,True,100,25,0,0,0,4,False,Flickless,GIANTX,viper,True,100,50,0,0,0,7,True,westside,GIANTX,cypher,True,93,11,0,0,0,7,True
785.485,3364,ACTIVE_ROUND,7,3,3,,17.284,,MiniBoo,Team Heretics,raze,True,100,25,1,2,1,5,False,RieNs,Team Heretics,fade,False,,25,0,0,0,7,True,Boo,Team Heretics,omen,False,,,0,0,0,6,False,benjyfishy,Team Heretics,deadlock,False,,25,0,0,0,4,False,Wo0t,Team Heretics,chamber,False,,50,0,0,0,0,False,grubinho,GIANTX,omen,True,100,50,1,0,1,7,True,ara,GIANTX,raze,False,,50,0,0,0,2,False,Cloud,GIANTX,fade,True,100,25,0,0,0,4,False,Flickless,GIANTX,viper,True,100,50,0,0,0,7,True,westside,GIANTX,cypher,True,93,11,0,0,0,7,True
785.718,3365,ACTIVE_ROUND,7,3,3,,17.517,,MiniBoo,Team Heretics,raze,True,100,25,1,2,1,5,False,RieNs,Team Heretics,fade,False,,25,0,0,0,7,True,Boo,Team Heretics,omen,False,,,0,0,0,6,False,benjyfishy,Team Heretics,deadlock,False,,25,0,0,0,4,False,Wo0t,Team Heretics,chamber,False,,50,0,0,0,0,False,grubinho,GIANTX,omen,True,100,50,1,0,1,7,True,ara,GIANTX,raze,False,,50,0,0,0,2,False,Cloud,GIANTX,fade,True,100,25,0,0,0,4,False,Flickless,GIANTX,viper,True,100,50,0,0,0,7,True,westside,GIANTX,cypher,True,93,11,0,0,0,7,True
785.952,3366,ACTIVE_ROUND,7,3,3,,17.751,,MiniBoo,Team Heretics,raze,True,100,25,1,2,1,5,False,RieNs,Team Heretics,fade,False,,25,0,0,0,7,True,Boo,Team Heretics,omen,False,,,0,0,0,6,False,benjyfishy,Team Heretics,deadlock,False,,25,0,0,0,4,False,Wo0t,Team Heretics,chamber,False,,50,0,0,0,0,False,grubinho,GIANTX,omen,True,100,50,1,0,1,7,True,ara,GIANTX,raze,False,,50,0,0,0,2,False,Cloud,GIANTX,fade,True,100,25,0,0,0,4,False,Flickless,GIANTX,viper,True,100,50,0,0,0,7,True,westside,GIANTX,cypher,True,93,11,0,0,0,7,True
786.185,3367,ACTIVE_ROUND,7,3,3,,17.985,,MiniBoo,Team Heretics,raze,True,100,25,1,1,1,5,False,RieNs,Team Heretics,fade,False,,25,0,0,0,7,True,Boo,Team Heretics,omen,False,,,0,0,0,6,False,benjyfishy,Team Heretics,deadlock,False,,25,0,0,0,4,False,Wo0t,Team Heretics,chamber,False,,50,0,0,0,0,False,grubinho,GIANTX,omen,True,100,50,1,0,1,7,True,ara,GIANTX,raze,False,,50,0,0,0,2,False,Cloud,GIANTX,fade,True,100,25,0,0,0,4,False,Flickless,GIANTX,viper,True,100,50,0,0,0,7,True,westside,GIANTX,cypher,True,93,11,0,0,0,7,True
786.419,3368,ACTIVE_ROUND,7,3,3,,18.218,,MiniBoo,Team Heretics,raze,True,100,25,1,1,1,5,False,RieNs,Team Heretics,fade,False,,25,0,0,0,7,True,Boo,Team Heretics,omen,False,,,0,0,0,6,False,benjyfishy,Team Heretics,deadlock,False,,25,0,0,0,4,False,Wo0t,Team Heretics,chamber,False,,50,0,0,0,0,False,grubinho,GIANTX,omen,True,100,50,1,0,1,7,True,ara,GIANTX,raze,False,,50,0,0,0,2,False,Cloud,GIANTX,fade,True,100,25,0,0,0,4,False,Flickless,GIANTX,viper,True,100,50,0,0,0,7,True,westside,GIANTX,cypher,True,93,11,0,0,0,7,True
786.653,3369,ACTIVE_ROUND,7,3,3,,18.452,,MiniBoo,Team Heretics,raze,True,100,25,1,1,1,5,False,RieNs,Team Heretics,fade,False,,25,0,0,0,7,True,Boo,Team Heretics,omen,False,,,0,0,0,6,False,benjyfishy,Team Heretics,deadlock,False,,25,0,0,0,4,False,Wo0t,Team Heretics,chamber,False,,50,0,0,0,0,False,grubinho,GIANTX,omen,True,100,50,1,0,1,7,True,ara,GIANTX,raze,False,,50,0,0,0,2,False,Cloud,GIANTX,fade,True,100,25,0,0,0,4,False,Flickless,GIANTX,viper,True,100,50,0,0,0,7,True,westside,GIANTX,cypher,True,93,11,0,0,0,7,True
786.886,3370,ACTIVE_ROUND,7,3,3,,18.685,,MiniBoo,Team Heretics,raze,True,100,25,1,1,1,5,False,RieNs,Team Heretics,fade,False,,25,0,0,0,7,True,Boo,Team Heretics,omen,False,,,0,0,0,6,False,benjyfishy,Team Heretics,deadlock,False,,25,0,0,0,4,False,Wo0t,Team Heretics,chamber,False,,50,0,0,0,0,False,grubinho,GIANTX,omen,True,100,50,1,0,1,7,True,ara,GIANTX,raze,False,,50,0,0,0,2,False,Cloud,GIANTX,fade,True,100,25,0,0,0,4,False,Flickless,GIANTX,viper,True,100,50,0,0,0,7,True,westside,GIANTX,cypher,True,93,11,0,0,0,7,True
787.120,3371,ACTIVE_ROUND,7,3,3,,18.919,,MiniBoo,Team Heretics,raze,True,100,25,1,1,1,5,False,RieNs,Team Heretics,fade,False,,25,0,0,0,7,True,Boo,Team Heretics,omen,False,,,0,0,0,6,False,benjyfishy,Team Heretics,deadlock,False,,25,0,0,0,4,False,Wo0t,Team Heretics,chamber,False,,50,0,0,0,0,False,grubinho,GIANTX,omen,True,100,50,1,0,1,7,True,ara,GIANTX,raze,False,,50,0,0,0,2,False,Cloud,GIANTX,fade,True,100,25,0,0,0,4,False,Flickless,GIANTX,viper,True,100,50,0,0,0,7,True,westside,GIANTX,cypher,True,93,11,0,0,0,7,True
787.353,3372,ACTIVE_ROUND,7,3,3,,19.152,,MiniBoo,Team Heretics,raze,True,100,25,1,1,1,5,False,RieNs,Team Heretics,fade,False,,25,0,0,0,7,True,Boo,Team Heretics,omen,False,,,0,0,0,6,False,benjyfishy,Team Heretics,deadlock,False,,25,0,0,0,4,False,Wo0t,Team Heretics,chamber,False,,50,0,0,0,0,False,grubinho,GIANTX,omen,True,100,50,1,0,1,7,True,ara,GIANTX,raze,False,,50,0,0,0,2,False,Cloud,GIANTX,fade,True,100,25,0,0,0,4,False,Flickless,GIANTX,viper,True,100,50,0,0,0,7,True,westside,GIANTX,cypher,True,93,11,0,0,0,7,True
787.587,3373,ACTIVE_ROUND,7,3,3,,19.386,,MiniBoo,Team Heretics,raze,True,100,25,1,1,1,5,False,RieNs,Team Heretics,fade,False,,25,0,0,0,7,True,Boo,Team Heretics,omen,False,,,0,0,0,6,False,benjyfishy,Team Heretics,deadlock,False,,25,0,0,0,4,False,Wo0t,Team Heretics,chamber,False,,50,0,0,0,0,False,grubinho,GIANTX,omen,True,100,50,1,0,1,7,True,ara,GIANTX,raze,False,,50,0,0,0,2,False,Cloud,GIANTX,fade,True,100,25,0,0,0,4,False,Flickless,GIANTX,viper,True,100,50,0,0,0,7,True,westside,GIANTX,cypher,True,93,11,0,0,0,7,True
787.820,3374,ACTIVE_ROUND,7,3,3,,19.620,,MiniBoo,Team Heretics,raze,True,100,25,1,1,1,5,False,RieNs,Team Heretics,fade,False,,25,0,0,0,7,True,Boo,Team Heretics,omen,False,,,0,0,0,6,False,benjyfishy,Team Heretics,deadlock,False,,25,0,0,0,4,False,Wo0t,Team Heretics,chamber,False,,50,0,0,0,0,False,grubinho,GIANTX,omen,True,100,50,1,0,1,7,True,ara,GIANTX,raze,False,,50,0,0,0,2,False,Cloud,GIANTX,fade,True,100,25,0,0,0,4,False,Flickless,GIANTX,viper,True,100,50,0,0,0,7,True,westside,GIANTX,cypher,True,93,11,0,0,0,7,True
788.054,3375,ACTIVE_ROUND,7,3,3,,19.853,,MiniBoo,Team Heretics,raze,True,100,25,1,1,1,5,False,RieNs,Team Heretics,fade,False,,25,0,0,0,7,True,Boo,Team Heretics,omen,False,,,0,0,0,6,False,benjyfishy,Team Heretics,deadlock,False,,25,0,0,0,4,False,Wo0t,Team Heretics,chamber,False,,50,0,0,0,0,False,grubinho,GIANTX,omen,True,100,50,1,0,1,7,True,ara,GIANTX,raze,False,,50,0,0,0,2,False,Cloud,GIANTX,fade,True,100,25,0,0,0,4,False,Flickless,GIANTX,viper,True,100,50,0,0,0,7,True,westside,GIANTX,cypher,True,93,11,0,0,0,7,True
788.288,3376,ACTIVE_ROUND,7,3,3,,20.087,,MiniBoo,Team Heretics,raze,True,100,25,1,1,1,5,False,RieNs,Team Heretics,fade,False,,25,0,0,0,7,True,Boo,Team Heretics,omen,False,,,0,0,0,6,False,benjyfishy,Team Heretics,deadlock,False,,25,0,0,0,4,False,Wo0t,Team Heretics,chamber,False,,50,0,0,0,0,False,grubinho,GIANTX,omen,True,100,50,1,0,1,7,True,ara,GIANTX,raze,False,,50,0,0,0,2,False,Cloud,GIANTX,fade,True,100,25,0,0,0,4,False,Flickless,GIANTX,viper,True,100,50,0,0,0,7,True,westside,GIANTX,cypher,True,93,11,0,0,0,7,True
788.521,3377,ACTIVE_ROUND,7,3,3,,20.320,,MiniBoo,Team Heretics,raze,True,100,25,1,1,1,5,False,RieNs,Team Heretics,fade,False,,25,0,0,0,7,True,Boo,Team Heretics,omen,False,,,0,0,0,6,False,benjyfishy,Team Heretics,deadlock,False,,25,0,0,0,4,False,Wo0t,Team Heretics,chamber,False,,50,0,0,0,0,False,grubinho,GIANTX,omen,True,100,50,1,0,1,7,True,ara,GIANTX,raze,False,,50,0,0,0,2,False,Cloud,GIANTX,fade,True,100,25,0,0,0,4,False,Flickless,GIANTX,viper,True,100,50,0,0,0,7,True,westside,GIANTX,cypher,True,93,11,0,0,0,7,True
788.755,3378,ACTIVE_ROUND,7,3,3,,20.554,,MiniBoo,Team Heretics,raze,True,100,25,1,1,1,5,False,RieNs,Team Heretics,fade,False,,25,0,0,0,7,True,Boo,Team Heretics,omen,False,,,0,0,0,6,False,benjyfishy,Team Heretics,deadlock,False,,25,0,0,0,4,False,Wo0t,Team Heretics,chamber,False,,50,0,0,0,0,False,grubinho,GIANTX,omen,True,100,50,1,0,1,7,True,ara,GIANTX,raze,False,,50,0,0,0,2,False,Cloud,GIANTX,fade,True,100,25,0,0,0,4,False,Flickless,GIANTX,viper,True,100,50,0,0,0,7,True,westside,GIANTX,cypher,True,93,11,0,0,0,7,True
788.988,3379,ACTIVE_ROUND,7,3,3,,20.787,,MiniBoo,Team Heretics,raze,True,100,25,1,1,1,5,False,RieNs,Team Heretics,fade,False,,25,0,0,0,7,True,Boo,Team Heretics,omen,False,,,0,0,0,6,False,benjyfishy,Team Heretics,deadlock,False,,25,0,0,0,4,False,Wo0t,Team Heretics,chamber,False,,50,0,0,0,0,False,grubinho,GIANTX,omen,True,100,50,1,0,1,7,True,ara,GIANTX,raze,False,,50,0,0,0,2,False,Cloud,GIANTX,fade,True,100,25,0,0,0,4,False,Flickless,GIANTX,viper,True,100,50,0,0,0,7,True,westside,GIANTX,cypher,True,93,11,0,0,0,7,True
789.222,3380,ACTIVE_ROUND,7,3,3,,21.021,,MiniBoo,Team Heretics,raze,True,100,25,1,1,1,5,False,RieNs,Team Heretics,fade,False,,25,0,0,0,7,True,Boo,Team Heretics,omen,False,,,0,0,0,6,False,benjyfishy,Team Heretics,deadlock,False,,25,0,0,0,4,False,Wo0t,Team Heretics,chamber,False,,50,0,0,0,0,False,grubinho,GIANTX,omen,True,100,50,1,0,1,7,True,ara,GIANTX,raze,False,,50,0,0,0,2,False,Cloud,GIANTX,fade,True,100,25,0,0,0,4,False,Flickless,GIANTX,viper,True,100,50,0,0,0,7,True,westside,GIANTX,cypher,True,93,11,0,0,0,7,True
789.455,3381,ACTIVE_ROUND,7,3,3,,21.255,,MiniBoo,Team Heretics,raze,True,100,25,1,1,1,5,False,RieNs,Team Heretics,fade,False,,25,0,0,0,7,True,Boo,Team Heretics,omen,False,,,0,0,0,6,False,benjyfishy,Team Heretics,deadlock,False,,25,0,0,0,4,False,Wo0t,Team Heretics,chamber,False,,50,0,0,0,0,False,grubinho,GIANTX,omen,True,100,50,1,0,1,7,True,ara,GIANTX,raze,False,,50,0,0,0,2,False,Cloud,GIANTX,fade,True,100,25,0,0,0,4,False,Flickless,GIANTX,viper,True,100,50,0,0,0,7,True,westside,GIANTX,cypher,True,93,11,0,0,0,7,True
789.689,3382,ACTIVE_ROUND,7,3,3,,21.488,,MiniBoo,Team Heretics,raze,True,100,25,1,1,1,5,False,RieNs,Team Heretics,fade,False,,25,0,0,0,7,True,Boo,Team Heretics,omen,False,,,0,0,0,6,False,benjyfishy,Team Heretics,deadlock,False,,25,0,0,0,4,False,Wo0t,Team Heretics,chamber,False,,50,0,0,0,0,False,grubinho,GIANTX,omen,True,100,50,1,0,1,7,True,ara,GIANTX,raze,False,,50,0,0,0,2,False,Cloud,GIANTX,fade,True,100,25,0,0,0,4,False,Flickless,GIANTX,viper,True,100,50,0,0,0,7,True,westside,GIANTX,cypher,True,93,11,0,0,0,7,True
789.922,3383,ACTIVE_ROUND,7,3,3,,21.722,,MiniBoo,Team Heretics,raze,True,100,25,1,1,1,5,False,RieNs,Team Heretics,fade,False,,25,0,0,0,7,True,Boo,Team Heretics,omen,False,,,0,0,0,6,False,benjyfishy,Team Heretics,deadlock,False,,25,0,0,0,4,False,Wo0t,Team Heretics,chamber,False,,50,0,0,0,0,False,grubinho,GIANTX,omen,True,100,50,1,0,1,7,True,ara,GIANTX,raze,False,,50,0,0,0,2,False,Cloud,GIANTX,fade,True,100,25,0,0,0,4,False,Flickless,GIANTX,viper,True,100,50,0,0,0,7,True,westside,GIANTX,cypher,True,93,11,0,0,0,7,True
790.156,3384,ACTIVE_ROUND,7,3,3,,21.955,,MiniBoo,Team Heretics,raze,True,100,25,1,1,1,5,False,RieNs,Team Heretics,fade,False,,25,0,0,0,7,True,Boo,Team Heretics,omen,False,,,0,0,0,6,False,benjyfishy,Team Heretics,deadlock,False,,25,0,0,0,4,False,Wo0t,Team Heretics,chamber,False,,50,0,0,0,0,False,grubinho,GIANTX,omen,True,100,50,1,0,1,7,True,ara,GIANTX,raze,False,,50,0,0,0,2,False,Cloud,GIANTX,fade,True,100,25,0,0,0,4,False,Flickless,GIANTX,viper,True,100,50,0,0,0,7,True,westside,GIANTX,cypher,True,93,11,0,0,0,7,True
790.390,3385,ACTIVE_ROUND,7,3,3,,22.189,,MiniBoo,Team Heretics,raze,True,100,25,1,1,1,5,False,RieNs,Team Heretics,fade,False,,25,0,0,0,7,True,Boo,Team Heretics,omen,False,,,0,0,0,6,False,benjyfishy,Team Heretics,deadlock,False,,25,0,0,0,4,False,Wo0t,Team Heretics,chamber,False,,50,0,0,0,0,False,grubinho,GIANTX,omen,True,100,50,1,0,1,7,True,ara,GIANTX,raze,False,,50,0,0,0,2,False,Cloud,GIANTX,fade,True,100,25,0,0,0,4,False,Flickless,GIANTX,viper,True,100,50,0,0,0,7,True,westside,GIANTX,cypher,True,93,11,0,0,0,7,True
790.623,3386,ACTIVE_ROUND,7,3,3,,22.422,,MiniBoo,Team Heretics,raze,True,100,25,1,1,1,5,False,RieNs,Team Heretics,fade,False,,25,0,0,0,7,True,Boo,Team Heretics,omen,False,,,0,0,0,6,False,benjyfishy,Team Heretics,deadlock,False,,25,0,0,0,4,False,Wo0t,Team Heretics,chamber,False,,50,0,0,0,0,False,grubinho,GIANTX,omen,True,100,50,1,0,1,7,True,ara,GIANTX,raze,False,,50,0,0,0,2,False,Cloud,GIANTX,fade,True,100,25,0,0,0,4,False,Flickless,GIANTX,viper,True,100,50,0,0,0,7,True,westside,GIANTX,cypher,True,93,11,0,0,0,7,True
790.857,3387,ACTIVE_ROUND,7,3,3,,22.656,,MiniBoo,Team Heretics,raze,True,100,25,1,1,1,5,False,RieNs,Team Heretics,fade,False,,25,0,0,0,7,True,Boo,Team Heretics,omen,False,,,0,0,0,6,False,benjyfishy,Team Heretics,deadlock,False,,25,0,0,0,4,False,Wo0t,Team Heretics,chamber,False,,50,0,0,0,0,False,grubinho,GIANTX,omen,True,100,50,1,0,1,7,True,ara,GIANTX,raze,False,,50,0,0,0,2,False,Cloud,GIANTX,fade,True,100,25,0,0,0,4,False,Flickless,GIANTX,viper,True,100,50,0,0,0,7,True,westside,GIANTX,cypher,True,93,11,0,0,0,7,True
791.090,3388,POST_ROUND,7,3,4,,,0.000,MiniBoo,Team Heretics,raze,True,100,25,0,0,0,5,False,RieNs,Team Heretics,fade,False,,25,0,0,0,7,True,Boo,Team Heretics,omen,False,,,0,0,0,6,False,benjyfishy,Team Heretics,deadlock,False,,25,0,0,0,4,False,Wo0t,Team Heretics,chamber,False,,50,0,0,0,0,False,grubinho,GIANTX,omen,True,100,50,1,0,1,7,True,ara,GIANTX,raze,False,,50,0,0,0,2,False,Cloud,GIANTX,fade,True,100,25,0,0,0,4,False,Flickless,GIANTX,viper,True,100,50,0,0,0,7,True,westside,GIANTX,cypher,True,93,11,0,0,0,7,True
791.324,3389,POST_ROUND,7,3,4,,,0.234,MiniBoo,Team Heretics,raze,False,,25,0,0,0,5,False,RieNs,Team Heretics,fade,False,,25,0,0,0,7,True,Boo,Team Heretics,omen,False,,,0,0,0,6,False,benjyfishy,Team Heretics,deadlock,False,,25,0,0,0,4,False,Wo0t,Team Heretics,chamber,False,,50,0,0,0,0,False,grubinho,GIANTX,omen,True,100,50,1,0,1,7,True,ara,GIANTX,raze,False,,50,0,0,0,2,False,Cloud,GIANTX,fade,True,100,25,0,0,0,4,False,Flickless,GIANTX,viper,True,100,50,0,0,0,7,True,westside,GIANTX,cypher,True,93,11,0,0,0,7,True
791.557,3390,POST_ROUND,7,3,4,,,0.467,MiniBoo,Team Heretics,raze,False,,25,0,0,0,5,False,RieNs,Team Heretics,fade,False,,25,0,0,0,7,True,Boo,Team Heretics,omen,False,,,0,0,0,6,False,benjyfishy,Team Heretics,deadlock,False,,25,0,0,0,4,False,Wo0t,Team Heretics,chamber,False,,50,0,0,0,0,False,grubinho,GIANTX,omen,True,100,50,1,0,1,7,True,ara,GIANTX,raze,False,,50,0,0,0,2,False,Cloud,GIANTX,fade,True,100,25,0,0,0,4,False,Flickless,GIANTX,viper,True,100,50,0,0,0,7,True,westside,GIANTX,cypher,True,93,11,0,0,0,7,True
791.791,3391,POST_ROUND,7,3,4,,,0.701,MiniBoo,Team Heretics,raze,False,,25,0,0,0,5,False,RieNs,Team Heretics,fade,False,,25,0,0,0,7,True,Boo,Team Heretics,omen,False,,,0,0,0,6,False,benjyfishy,Team Heretics,deadlock,False,,25,0,0,0,4,False,Wo0t,Team Heretics,chamber,False,,50,0,0,0,0,False,grubinho,GIANTX,omen,True,100,50,1,0,1,7,True,ara,GIANTX,raze,False,,50,0,0,0,2,False,Cloud,GIANTX,fade,True,100,25,0,0,0,4,False,Flickless,GIANTX,viper,True,100,50,0,0,0,7,True,westside,GIANTX,cypher,True,93,11,0,0,0,7,True
792.025,3392,POST_ROUND,7,3,4,,,0.934,MiniBoo,Team Heretics,raze,False,,25,0,0,0,5,False,RieNs,Team Heretics,fade,False,,25,0,0,0,7,True,Boo,Team Heretics,omen,False,,,0,0,0,6,False,benjyfishy,Team Heretics,deadlock,False,,25,0,0,0,4,False,Wo0t,Team Heretics,chamber,False,,50,0,0,0,0,False,grubinho,GIANTX,omen,True,100,50,1,0,1,7,True,ara,GIANTX,raze,False,,50,0,0,0,2,False,Cloud,GIANTX,fade,True,100,25,0,0,0,4,False,Flickless,GIANTX,viper,True,100,50,0,0,0,7,True,westside,GIANTX,cypher,True,93,11,0,0,0,7,True
792.258,3393,POST_ROUND,7,3,4,,,1.168,MiniBoo,Team Heretics,raze,False,,25,0,0,0,5,False,RieNs,Team Heretics,fade,False,,25,0,0,0,7,True,Boo,Team Heretics,omen,False,,,0,0,0,6,False,benjyfishy,Team Heretics,deadlock,False,,25,0,0,0,4,False,Wo0t,Team Heretics,chamber,False,,50,0,0,0,0,False,grubinho,GIANTX,omen,True,100,50,1,0,1,7,True,ara,GIANTX,raze,False,,50,0,0,0,2,False,Cloud,GIANTX,fade,True,100,25,0,0,0,4,False,Flickless,GIANTX,viper,True,100,50,0,0,0,7,True,westside,GIANTX,cypher,True,93,11,0,0,0,7,True
792.492,3394,POST_ROUND,7,3,4,,,1.401,MiniBoo,Team Heretics,raze,False,,25,0,0,0,5,False,RieNs,Team Heretics,fade,False,,25,0,0,0,7,True,Boo,Team Heretics,omen,False,,,0,0,0,6,False,benjyfishy,Team Heretics,deadlock,False,,25,0,0,0,4,False,Wo0t,Team Heretics,chamber,False,,50,0,0,0,0,False,grubinho,GIANTX,omen,True,100,50,1,0,1,7,True,ara,GIANTX,raze,False,,50,0,0,0,2,False,Cloud,GIANTX,fade,True,100,25,0,0,0,4,False,Flickless,GIANTX,viper,True,100,50,0,0,0,7,True,westside,GIANTX,cypher,True,93,11,0,0,0,7,True
792.725,3395,POST_ROUND,7,3,4,,,1.635,MiniBoo,Team Heretics,raze,False,,25,0,0,0,5,False,RieNs,Team Heretics,fade,False,,25,0,0,0,7,True,Boo,Team Heretics,omen,False,,,0,0,0,6,False,benjyfishy,Team Heretics,deadlock,False,,25,0,0,0,4,False,Wo0t,Team Heretics,chamber,False,,50,0,0,0,0,False,grubinho,GIANTX,omen,True,100,50,1,0,1,7,True,ara,GIANTX,raze,False,,50,0,0,0,2,False,Cloud,GIANTX,fade,True,100,25,0,0,0,4,False,Flickless,GIANTX,viper,True,100,50,0,0,0,7,True,westside,GIANTX,cypher,True,93,11,0,0,0,7,True
792.959,3396,POST_ROUND,7,3,4,,,1.869,MiniBoo,Team Heretics,raze,False,,25,0,0,0,5,False,RieNs,Team Heretics,fade,False,,25,0,0,0,7,True,Boo,Team Heretics,omen,False,,,0,0,0,6,False,benjyfishy,Team Heretics,deadlock,False,,25,0,0,0,4,False,Wo0t,Team Heretics,chamber,False,,50,0,0,0,0,False,grubinho,GIANTX,omen,True,100,50,1,0,1,7,True,ara,GIANTX,raze,False,,50,0,0,0,2,False,Cloud,GIANTX,fade,True,100,25,0,0,0,4,False,Flickless,GIANTX,viper,True,100,50,0,0,0,7,True,westside,GIANTX,cypher,True,93,11,0,0,0,7,True
793.192,3397,POST_ROUND,7,3,4,,,2.102,MiniBoo,Team Heretics,raze,False,,25,0,0,0,5,False,RieNs,Team Heretics,fade,False,,25,0,0,0,7,True,Boo,Team Heretics,omen,False,,,0,0,0,6,False,benjyfishy,Team Heretics,deadlock,False,,25,0,0,0,4,False,Wo0t,Team Heretics,chamber,False,,50,0,0,0,0,False,grubinho,GIANTX,omen,True,100,50,1,0,1,7,True,ara,GIANTX,raze,False,,50,0,0,0,2,False,Cloud,GIANTX,fade,True,100,25,0,0,0,4,False,Flickless,GIANTX,viper,True,100,50,0,0,0,7,True,westside,GIANTX,cypher,True,93,11,0,0,0,7,True
793.426,3398,POST_ROUND,7,3,4,,,2.336,MiniBoo,Team Heretics,raze,False,,25,0,0,0,5,False,RieNs,Team Heretics,fade,False,,25,0,0,0,7,True,Boo,Team Heretics,omen,False,,,0,0,0,6,False,benjyfishy,Team Heretics,deadlock,False,,25,0,0,0,4,False,Wo0t,Team Heretics,chamber,False,,50,0,0,0,0,False,grubinho,GIANTX,omen,True,100,50,1,0,1,7,True,ara,GIANTX,raze,False,,50,0,0,0,2,False,Cloud,GIANTX,fade,True,100,25,0,0,0,4,False,Flickless,GIANTX,viper,True,100,50,0,0,0,7,True,westside,GIANTX,cypher,True,93,11,0,0,0,7,True
793.660,3399,POST_ROUND,7,3,4,,,2.569,MiniBoo,Team Heretics,raze,False,,25,0,0,0,5,False,RieNs,Team Heretics,fade,False,,25,0,0,0,7,True,Boo,Team Heretics,omen,False,,,0,0,0,6,False,benjyfishy,Team Heretics,deadlock,False,,25,0,0,0,4,False,Wo0t,Team Heretics,chamber,False,,50,0,0,0,0,False,grubinho,GIANTX,omen,True,100,50,1,0,1,7,True,ara,GIANTX,raze,False,,50,0,0,0,2,False,Cloud,GIANTX,fade,True,100,25,0,0,0,4,False,Flickless,GIANTX,viper,True,100,50,0,0,0,7,True,westside,GIANTX,cypher,True,93,11,0,0,0,7,True
793.893,3400,POST_ROUND,7,3,4,,,2.803,MiniBoo,Team Heretics,raze,False,,25,0,0,0,5,False,RieNs,Team Heretics,fade,False,,25,0,0,0,7,True,Boo,Team Heretics,omen,False,,,0,0,0,6,False,benjyfishy,Team Heretics,deadlock,False,,25,0,0,0,4,False,Wo0t,Team Heretics,chamber,False,,50,0,0,0,0,False,grubinho,GIANTX,omen,True,100,50,1,0,1,7,True,ara,GIANTX,raze,False,,50,0,0,0,2,False,Cloud,GIANTX,fade,True,100,25,0,0,0,4,False,Flickless,GIANTX,viper,True,100,50,0,0,0,7,True,westside,GIANTX,cypher,True,93,11,0,0,0,7,True
794.127,3401,POST_ROUND,7,3,4,,,3.036,MiniBoo,Team Heretics,raze,False,,25,0,0,0,5,False,RieNs,Team Heretics,fade,False,,25,0,0,0,7,True,Boo,Team Heretics,omen,False,,,0,0,0,6,False,benjyfishy,Team Heretics,deadlock,False,,25,0,0,0,4,False,Wo0t,Team Heretics,chamber,False,,50,0,0,0,0,False,grubinho,GIANTX,omen,True,100,50,1,0,1,7,True,ara,GIANTX,raze,False,,50,0,0,0,2,False,Cloud,GIANTX,fade,True,100,25,0,0,0,4,False,Flickless,GIANTX,viper,True,100,50,0,0,0,7,True,westside,GIANTX,cypher,True,93,11,0,0,0,7,True
794.360,3402,POST_ROUND,7,3,4,,,3.270,MiniBoo,Team Heretics,raze,False,,25,0,0,0,5,False,RieNs,Team Heretics,fade,False,,25,0,0,0,7,True,Boo,Team Heretics,omen,False,,,0,0,0,6,False,benjyfishy,Team Heretics,deadlock,False,,25,0,0,0,4,False,Wo0t,Team Heretics,chamber,False,,50,0,0,0,0,False,grubinho,GIANTX,omen,True,100,50,1,0,1,7,True,ara,GIANTX,raze,False,,50,0,0,0,2,False,Cloud,GIANTX,fade,True,100,25,0,0,0,4,False,Flickless,GIANTX,viper,True,100,50,0,0,0,7,True,westside,GIANTX,cypher,True,93,11,0,0,0,7,True
870.737,3729,PREROUND,8,3,4,,,,MiniBoo,Team Heretics,raze,True,,,1,2,1,6,False,RieNs,Team Heretics,fade,True,,,2,1,1,7,True,Boo,Team Heretics,omen,True,,,2,1,2,7,True,benjyfishy,Team Heretics,deadlock,True,,,1,2,1,4,False,Wo0t,Team Heretics,chamber,True,,,1,8,1,0,False,grubinho,GIANTX,omen,True,,,2,1,2,7,True,ara,GIANTX,raze,True,,,1,2,1,3,False,Cloud,GIANTX,fade,True,,,2,1,1,4,False,Flickless,GIANTX,viper,True,,,1,1,1,7,True,westside,GIANTX,cypher,True,,,1,2,1,7,True
870.970,3730,PREROUND,8,3,4,,,,MiniBoo,Team Heretics,raze,True,,,1,2,1,6,False,RieNs,Team Heretics,fade,True,,,2,1,1,7,True,Boo,Team Heretics,omen,True,,,2,1,2,7,True,benjyfishy,Team Heretics,deadlock,True,,,1,2,1,4,False,Wo0t,Team Heretics,chamber,True,,,1,8,1,0,False,grubinho,GIANTX,omen,True,,,2,1,2,7,True,ara,GIANTX,raze,True,,,1,2,1,3,False,Cloud,GIANTX,fade,True,,,2,1,1,4,False,Flickless,GIANTX,viper,True,,,1,1,1,7,True,westside,GIANTX,cypher,True,,,1,2,1,7,True
871.204,3731,PREROUND,8,3,4,,,,MiniBoo,Team Heretics,raze,True,,,1,2,1,6,False,RieNs,Team Heretics,fade,True,,,2,1,1,7,True,Boo,Team Heretics,omen,True,,,2,1,2,7,True,benjyfishy,Team Heretics,deadlock,True,,,1,2,1,4,False,Wo0t,Team Heretics,chamber,True,,,1,8,1,0,False,grubinho,GIANTX,omen,True,,,2,1,2,7,True,ara,GIANTX,raze,True,,,1,2,1,3,False,Cloud,GIANTX,fade,True,,,2,1,1,4,False,Flickless,GIANTX,viper,True,,,1,1,1,7,True,westside,GIANTX,cypher,True,,,1,2,1,7,True
871.437,3732,PREROUND,8,3,4,,,,MiniBoo,Team Heretics,raze,True,,,1,2,1,6,False,RieNs,Team Heretics,fade,True,,,2,1,1,7,True,Boo,Team Heretics,omen,True,,,2,1,2,7,True,benjyfishy,Team Heretics,deadlock,True,,,1,2,1,4,False,Wo0t,Team Heretics,chamber,True,,,1,8,1,0,False,grubinho,GIANTX,omen,True,,,2,1,2,7,True,ara,GIANTX,raze,True,,,1,2,1,3,False,Cloud,GIANTX,fade,True,,,2,1,1,4,False,Flickless,GIANTX,viper,True,,,1,1,1,7,True,westside,GIANTX,cypher,True,,,1,2,1,7,True
871.671,3733,PREROUND,8,3,4,,,,MiniBoo,Team Heretics,raze,True,,,1,2,1,6,False,RieNs,Team Heretics,fade,True,,,2,1,1,7,True,Boo,Team Heretics,omen,True,,,2,1,2,7,True,benjyfishy,Team Heretics,deadlock,True,,,1,2,1,4,False,Wo0t,Team Heretics,chamber,True,,,1,8,1,0,False,grubinho,GIANTX,omen,True,,,2,1,2,7,True,ara,GIANTX,raze,True,,,1,2,1,3,False,Cloud,GIANTX,fade,True,,,2,1,1,4,False,Flickless,GIANTX,viper,True,,,1,1,1,7,True,westside,GIANTX,cypher,True,,,1,2,1,7,True
871.904,3734,PREROUND,8,3,4,,,,MiniBoo,Team Heretics,raze,True,,,1,2,1,6,False,RieNs,Team Heretics,fade,True,,,2,1,1,7,True,Boo,Team Heretics,omen,True,,,2,1,2,7,True,benjyfishy,Team Heretics,deadlock,True,,,1,2,1,4,False,Wo0t,Team Heretics,chamber,True,,,1,8,1,0,False,grubinho,GIANTX,omen,True,,,2,1,2,7,True,ara,GIANTX,raze,True,,,1,2,1,3,False,Cloud,GIANTX,fade,True,,,2,1,1,4,False,Flickless,GIANTX,viper,True,,,1,1,1,7,True,westside,GIANTX,cypher,True,,,1,2,1,7,True
872.138,3735,PREROUND,8,3,4,,,,MiniBoo,Team Heretics,raze,True,,,1,2,1,6,False,RieNs,Team Heretics,fade,True,,,2,1,1,7,True,Boo,Team Heretics,omen,True,,,2,1,2,7,True,benjyfishy,Team Heretics,deadlock,True,,,1,2,1,4,False,Wo0t,Team Heretics,chamber,True,,,1,8,1,0,False,grubinho,GIANTX,omen,True,,,2,1,2,7,True,ara,GIANTX,raze,True,,,1,2,1,3,False,Cloud,GIANTX,fade,True,,,2,1,1,4,False,Flickless,GIANTX,viper,True,,,1,1,1,7,True,westside,GIANTX,cypher,True,,,1,2,1,7,True
872.371,3736,PREROUND,8,3,4,,,,MiniBoo,Team Heretics,raze,True,,,1,2,1,6,False,RieNs,Team Heretics,fade,True,,,2,1,1,7,True,Boo,Team Heretics,omen,True,,,2,1,2,7,True,benjyfishy,Team Heretics,deadlock,True,,,1,2,1,4,False,Wo0t,Team Heretics,chamber,True,,,1,8,1,0,False,grubinho,GIANTX,omen,True,,,2,1,2,7,True,ara,GIANTX,raze,True,,,1,2,1,3,False,Cloud,GIANTX,fade,True,,,2,1,1,4,False,Flickless,GIANTX,viper,True,,,1,1,1,7,True,westside,GIANTX,cypher,True,,,1,2,1,7,True
872.605,3737,PREROUND,8,3,4,,,,MiniBoo,Team Heretics,raze,True,,,1,2,1,6,False,RieNs,Team Heretics,fade,True,,,2,1,1,7,True,Boo,Team Heretics,omen,True,,,2,1,2,7,True,benjyfishy,Team Heretics,deadlock,True,,,1,2,1,4,False,Wo0t,Team Heretics,chamber,True,,,1,8,1,0,False,grubinho,GIANTX,omen,True,,,2,1,2,7,True,ara,GIANTX,raze,True,,,1,2,1,3,False,Cloud,GIANTX,fade,True,,,2,1,1,4,False,Flickless,GIANTX,viper,True,,,1,1,1,7,True,westside,GIANTX,cypher,True,,,1,2,1,7,True
872.839,3738,PREROUND,8,3,4,,,,MiniBoo,Team Heretics,raze,True,,,1,2,1,6,False,RieNs,Team Heretics,fade,True,,,2,1,1,7,True,Boo,Team Heretics,omen,True,,,2,1,2,7,True,benjyfishy,Team Heretics,deadlock,True,,,1,2,1,4,False,Wo0t,Team Heretics,chamber,True,,,1,8,1,0,False,grubinho,GIANTX,omen,True,,,2,1,2,7,True,ara,GIANTX,raze,True,,,1,2,1,3,False,Cloud,GIANTX,fade,True,,,2,1,1,4,False,Flickless,GIANTX,viper,True,,,1,1,1,7,True,westside,GIANTX,cypher,True,,,1,2,1,7,True
873.072,3739,PREROUND,8,3,4,,,,MiniBoo,Team Heretics,raze,True,,,1,2,1,6,False,RieNs,Team Heretics,fade,True,,,2,1,1,7,True,Boo,Team Heretics,omen,True,,,2,1,2,7,True,benjyfishy,Team Heretics,deadlock,True,,,1,2,1,4,False,Wo0t,Team Heretics,chamber,True,,,1,8,1,0,False,grubinho,GIANTX,omen,True,,,2,1,2,7,True,ara,GIANTX,raze,True,,,1,2,1,3,False,Cloud,GIANTX,fade,True,,,2,1,1,4,False,Flickless,GIANTX,viper,True,,,1,1,1,7,True,westside,GIANTX,cypher,True,,,0,2,1,7,True
873.306,3740,PREROUND,8,3,4,,,,MiniBoo,Team Heretics,raze,True,,,1,2,1,6,False,RieNs,Team Heretics,fade,True,,,2,1,1,7,True,Boo,Team Heretics,omen,True,,,2,1,2,7,True,benjyfishy,Team Heretics,deadlock,True,,,1,2,1,4,False,Wo0t,Team Heretics,chamber,True,,,1,8,1,0,False,grubinho,GIANTX,omen,True,,,2,1,2,7,True,ara,GIANTX,raze,True,,,1,2,1,3,False,Cloud,GIANTX,fade,True,,,2,1,1,4,False,Flickless,GIANTX,viper,True,,,1,1,1,7,True,westside,GIANTX,cypher,True,,,0,2,1,7,True
873.539,3741,PREROUND,8,3,4,,,,MiniBoo,Team Heretics,raze,True,,,1,2,1,6,False,RieNs,Team Heretics,fade,True,,,2,1,1,7,True,Boo,Team Heretics,omen,True,,,2,1,2,7,True,benjyfishy,Team Heretics,deadlock,True,,,1,2,1,4,False,Wo0t,Team Heretics,chamber,True,,,1,8,1,0,False,grubinho,GIANTX,omen,True,,,2,1,2,7,True,ara,GIANTX,raze,True,,,1,2,1,3,False,Cloud,GIANTX,fade,True,,,2,1,1,4,False,Flickless,GIANTX,viper,True,,,1,1,1,7,True,westside,GIANTX,cypher,True,,,0,2,1,7,True
873.773,3742,PREROUND,8,3,4,,,,MiniBoo,Team Heretics,raze,True,,,1,2,1,6,False,RieNs,Team Heretics,fade,True,,,2,1,1,7,True,Boo,Team Heretics,omen,True,,,2,1,2,7,True,benjyfishy,Team Heretics,deadlock,True,,,1,2,1,4,False,Wo0t,Team Heretics,chamber,True,,,1,8,1,0,False,grubinho,GIANTX,omen,True,,,2,1,2,7,True,ara,GIANTX,raze,True,,,1,2,1,3,False,Cloud,GIANTX,fade,True,,,2,1,1,4,False,Flickless,GIANTX,viper,True,,,1,1,1,7,True,westside,GIANTX,cypher,True,,,0,2,1,7,True
874.006,3743,PREROUND,8,3,4,,,,MiniBoo,Team Heretics,raze,True,,,1,2,1,6,False,RieNs,Team Heretics,fade,True,,,2,1,1,7,True,Boo,Team Heretics,omen,True,,,2,1,2,7,True,benjyfishy,Team Heretics,deadlock,True,,,1,2,1,4,False,Wo0t,Team Heretics,chamber,True,,,1,8,1,0,False,grubinho,GIANTX,omen,True,,,2,1,2,7,True,ara,GIANTX,raze,True,,,1,2,1,3,False,Cloud,GIANTX,fade,True,,,2,1,1,4,False,Flickless,GIANTX,viper,True,,,1,1,1,7,True,westside,GIANTX,cypher,True,,,0,2,1,7,True
874.240,3744,PREROUND,8,3,4,,,,MiniBoo,Team Heretics,raze,True,,,1,2,1,6,False,RieNs,Team Heretics,fade,True,,,2,1,1,7,True,Boo,Team Heretics,omen,True,,,2,1,2,7,True,benjyfishy,Team Heretics,deadlock,True,,,1,2,1,4,False,Wo0t,Team Heretics,chamber,True,,,1,8,1,0,False,grubinho,GIANTX,omen,True,,,2,1,2,7,True,ara,GIANTX,raze,True,,,1,2,1,3,False,Cloud,GIANTX,fade,True,,,2,1,1,4,False,Flickless,GIANTX,viper,True,,,1,1,1,7,True,westside,GIANTX,cypher,True,,,0,2,1,7,True
874.474,3745,PREROUND,8,3,4,,,,MiniBoo,Team Heretics,raze,True,,,1,2,1,6,False,RieNs,Team Heretics,fade,True,,,2,1,1,7,True,Boo,Team Heretics,omen,True,,,2,1,2,7,True,benjyfishy,Team Heretics,deadlock,True,,,1,2,1,4,False,Wo0t,Team Heretics,chamber,True,,,1,8,1,0,False,grubinho,GIANTX,omen,True,,,2,1,2,7,True,ara,GIANTX,raze,True,,,1,2,1,3,False,Cloud,GIANTX,fade,True,,,2,1,1,4,False,Flickless,GIANTX,viper,True,,,1,1,1,7,True,westside,GIANTX,cypher,True,,,0,2,1,7,True
874.707,3746,PREROUND,8,3,4,,,,MiniBoo,Team Heretics,raze,True,,,1,2,1,6,False,RieNs,Team Heretics,fade,True,,,2,1,1,7,True,Boo,Team Heretics,omen,True,,,2,1,2,7,True,benjyfishy,Team Heretics,deadlock,True,,,1,2,1,4,False,Wo0t,Team Heretics,chamber,True,,,1,8,1,0,False,grubinho,GIANTX,omen,True,,,2,1,2,7,True,ara,GIANTX,raze,True,,,1,2,1,3,False,Cloud,GIANTX,fade,True,,,2,1,1,4,False,Flickless,GIANTX,viper,True,,,1,1,1,7,True,westside,GIANTX,cypher,True,,,0,2,1,7,True
874.941,3747,PREROUND,8,3,4,,,,MiniBoo,Team Heretics,raze,True,,,1,2,1,6,False,RieNs,Team Heretics,fade,True,,,2,1,1,7,True,Boo,Team Heretics,omen,True,,,2,1,2,7,True,benjyfishy,Team Heretics,deadlock,True,,,1,2,1,4,False,Wo0t,Team Heretics,chamber,True,,,1,8,1,0,False,grubinho,GIANTX,omen,True,,,2,1,2,7,True,ara,GIANTX,raze,True,,,1,2,1,3,False,Cloud,GIANTX,fade,True,,,2,1,1,4,False,Flickless,GIANTX,viper,True,,,1,1,1,7,True,westside,GIANTX,cypher,True,,,0,2,1,7,True
875.174,3748,PREROUND,8,3,4,,,,MiniBoo,Team Heretics,raze,True,,,1,2,1,6,False,RieNs,Team Heretics,fade,True,,,2,1,1,7,True,Boo,Team Heretics,omen,True,,,2,1,2,7,True,benjyfishy,Team Heretics,deadlock,True,,,1,2,1,4,False,Wo0t,Team Heretics,chamber,True,,,1,8,1,0,False,grubinho,GIANTX,omen,True,,,2,1,2,7,True,ara,GIANTX,raze,True,,,1,2,1,3,False,Cloud,GIANTX,fade,True,,,2,1,1,4,False,Flickless,GIANTX,viper,True,,,1,1,1,7,True,westside,GIANTX,cypher,True,,,0,2,1,7,True
875.408,3749,PREROUND,8,3,4,,,,MiniBoo,Team Heretics,raze,True,,,1,2,1,6,False,RieNs,Team Heretics,fade,True,,,2,1,1,7,True,Boo,Team Heretics,omen,True,,,2,1,2,7,True,benjyfishy,Team Heretics,deadlock,True,,,1,2,1,4,False,Wo0t,Team Heretics,chamber,True,,,1,8,1,0,False,grubinho,GIANTX,omen,True,,,2,1,2,7,True,ara,GIANTX,raze,True,,,1,2,1,3,False,Cloud,GIANTX,fade,True,,,2,1,1,4,False,Flickless,GIANTX,viper,True,,,1,1,1,7,True,westside,GIANTX,cypher,True,,,0,2,1,7,True
875.641,3750,PREROUND,8,3,4,,,,MiniBoo,Team Heretics,raze,True,,,1,2,1,6,False,RieNs,Team Heretics,fade,True,,,2,1,1,7,True,Boo,Team Heretics,omen,True,,,2,1,2,7,True,benjyfishy,Team Heretics,deadlock,True,,,1,2,1,4,False,Wo0t,Team Heretics,chamber,True,,,1,8,1,0,False,grubinho,GIANTX,omen,True,,,2,1,2,7,True,ara,GIANTX,raze,True,,,1,2,1,3,False,Cloud,GIANTX,fade,True,,,2,1,1,4,False,Flickless,GIANTX,viper,True,,,1,1,1,7,True,westside,GIANTX,cypher,True,,,0,2,1,7,True
875.875,3751,PREROUND,8,3,4,,,,MiniBoo,Team Heretics,raze,True,,,1,2,1,6,False,RieNs,Team Heretics,fade,True,,,2,1,1,7,True,Boo,Team Heretics,omen,True,,,2,1,2,7,True,benjyfishy,Team Heretics,deadlock,True,,,1,2,1,4,False,Wo0t,Team Heretics,chamber,True,,,1,8,1,0,False,grubinho,GIANTX,omen,True,,,2,1,2,7,True,ara,GIANTX,raze,True,,,1,2,1,3,False,Cloud,GIANTX,fade,True,,,2,1,1,4,False,Flickless,GIANTX,viper,True,,,1,1,1,7,True,westside,GIANTX,cypher,True,,,0,2,1,7,True
876.109,3752,PREROUND,8,3,4,,,,MiniBoo,Team Heretics,raze,True,,,1,2,1,6,False,RieNs,Team Heretics,fade,True,,,2,1,1,7,True,Boo,Team Heretics,omen,True,,,2,1,2,7,True,benjyfishy,Team Heretics,deadlock,True,,,1,2,1,4,False,Wo0t,Team Heretics,chamber,True,,,1,8,1,0,False,grubinho,GIANTX,omen,True,,,2,1,2,7,True,ara,GIANTX,raze,True,,,1,2,1,3,False,Cloud,GIANTX,fade,True,,,2,1,1,4,False,Flickless,GIANTX,viper,True,,,1,1,1,7,True,westside,GIANTX,cypher,True,,,0,2,1,7,True
876.342,3753,PREROUND,8,3,4,,,,MiniBoo,Team Heretics,raze,True,,,1,2,1,6,False,RieNs,Team Heretics,fade,True,,,2,1,1,7,True,Boo,Team Heretics,omen,True,,,2,1,2,7,True,benjyfishy,Team Heretics,deadlock,True,,,1,2,1,4,False,Wo0t,Team Heretics,chamber,True,,,1,8,1,0,False,grubinho,GIANTX,omen,True,,,2,1,2,7,True,ara,GIANTX,raze,True,,,1,2,1,3,False,Cloud,GIANTX,fade,True,,,2,1,1,4,False,Flickless,GIANTX,viper,True,,,1,1,1,7,True,westside,GIANTX,cypher,True,,,0,2,1,7,True
876.576,3754,PREROUND,8,3,4,,,,MiniBoo,Team Heretics,raze,True,,,1,2,1,6,False,RieNs,Team Heretics,fade,True,,,2,1,1,7,True,Boo,Team Heretics,omen,True,,,2,1,2,7,True,benjyfishy,Team Heretics,deadlock,True,,,1,2,1,4,False,Wo0t,Team Heretics,chamber,True,,,1,8,1,0,False,grubinho,GIANTX,omen,True,,,2,1,2,7,True,ara,GIANTX,raze,True,,,1,2,1,3,False,Cloud,GIANTX,fade,True,,,2,1,1,4,False,Flickless,GIANTX,viper,True,,,1,1,1,7,True,westside,GIANTX,cypher,True,,,0,2,1,7,True
876.809,3755,PREROUND,8,3,4,,,,MiniBoo,Team Heretics,raze,True,,,1,2,1,6,False,RieNs,Team Heretics,fade,True,,,2,1,1,7,True,Boo,Team Heretics,omen,True,,,2,1,2,7,True,benjyfishy,Team Heretics,deadlock,True,,,1,2,1,4,False,Wo0t,Team Heretics,chamber,True,,,1,8,1,0,False,grubinho,GIANTX,omen,True,,,2,1,2,7,True,ara,GIANTX,raze,True,,,1,2,1,3,False,Cloud,GIANTX,fade,True,,,2,1,1,4,False,Flickless,GIANTX,viper,True,,,1,1,1,7,True,westside,GIANTX,cypher,True,,,0,2,1,7,True
877.043,3756,PREROUND,8,3,4,,,,MiniBoo,Team Heretics,raze,True,,,1,2,1,6,False,RieNs,Team Heretics,fade,True,,,2,1,1,7,True,Boo,Team Heretics,omen,True,,,2,1,2,7,True,benjyfishy,Team Heretics,deadlock,True,,,1,2,1,4,False,Wo0t,Team Heretics,chamber,True,,,1,8,1,0,False,grubinho,GIANTX,omen,True,,,2,1,2,7,True,ara,GIANTX,raze,True,,,1,2,1,3,False,Cloud,GIANTX,fade,True,,,2,1,1,4,False,Flickless,GIANTX,viper,True,,,1,1,1,7,True,westside,GIANTX,cypher,True,,,0,2,1,7,True
877.276,3757,PREROUND,8,3,4,,,,MiniBoo,Team Heretics,raze,True,,,1,2,1,6,False,RieNs,Team Heretics,fade,True,,,2,1,1,7,True,Boo,Team Heretics,omen,True,,,2,1,2,7,True,benjyfishy,Team Heretics,deadlock,True,,,1,1,1,4,False,Wo0t,Team Heretics,chamber,True,,,1,8,1,0,False,grubinho,GIANTX,omen,True,,,2,1,2,7,True,ara,GIANTX,raze,True,,,1,2,1,3,False,Cloud,GIANTX,fade,True,,,2,1,1,4,False,Flickless,GIANTX,viper,True,,,1,1,1,7,True,westside,GIANTX,cypher,True,,,0,2,1,7,True
877.510,3758,PREROUND,8,3,4,,,,MiniBoo,Team Heretics,raze,True,,,1,2,1,6,False,RieNs,Team Heretics,fade,True,,,2,1,1,7,True,Boo,Team Heretics,omen,True,,,2,1,2,7,True,benjyfishy,Team Heretics,deadlock,True,,,1,1,1,4,False,Wo0t,Team Heretics,chamber,True,,,1,8,1,0,False,grubinho,GIANTX,omen,True,,,2,1,2,7,True,ara,GIANTX,raze,True,,,1,2,1,3,False,Cloud,GIANTX,fade,True,,,2,1,1,4,False,Flickless,GIANTX,viper,True,,,1,1,1,7,True,westside,GIANTX,cypher,True,,,0,2,1,7,True
877.744,3759,PREROUND,8,3,4,,,,MiniBoo,Team Heretics,raze,True,,,1,2,1,6,False,RieNs,Team Heretics,fade,True,,,2,1,1,7,True,Boo,Team Heretics,omen,True,,,2,1,2,7,True,benjyfishy,Team Heretics,deadlock,True,,,1,1,1,4,False,Wo0t,Team Heretics,chamber,True,,,1,8,1,0,False,grubinho,GIANTX,omen,True,,,2,1,2,7,True,ara,GIANTX,raze,True,,,1,2,1,3,False,Cloud,GIANTX,fade,True,,,2,1,1,4,False,Flickless,GIANTX,viper,True,,,1,1,1,7,True,westside,GIANTX,cypher,True,,,0,2,1,7,True
877.977,3760,PREROUND,8,3,4,,,,MiniBoo,Team Heretics,raze,True,,,1,2,1,6,False,RieNs,Team Heretics,fade,True,,,2,1,1,7,True,Boo,Team Heretics,omen,True,,,2,1,2,7,True,benjyfishy,Team Heretics,deadlock,True,,,1,1,1,4,False,Wo0t,Team Heretics,chamber,True,,,1,8,1,0,False,grubinho,GIANTX,omen,True,,,2,1,2,7,True,ara,GIANTX,raze,True,,,1,2,1,3,False,Cloud,GIANTX,fade,True,,,2,1,1,4,False,Flickless,GIANTX,viper,True,,,1,1,1,7,True,westside,GIANTX,cypher,True,,,0,2,1,7,True
878.211,3761,PREROUND,8,3,4,,,,MiniBoo,Team Heretics,raze,True,,,1,2,1,6,False,RieNs,Team Heretics,fade,True,,,2,1,1,7,True,Boo,Team Heretics,omen,True,,,2,1,2,7,True,benjyfishy,Team Heretics,deadlock,True,,,1,1,1,4,False,Wo0t,Team Heretics,chamber,True,,,0,8,1,0,False,grubinho,GIANTX,omen,True,,,2,1,2,7,True,ara,GIANTX,raze,True,,,1,2,1,3,False,Cloud,GIANTX,fade,True,,,2,1,1,4,False,Flickless,GIANTX,viper,True,,,1,1,1,7,True,westside,GIANTX,cypher,True,,,0,2,1,7,True
878.444,3762,PREROUND,8,3,4,,,,MiniBoo,Team Heretics,raze,True,,,1,2,1,6,False,RieNs,Team Heretics,fade,True,,,2,1,1,7,True,Boo,Team Heretics,omen,True,,,2,1,2,7,True,benjyfishy,Team Heretics,deadlock,True,,,1,1,1,4,False,Wo0t,Team Heretics,chamber,True,,,0,8,1,0,False,grubinho,GIANTX,omen,True,,,2,1,2,7,True,ara,GIANTX,raze,True,,,1,2,1,3,False,Cloud,GIANTX,fade,True,,,2,1,1,4,False,Flickless,GIANTX,viper,True,,,1,1,1,7,True,westside,GIANTX,cypher,True,,,0,2,1,7,True
878.678,3763,PREROUND,8,3,4,,,,MiniBoo,Team Heretics,raze,True,,,1,2,1,6,False,RieNs,Team Heretics,fade,True,,,2,1,1,7,True,Boo,Team Heretics,omen,True,,,2,1,2,7,True,benjyfishy,Team Heretics,deadlock,True,,,1,1,1,4,False,Wo0t,Team Heretics,chamber,True,,,0,8,1,0,False,grubinho,GIANTX,omen,True,,,2,1,2,7,True,ara,GIANTX,raze,True,,,1,2,1,3,False,Cloud,GIANTX,fade,True,,,2,1,1,4,False,Flickless,GIANTX,viper,True,,,1,1,1,7,True,westside,GIANTX,cypher,True,,,0,2,1,7,True
878.911,3764,PREROUND,8,3,4,,,,MiniBoo,Team Heretics,raze,True,,,1,2,1,6,False,RieNs,Team Heretics,fade,True,,,2,1,1,7,True,Boo,Team Heretics,omen,True,,,2,1,2,7,True,benjyfishy,Team Heretics,deadlock,True,,,1,1,1,4,False,Wo0t,Team Heretics,chamber,True,,,0,8,1,0,False,grubinho,GIANTX,omen,True,,,2,1,2,7,True,ara,GIANTX,raze,True,,,1,2,1,3,False,Cloud,GIANTX,fade,True,,,2,1,1,4,False,Flickless,GIANTX,viper,True,,,1,1,1,7,True,westside,GIANTX,cypher,True,,,0,2,1,7,True
879.145,3765,PREROUND,8,3,4,,,,MiniBoo,Team Heretics,raze,True,,,1,2,1,6,False,RieNs,Team Heretics,fade,True,,,2,1,1,7,True,Boo,Team Heretics,omen,True,,,2,1,2,7,True,benjyfishy,Team Heretics,deadlock,True,,,1,1,1,4,False,Wo0t,Team Heretics,chamber,True,,,0,8,0,0,False,grubinho,GIANTX,omen,True,,,2,1,2,7,True,ara,GIANTX,raze,True,,,1,2,1,3,False,Cloud,GIANTX,fade,True,,,2,1,1,4,False,Flickless,GIANTX,viper,True,,,1,1,1,7,True,westside,GIANTX,cypher,True,,,0,2,1,7,True
879.379,3766,PREROUND,8,3,4,,,,MiniBoo,Team Heretics,raze,True,,,1,2,1,6,False,RieNs,Team Heretics,fade,True,,,2,1,1,7,True,Boo,Team Heretics,omen,True,,,2,1,2,7,True,benjyfishy,Team Heretics,deadlock,True,,,1,1,1,4,False,Wo0t,Team Heretics,chamber,True,,,0,8,0,0,False,grubinho,GIANTX,omen,True,,,2,1,2,7,True,ara,GIANTX,raze,True,,,1,2,1,3,False,Cloud,GIANTX,fade,True,,,2,1,1,4,False,Flickless,GIANTX,viper,True,,,1,1,1,7,True,westside,GIANTX,cypher,True,,,0,2,1,7,True
879.612,3767,PREROUND,8,3,4,,,,MiniBoo,Team Heretics,raze,True,,,1,2,1,6,False,RieNs,Team Heretics,fade,True,,,2,1,1,7,True,Boo,Team Heretics,omen,True,,,2,1,2,7,True,benjyfishy,Team Heretics,deadlock,True,,,1,1,1,4,False,Wo0t,Team Heretics,chamber,True,,,0,8,0,0,False,grubinho,GIANTX,omen,True,,,2,1,2,7,True,ara,GIANTX,raze,True,,,1,2,1,3,False,Cloud,GIANTX,fade,True,,,2,1,1,4,False,Flickless,GIANTX,viper,True,,,1,1,1,7,True,westside,GIANTX,cypher,True,,,0,2,1,7,True
879.846,3768,PREROUND,8,3,4,,,,MiniBoo,Team Heretics,raze,True,,,1,2,1,6,False,RieNs,Team Heretics,fade,True,,,2,1,1,7,True,Boo,Team Heretics,omen,True,,,2,1,2,7,True,benjyfishy,Team Heretics,deadlock,True,,,1,1,1,4,False,Wo0t,Team Heretics,chamber,True,,,0,8,0,0,False,grubinho,GIANTX,omen,True,,,2,1,2,7,True,ara,GIANTX,raze,True,,,1,2,1,3,False,Cloud,GIANTX,fade,True,,,2,1,1,4,False,Flickless,GIANTX,viper,True,,,1,1,1,7,True,westside,GIANTX,cypher,True,,,0,2,1,7,True
880.079,3769,PREROUND,8,3,4,,,,MiniBoo,Team Heretics,raze,True,,,1,2,1,6,False,RieNs,Team Heretics,fade,True,,,2,1,1,7,True,Boo,Team Heretics,omen,True,,,2,1,2,7,True,benjyfishy,Team Heretics,deadlock,True,,,1,1,1,4,False,Wo0t,Team Heretics,chamber,True,,,0,8,0,0,False,grubinho,GIANTX,omen,True,,,2,1,2,7,True,ara,GIANTX,raze,True,,,1,2,1,3,False,Cloud,GIANTX,fade,True,,,2,1,1,4,False,Flickless,GIANTX,viper,True,,,1,1,1,7,True,westside,GIANTX,cypher,True,,,0,2,1,7,True
880.313,3770,PREROUND,8,3,4,,,,MiniBoo,Team Heretics,raze,True,,,1,2,1,6,False,RieNs,Team Heretics,fade,True,,,2,1,1,7,True,Boo,Team Heretics,omen,True,,,2,1,2,7,True,benjyfishy,Team Heretics,deadlock,True,,,1,1,1,4,False,Wo0t,Team Heretics,chamber,True,,,0,8,0,0,False,grubinho,GIANTX,omen,True,,,2,1,2,7,True,ara,GIANTX,raze,True,,,1,2,1,3,False,Cloud,GIANTX,fade,True,,,2,1,1,4,False,Flickless,GIANTX,viper,True,,,1,1,1,7,True,westside,GIANTX,cypher,True,,,0,2,1,7,True
880.546,3771,PREROUND,8,3,4,,,,MiniBoo,Team Heretics,raze,True,,,1,2,1,6,False,RieNs,Team Heretics,fade,True,,,2,1,1,7,True,Boo,Team Heretics,omen,True,,,2,1,2,7,True,benjyfishy,Team Heretics,deadlock,True,,,1,1,1,4,False,Wo0t,Team Heretics,chamber,True,,,0,8,0,0,False,grubinho,GIANTX,omen,True,,,2,1,2,7,True,ara,GIANTX,raze,True,,,1,2,1,3,False,Cloud,GIANTX,fade,True,,,2,1,1,4,False,Flickless,GIANTX,viper,True,,,1,1,1,7,True,westside,GIANTX,cypher,True,,,0,2,1,7,True
880.780,3772,PREROUND,8,3,4,,,,MiniBoo,Team Heretics,raze,True,,,1,2,1,6,False,RieNs,Team Heretics,fade,True,,,2,1,1,7,True,Boo,Team Heretics,omen,True,,,2,1,2,7,True,benjyfishy,Team Heretics,deadlock,True,,,1,1,1,4,False,Wo0t,Team Heretics,chamber,True,,,0,8,0,0,False,grubinho,GIANTX,omen,True,,,2,1,2,7,True,ara,GIANTX,raze,True,,,1,2,1,3,False,Cloud,GIANTX,fade,True,,,2,1,1,4,False,Flickless,GIANTX,viper,True,,,1,1,1,7,True,westside,GIANTX,cypher,True,,,0,2,1,7,True
881.013,3773,PREROUND,8,3,4,,,,MiniBoo,Team Heretics,raze,True,,,1,2,1,6,False,RieNs,Team Heretics,fade,True,,,2,1,1,7,True,Boo,Team Heretics,omen,True,,,2,1,2,7,True,benjyfishy,Team Heretics,deadlock,True,,,1,1,1,4,False,Wo0t,Team Heretics,chamber,True,,,0,8,0,0,False,grubinho,GIANTX,omen,True,,,2,1,2,7,True,ara,GIANTX,raze,True,,,1,2,1,3,False,Cloud,GIANTX,fade,True,,,2,1,1,4,False,Flickless,GIANTX,viper,True,,,1,1,1,7,True,westside,GIANTX,cypher,True,,,0,2,1,7,True
881.247,3774,PREROUND,8,3,4,,,,MiniBoo,Team Heretics,raze,True,,,1,2,1,6,False,RieNs,Team Heretics,fade,True,,,2,1,1,7,True,Boo,Team Heretics,omen,True,,,2,1,2,7,True,benjyfishy,Team Heretics,deadlock,True,,,1,1,1,4,False,Wo0t,Team Heretics,chamber,True,,,0,8,0,0,False,grubinho,GIANTX,omen,True,,,2,1,2,7,True,ara,GIANTX,raze,True,,,1,2,1,3,False,Cloud,GIANTX,fade,True,,,2,1,1,4,False,Flickless,GIANTX,viper,True,,,1,1,0,7,True,westside,GIANTX,cypher,True,,,0,2,1,7,True
881.481,3775,PREROUND,8,3,4,,,,MiniBoo,Team Heretics,raze,True,,,1,2,1,6,False,RieNs,Team Heretics,fade,True,,,2,1,1,7,True,Boo,Team Heretics,omen,True,,,2,1,2,7,True,benjyfishy,Team Heretics,deadlock,True,,,1,1,1,4,False,Wo0t,Team Heretics,chamber,True,,,0,8,0,0,False,grubinho,GIANTX,omen,True,,,2,1,2,7,True,ara,GIANTX,raze,True,,,1,2,1,3,False,Cloud,GIANTX,fade,True,,,2,1,1,4,False,Flickless,GIANTX,viper,True,,,1,1,0,7,True,westside,GIANTX,cypher,True,,,0,2,1,7,True
881.714,3776,PREROUND,8,3,4,,,,MiniBoo,Team Heretics,raze,True,,,1,2,1,6,False,RieNs,Team Heretics,fade,True,,,2,1,1,7,True,Boo,Team Heretics,omen,True,,,2,1,2,7,True,benjyfishy,Team Heretics,deadlock,True,,,1,1,1,4,False,Wo0t,Team Heretics,chamber,True,,,0,8,0,0,False,grubinho,GIANTX,omen,True,,,2,1,2,7,True,ara,GIANTX,raze,True,,,1,2,1,3,False,Cloud,GIANTX,fade,True,,,2,1,1,4,False,Flickless,GIANTX,viper,True,,,1,1,0,7,True,westside,GIANTX,cypher,True,,,0,2,1,7,True
881.948,3777,PREROUND,8,3,4,,,,MiniBoo,Team Heretics,raze,True,,,1,2,1,6,False,RieNs,Team Heretics,fade,True,,,2,1,1,7,True,Boo,Team Heretics,omen,True,,,2,1,2,7,True,benjyfishy,Team Heretics,deadlock,True,,,1,1,1,4,False,Wo0t,Team Heretics,chamber,True,,,0,8,0,0,False,grubinho,GIANTX,omen,True,,,2,1,2,7,True,ara,GIANTX,raze,True,,,1,2,1,3,False,Cloud,GIANTX,fade,True,,,2,1,1,4,False,Flickless,GIANTX,viper,True,,,1,1,0,7,True,westside,GIANTX,cypher,True,,,0,2,1,7,True
882.181,3778,PREROUND,8,3,4,,,,MiniBoo,Team Heretics,raze,True,,,1,2,1,6,False,RieNs,Team Heretics,fade,True,,,2,1,1,7,True,Boo,Team Heretics,omen,True,,,2,1,2,7,True,benjyfishy,Team Heretics,deadlock,True,,,1,1,1,4,False,Wo0t,Team Heretics,chamber,True,,,0,8,1,0,False,grubinho,GIANTX,omen,True,,,2,1,2,7,True,ara,GIANTX,raze,True,,,1,2,1,3,False,Cloud,GIANTX,fade,True,,,2,1,1,4,False,Flickless,GIANTX,viper,True,,,1,1,0,7,True,westside,GIANTX,cypher,True,,,0,2,1,7,True
882.415,3779,PREROUND,8,3,4,,,,MiniBoo,Team Heretics,raze,True,,,1,2,1,6,False,RieNs,Team Heretics,fade,True,,,2,1,1,7,True,Boo,Team Heretics,omen,True,,,2,1,2,7,True,benjyfishy,Team Heretics,deadlock,True,,,1,1,1,4,False,Wo0t,Team Heretics,chamber,True,,,0,8,1,0,False,grubinho,GIANTX,omen,True,,,2,1,2,7,True,ara,GIANTX,raze,True,,,1,2,1,3,False,Cloud,GIANTX,fade,True,,,2,1,1,4,False,Flickless,GIANTX,viper,True,,,1,1,0,7,True,westside,GIANTX,cypher,True,,,0,2,1,7,True
882.648,3780,PREROUND,8,3,4,,,,MiniBoo,Team Heretics,raze,True,,,1,2,1,6,False,RieNs,Team Heretics,fade,True,,,2,1,1,7,True,Boo,Team Heretics,omen,True,,,2,1,2,7,True,benjyfishy,Team Heretics,deadlock,True,,,1,1,1,4,False,Wo0t,Team Heretics,chamber,True,,,0,8,1,0,False,grubinho,GIANTX,omen,True,,,2,1,2,7,True,ara,GIANTX,raze,True,,,1,2,1,3,False,Cloud,GIANTX,fade,True,,,2,1,1,4,False,Flickless,GIANTX,viper,True,,,1,1,0,7,True,westside,GIANTX,cypher,True,,,0,2,1,7,True
882.882,3781,PREROUND,8,3,4,,,,MiniBoo,Team Heretics,raze,True,,,1,2,1,6,False,RieNs,Team Heretics,fade,True,,,2,1,1,7,True,Boo,Team Heretics,omen,True,,,2,1,2,7,True,benjyfishy,Team Heretics,deadlock,True,,,1,1,1,4,False,Wo0t,Team Heretics,chamber,True,,,0,8,1,0,False,grubinho,GIANTX,omen,True,,,2,1,2,7,True,ara,GIANTX,raze,True,,,1,2,1,3,False,Cloud,GIANTX,fade,True,,,2,1,1,4,False,Flickless,GIANTX,viper,True,,,1,1,0,7,True,westside,GIANTX,cypher,True,,,0,2,1,7,True
883.116,3782,PREROUND,8,3,4,,,,MiniBoo,Team Heretics,raze,True,,,1,2,1,6,False,RieNs,Team Heretics,fade,True,,,2,1,1,7,True,Boo,Team Heretics,omen,True,,,2,1,2,7,True,benjyfishy,Team Heretics,deadlock,True,,,1,1,1,4,False,Wo0t,Team Heretics,chamber,True,,,0,8,1,0,False,grubinho,GIANTX,omen,True,,,2,1,2,7,True,ara,GIANTX,raze,True,,,1,2,1,3,False,Cloud,GIANTX,fade,True,,,2,1,1,4,False,Flickless,GIANTX,viper,True,,,1,1,0,7,True,westside,GIANTX,cypher,True,,,0,2,1,7,True
883.349,3783,PREROUND,8,3,4,,,,MiniBoo,Team Heretics,raze,True,,,1,2,1,6,False,RieNs,Team Heretics,fade,True,,,2,1,1,7,True,Boo,Team Heretics,omen,True,,,2,1,2,7,True,benjyfishy,Team Heretics,deadlock,True,,,1,1,1,4,False,Wo0t,Team Heretics,chamber,True,,,0,8,1,0,False,grubinho,GIANTX,omen,True,,,2,1,2,7,True,ara,GIANTX,raze,True,,,1,2,1,3,False,Cloud,GIANTX,fade,True,,,2,1,1,4,False,Flickless,GIANTX,viper,True,,,1,1,0,7,True,westside,GIANTX,cypher,True,,,0,2,1,7,True
883.583,3784,PREROUND,8,3,4,,,,MiniBoo,Team Heretics,raze,True,,,1,2,1,6,False,RieNs,Team Heretics,fade,True,,,2,1,1,7,True,Boo,Team Heretics,omen,True,,,2,1,2,7,True,benjyfishy,Team Heretics,deadlock,True,,,1,1,1,4,False,Wo0t,Team Heretics,chamber,True,,,0,8,1,0,False,grubinho,GIANTX,omen,True,,,2,1,2,7,True,ara,GIANTX,raze,True,,,1,2,1,3,False,Cloud,GIANTX,fade,True,,,2,1,1,4,False,Flickless,GIANTX,viper,True,,,1,1,0,7,True,westside,GIANTX,cypher,True,,,0,2,1,7,True
883.816,3785,PREROUND,8,3,4,,,,MiniBoo,Team Heretics,raze,True,,,1,2,1,6,False,RieNs,Team Heretics,fade,True,,,2,1,1,7,True,Boo,Team Heretics,omen,True,,,2,1,2,7,True,benjyfishy,Team Heretics,deadlock,True,,,1,1,1,4,False,Wo0t,Team Heretics,chamber,True,,,0,8,1,0,False,grubinho,GIANTX,omen,True,,,2,1,2,7,True,ara,GIANTX,raze,True,,,1,2,1,3,False,Cloud,GIANTX,fade,True,,,2,1,1,4,False,Flickless,GIANTX,viper,True,,,1,1,0,7,True,westside,GIANTX,cypher,True,,,0,2,1,7,True
884.050,3786,PREROUND,8,3,4,,,,MiniBoo,Team Heretics,raze,True,,,1,2,1,6,False,RieNs,Team Heretics,fade,True,,,2,1,1,7,True,Boo,Team Heretics,omen,True,,,2,1,2,7,True,benjyfishy,Team Heretics,deadlock,True,,,1,1,1,4,False,Wo0t,Team Heretics,chamber,True,,,0,8,1,0,False,grubinho,GIANTX,omen,True,,,2,1,2,7,True,ara,GIANTX,raze,True,,,1,2,1,3,False,Cloud,GIANTX,fade,True,,,2,1,1,4,False,Flickless,GIANTX,viper,True,,,1,1,0,7,True,westside,GIANTX,cypher,True,,,0,2,1,7,True
884.283,3787,PREROUND,8,3,4,,,,MiniBoo,Team Heretics,raze,True,,,1,2,1,6,False,RieNs,Team Heretics,fade,True,,,2,1,1,7,True,Boo,Team Heretics,omen,True,,,2,1,2,7,True,benjyfishy,Team Heretics,deadlock,True,,,1,1,1,4,False,Wo0t,Team Heretics,chamber,True,,,0,8,1,0,False,grubinho,GIANTX,omen,True,,,2,1,2,7,True,ara,GIANTX,raze,True,,,1,2,1,3,False,Cloud,GIANTX,fade,True,,,2,1,1,4,False,Flickless,GIANTX,viper,True,,,1,1,0,7,True,westside,GIANTX,cypher,True,,,0,2,1,7,True
884.517,3788,PREROUND,8,3,4,,,,MiniBoo,Team Heretics,raze,True,,,1,2,1,6,False,RieNs,Team Heretics,fade,True,,,2,1,1,7,True,Boo,Team Heretics,omen,True,,,2,1,2,7,True,benjyfishy,Team Heretics,deadlock,True,,,1,1,1,4,False,Wo0t,Team Heretics,chamber,True,,,0,8,1,0,False,grubinho,GIANTX,omen,True,,,2,1,2,7,True,ara,GIANTX,raze,True,,,1,2,1,3,False,Cloud,GIANTX,fade,True,,,2,1,1,4,False,Flickless,GIANTX,viper,True,,,1,1,0,7,True,westside,GIANTX,cypher,True,,,0,2,1,7,True
884.751,3789,PREROUND,8,3,4,,,,MiniBoo,Team Heretics,raze,True,,,1,2,1,6,False,RieNs,Team Heretics,fade,True,,,2,1,1,7,True,Boo,Team Heretics,omen,True,,,2,1,2,7,True,benjyfishy,Team Heretics,deadlock,True,,,1,1,1,4,False,Wo0t,Team Heretics,chamber,True,,,0,8,1,0,False,grubinho,GIANTX,omen,True,,,2,1,2,7,True,ara,GIANTX,raze,True,,,1,2,1,3,False,Cloud,GIANTX,fade,True,,,2,1,1,4,False,Flickless,GIANTX,viper,True,,,1,1,0,7,True,westside,GIANTX,cypher,True,,,0,2,1,7,True
884.984,3790,PREROUND,8,3,4,,,,MiniBoo,Team Heretics,raze,True,,,1,2,1,6,False,RieNs,Team Heretics,fade,True,,,2,1,1,7,True,Boo,Team Heretics,omen,True,,,2,1,2,7,True,benjyfishy,Team Heretics,deadlock,True,,,1,1,1,4,False,Wo0t,Team Heretics,chamber,True,,,0,8,1,0,False,grubinho,GIANTX,omen,True,,,2,1,2,7,True,ara,GIANTX,raze,True,,,1,2,1,3,False,Cloud,GIANTX,fade,True,,,2,1,1,4,False,Flickless,GIANTX,viper,True,,,1,1,0,7,True,westside,GIANTX,cypher,True,,,0,2,1,7,True
885.218,3791,PREROUND,8,3,4,,,,MiniBoo,Team Heretics,raze,True,,,1,2,1,6,False,RieNs,Team Heretics,fade,True,,,2,1,1,7,True,Boo,Team Heretics,omen,True,,,2,1,2,7,True,benjyfishy,Team Heretics,deadlock,True,,,1,1,1,4,False,Wo0t,Team Heretics,chamber,True,,,0,8,1,0,False,grubinho,GIANTX,omen,True,,,2,1,2,7,True,ara,GIANTX,raze,True,,,1,2,1,3,False,Cloud,GIANTX,fade,True,,,2,1,1,4,False,Flickless,GIANTX,viper,True,,,1,1,0,7,True,westside,GIANTX,cypher,True,,,0,2,1,7,True
885.451,3792,PREROUND,8,3,4,,,,MiniBoo,Team Heretics,raze,True,,,1,2,1,6,False,RieNs,Team Heretics,fade,True,,,2,1,1,7,True,Boo,Team Heretics,omen,True,,,2,1,2,7,True,benjyfishy,Team Heretics,deadlock,True,,,1,1,1,4,False,Wo0t,Team Heretics,chamber,True,,,0,8,1,0,False,grubinho,GIANTX,omen,True,,,2,1,2,7,True,ara,GIANTX,raze,True,,,1,2,1,3,False,Cloud,GIANTX,fade,True,,,2,1,1,4,False,Flickless,GIANTX,viper,True,,,1,1,0,7,True,westside,GIANTX,cypher,True,,,0,2,1,7,True
885.685,3793,PREROUND,8,3,4,,,,MiniBoo,Team Heretics,raze,True,,,1,2,1,6,False,RieNs,Team Heretics,fade,True,,,2,1,1,7,True,Boo,Team Heretics,omen,True,,,2,1,2,7,True,benjyfishy,Team Heretics,deadlock,True,,,1,1,1,4,False,Wo0t,Team Heretics,chamber,True,,,0,8,1,0,False,grubinho,GIANTX,omen,True,,,2,1,2,7,True,ara,GIANTX,raze,True,,,1,2,1,3,False,Cloud,GIANTX,fade,True,,,2,1,1,4,False,Flickless,GIANTX,viper,True,,,1,1,0,7,True,westside,GIANTX,cypher,True,,,0,2,1,7,True
885.918,3794,PREROUND,8,3,4,,,,MiniBoo,Team Heretics,raze,True,,,1,2,1,6,False,RieNs,Team Heretics,fade,True,,,2,1,1,7,True,Boo,Team Heretics,omen,True,,,2,1,2,7,True,benjyfishy,Team Heretics,deadlock,True,,,1,1,1,4,False,Wo0t,Team Heretics,chamber,True,,,0,8,1,0,False,grubinho,GIANTX,omen,True,,,2,1,2,7,True,ara,GIANTX,raze,True,,,1,2,1,3,False,Cloud,GIANTX,fade,True,,,2,1,1,4,False,Flickless,GIANTX,viper,True,,,1,1,0,7,True,westside,GIANTX,cypher,True,,,0,2,1,7,True
886.152,3795,PREROUND,8,3,4,,,,MiniBoo,Team Heretics,raze,True,,,1,2,1,6,False,RieNs,Team Heretics,fade,True,,,2,1,1,7,True,Boo,Team Heretics,omen,True,,,2,1,2,7,True,benjyfishy,Team Heretics,deadlock,True,,,1,1,1,4,False,Wo0t,Team Heretics,chamber,True,,,0,8,1,0,False,grubinho,GIANTX,omen,True,,,2,1,2,7,True,ara,GIANTX,raze,True,,,1,2,1,3,False,Cloud,GIANTX,fade,True,,,2,1,1,4,False,Flickless,GIANTX,viper,True,,,1,1,0,7,True,westside,GIANTX,cypher,True,,,0,2,1,7,True
886.385,3796,PREROUND,8,3,4,,,,MiniBoo,Team Heretics,raze,True,,,1,2,1,6,False,RieNs,Team Heretics,fade,True,,,2,1,1,7,True,Boo,Team Heretics,omen,True,,,2,1,2,7,True,benjyfishy,Team Heretics,deadlock,True,,,1,1,1,4,False,Wo0t,Team Heretics,chamber,True,,,0,8,1,0,False,grubinho,GIANTX,omen,True,,,2,1,2,7,True,ara,GIANTX,raze,True,,,1,2,1,3,False,Cloud,GIANTX,fade,True,,,2,1,1,4,False,Flickless,GIANTX,viper,True,,,1,1,0,7,True,westside,GIANTX,cypher,True,,,0,2,1,7,True
886.619,3797,PREROUND,8,3,4,,,,MiniBoo,Team Heretics,raze,True,,,1,2,1,6,False,RieNs,Team Heretics,fade,True,,,2,1,1,7,True,Boo,Team Heretics,omen,True,,,2,1,2,7,True,benjyfishy,Team Heretics,deadlock,True,,,1,1,1,4,False,Wo0t,Team Heretics,chamber,True,,,0,8,1,0,False,grubinho,GIANTX,omen,True,,,2,1,2,7,True,ara,GIANTX,raze,True,,,1,2,1,3,False,Cloud,GIANTX,fade,True,,,2,1,1,4,False,Flickless,GIANTX,viper,True,,,1,1,0,7,True,westside,GIANTX,cypher,True,,,0,2,1,7,True
886.853,3798,PREROUND,8,3,4,,,,MiniBoo,Team Heretics,raze,True,,,1,2,1,6,False,RieNs,Team Heretics,fade,True,,,2,1,1,7,True,Boo,Team Heretics,omen,True,,,2,1,2,7,True,benjyfishy,Team Heretics,deadlock,True,,,1,1,1,4,False,Wo0t,Team Heretics,chamber,True,,,0,8,1,0,False,grubinho,GIANTX,omen,True,,,2,1,2,7,True,ara,GIANTX,raze,True,,,1,2,1,3,False,Cloud,GIANTX,fade,True,,,2,1,1,4,False,Flickless,GIANTX,viper,True,,,1,1,0,7,True,westside,GIANTX,cypher,True,,,0,2,1,7,True
887.086,3799,PREROUND,8,3,4,,,,MiniBoo,Team Heretics,raze,True,,,1,2,1,6,False,RieNs,Team Heretics,fade,True,,,2,1,1,7,True,Boo,Team Heretics,omen,True,,,2,1,2,7,True,benjyfishy,Team Heretics,deadlock,True,,,1,1,1,4,False,Wo0t,Team Heretics,chamber,True,,,0,8,1,0,False,grubinho,GIANTX,omen,True,,,2,1,2,7,True,ara,GIANTX,raze,True,,,1,2,1,3,False,Cloud,GIANTX,fade,True,,,2,1,1,4,False,Flickless,GIANTX,viper,True,,,1,1,0,7,True,westside,GIANTX,cypher,True,,,0,2,1,7,True
887.320,3800,PREROUND,8,3,4,,,,MiniBoo,Team Heretics,raze,True,,,1,2,1,6,False,RieNs,Team Heretics,fade,True,,,2,1,1,7,True,Boo,Team Heretics,omen,True,,,2,1,2,7,True,benjyfishy,Team Heretics,deadlock,True,,,1,1,1,4,False,Wo0t,Team Heretics,chamber,True,,,0,8,1,0,False,grubinho,GIANTX,omen,True,,,2,1,2,7,True,ara,GIANTX,raze,True,,,1,2,1,3,False,Cloud,GIANTX,fade,True,,,2,1,1,4,False,Flickless,GIANTX,viper,True,,,1,1,0,7,True,westside,GIANTX,cypher,True,,,0,2,1,7,True
887.553,3801,PREROUND,8,3,4,,,,MiniBoo,Team Heretics,raze,True,,,1,2,1,6,False,RieNs,Team Heretics,fade,True,,,2,1,1,7,True,Boo,Team Heretics,omen,True,,,2,1,2,7,True,benjyfishy,Team Heretics,deadlock,True,,,1,1,1,4,False,Wo0t,Team Heretics,chamber,True,,,0,8,1,0,False,grubinho,GIANTX,omen,True,,,2,1,2,7,True,ara,GIANTX,raze,True,,,1,2,1,3,False,Cloud,GIANTX,fade,True,,,2,1,1,4,False,Flickless,GIANTX,viper,True,,,1,1,0,7,True,westside,GIANTX,cypher,True,,,0,2,1,7,True
887.787,3802,PREROUND,8,3,4,,,,MiniBoo,Team Heretics,raze,True,,,1,2,1,6,False,RieNs,Team Heretics,fade,True,,,2,1,1,7,True,Boo,Team Heretics,omen,True,,,2,1,2,7,True,benjyfishy,Team Heretics,deadlock,True,,,1,1,1,4,False,Wo0t,Team Heretics,chamber,True,,,0,8,1,0,False,grubinho,GIANTX,omen,True,,,2,1,2,7,True,ara,GIANTX,raze,True,,,1,2,1,3,False,Cloud,GIANTX,fade,True,,,2,1,1,4,False,Flickless,GIANTX,viper,True,,,1,1,0,7,True,westside,GIANTX,cypher,True,,,0,2,1,7,True
888.020,3803,PREROUND,8,3,4,,,,MiniBoo,Team Heretics,raze,True,,,1,2,1,6,False,RieNs,Team Heretics,fade,True,,,2,1,1,7,True,Boo,Team Heretics,omen,True,,,2,1,2,7,True,benjyfishy,Team Heretics,deadlock,True,,,1,1,1,4,False,Wo0t,Team Heretics,chamber,True,,,0,8,1,0,False,grubinho,GIANTX,omen,True,,,2,1,2,7,True,ara,GIANTX,raze,True,,,1,2,1,3,False,Cloud,GIANTX,fade,True,,,2,1,1,4,False,Flickless,GIANTX,viper,True,,,1,1,0,7,True,westside,GIANTX,cypher,True,,,0,2,1,7,True
888.254,3804,PREROUND,8,3,4,,,,MiniBoo,Team Heretics,raze,True,,,1,2,1,6,False,RieNs,Team Heretics,fade,True,,,2,1,1,7,True,Boo,Team Heretics,omen,True,,,2,1,2,7,True,benjyfishy,Team Heretics,deadlock,True,,,1,0,1,4,False,Wo0t,Team Heretics,chamber,True,,,0,8,1,0,False,grubinho,GIANTX,omen,True,,,2,1,2,7,True,ara,GIANTX,raze,True,,,1,2,1,3,False,Cloud,GIANTX,fade,True,,,2,1,1,4,False,Flickless,GIANTX,viper,True,,,1,1,0,7,True,westside,GIANTX,cypher,True,,,0,2,1,7,True
888.488,3805,PREROUND,8,3,4,,,,MiniBoo,Team Heretics,raze,True,,,1,2,1,6,False,RieNs,Team Heretics,fade,True,,,2,1,1,7,True,Boo,Team Heretics,omen,True,,,2,1,2,7,True,benjyfishy,Team Heretics,deadlock,True,,,1,0,1,4,False,Wo0t,Team Heretics,chamber,True,,,0,8,1,0,False,grubinho,GIANTX,omen,True,,,2,1,2,7,True,ara,GIANTX,raze,True,,,1,2,1,3,False,Cloud,GIANTX,fade,True,,,2,1,1,4,False,Flickless,GIANTX,viper,True,,,1,1,0,7,True,westside,GIANTX,cypher,True,,,0,2,1,7,True
888.721,3806,PREROUND,8,3,4,,,,MiniBoo,Team Heretics,raze,True,,,1,2,1,6,False,RieNs,Team Heretics,fade,True,,,2,1,1,7,True,Boo,Team Heretics,omen,True,,,2,1,2,7,True,benjyfishy,Team Heretics,deadlock,True,,,1,0,1,4,False,Wo0t,Team Heretics,chamber,True,,,0,8,1,0,False,grubinho,GIANTX,omen,True,,,2,1,2,7,True,ara,GIANTX,raze,True,,,1,2,1,3,False,Cloud,GIANTX,fade,True,,,2,1,1,4,False,Flickless,GIANTX,viper,True,,,1,1,0,7,True,westside,GIANTX,cypher,True,,,0,2,1,7,True
888.955,3807,PREROUND,8,3,4,,,,MiniBoo,Team Heretics,raze,True,,,1,2,1,6,False,RieNs,Team Heretics,fade,True,,,2,1,1,7,True,Boo,Team Heretics,omen,True,,,2,1,2,7,True,benjyfishy,Team Heretics,deadlock,True,,,1,0,1,4,False,Wo0t,Team Heretics,chamber,True,,,0,8,1,0,False,grubinho,GIANTX,omen,True,,,2,1,2,7,True,ara,GIANTX,raze,True,,,1,2,1,3,False,Cloud,GIANTX,fade,True,,,2,1,1,4,False,Flickless,GIANTX,viper,True,,,1,1,0,7,True,westside,GIANTX,cypher,True,,,0,2,1,7,True
889.188,3808,PREROUND,8,3,4,,,,MiniBoo,Team Heretics,raze,True,,,1,2,1,6,False,RieNs,Team Heretics,fade,True,,,2,1,1,7,True,Boo,Team Heretics,omen,True,,,2,1,2,7,True,benjyfishy,Team Heretics,deadlock,True,,,1,0,1,4,False,Wo0t,Team Heretics,chamber,True,,,0,8,1,0,False,grubinho,GIANTX,omen,True,,,2,1,2,7,True,ara,GIANTX,raze,True,,,1,2,1,3,False,Cloud,GIANTX,fade,True,,,2,1,1,4,False,Flickless,GIANTX,viper,True,,,1,1,0,7,True,westside,GIANTX,cypher,True,,,0,2,1,7,True
889.422,3809,PREROUND,8,3,4,,,,MiniBoo,Team Heretics,raze,True,,,1,2,1,6,False,RieNs,Team Heretics,fade,True,,,2,1,1,7,True,Boo,Team Heretics,omen,True,,,2,1,2,7,True,benjyfishy,Team Heretics,deadlock,True,,,1,0,1,4,False,Wo0t,Team Heretics,chamber,True,,,0,8,1,0,False,grubinho,GIANTX,omen,True,,,2,1,2,7,True,ara,GIANTX,raze,True,,,1,2,1,3,False,Cloud,GIANTX,fade,True,,,2,1,1,4,False,Flickless,GIANTX,viper,True,,,1,1,0,7,True,westside,GIANTX,cypher,True,,,0,2,1,7,True
889.655,3810,PREROUND,8,3,4,,,,MiniBoo,Team Heretics,raze,True,,,1,2,1,6,False,RieNs,Team Heretics,fade,True,,,2,1,1,7,True,Boo,Team Heretics,omen,True,,,2,1,2,7,True,benjyfishy,Team Heretics,deadlock,True,,,1,0,1,4,False,Wo0t,Team Heretics,chamber,True,,,0,8,1,0,False,grubinho,GIANTX,omen,True,,,2,1,2,7,True,ara,GIANTX,raze,True,,,1,2,1,3,False,Cloud,GIANTX,fade,True,,,2,1,1,4,False,Flickless,GIANTX,viper,True,,,1,1,0,7,True,westside,GIANTX,cypher,True,,,0,2,1,7,True
889.889,3811,PREROUND,8,3,4,,,,MiniBoo,Team Heretics,raze,True,,,1,2,1,6,False,RieNs,Team Heretics,fade,True,,,2,1,1,7,True,Boo,Team Heretics,omen,True,,,2,1,2,7,True,benjyfishy,Team Heretics,deadlock,True,,,1,0,1,4,False,Wo0t,Team Heretics,chamber,True,,,0,8,1,0,False,grubinho,GIANTX,omen,True,,,2,1,2,7,True,ara,GIANTX,raze,True,,,1,2,1,3,False,Cloud,GIANTX,fade,True,,,2,1,1,4,False,Flickless,GIANTX,viper,True,,,1,1,0,7,True,westside,GIANTX,cypher,True,,,0,2,1,7,True
890.123,3812,PREROUND,8,3,4,,,,MiniBoo,Team Heretics,raze,True,,,1,2,1,6,False,RieNs,Team Heretics,fade,True,,,2,1,1,7,True,Boo,Team Heretics,omen,True,,,2,1,2,7,True,benjyfishy,Team Heretics,deadlock,True,,,1,1,1,4,False,Wo0t,Team Heretics,chamber,True,,,0,8,1,0,False,grubinho,GIANTX,omen,True,,,2,1,2,7,True,ara,GIANTX,raze,True,,,1,2,1,3,False,Cloud,GIANTX,fade,True,,,2,1,1,4,False,Flickless,GIANTX,viper,True,,,1,1,0,7,True,westside,GIANTX,cypher,True,,,0,2,1,7,True
890.356,3813,PREROUND,8,3,4,,,,MiniBoo,Team Heretics,raze,True,,,1,2,1,6,False,RieNs,Team Heretics,fade,True,,,2,1,1,7,True,Boo,Team Heretics,omen,True,,,2,1,2,7,True,benjyfishy,Team Heretics,deadlock,True,,,1,1,1,4,False,Wo0t,Team Heretics,chamber,True,,,0,8,1,0,False,grubinho,GIANTX,omen,True,,,2,1,2,7,True,ara,GIANTX,raze,True,,,1,2,1,3,False,Cloud,GIANTX,fade,True,,,2,1,1,4,False,Flickless,GIANTX,viper,True,,,1,1,0,7,True,westside,GIANTX,cypher,True,,,0,2,1,7,True
890.590,3814,PREROUND,8,3,4,,,,MiniBoo,Team Heretics,raze,True,,,1,2,1,6,False,RieNs,Team Heretics,fade,True,,,2,1,1,7,True,Boo,Team Heretics,omen,True,,,2,1,2,7,True,benjyfishy,Team Heretics,deadlock,True,,,1,1,1,4,False,Wo0t,Team Heretics,chamber,True,,,0,8,1,0,False,grubinho,GIANTX,omen,True,,,2,1,2,7,True,ara,GIANTX,raze,True,,,1,2,1,3,False,Cloud,GIANTX,fade,True,,,2,1,1,4,False,Flickless,GIANTX,viper,True,,,1,1,0,7,True,westside,GIANTX,cypher,True,,,0,2,1,7,True
890.823,3815,PREROUND,8,3,4,,,,MiniBoo,Team Heretics,raze,True,,,1,2,1,6,False,RieNs,Team Heretics,fade,True,,,2,1,1,7,True,Boo,Team Heretics,omen,True,,,2,1,2,7,True,benjyfishy,Team Heretics,deadlock,True,,,1,1,1,4,False,Wo0t,Team Heretics,chamber,True,,,0,8,1,0,False,grubinho,GIANTX,omen,True,,,2,1,2,7,True,ara,GIANTX,raze,True,,,1,2,1,3,False,Cloud,GIANTX,fade,True,,,2,1,1,4,False,Flickless,GIANTX,viper,True,,,1,1,0,7,True,westside,GIANTX,cypher,True,,,0,2,1,7,True
891.057,3816,PREROUND,8,3,4,,,,MiniBoo,Team Heretics,raze,True,,,1,2,1,6,False,RieNs,Team Heretics,fade,True,,,2,1,1,7,True,Boo,Team Heretics,omen,True,,,2,1,2,7,True,benjyfishy,Team Heretics,deadlock,True,,,1,1,1,4,False,Wo0t,Team Heretics,chamber,True,,,0,8,1,0,False,grubinho,GIANTX,omen,True,,,2,1,2,7,True,ara,GIANTX,raze,True,,,1,2,1,3,False,Cloud,GIANTX,fade,True,,,2,1,1,4,False,Flickless,GIANTX,viper,True,,,1,1,0,7,True,westside,GIANTX,cypher,True,,,0,2,1,7,True
891.290,3817,PREROUND,8,3,4,,,,MiniBoo,Team Heretics,raze,True,,,1,2,1,6,False,RieNs,Team Heretics,fade,True,,,2,1,1,7,True,Boo,Team Heretics,omen,True,,,2,1,2,7,True,benjyfishy,Team Heretics,deadlock,True,,,1,1,1,4,False,Wo0t,Team Heretics,chamber,True,,,0,8,1,0,False,grubinho,GIANTX,omen,True,,,2,1,2,7,True,ara,GIANTX,raze,True,,,1,2,1,3,False,Cloud,GIANTX,fade,True,,,2,1,1,4,False,Flickless,GIANTX,viper,True,,,1,1,0,7,True,westside,GIANTX,cypher,True,,,0,2,1,7,True
891.524,3818,PREROUND,8,3,4,,,,MiniBoo,Team Heretics,raze,True,,,1,2,1,6,False,RieNs,Team Heretics,fade,True,,,2,1,1,7,True,Boo,Team Heretics,omen,True,,,2,1,2,7,True,benjyfishy,Team Heretics,deadlock,True,,,1,1,1,4,False,Wo0t,Team Heretics,chamber,True,,,0,8,1,0,False,grubinho,GIANTX,omen,True,,,2,1,2,7,True,ara,GIANTX,raze,True,,,1,2,1,3,False,Cloud,GIANTX,fade,True,,,2,1,1,4,False,Flickless,GIANTX,viper,True,,,1,1,0,7,True,westside,GIANTX,cypher,True,,,0,2,1,7,True
891.758,3819,PREROUND,8,3,4,,,,MiniBoo,Team Heretics,raze,True,,,1,2,1,6,False,RieNs,Team Heretics,fade,True,,,2,1,1,7,True,Boo,Team Heretics,omen,True,,,2,1,2,7,True,benjyfishy,Team Heretics,deadlock,True,,,1,1,1,4,False,Wo0t,Team Heretics,chamber,True,,,0,8,1,0,False,grubinho,GIANTX,omen,True,,,2,1,2,7,True,ara,GIANTX,raze,True,,,1,2,1,3,False,Cloud,GIANTX,fade,True,,,2,1,1,4,False,Flickless,GIANTX,viper,True,,,1,1,0,7,True,westside,GIANTX,cypher,True,,,0,2,1,7,True
891.991,3820,PREROUND,8,3,4,,,,MiniBoo,Team Heretics,raze,True,,,1,2,1,6,False,RieNs,Team Heretics,fade,True,,,2,1,1,7,True,Boo,Team Heretics,omen,True,,,2,1,2,7,True,benjyfishy,Team Heretics,deadlock,True,,,1,1,1,4,False,Wo0t,Team Heretics,chamber,True,,,0,8,1,0,False,grubinho,GIANTX,omen,True,,,2,1,2,7,True,ara,GIANTX,raze,True,,,1,2,1,3,False,Cloud,GIANTX,fade,True,,,2,1,1,4,False,Flickless,GIANTX,viper,True,,,1,1,0,7,True,westside,GIANTX,cypher,True,,,0,2,1,7,True
892.225,3821,PREROUND,8,3,4,,,,MiniBoo,Team Heretics,raze,True,,,1,2,1,6,False,RieNs,Team Heretics,fade,True,,,2,1,1,7,True,Boo,Team Heretics,omen,True,,,2,1,2,7,True,benjyfishy,Team Heretics,deadlock,True,,,1,1,1,4,False,Wo0t,Team Heretics,chamber,True,,,0,8,1,0,False,grubinho,GIANTX,omen,True,,,2,1,2,7,True,ara,GIANTX,raze,True,,,1,2,1,3,False,Cloud,GIANTX,fade,True,,,2,1,1,4,False,Flickless,GIANTX,viper,True,,,1,1,0,7,True,westside,GIANTX,cypher,True,,,0,2,1,7,True
892.458,3822,PREROUND,8,3,4,,,,MiniBoo,Team Heretics,raze,True,,,1,2,1,6,False,RieNs,Team Heretics,fade,True,,,2,1,1,7,True,Boo,Team Heretics,omen,True,,,2,1,2,7,True,benjyfishy,Team Heretics,deadlock,True,,,1,1,1,4,False,Wo0t,Team Heretics,chamber,True,,,0,8,1,0,False,grubinho,GIANTX,omen,True,,,2,1,2,7,True,ara,GIANTX,raze,True,,,1,2,1,3,False,Cloud,GIANTX,fade,True,,,2,1,1,4,False,Flickless,GIANTX,viper,True,,,1,1,0,7,True,westside,GIANTX,cypher,True,,,0,2,1,7,True
892.692,3823,PREROUND,8,3,4,,,,MiniBoo,Team Heretics,raze,True,,,1,2,1,6,False,RieNs,Team Heretics,fade,True,,,2,1,1,7,True,Boo,Team Heretics,omen,True,,,2,1,2,7,True,benjyfishy,Team Heretics,deadlock,True,,,1,1,1,4,False,Wo0t,Team Heretics,chamber,True,,,0,8,1,0,False,grubinho,GIANTX,omen,True,,,2,1,2,7,True,ara,GIANTX,raze,True,,,1,2,1,3,False,Cloud,GIANTX,fade,True,,,2,1,1,4,False,Flickless,GIANTX,viper,True,,,1,1,0,7,True,westside,GIANTX,cypher,True,,,0,2,1,7,True
892.925,3824,PREROUND,8,3,4,,,,MiniBoo,Team Heretics,raze,True,,,1,2,1,6,False,RieNs,Team Heretics,fade,True,,,2,1,1,7,True,Boo,Team Heretics,omen,True,,,2,1,2,7,True,benjyfishy,Team Heretics,deadlock,True,,,1,1,1,4,False,Wo0t,Team Heretics,chamber,True,,,0,8,1,0,False,grubinho,GIANTX,omen,True,,,2,1,2,7,True,ara,GIANTX,raze,True,,,1,2,1,3,False,Cloud,GIANTX,fade,True,,,2,1,1,4,False,Flickless,GIANTX,viper,True,,,1,1,0,7,True,westside,GIANTX,cypher,True,,,0,2,1,7,True
893.159,3825,PREROUND,8,3,4,,,,MiniBoo,Team Heretics,raze,True,,,1,2,1,6,False,RieNs,Team Heretics,fade,True,,,2,1,1,7,True,Boo,Team Heretics,omen,True,,,2,1,2,7,True,benjyfishy,Team Heretics,deadlock,True,,,1,0,1,4,False,Wo0t,Team Heretics,chamber,True,,,0,8,1,0,False,grubinho,GIANTX,omen,True,,,2,1,2,7,True,ara,GIANTX,raze,True,,,1,2,1,3,False,Cloud,GIANTX,fade,True,,,2,1,1,4,False,Flickless,GIANTX,viper,True,,,1,1,0,7,True,westside,GIANTX,cypher,True,,,0,2,1,7,True
893.393,3826,PREROUND,8,3,4,,,,MiniBoo,Team Heretics,raze,True,,,1,2,1,6,False,RieNs,Team Heretics,fade,True,,,2,1,1,7,True,Boo,Team Heretics,omen,True,,,2,1,2,7,True,benjyfishy,Team Heretics,deadlock,True,,,1,0,1,4,False,Wo0t,Team Heretics,chamber,True,,,0,8,1,0,False,grubinho,GIANTX,omen,True,,,2,1,2,7,True,ara,GIANTX,raze,True,,,1,2,1,3,False,Cloud,GIANTX,fade,True,,,2,1,1,4,False,Flickless,GIANTX,viper,True,,,1,1,0,7,True,westside,GIANTX,cypher,True,,,0,2,1,7,True
893.626,3827,PREROUND,8,3,4,,,,MiniBoo,Team Heretics,raze,True,,,1,2,1,6,False,RieNs,Team Heretics,fade,True,,,2,1,1,7,True,Boo,Team Heretics,omen,True,,,2,1,2,7,True,benjyfishy,Team Heretics,deadlock,True,,,1,0,1,4,False,Wo0t,Team Heretics,chamber,True,,,0,8,1,0,False,grubinho,GIANTX,omen,True,,,2,1,2,7,True,ara,GIANTX,raze,True,,,1,2,1,3,False,Cloud,GIANTX,fade,True,,,2,1,1,4,False,Flickless,GIANTX,viper,True,,,1,1,0,7,True,westside,GIANTX,cypher,True,,,0,2,1,7,True
893.860,3828,PREROUND,8,3,4,,,,MiniBoo,Team Heretics,raze,True,,,1,2,1,6,False,RieNs,Team Heretics,fade,True,,,2,1,1,7,True,Boo,Team Heretics,omen,True,,,2,1,2,7,True,benjyfishy,Team Heretics,deadlock,True,,,1,0,1,4,False,Wo0t,Team Heretics,chamber,True,,,0,8,1,0,False,grubinho,GIANTX,omen,True,,,2,1,2,7,True,ara,GIANTX,raze,True,,,1,2,1,3,False,Cloud,GIANTX,fade,True,,,2,1,1,4,False,Flickless,GIANTX,viper,True,,,1,1,0,7,True,westside,GIANTX,cypher,True,,,0,2,1,7,True
894.093,3829,PREROUND,8,3,4,,,,MiniBoo,Team Heretics,raze,True,,,1,2,1,6,False,RieNs,Team Heretics,fade,True,,,2,1,1,7,True,Boo,Team Heretics,omen,True,,,2,1,2,7,True,benjyfishy,Team Heretics,deadlock,True,,,1,0,1,4,False,Wo0t,Team Heretics,chamber,True,,,0,8,1,0,False,grubinho,GIANTX,omen,True,,,2,1,2,7,True,ara,GIANTX,raze,True,,,1,2,1,3,False,Cloud,GIANTX,fade,True,,,2,1,1,4,False,Flickless,GIANTX,viper,True,,,1,1,0,7,True,westside,GIANTX,cypher,True,,,0,2,1,7,True
894.327,3830,PREROUND,8,3,4,,,,MiniBoo,Team Heretics,raze,True,,,1,2,1,6,False,RieNs,Team Heretics,fade,True,,,2,1,1,7,True,Boo,Team Heretics,omen,True,,,2,1,2,7,True,benjyfishy,Team Heretics,deadlock,True,,,1,0,1,4,False,Wo0t,Team Heretics,chamber,True,,,0,8,1,0,False,grubinho,GIANTX,omen,True,,,2,1,2,7,True,ara,GIANTX,raze,True,,,1,2,1,3,False,Cloud,GIANTX,fade,True,,,2,1,1,4,False,Flickless,GIANTX,viper,True,,,1,1,0,7,True,westside,GIANTX,cypher,True,,,0,2,1,7,True
894.560,3831,PREROUND,8,3,4,,,,MiniBoo,Team Heretics,raze,True,,,1,2,1,6,False,RieNs,Team Heretics,fade,True,,,2,1,1,7,True,Boo,Team Heretics,omen,True,,,2,1,2,7,True,benjyfishy,Team Heretics,deadlock,True,,,1,0,1,4,False,Wo0t,Team Heretics,chamber,True,,,0,8,1,0,False,grubinho,GIANTX,omen,True,,,2,1,2,7,True,ara,GIANTX,raze,True,,,1,2,1,3,False,Cloud,GIANTX,fade,True,,,2,1,1,4,False,Flickless,GIANTX,viper,True,,,1,1,0,7,True,westside,GIANTX,cypher,True,,,0,2,1,7,True
894.794,3832,PREROUND,8,3,4,,,,MiniBoo,Team Heretics,raze,True,,,1,2,1,6,False,RieNs,Team Heretics,fade,True,,,2,1,1,7,True,Boo,Team Heretics,omen,True,,,2,1,2,7,True,benjyfishy,Team Heretics,deadlock,True,,,1,0,1,4,False,Wo0t,Team Heretics,chamber,True,,,0,8,1,0,False,grubinho,GIANTX,omen,True,,,2,1,2,7,True,ara,GIANTX,raze,True,,,1,2,1,3,False,Cloud,GIANTX,fade,True,,,2,1,1,4,False,Flickless,GIANTX,viper,True,,,1,1,0,7,True,westside,GIANTX,cypher,True,,,0,2,1,7,True
895.027,3833,PREROUND,8,3,4,,,,MiniBoo,Team Heretics,raze,True,,,1,2,1,6,False,RieNs,Team Heretics,fade,True,,,2,1,1,7,True,Boo,Team Heretics,omen,True,,,2,1,2,7,True,benjyfishy,Team Heretics,deadlock,True,,,1,0,1,4,False,Wo0t,Team Heretics,chamber,True,,,0,8,1,0,False,grubinho,GIANTX,omen,True,,,2,1,2,7,True,ara,GIANTX,raze,True,,,1,2,1,3,False,Cloud,GIANTX,fade,True,,,2,1,1,4,False,Flickless,GIANTX,viper,True,,,1,1,0,7,True,westside,GIANTX,cypher,True,,,0,2,1,7,True
895.261,3834,PREROUND,8,3,4,,,,MiniBoo,Team Heretics,raze,True,,,1,2,1,6,False,RieNs,Team Heretics,fade,True,,,2,1,1,7,True,Boo,Team Heretics,omen,True,,,2,1,2,7,True,benjyfishy,Team Heretics,deadlock,True,,,1,0,1,4,False,Wo0t,Team Heretics,chamber,True,,,0,8,1,0,False,grubinho,GIANTX,omen,True,,,2,1,2,7,True,ara,GIANTX,raze,True,,,1,2,1,3,False,Cloud,GIANTX,fade,True,,,2,1,1,4,False,Flickless,GIANTX,viper,True,,,1,1,0,7,True,westside,GIANTX,cypher,True,,,0,2,1,7,True
895.495,3835,PREROUND,8,3,4,,,,MiniBoo,Team Heretics,raze,True,,,1,2,1,6,False,RieNs,Team Heretics,fade,True,,,2,1,1,7,True,Boo,Team Heretics,omen,True,,,2,1,2,7,True,benjyfishy,Team Heretics,deadlock,True,,,1,0,1,4,False,Wo0t,Team Heretics,chamber,True,,,0,8,1,0,False,grubinho,GIANTX,omen,True,,,2,1,2,7,True,ara,GIANTX,raze,True,,,1,2,1,3,False,Cloud,GIANTX,fade,True,,,2,1,1,4,False,Flickless,GIANTX,viper,True,,,1,1,0,7,True,westside,GIANTX,cypher,True,,,0,2,1,7,True
895.728,3836,PREROUND,8,3,4,,,,MiniBoo,Team Heretics,raze,True,,,1,2,1,6,False,RieNs,Team Heretics,fade,True,,,2,1,1,7,True,Boo,Team Heretics,omen,True,,,2,1,2,7,True,benjyfishy,Team Heretics,deadlock,True,,,1,0,1,4,False,Wo0t,Team Heretics,chamber,True,,,0,8,1,0,False,grubinho,GIANTX,omen,True,,,2,1,2,7,True,ara,GIANTX,raze,True,,,1,2,1,3,False,Cloud,GIANTX,fade,True,,,2,1,1,4,False,Flickless,GIANTX,viper,True,,,1,1,0,7,True,westside,GIANTX,cypher,True,,,0,2,1,7,True
895.962,3837,PREROUND,8,3,4,,,,MiniBoo,Team Heretics,raze,True,,,1,2,1,6,False,RieNs,Team Heretics,fade,True,,,2,1,1,7,True,Boo,Team Heretics,omen,True,,,2,1,2,7,True,benjyfishy,Team Heretics,deadlock,True,,,1,0,1,4,False,Wo0t,Team Heretics,chamber,True,,,0,8,1,0,False,grubinho,GIANTX,omen,True,,,2,1,2,7,True,ara,GIANTX,raze,True,,,1,2,1,3,False,Cloud,GIANTX,fade,True,,,2,1,1,4,False,Flickless,GIANTX,viper,True,,,1,1,0,7,True,westside,GIANTX,cypher,True,,,0,2,1,7,True
896.195,3838,PREROUND,8,3,4,,,,MiniBoo,Team Heretics,raze,True,,,1,2,1,6,False,RieNs,Team Heretics,fade,True,,,2,1,1,7,True,Boo,Team Heretics,omen,True,,,2,1,2,7,True,benjyfishy,Team Heretics,deadlock,True,,,1,0,1,4,False,Wo0t,Team Heretics,chamber,True,,,0,8,1,0,False,grubinho,GIANTX,omen,True,,,2,1,2,7,True,ara,GIANTX,raze,True,,,1,2,1,3,False,Cloud,GIANTX,fade,True,,,2,1,1,4,False,Flickless,GIANTX,viper,True,,,1,1,0,7,True,westside,GIANTX,cypher,True,,,0,2,1,7,True
896.429,3839,PREROUND,8,3,4,,,,MiniBoo,Team Heretics,raze,True,,,1,2,1,6,False,RieNs,Team Heretics,fade,True,,,2,1,1,7,True,Boo,Team Heretics,omen,True,,,2,1,2,7,True,benjyfishy,Team Heretics,deadlock,True,,,1,0,1,4,False,Wo0t,Team Heretics,chamber,True,,,0,8,1,0,False,grubinho,GIANTX,omen,True,,,2,1,2,7,True,ara,GIANTX,raze,True,,,1,2,1,3,False,Cloud,GIANTX,fade,True,,,2,1,1,4,False,Flickless,GIANTX,viper,True,,,1,1,0,7,True,westside,GIANTX,cypher,True,,,0,2,1,7,True
896.662,3840,PREROUND,8,3,4,,,,MiniBoo,Team Heretics,raze,True,,,1,2,1,6,False,RieNs,Team Heretics,fade,True,,,2,1,1,7,True,Boo,Team Heretics,omen,True,,,2,1,2,7,True,benjyfishy,Team Heretics,deadlock,True,,,1,0,1,4,False,Wo0t,Team Heretics,chamber,True,,,0,8,1,0,False,grubinho,GIANTX,omen,True,,,2,1,2,7,True,ara,GIANTX,raze,True,,,1,2,1,3,False,Cloud,GIANTX,fade,True,,,2,1,1,4,False,Flickless,GIANTX,viper,True,,,1,1,0,7,True,westside,GIANTX,cypher,True,,,0,2,1,7,True
896.896,3841,PREROUND,8,3,4,,,,MiniBoo,Team Heretics,raze,True,,,1,2,1,6,False,RieNs,Team Heretics,fade,True,,,2,1,1,7,True,Boo,Team Heretics,omen,True,,,2,1,2,7,True,benjyfishy,Team Heretics,deadlock,True,,,1,0,1,4,False,Wo0t,Team Heretics,chamber,True,,,0,8,1,0,False,grubinho,GIANTX,omen,True,,,2,1,2,7,True,ara,GIANTX,raze,True,,,1,2,1,3,False,Cloud,GIANTX,fade,True,,,2,1,1,4,False,Flickless,GIANTX,viper,True,,,1,1,0,7,True,westside,GIANTX,cypher,True,,,0,2,1,7,True
897.130,3842,PREROUND,8,3,4,,,,MiniBoo,Team Heretics,raze,True,,,1,2,1,6,False,RieNs,Team Heretics,fade,True,,,2,1,1,7,True,Boo,Team Heretics,omen,True,,,2,1,2,7,True,benjyfishy,Team Heretics,deadlock,True,,,1,0,1,4,False,Wo0t,Team Heretics,chamber,True,,,0,8,1,0,False,grubinho,GIANTX,omen,True,,,2,1,2,7,True,ara,GIANTX,raze,True,,,1,2,1,3,False,Cloud,GIANTX,fade,True,,,2,1,1,4,False,Flickless,GIANTX,viper,True,,,1,1,0,7,True,westside,GIANTX,cypher,True,,,0,2,1,7,True
897.363,3843,ACTIVE_ROUND,8,3,4,99.000,,,MiniBoo,Team Heretics,raze,True,,,1,2,1,6,False,RieNs,Team Heretics,fade,True,,,2,1,1,7,True,Boo,Team Heretics,omen,True,,,2,1,2,7,True,benjyfishy,Team Heretics,deadlock,True,,,1,0,1,4,False,Wo0t,Team Heretics,chamber,True,,,0,8,1,0,False,grubinho,GIANTX,omen,True,,,2,1,2,7,True,ara,GIANTX,raze,True,,,1,2,1,3,False,Cloud,GIANTX,fade,True,,,2,1,1,4,False,Flickless,GIANTX,viper,True,,,1,1,0,7,True,westside,GIANTX,cypher,True,,,0,2,1,7,True
897.597,3844,ACTIVE_ROUND,8,3,4,99.000,,,MiniBoo,Team Heretics,raze,True,100,25,1,2,1,6,False,RieNs,Team Heretics,fade,True,100,50,2,1,1,7,True,Boo,Team Heretics,omen,True,100,25,2,1,2,7,True,benjyfishy,Team Heretics,deadlock,True,100,25,1,0,1,4,False,Wo0t,Team Heretics,chamber,True,100,50,0,8,1,0,False,grubinho,GIANTX,omen,True,100,50,2,1,2,7,True,ara,GIANTX,raze,True,100,50,1,2,1,3,False,Cloud,GIANTX,fade,True,100,50,2,1,1,4,False,Flickless,GIANTX,viper,True,100,50,1,1,0,7,True,westside,GIANTX,cypher,True,100,50,0,2,1,7,True
897.830,3845,ACTIVE_ROUND,8,3,4,99.000,,,MiniBoo,Team Heretics,raze,True,100,25,1,2,1,6,False,RieNs,Team Heretics,fade,True,100,50,2,1,1,7,True,Boo,Team Heretics,omen,True,100,25,2,1,2,7,True,benjyfishy,Team Heretics,deadlock,True,100,25,1,0,1,4,False,Wo0t,Team Heretics,chamber,True,100,50,0,8,1,0,False,grubinho,GIANTX,omen,True,100,50,2,1,2,7,True,ara,GIANTX,raze,True,100,50,1,2,1,3,False,Cloud,GIANTX,fade,True,100,50,2,1,1,4,False,Flickless,GIANTX,viper,True,100,50,1,1,0,7,True,westside,GIANTX,cypher,True,100,50,0,2,1,7,True
898.064,3846,ACTIVE_ROUND,8,3,4,99.000,,,MiniBoo,Team Heretics,raze,True,100,25,1,2,1,6,False,RieNs,Team Heretics,fade,True,100,50,2,1,1,7,True,Boo,Team Heretics,omen,True,100,25,2,1,2,7,True,benjyfishy,Team Heretics,deadlock,True,100,25,1,0,1,4,False,Wo0t,Team Heretics,chamber,True,100,50,0,8,1,0,False,grubinho,GIANTX,omen,True,100,50,2,1,2,7,True,ara,GIANTX,raze,True,100,50,1,2,1,3,False,Cloud,GIANTX,fade,True,100,50,2,1,1,4,False,Flickless,GIANTX,viper,True,100,50,1,1,0,7,True,westside,GIANTX,cypher,True,100,50,0,2,1,7,True
898.297,3847,ACTIVE_ROUND,8,3,4,99.000,,,MiniBoo,Team Heretics,raze,True,100,25,1,2,1,6,False,RieNs,Team Heretics,fade,True,100,50,2,1,0,7,True,Boo,Team Heretics,omen,True,100,25,2,1,1,7,True,benjyfishy,Team Heretics,deadlock,True,100,25,1,0,1,4,False,Wo0t,Team Heretics,chamber,True,100,50,0,8,1,0,False,grubinho,GIANTX,omen,True,100,50,2,1,2,7,True,ara,GIANTX,raze,True,100,50,1,2,1,3,False,Cloud,GIANTX,fade,True,100,50,2,1,0,4,False,Flickless,GIANTX,viper,True,100,50,1,1,0,7,True,westside,GIANTX,cypher,True,100,50,0,2,0,7,True
898.531,3848,ACTIVE_ROUND,8,3,4,98.000,,,MiniBoo,Team Heretics,raze,True,100,25,1,2,1,6,False,RieNs,Team Heretics,fade,True,100,50,2,1,0,7,True,Boo,Team Heretics,omen,True,100,25,2,1,1,7,True,benjyfishy,Team Heretics,deadlock,True,100,25,1,0,1,4,False,Wo0t,Team Heretics,chamber,True,100,50,0,8,1,0,False,grubinho,GIANTX,omen,True,100,50,2,1,2,7,True,ara,GIANTX,raze,True,100,50,1,2,1,3,False,Cloud,GIANTX,fade,True,100,50,2,1,0,4,False,Flickless,GIANTX,viper,True,100,50,1,1,0,7,True,westside,GIANTX,cypher,True,100,50,0,2,0,7,True
898.765,3849,ACTIVE_ROUND,8,3,4,98.000,,,MiniBoo,Team Heretics,raze,True,100,25,1,2,1,6,False,RieNs,Team Heretics,fade,True,100,50,2,1,0,7,True,Boo,Team Heretics,omen,True,100,25,2,1,1,7,True,benjyfishy,Team Heretics,deadlock,True,100,25,1,0,1,4,False,Wo0t,Team Heretics,chamber,True,100,50,0,8,1,0,False,grubinho,GIANTX,omen,True,100,50,2,1,2,7,True,ara,GIANTX,raze,True,100,50,1,2,1,3,False,Cloud,GIANTX,fade,True,100,50,2,1,0,4,False,Flickless,GIANTX,viper,True,100,50,1,1,0,7,True,westside,GIANTX,cypher,True,100,50,0,2,0,7,True
898.998,3850,ACTIVE_ROUND,8,3,4,98.000,,,MiniBoo,Team Heretics,raze,True,100,25,1,2,1,6,False,RieNs,Team Heretics,fade,True,100,50,2,1,0,7,True,Boo,Team Heretics,omen,True,100,25,2,1,1,7,True,benjyfishy,Team Heretics,deadlock,True,100,25,1,0,1,4,False,Wo0t,Team Heretics,chamber,True,100,50,0,8,1,0,False,grubinho,GIANTX,omen,True,100,50,2,1,2,7,True,ara,GIANTX,raze,True,100,50,1,2,1,3,False,Cloud,GIANTX,fade,True,100,50,2,1,0,4,False,Flickless,GIANTX,viper,True,100,50,1,1,0,7,True,westside,GIANTX,cypher,True,100,50,0,2,0,7,True
899.232,3851,ACTIVE_ROUND,8,3,4,98.000,,,MiniBoo,Team Heretics,raze,True,100,25,1,2,1,6,False,RieNs,Team Heretics,fade,True,100,50,2,1,0,7,True,Boo,Team Heretics,omen,True,100,25,2,1,1,7,True,benjyfishy,Team Heretics,deadlock,True,100,25,1,0,0,4,False,Wo0t,Team Heretics,chamber,True,100,50,0,8,1,0,False,grubinho,GIANTX,omen,True,100,50,1,1,2,7,True,ara,GIANTX,raze,True,100,50,1,2,1,3,False,Cloud,GIANTX,fade,True,100,50,2,1,0,4,False,Flickless,GIANTX,viper,True,100,50,1,1,0,7,True,westside,GIANTX,cypher,True,100,50,0,2,0,7,True
899.465,3852,ACTIVE_ROUND,8,3,4,97.000,,,MiniBoo,Team Heretics,raze,True,100,25,1,2,1,6,False,RieNs,Team Heretics,fade,True,100,50,2,1,0,7,True,Boo,Team Heretics,omen,True,100,25,2,1,1,7,True,benjyfishy,Team Heretics,deadlock,True,100,25,1,0,0,4,False,Wo0t,Team Heretics,chamber,True,100,50,0,8,1,0,False,grubinho,GIANTX,omen,True,100,50,1,1,2,7,True,ara,GIANTX,raze,True,100,50,1,2,1,3,False,Cloud,GIANTX,fade,True,100,50,2,1,0,4,False,Flickless,GIANTX,viper,True,100,50,1,1,0,7,True,westside,GIANTX,cypher,True,100,50,0,2,0,7,True
899.699,3853,ACTIVE_ROUND,8,3,4,97.000,,,MiniBoo,Team Heretics,raze,True,100,25,1,2,1,6,False,RieNs,Team Heretics,fade,True,100,50,2,1,0,7,True,Boo,Team Heretics,omen,True,100,25,2,1,1,7,True,benjyfishy,Team Heretics,deadlock,True,100,25,1,0,0,4,False,Wo0t,Team Heretics,chamber,True,100,50,0,8,1,0,False,grubinho,GIANTX,omen,True,100,50,1,1,2,7,True,ara,GIANTX,raze,True,100,50,1,2,1,3,False,Cloud,GIANTX,fade,True,100,50,2,1,0,4,False,Flickless,GIANTX,viper,True,100,50,1,1,0,7,True,westside,GIANTX,cypher,True,100,50,0,2,0,7,True
899.932,3854,ACTIVE_ROUND,8,3,4,97.000,,,MiniBoo,Team Heretics,raze,True,100,25,1,2,1,6,False,RieNs,Team Heretics,fade,True,100,50,2,1,0,7,True,Boo,Team Heretics,omen,True,100,25,2,1,1,7,True,benjyfishy,Team Heretics,deadlock,True,100,25,1,0,0,4,False,Wo0t,Team Heretics,chamber,True,100,50,0,8,1,0,False,grubinho,GIANTX,omen,True,100,50,1,1,2,7,True,ara,GIANTX,raze,True,100,50,1,2,1,3,False,Cloud,GIANTX,fade,True,100,50,2,1,0,4,False,Flickless,GIANTX,viper,True,100,50,1,1,0,7,True,westside,GIANTX,cypher,True,100,50,0,2,0,7,True
900.166,3855,ACTIVE_ROUND,8,3,4,97.000,,,MiniBoo,Team Heretics,raze,True,100,25,1,2,1,6,False,RieNs,Team Heretics,fade,True,100,50,2,1,0,7,True,Boo,Team Heretics,omen,True,100,25,2,1,1,7,True,benjyfishy,Team Heretics,deadlock,True,100,25,1,0,0,4,False,Wo0t,Team Heretics,chamber,True,100,50,0,8,1,0,False,grubinho,GIANTX,omen,True,100,50,1,1,2,7,True,ara,GIANTX,raze,True,100,50,1,2,1,3,False,Cloud,GIANTX,fade,True,100,50,2,1,0,4,False,Flickless,GIANTX,viper,True,100,50,1,1,0,7,True,westside,GIANTX,cypher,True,100,50,0,2,0,7,True
900.399,3856,ACTIVE_ROUND,8,3,4,96.000,,,MiniBoo,Team Heretics,raze,True,100,25,1,2,1,6,False,RieNs,Team Heretics,fade,True,100,50,2,1,0,7,True,Boo,Team Heretics,omen,True,100,25,2,1,1,7,True,benjyfishy,Team Heretics,deadlock,True,100,25,1,0,0,4,False,Wo0t,Team Heretics,chamber,True,100,50,0,8,1,0,False,grubinho,GIANTX,omen,True,100,50,1,1,2,7,True,ara,GIANTX,raze,True,100,50,1,2,1,3,False,Cloud,GIANTX,fade,True,100,50,2,1,0,4,False,Flickless,GIANTX,viper,True,100,50,1,1,0,7,True,westside,GIANTX,cypher,True,100,50,0,2,0,7,True
900.633,3857,ACTIVE_ROUND,8,3,4,96.000,,,MiniBoo,Team Heretics,raze,True,100,25,1,2,1,6,False,RieNs,Team Heretics,fade,True,100,50,2,1,0,7,True,Boo,Team Heretics,omen,True,100,25,2,1,1,7,True,benjyfishy,Team Heretics,deadlock,True,100,25,1,0,0,4,False,Wo0t,Team Heretics,chamber,True,100,50,0,8,1,0,False,grubinho,GIANTX,omen,True,100,50,1,1,2,7,True,ara,GIANTX,raze,True,100,50,1,2,1,3,False,Cloud,GIANTX,fade,True,100,50,2,1,0,4,False,Flickless,GIANTX,viper,True,100,50,1,1,0,7,True,westside,GIANTX,cypher,True,100,50,0,2,0,7,True
900.867,3858,ACTIVE_ROUND,8,3,4,96.000,,,MiniBoo,Team Heretics,raze,True,100,25,1,2,1,6,False,RieNs,Team Heretics,fade,True,100,50,2,1,0,7,True,Boo,Team Heretics,omen,True,100,25,2,1,1,7,True,benjyfishy,Team Heretics,deadlock,True,100,25,1,0,0,4,False,Wo0t,Team Heretics,chamber,True,100,50,0,8,1,0,False,grubinho,GIANTX,omen,True,100,50,1,1,2,7,True,ara,GIANTX,raze,True,100,50,1,2,1,3,False,Cloud,GIANTX,fade,True,100,50,2,1,0,4,False,Flickless,GIANTX,viper,True,100,50,1,1,0,7,True,westside,GIANTX,cypher,True,100,50,0,2,0,7,True
901.100,3859,ACTIVE_ROUND,8,3,4,96.000,,,MiniBoo,Team Heretics,raze,True,100,25,1,2,1,6,False,RieNs,Team Heretics,fade,True,100,50,2,1,0,7,True,Boo,Team Heretics,omen,True,100,25,2,1,1,7,True,benjyfishy,Team Heretics,deadlock,True,100,23,1,0,0,4,False,Wo0t,Team Heretics,chamber,True,100,50,0,8,1,0,False,grubinho,GIANTX,omen,True,100,50,0,1,2,7,True,ara,GIANTX,raze,True,100,50,1,2,1,3,False,Cloud,GIANTX,fade,True,100,50,2,1,0,4,False,Flickless,GIANTX,viper,True,100,50,1,1,0,7,True,westside,GIANTX,cypher,True,100,50,0,2,0,7,True
901.334,3860,ACTIVE_ROUND,8,3,4,96.000,,,MiniBoo,Team Heretics,raze,True,100,25,1,2,1,6,False,RieNs,Team Heretics,fade,True,100,50,2,1,0,7,True,Boo,Team Heretics,omen,True,100,25,2,1,1,7,True,benjyfishy,Team Heretics,deadlock,True,100,23,1,0,0,4,False,Wo0t,Team Heretics,chamber,True,100,50,0,8,1,0,False,grubinho,GIANTX,omen,True,100,50,0,1,2,7,True,ara,GIANTX,raze,True,100,50,1,2,1,3,False,Cloud,GIANTX,fade,True,100,50,2,1,0,4,False,Flickless,GIANTX,viper,True,100,50,1,1,0,7,True,westside,GIANTX,cypher,True,100,50,0,2,0,7,True
901.567,3861,ACTIVE_ROUND,8,3,4,95.000,,,MiniBoo,Team Heretics,raze,True,100,25,1,2,1,6,False,RieNs,Team Heretics,fade,True,100,50,2,1,0,7,True,Boo,Team Heretics,omen,True,100,25,2,1,1,7,True,benjyfishy,Team Heretics,deadlock,True,100,23,1,0,0,4,False,Wo0t,Team Heretics,chamber,True,100,50,0,8,1,0,False,grubinho,GIANTX,omen,True,100,50,0,1,2,7,True,ara,GIANTX,raze,True,100,50,1,2,1,3,False,Cloud,GIANTX,fade,True,100,50,2,1,0,4,False,Flickless,GIANTX,viper,True,100,50,1,1,0,7,True,westside,GIANTX,cypher,True,100,50,0,2,0,7,True
901.801,3862,ACTIVE_ROUND,8,3,4,95.000,,,MiniBoo,Team Heretics,raze,True,100,25,1,2,1,6,False,RieNs,Team Heretics,fade,True,100,50,2,1,0,7,True,Boo,Team Heretics,omen,True,100,25,2,1,1,7,True,benjyfishy,Team Heretics,deadlock,True,100,23,1,0,0,4,False,Wo0t,Team Heretics,chamber,True,100,50,0,8,1,0,False,grubinho,GIANTX,omen,True,100,50,0,1,2,7,True,ara,GIANTX,raze,True,100,50,1,2,1,3,False,Cloud,GIANTX,fade,True,100,50,2,1,0,4,False,Flickless,GIANTX,viper,True,100,50,1,1,0,7,True,westside,GIANTX,cypher,True,100,50,0,2,0,7,True
902.034,3863,ACTIVE_ROUND,8,3,4,95.000,,,MiniBoo,Team Heretics,raze,True,100,25,1,2,1,6,False,RieNs,Team Heretics,fade,True,100,50,2,1,0,7,True,Boo,Team Heretics,omen,True,100,25,2,1,1,7,True,benjyfishy,Team Heretics,deadlock,True,100,23,1,0,0,4,False,Wo0t,Team Heretics,chamber,True,100,50,0,8,1,0,False,grubinho,GIANTX,omen,True,100,50,0,1,2,7,True,ara,GIANTX,raze,True,100,50,1,2,1,3,False,Cloud,GIANTX,fade,True,100,50,2,1,0,4,False,Flickless,GIANTX,viper,True,100,50,1,1,0,7,True,westside,GIANTX,cypher,True,100,50,0,2,0,7,True
902.268,3864,ACTIVE_ROUND,8,3,4,95.000,,,MiniBoo,Team Heretics,raze,True,100,25,1,2,1,6,False,RieNs,Team Heretics,fade,True,100,50,2,1,0,7,True,Boo,Team Heretics,omen,True,100,25,2,1,1,7,True,benjyfishy,Team Heretics,deadlock,True,94,1,1,0,0,4,False,Wo0t,Team Heretics,chamber,True,100,50,0,8,1,0,False,grubinho,GIANTX,omen,True,100,50,0,1,2,7,True,ara,GIANTX,raze,True,100,50,1,2,1,3,False,Cloud,GIANTX,fade,True,100,50,2,1,0,4,False,Flickless,GIANTX,viper,True,100,50,1,1,0,7,True,westside,GIANTX,cypher,True,100,50,0,2,0,7,True
902.502,3865,ACTIVE_ROUND,8,3,4,94.000,,,MiniBoo,Team Heretics,raze,True,100,25,1,2,1,6,False,RieNs,Team Heretics,fade,True,100,50,2,1,0,7,True,Boo,Team Heretics,omen,True,100,25,2,1,1,7,True,benjyfishy,Team Heretics,deadlock,True,94,1,1,0,0,4,False,Wo0t,Team Heretics,chamber,True,100,50,0,8,1,0,False,grubinho,GIANTX,omen,True,100,50,0,1,2,7,True,ara,GIANTX,raze,True,100,50,1,2,1,3,False,Cloud,GIANTX,fade,True,100,50,2,1,0,4,False,Flickless,GIANTX,viper,True,100,50,1,1,0,7,True,westside,GIANTX,cypher,True,100,50,0,2,0,7,True
902.735,3866,ACTIVE_ROUND,8,3,4,94.000,,,MiniBoo,Team Heretics,raze,True,100,25,1,2,1,6,False,RieNs,Team Heretics,fade,True,100,50,2,1,0,7,True,Boo,Team Heretics,omen,True,100,25,2,1,1,7,True,benjyfishy,Team Heretics,deadlock,True,94,1,1,0,0,4,False,Wo0t,Team Heretics,chamber,True,100,50,0,8,1,0,False,grubinho,GIANTX,omen,True,100,50,0,1,2,7,True,ara,GIANTX,raze,True,100,50,1,2,1,3,False,Cloud,GIANTX,fade,True,100,50,2,1,0,4,False,Flickless,GIANTX,viper,True,100,50,1,1,0,7,True,westside,GIANTX,cypher,True,100,50,0,2,0,7,True
902.969,3867,ACTIVE_ROUND,8,3,4,94.000,,,MiniBoo,Team Heretics,raze,True,100,25,1,2,1,6,False,RieNs,Team Heretics,fade,True,100,50,2,1,0,7,True,Boo,Team Heretics,omen,True,100,25,2,1,1,7,True,benjyfishy,Team Heretics,deadlock,True,94,1,1,0,0,4,False,Wo0t,Team Heretics,chamber,True,100,50,0,8,1,0,False,grubinho,GIANTX,omen,True,100,50,0,1,2,7,True,ara,GIANTX,raze,True,100,50,1,2,1,3,False,Cloud,GIANTX,fade,True,100,50,2,1,0,4,False,Flickless,GIANTX,viper,True,100,50,1,1,0,7,True,westside,GIANTX,cypher,True,100,50,0,2,0,7,True
903.202,3868,ACTIVE_ROUND,8,3,4,94.000,,,MiniBoo,Team Heretics,raze,True,100,25,1,2,1,6,False,RieNs,Team Heretics,fade,True,100,50,2,1,0,7,True,Boo,Team Heretics,omen,True,100,25,2,1,1,7,True,benjyfishy,Team Heretics,deadlock,True,93,1,1,0,0,4,False,Wo0t,Team Heretics,chamber,True,100,50,0,8,1,0,False,grubinho,GIANTX,omen,True,100,50,0,1,2,7,True,ara,GIANTX,raze,True,100,50,1,2,1,3,False,Cloud,GIANTX,fade,True,100,50,2,1,0,4,False,Flickless,GIANTX,viper,True,100,50,1,1,0,7,True,westside,GIANTX,cypher,True,100,50,0,2,0,7,True
903.436,3869,ACTIVE_ROUND,8,3,4,93.000,,,MiniBoo,Team Heretics,raze,True,100,25,1,2,1,6,False,RieNs,Team Heretics,fade,True,100,50,2,1,0,7,True,Boo,Team Heretics,omen,True,100,25,2,1,1,7,True,benjyfishy,Team Heretics,deadlock,True,93,1,1,0,0,4,False,Wo0t,Team Heretics,chamber,True,100,50,0,8,1,0,False,grubinho,GIANTX,omen,True,100,50,0,1,2,7,True,ara,GIANTX,raze,True,100,50,1,2,1,3,False,Cloud,GIANTX,fade,True,100,50,2,1,0,4,False,Flickless,GIANTX,viper,True,100,50,1,1,0,7,True,westside,GIANTX,cypher,True,100,50,0,2,0,7,True
903.669,3870,ACTIVE_ROUND,8,3,4,93.000,,,MiniBoo,Team Heretics,raze,True,100,25,1,2,1,6,False,RieNs,Team Heretics,fade,True,100,50,2,1,0,7,True,Boo,Team Heretics,omen,True,100,25,2,1,1,7,True,benjyfishy,Team Heretics,deadlock,True,93,1,1,0,0,4,False,Wo0t,Team Heretics,chamber,True,100,50,0,8,1,0,False,grubinho,GIANTX,omen,True,100,50,0,1,2,7,True,ara,GIANTX,raze,True,100,50,1,2,1,3,False,Cloud,GIANTX,fade,True,100,50,2,1,0,4,False,Flickless,GIANTX,viper,True,100,50,1,1,0,7,True,westside,GIANTX,cypher,True,100,50,0,2,0,7,True
903.903,3871,ACTIVE_ROUND,8,3,4,93.000,,,MiniBoo,Team Heretics,raze,True,100,25,1,2,1,6,False,RieNs,Team Heretics,fade,True,100,50,2,1,0,7,True,Boo,Team Heretics,omen,True,100,25,2,1,1,7,True,benjyfishy,Team Heretics,deadlock,True,93,1,1,0,0,4,False,Wo0t,Team Heretics,chamber,True,100,50,0,8,1,0,False,grubinho,GIANTX,omen,True,100,50,0,1,2,7,True,ara,GIANTX,raze,True,100,50,1,2,1,3,False,Cloud,GIANTX,fade,True,100,50,2,1,0,4,False,Flickless,GIANTX,viper,True,100,50,1,1,0,7,True,westside,GIANTX,cypher,True,100,50,0,2,0,7,True
904.137,3872,ACTIVE_ROUND,8,3,4,93.000,,,MiniBoo,Team Heretics,raze,True,100,25,1,2,1,6,False,RieNs,Team Heretics,fade,True,100,50,2,1,0,7,True,Boo,Team Heretics,omen,True,100,25,2,1,1,7,True,benjyfishy,Team Heretics,deadlock,True,100,3,1,0,0,4,False,Wo0t,Team Heretics,chamber,True,100,50,0,8,1,0,False,grubinho,GIANTX,omen,True,100,50,0,1,2,7,True,ara,GIANTX,raze,True,100,50,1,2,1,3,False,Cloud,GIANTX,fade,True,100,50,2,1,0,4,False,Flickless,GIANTX,viper,True,100,50,1,1,0,7,True,westside,GIANTX,cypher,True,100,50,0,2,0,7,True
904.370,3873,ACTIVE_ROUND,8,3,4,92.000,,,MiniBoo,Team Heretics,raze,True,100,25,1,2,1,6,False,RieNs,Team Heretics,fade,True,100,50,2,1,0,7,True,Boo,Team Heretics,omen,True,100,25,2,1,1,7,True,benjyfishy,Team Heretics,deadlock,True,100,3,1,0,0,4,False,Wo0t,Team Heretics,chamber,True,100,50,0,8,1,0,False,grubinho,GIANTX,omen,True,100,50,0,1,2,7,True,ara,GIANTX,raze,True,100,50,1,2,1,3,False,Cloud,GIANTX,fade,True,100,50,2,1,0,4,False,Flickless,GIANTX,viper,True,100,50,1,1,0,7,True,westside,GIANTX,cypher,True,100,50,0,2,0,7,True
904.604,3874,ACTIVE_ROUND,8,3,4,92.000,,,MiniBoo,Team Heretics,raze,True,100,25,1,2,1,6,False,RieNs,Team Heretics,fade,True,100,50,2,1,0,7,True,Boo,Team Heretics,omen,True,100,25,2,1,1,7,True,benjyfishy,Team Heretics,deadlock,True,100,3,1,0,0,4,False,Wo0t,Team Heretics,chamber,True,100,50,0,8,1,0,False,grubinho,GIANTX,omen,True,100,50,0,1,2,7,True,ara,GIANTX,raze,True,100,50,1,2,1,3,False,Cloud,GIANTX,fade,True,100,50,2,1,0,4,False,Flickless,GIANTX,viper,True,100,50,1,1,0,7,True,westside,GIANTX,cypher,True,100,50,0,2,0,7,True
904.837,3875,ACTIVE_ROUND,8,3,4,92.000,,,MiniBoo,Team Heretics,raze,True,100,25,1,2,1,6,False,RieNs,Team Heretics,fade,True,100,50,2,1,0,7,True,Boo,Team Heretics,omen,True,100,25,2,1,1,7,True,benjyfishy,Team Heretics,deadlock,True,100,3,1,0,0,4,False,Wo0t,Team Heretics,chamber,True,100,50,0,8,1,0,False,grubinho,GIANTX,omen,True,100,50,0,1,2,7,True,ara,GIANTX,raze,True,100,50,1,2,1,3,False,Cloud,GIANTX,fade,True,100,50,2,1,0,4,False,Flickless,GIANTX,viper,True,100,50,1,1,0,7,True,westside,GIANTX,cypher,True,100,50,0,2,0,7,True
905.071,3876,ACTIVE_ROUND,8,3,4,92.000,,,MiniBoo,Team Heretics,raze,True,100,25,1,2,1,6,False,RieNs,Team Heretics,fade,True,100,50,2,1,0,7,True,Boo,Team Heretics,omen,True,100,25,2,1,1,7,True,benjyfishy,Team Heretics,deadlock,True,100,25,1,0,0,4,False,Wo0t,Team Heretics,chamber,True,100,50,0,8,1,0,False,grubinho,GIANTX,omen,True,100,50,0,1,2,7,True,ara,GIANTX,raze,True,100,50,1,2,1,3,False,Cloud,GIANTX,fade,True,100,50,2,1,0,4,False,Flickless,GIANTX,viper,True,100,50,1,1,0,7,True,westside,GIANTX,cypher,True,100,50,0,2,0,7,True
905.304,3877,ACTIVE_ROUND,8,3,4,92.000,,,MiniBoo,Team Heretics,raze,True,100,25,1,2,1,6,False,RieNs,Team Heretics,fade,True,100,50,2,1,0,7,True,Boo,Team Heretics,omen,True,100,25,2,1,1,7,True,benjyfishy,Team Heretics,deadlock,True,100,25,1,0,0,4,False,Wo0t,Team Heretics,chamber,True,100,50,0,8,1,0,False,grubinho,GIANTX,omen,True,100,50,0,1,2,7,True,ara,GIANTX,raze,True,100,50,1,2,1,3,False,Cloud,GIANTX,fade,True,100,50,2,1,0,4,False,Flickless,GIANTX,viper,True,100,50,1,1,0,7,True,westside,GIANTX,cypher,True,100,50,0,2,0,7,True
905.538,3878,ACTIVE_ROUND,8,3,4,91.000,,,MiniBoo,Team Heretics,raze,True,100,25,1,2,1,6,False,RieNs,Team Heretics,fade,True,100,50,2,1,0,7,True,Boo,Team Heretics,omen,True,100,25,2,1,1,7,True,benjyfishy,Team Heretics,deadlock,True,100,25,1,0,0,4,False,Wo0t,Team Heretics,chamber,True,100,50,0,8,1,0,False,grubinho,GIANTX,omen,True,100,50,0,1,2,7,True,ara,GIANTX,raze,True,100,50,1,2,1,3,False,Cloud,GIANTX,fade,True,100,50,2,1,0,4,False,Flickless,GIANTX,viper,True,100,50,1,1,0,7,True,westside,GIANTX,cypher,True,100,50,0,2,0,7,True
905.772,3879,ACTIVE_ROUND,8,3,4,91.000,,,MiniBoo,Team Heretics,raze,True,100,25,1,2,1,6,False,RieNs,Team Heretics,fade,True,100,50,2,1,0,7,True,Boo,Team Heretics,omen,True,100,25,2,1,1,7,True,benjyfishy,Team Heretics,deadlock,True,100,25,1,0,0,4,False,Wo0t,Team Heretics,chamber,True,100,50,0,8,1,0,False,grubinho,GIANTX,omen,True,100,50,0,1,2,7,True,ara,GIANTX,raze,True,100,50,1,2,1,3,False,Cloud,GIANTX,fade,True,100,50,2,1,0,4,False,Flickless,GIANTX,viper,True,100,50,1,1,0,7,True,westside,GIANTX,cypher,True,100,50,0,2,0,7,True
906.005,3880,ACTIVE_ROUND,8,3,4,91.000,,,MiniBoo,Team Heretics,raze,True,100,25,1,2,1,6,False,RieNs,Team Heretics,fade,True,100,50,2,1,0,7,True,Boo,Team Heretics,omen,True,100,25,2,1,1,7,True,benjyfishy,Team Heretics,deadlock,True,100,25,1,0,0,4,False,Wo0t,Team Heretics,chamber,True,100,50,0,8,1,0,False,grubinho,GIANTX,omen,True,100,50,0,1,2,7,True,ara,GIANTX,raze,True,100,50,1,2,1,3,False,Cloud,GIANTX,fade,True,100,50,2,1,0,4,False,Flickless,GIANTX,viper,True,100,50,1,1,0,7,True,westside,GIANTX,cypher,True,100,50,0,2,0,7,True
906.239,3881,ACTIVE_ROUND,8,3,4,91.000,,,MiniBoo,Team Heretics,raze,True,100,25,1,2,1,6,False,RieNs,Team Heretics,fade,True,100,50,2,1,0,7,True,Boo,Team Heretics,omen,True,100,25,2,1,1,7,True,benjyfishy,Team Heretics,deadlock,True,100,25,1,0,0,4,False,Wo0t,Team Heretics,chamber,True,100,50,0,8,1,0,False,grubinho,GIANTX,omen,True,100,50,0,1,2,7,True,ara,GIANTX,raze,True,100,50,1,2,1,3,False,Cloud,GIANTX,fade,True,100,50,2,1,0,4,False,Flickless,GIANTX,viper,True,100,50,1,1,0,7,True,westside,GIANTX,cypher,True,100,50,0,2,0,7,True
906.472,3882,ACTIVE_ROUND,8,3,4,90.000,,,MiniBoo,Team Heretics,raze,True,100,25,1,2,1,6,False,RieNs,Team Heretics,fade,True,100,50,2,1,0,7,True,Boo,Team Heretics,omen,True,100,25,2,1,1,7,True,benjyfishy,Team Heretics,deadlock,True,100,25,1,0,0,4,False,Wo0t,Team Heretics,chamber,True,100,50,0,8,1,0,False,grubinho,GIANTX,omen,True,100,50,0,1,2,7,True,ara,GIANTX,raze,True,100,50,1,2,1,3,False,Cloud,GIANTX,fade,True,100,50,2,1,0,4,False,Flickless,GIANTX,viper,True,100,50,1,1,0,7,True,westside,GIANTX,cypher,True,100,50,0,2,0,7,True
906.706,3883,ACTIVE_ROUND,8,3,4,90.000,,,MiniBoo,Team Heretics,raze,True,100,25,1,2,1,6,False,RieNs,Team Heretics,fade,True,100,50,2,1,0,7,True,Boo,Team Heretics,omen,True,100,25,2,1,1,7,True,benjyfishy,Team Heretics,deadlock,True,100,25,1,0,0,4,False,Wo0t,Team Heretics,chamber,True,100,50,0,8,1,0,False,grubinho,GIANTX,omen,True,100,50,0,1,2,7,True,ara,GIANTX,raze,True,100,50,1,2,1,3,False,Cloud,GIANTX,fade,True,100,50,2,1,0,4,False,Flickless,GIANTX,viper,True,100,50,1,1,0,7,True,westside,GIANTX,cypher,True,100,50,0,2,0,7,True
906.939,3884,ACTIVE_ROUND,8,3,4,90.000,,,MiniBoo,Team Heretics,raze,True,100,25,1,2,1,6,False,RieNs,Team Heretics,fade,True,100,50,2,1,0,7,True,Boo,Team Heretics,omen,True,100,25,2,1,1,7,True,benjyfishy,Team Heretics,deadlock,True,100,25,1,0,0,4,False,Wo0t,Team Heretics,chamber,True,100,50,0,8,1,0,False,grubinho,GIANTX,omen,True,100,50,0,1,2,7,True,ara,GIANTX,raze,True,100,50,1,2,1,3,False,Cloud,GIANTX,fade,True,100,50,2,1,0,4,False,Flickless,GIANTX,viper,True,100,50,1,1,0,7,True,westside,GIANTX,cypher,True,100,50,0,2,0,7,True
907.173,3885,ACTIVE_ROUND,8,3,4,90.000,,,MiniBoo,Team Heretics,raze,True,100,25,0,2,1,6,False,RieNs,Team Heretics,fade,True,100,50,2,1,0,7,True,Boo,Team Heretics,omen,True,100,25,2,1,1,7,True,benjyfishy,Team Heretics,deadlock,True,100,25,1,0,0,4,False,Wo0t,Team Heretics,chamber,True,100,50,0,8,1,0,False,grubinho,GIANTX,omen,True,100,50,0,1,2,7,True,ara,GIANTX,raze,True,100,50,1,2,1,3,False,Cloud,GIANTX,fade,True,100,50,2,1,0,4,False,Flickless,GIANTX,viper,True,100,50,1,1,0,7,True,westside,GIANTX,cypher,True,100,50,0,2,0,7,True
907.407,3886,ACTIVE_ROUND,8,3,4,89.000,,,MiniBoo,Team Heretics,raze,True,100,25,0,2,1,6,False,RieNs,Team Heretics,fade,True,100,50,2,1,0,7,True,Boo,Team Heretics,omen,True,100,25,2,1,1,7,True,benjyfishy,Team Heretics,deadlock,True,100,25,1,0,0,4,False,Wo0t,Team Heretics,chamber,True,100,50,0,8,1,0,False,grubinho,GIANTX,omen,True,100,50,0,1,2,7,True,ara,GIANTX,raze,True,100,50,1,2,1,3,False,Cloud,GIANTX,fade,True,100,50,2,1,0,4,False,Flickless,GIANTX,viper,True,100,50,1,1,0,7,True,westside,GIANTX,cypher,True,100,50,0,2,0,7,True
907.640,3887,ACTIVE_ROUND,8,3,4,89.000,,,MiniBoo,Team Heretics,raze,True,100,25,0,2,1,6,False,RieNs,Team Heretics,fade,True,100,50,2,1,0,7,True,Boo,Team Heretics,omen,True,100,25,2,1,1,7,True,benjyfishy,Team Heretics,deadlock,True,100,25,1,0,0,4,False,Wo0t,Team Heretics,chamber,True,100,50,0,8,1,0,False,grubinho,GIANTX,omen,True,100,50,0,1,2,7,True,ara,GIANTX,raze,True,100,50,1,2,1,3,False,Cloud,GIANTX,fade,True,100,50,2,1,0,4,False,Flickless,GIANTX,viper,True,100,50,1,1,0,7,True,westside,GIANTX,cypher,True,100,50,0,2,0,7,True
907.874,3888,ACTIVE_ROUND,8,3,4,89.000,,,MiniBoo,Team Heretics,raze,True,100,25,0,2,1,6,False,RieNs,Team Heretics,fade,True,100,50,2,1,0,7,True,Boo,Team Heretics,omen,True,100,25,2,1,1,7,True,benjyfishy,Team Heretics,deadlock,True,100,25,1,0,0,4,False,Wo0t,Team Heretics,chamber,True,100,50,0,8,1,0,False,grubinho,GIANTX,omen,True,100,50,0,1,2,7,True,ara,GIANTX,raze,True,100,50,1,2,1,3,False,Cloud,GIANTX,fade,True,100,50,2,1,0,4,False,Flickless,GIANTX,viper,True,100,50,1,1,0,7,True,westside,GIANTX,cypher,True,100,50,0,2,0,7,True
908.107,3889,ACTIVE_ROUND,8,3,4,89.000,,,MiniBoo,Team Heretics,raze,True,100,25,0,2,1,6,False,RieNs,Team Heretics,fade,True,100,50,2,1,0,7,True,Boo,Team Heretics,omen,True,100,25,2,1,1,7,True,benjyfishy,Team Heretics,deadlock,True,100,25,1,0,0,4,False,Wo0t,Team Heretics,chamber,True,100,50,0,8,1,0,False,grubinho,GIANTX,omen,True,100,50,0,1,2,7,True,ara,GIANTX,raze,True,100,50,1,2,1,3,False,Cloud,GIANTX,fade,True,100,50,2,1,0,4,False,Flickless,GIANTX,viper,True,100,50,1,1,0,7,True,westside,GIANTX,cypher,True,100,50,0,2,0,7,True
908.341,3890,ACTIVE_ROUND,8,3,4,89.000,,,MiniBoo,Team Heretics,raze,True,100,25,0,2,1,6,False,RieNs,Team Heretics,fade,True,100,50,2,1,0,7,True,Boo,Team Heretics,omen,True,100,25,2,1,1,7,True,benjyfishy,Team Heretics,deadlock,True,100,25,1,0,0,4,False,Wo0t,Team Heretics,chamber,True,100,50,0,8,1,0,False,grubinho,GIANTX,omen,True,100,50,0,1,2,7,True,ara,GIANTX,raze,True,100,50,1,2,1,3,False,Cloud,GIANTX,fade,True,100,50,2,1,0,4,False,Flickless,GIANTX,viper,True,100,50,1,1,0,7,True,westside,GIANTX,cypher,True,100,50,0,2,0,7,True
908.574,3891,ACTIVE_ROUND,8,3,4,88.000,,,MiniBoo,Team Heretics,raze,True,100,25,0,2,1,6,False,RieNs,Team Heretics,fade,True,100,50,2,1,0,7,True,Boo,Team Heretics,omen,True,100,25,2,1,1,7,True,benjyfishy,Team Heretics,deadlock,True,100,25,1,0,0,4,False,Wo0t,Team Heretics,chamber,True,100,50,0,8,1,0,False,grubinho,GIANTX,omen,True,100,50,0,1,2,7,True,ara,GIANTX,raze,True,100,50,1,2,1,3,False,Cloud,GIANTX,fade,True,100,50,2,1,0,4,False,Flickless,GIANTX,viper,True,100,50,1,1,0,7,True,westside,GIANTX,cypher,True,100,50,0,2,0,7,True
908.808,3892,ACTIVE_ROUND,8,3,4,88.000,,,MiniBoo,Team Heretics,raze,True,100,25,0,2,1,6,False,RieNs,Team Heretics,fade,True,100,50,2,1,0,7,True,Boo,Team Heretics,omen,True,100,25,2,1,1,7,True,benjyfishy,Team Heretics,deadlock,True,100,25,1,0,0,4,False,Wo0t,Team Heretics,chamber,True,100,50,0,8,1,0,False,grubinho,GIANTX,omen,True,100,50,0,1,2,7,True,ara,GIANTX,raze,True,100,50,1,2,1,3,False,Cloud,GIANTX,fade,True,100,50,2,1,0,4,False,Flickless,GIANTX,viper,True,100,50,1,1,0,7,True,westside,GIANTX,cypher,True,100,50,0,2,0,7,True
909.041,3893,ACTIVE_ROUND,8,3,4,88.000,,,MiniBoo,Team Heretics,raze,True,100,25,0,2,1,6,False,RieNs,Team Heretics,fade,True,100,50,2,1,0,7,True,Boo,Team Heretics,omen,True,100,25,2,1,1,7,True,benjyfishy,Team Heretics,deadlock,True,100,25,1,0,0,4,False,Wo0t,Team Heretics,chamber,True,100,50,0,8,1,0,False,grubinho,GIANTX,omen,True,100,50,0,1,2,7,True,ara,GIANTX,raze,True,100,50,1,2,1,3,False,Cloud,GIANTX,fade,True,100,50,2,1,0,4,False,Flickless,GIANTX,viper,True,100,50,1,1,0,7,True,westside,GIANTX,cypher,True,100,50,0,2,0,7,True
909.275,3894,ACTIVE_ROUND,8,3,4,88.000,,,MiniBoo,Team Heretics,raze,True,100,25,0,2,1,6,False,RieNs,Team Heretics,fade,True,100,50,2,1,0,7,True,Boo,Team Heretics,omen,True,100,25,2,1,1,7,True,benjyfishy,Team Heretics,deadlock,True,100,25,1,0,0,4,False,Wo0t,Team Heretics,chamber,True,100,50,0,8,1,0,False,grubinho,GIANTX,omen,True,100,50,0,1,2,7,True,ara,GIANTX,raze,True,100,50,1,2,1,3,False,Cloud,GIANTX,fade,True,100,50,2,1,0,4,False,Flickless,GIANTX,viper,True,100,50,1,1,0,7,True,westside,GIANTX,cypher,True,100,50,0,2,0,7,True
909.509,3895,ACTIVE_ROUND,8,3,4,87.000,,,MiniBoo,Team Heretics,raze,True,100,25,0,2,1,6,False,RieNs,Team Heretics,fade,True,100,50,2,1,0,7,True,Boo,Team Heretics,omen,True,100,25,2,1,1,7,True,benjyfishy,Team Heretics,deadlock,True,100,25,1,0,0,4,False,Wo0t,Team Heretics,chamber,True,100,50,0,8,1,0,False,grubinho,GIANTX,omen,True,100,50,0,1,2,7,True,ara,GIANTX,raze,True,100,50,1,2,1,3,False,Cloud,GIANTX,fade,True,100,50,2,1,0,4,False,Flickless,GIANTX,viper,True,100,50,1,1,0,7,True,westside,GIANTX,cypher,True,100,50,0,2,0,7,True
909.742,3896,ACTIVE_ROUND,8,3,4,87.000,,,MiniBoo,Team Heretics,raze,True,100,25,0,2,1,6,False,RieNs,Team Heretics,fade,True,100,50,2,1,0,7,True,Boo,Team Heretics,omen,True,100,25,2,1,1,7,True,benjyfishy,Team Heretics,deadlock,True,100,25,1,0,0,4,False,Wo0t,Team Heretics,chamber,True,100,50,0,8,1,0,False,grubinho,GIANTX,omen,True,100,50,0,1,2,7,True,ara,GIANTX,raze,True,100,50,1,2,1,3,False,Cloud,GIANTX,fade,True,100,50,2,1,0,4,False,Flickless,GIANTX,viper,True,100,50,1,1,0,7,True,westside,GIANTX,cypher,True,100,50,0,2,0,7,True
909.976,3897,ACTIVE_ROUND,8,3,4,87.000,,,MiniBoo,Team Heretics,raze,True,100,25,0,2,1,6,False,RieNs,Team Heretics,fade,True,100,50,2,1,0,7,True,Boo,Team Heretics,omen,True,100,25,2,1,1,7,True,benjyfishy,Team Heretics,deadlock,True,100,25,1,0,0,4,False,Wo0t,Team Heretics,chamber,True,100,50,0,8,1,0,False,grubinho,GIANTX,omen,True,100,50,0,1,2,7,True,ara,GIANTX,raze,True,100,50,1,2,1,3,False,Cloud,GIANTX,fade,True,100,50,2,1,0,4,False,Flickless,GIANTX,viper,True,100,50,1,1,0,7,True,westside,GIANTX,cypher,True,100,50,0,2,0,7,True
910.209,3898,ACTIVE_ROUND,8,3,4,87.000,,,MiniBoo,Team Heretics,raze,True,100,25,0,2,1,6,False,RieNs,Team Heretics,fade,True,100,50,2,1,0,7,True,Boo,Team Heretics,omen,True,100,25,2,1,1,7,True,benjyfishy,Team Heretics,deadlock,True,100,25,1,0,0,4,False,Wo0t,Team Heretics,chamber,True,100,50,0,8,1,0,False,grubinho,GIANTX,omen,True,100,50,0,1,2,7,True,ara,GIANTX,raze,True,100,50,1,2,1,3,False,Cloud,GIANTX,fade,True,100,50,2,1,0,4,False,Flickless,GIANTX,viper,True,100,50,1,1,0,7,True,westside,GIANTX,cypher,True,100,50,0,2,0,7,True
910.443,3899,ACTIVE_ROUND,8,3,4,86.000,,,MiniBoo,Team Heretics,raze,True,100,25,0,2,1,6,False,RieNs,Team Heretics,fade,True,100,50,2,1,0,7,True,Boo,Team Heretics,omen,True,100,25,2,1,1,7,True,benjyfishy,Team Heretics,deadlock,True,100,25,1,0,0,4,False,Wo0t,Team Heretics,chamber,True,100,50,0,8,1,0,False,grubinho,GIANTX,omen,True,100,50,0,1,2,7,True,ara,GIANTX,raze,True,100,50,1,2,1,3,False,Cloud,GIANTX,fade,True,100,50,2,1,0,4,False,Flickless,GIANTX,viper,True,100,50,1,1,0,7,True,westside,GIANTX,cypher,True,100,50,0,2,0,7,True
910.676,3900,ACTIVE_ROUND,8,3,4,86.000,,,MiniBoo,Team Heretics,raze,True,100,25,0,2,1,6,False,RieNs,Team Heretics,fade,True,100,50,2,1,0,7,True,Boo,Team Heretics,omen,True,100,25,2,1,1,7,True,benjyfishy,Team Heretics,deadlock,True,100,25,1,0,0,4,False,Wo0t,Team Heretics,chamber,True,100,50,0,8,1,0,False,grubinho,GIANTX,omen,True,100,50,0,1,2,7,True,ara,GIANTX,raze,True,100,50,1,2,1,3,False,Cloud,GIANTX,fade,True,100,50,2,1,0,4,False,Flickless,GIANTX,viper,True,100,50,1,1,0,7,True,westside,GIANTX,cypher,True,100,50,0,2,0,7,True
910.910,3901,ACTIVE_ROUND,8,3,4,86.000,,,MiniBoo,Team Heretics,raze,True,100,25,0,2,1,6,False,RieNs,Team Heretics,fade,True,100,50,2,1,0,7,True,Boo,Team Heretics,omen,True,100,25,2,1,1,7,True,benjyfishy,Team Heretics,deadlock,True,100,25,1,0,0,4,False,Wo0t,Team Heretics,chamber,True,100,50,0,8,1,0,False,grubinho,GIANTX,omen,True,100,50,0,1,2,7,True,ara,GIANTX,raze,True,100,50,1,2,1,3,False,Cloud,GIANTX,fade,True,100,50,2,1,0,4,False,Flickless,GIANTX,viper,True,100,50,1,1,0,7,True,westside,GIANTX,cypher,True,100,50,0,2,0,7,True
911.144,3902,ACTIVE_ROUND,8,3,4,86.000,,,MiniBoo,Team Heretics,raze,True,100,25,0,2,1,6,False,RieNs,Team Heretics,fade,True,100,50,2,1,0,7,True,Boo,Team Heretics,omen,True,100,25,2,1,1,7,True,benjyfishy,Team Heretics,deadlock,True,100,25,1,0,0,4,False,Wo0t,Team Heretics,chamber,True,100,50,0,8,1,0,False,grubinho,GIANTX,omen,True,100,50,0,1,2,7,True,ara,GIANTX,raze,True,100,50,1,2,1,3,False,Cloud,GIANTX,fade,True,100,50,2,1,0,4,False,Flickless,GIANTX,viper,True,100,50,1,1,0,7,True,westside,GIANTX,cypher,True,100,50,0,2,0,7,True
911.377,3903,ACTIVE_ROUND,8,3,4,85.000,,,MiniBoo,Team Heretics,raze,True,100,25,0,2,1,6,False,RieNs,Team Heretics,fade,True,100,50,2,1,0,7,True,Boo,Team Heretics,omen,True,100,25,2,1,1,7,True,benjyfishy,Team Heretics,deadlock,True,100,25,1,0,0,4,False,Wo0t,Team Heretics,chamber,True,100,50,0,8,1,0,False,grubinho,GIANTX,omen,True,100,50,0,1,2,7,True,ara,GIANTX,raze,True,100,50,1,2,1,3,False,Cloud,GIANTX,fade,True,100,50,2,1,0,4,False,Flickless,GIANTX,viper,True,100,50,1,1,0,7,True,westside,GIANTX,cypher,True,100,50,0,2,0,7,True
911.611,3904,ACTIVE_ROUND,8,3,4,85.000,,,MiniBoo,Team Heretics,raze,True,100,25,0,2,1,6,False,RieNs,Team Heretics,fade,True,100,50,2,1,0,7,True,Boo,Team Heretics,omen,True,100,25,2,1,1,7,True,benjyfishy,Team Heretics,deadlock,True,100,25,1,0,0,4,False,Wo0t,Team Heretics,chamber,True,100,50,0,8,1,0,False,grubinho,GIANTX,omen,True,100,50,0,1,2,7,True,ara,GIANTX,raze,True,100,50,1,2,1,3,False,Cloud,GIANTX,fade,True,100,50,2,1,0,4,False,Flickless,GIANTX,viper,True,100,50,1,1,0,7,True,westside,GIANTX,cypher,True,100,50,0,2,0,7,True
911.844,3905,ACTIVE_ROUND,8,3,4,85.000,,,MiniBoo,Team Heretics,raze,True,100,25,0,2,1,6,False,RieNs,Team Heretics,fade,True,100,50,2,1,0,7,True,Boo,Team Heretics,omen,True,100,25,2,1,1,7,True,benjyfishy,Team Heretics,deadlock,True,100,25,1,0,0,4,False,Wo0t,Team Heretics,chamber,True,100,50,0,8,1,0,False,grubinho,GIANTX,omen,True,100,50,0,1,2,7,True,ara,GIANTX,raze,True,100,50,1,2,1,3,False,Cloud,GIANTX,fade,True,100,50,2,1,0,4,False,Flickless,GIANTX,viper,True,100,50,1,1,0,7,True,westside,GIANTX,cypher,True,100,50,0,2,0,7,True
912.078,3906,ACTIVE_ROUND,8,3,4,85.000,,,MiniBoo,Team Heretics,raze,True,100,25,0,2,1,6,False,RieNs,Team Heretics,fade,True,100,50,2,1,0,7,True,Boo,Team Heretics,omen,True,100,25,2,1,1,7,True,benjyfishy,Team Heretics,deadlock,True,100,25,1,0,0,4,False,Wo0t,Team Heretics,chamber,True,100,50,0,8,1,0,False,grubinho,GIANTX,omen,True,100,50,0,1,2,7,True,ara,GIANTX,raze,True,100,50,1,2,1,3,False,Cloud,GIANTX,fade,True,100,50,2,1,0,4,False,Flickless,GIANTX,viper,True,100,50,1,1,0,7,True,westside,GIANTX,cypher,True,100,50,0,2,0,7,True
912.311,3907,ACTIVE_ROUND,8,3,4,85.000,,,MiniBoo,Team Heretics,raze,True,100,25,0,2,1,6,False,RieNs,Team Heretics,fade,True,100,50,2,1,0,7,True,Boo,Team Heretics,omen,True,100,25,2,1,1,7,True,benjyfishy,Team Heretics,deadlock,True,100,25,1,0,0,4,False,Wo0t,Team Heretics,chamber,True,100,50,0,8,1,0,False,grubinho,GIANTX,omen,True,100,50,0,1,2,7,True,ara,GIANTX,raze,True,100,50,1,2,1,3,False,Cloud,GIANTX,fade,True,100,50,2,1,0,4,False,Flickless,GIANTX,viper,True,100,50,1,1,0,7,True,westside,GIANTX,cypher,True,100,50,0,2,0,7,True
912.545,3908,ACTIVE_ROUND,8,3,4,84.000,,,MiniBoo,Team Heretics,raze,True,100,25,0,2,1,6,False,RieNs,Team Heretics,fade,True,100,50,2,1,0,7,True,Boo,Team Heretics,omen,True,100,25,2,1,1,7,True,benjyfishy,Team Heretics,deadlock,True,100,25,1,0,0,4,False,Wo0t,Team Heretics,chamber,True,100,50,0,8,1,0,False,grubinho,GIANTX,omen,True,100,50,0,1,2,7,True,ara,GIANTX,raze,True,100,50,1,2,1,3,False,Cloud,GIANTX,fade,True,100,50,2,1,0,4,False,Flickless,GIANTX,viper,True,100,50,1,1,0,7,True,westside,GIANTX,cypher,True,100,50,0,2,0,7,True
912.779,3909,ACTIVE_ROUND,8,3,4,84.000,,,MiniBoo,Team Heretics,raze,True,100,25,0,2,1,6,False,RieNs,Team Heretics,fade,True,100,50,2,1,0,7,True,Boo,Team Heretics,omen,True,100,25,2,1,1,7,True,benjyfishy,Team Heretics,deadlock,True,100,25,1,0,0,4,False,Wo0t,Team Heretics,chamber,True,100,50,0,8,1,0,False,grubinho,GIANTX,omen,True,100,50,0,1,2,7,True,ara,GIANTX,raze,True,100,50,1,2,1,3,False,Cloud,GIANTX,fade,True,100,50,2,1,0,4,False,Flickless,GIANTX,viper,True,100,50,1,1,0,7,True,westside,GIANTX,cypher,True,100,50,0,2,0,7,True
913.012,3910,ACTIVE_ROUND,8,3,4,84.000,,,MiniBoo,Team Heretics,raze,True,100,25,0,2,1,6,False,RieNs,Team Heretics,fade,True,100,50,2,1,0,7,True,Boo,Team Heretics,omen,True,100,25,2,1,1,7,True,benjyfishy,Team Heretics,deadlock,True,100,25,1,0,0,4,False,Wo0t,Team Heretics,chamber,True,100,50,0,8,1,0,False,grubinho,GIANTX,omen,True,100,50,0,1,2,7,True,ara,GIANTX,raze,True,100,50,1,2,1,3,False,Cloud,GIANTX,fade,True,100,50,2,1,0,4,False,Flickless,GIANTX,viper,True,100,50,1,1,0,7,True,westside,GIANTX,cypher,True,100,50,0,2,0,7,True
913.246,3911,ACTIVE_ROUND,8,3,4,84.000,,,MiniBoo,Team Heretics,raze,True,100,25,0,2,1,6,False,RieNs,Team Heretics,fade,True,100,50,2,1,0,7,True,Boo,Team Heretics,omen,True,100,25,2,1,1,7,True,benjyfishy,Team Heretics,deadlock,True,100,25,1,0,0,4,False,Wo0t,Team Heretics,chamber,True,100,50,0,8,1,0,False,grubinho,GIANTX,omen,True,100,50,0,1,2,7,True,ara,GIANTX,raze,True,100,50,1,2,1,3,False,Cloud,GIANTX,fade,True,100,50,2,1,0,4,False,Flickless,GIANTX,viper,True,100,50,1,1,0,7,True,westside,GIANTX,cypher,True,100,50,0,2,0,7,True
913.479,3912,ACTIVE_ROUND,8,3,4,83.000,,,MiniBoo,Team Heretics,raze,True,100,25,0,2,1,6,False,RieNs,Team Heretics,fade,True,100,50,2,1,0,7,True,Boo,Team Heretics,omen,True,100,25,2,1,1,7,True,benjyfishy,Team Heretics,deadlock,True,100,25,1,0,0,4,False,Wo0t,Team Heretics,chamber,True,100,50,0,8,1,0,False,grubinho,GIANTX,omen,True,100,50,0,1,2,7,True,ara,GIANTX,raze,True,100,50,1,2,1,3,False,Cloud,GIANTX,fade,True,100,50,2,1,0,4,False,Flickless,GIANTX,viper,True,100,50,1,1,0,7,True,westside,GIANTX,cypher,True,100,50,0,2,0,7,True
913.713,3913,ACTIVE_ROUND,8,3,4,83.000,,,MiniBoo,Team Heretics,raze,True,100,25,0,2,1,6,False,RieNs,Team Heretics,fade,True,100,50,2,1,0,7,True,Boo,Team Heretics,omen,True,100,25,2,1,1,7,True,benjyfishy,Team Heretics,deadlock,True,100,25,1,0,0,4,False,Wo0t,Team Heretics,chamber,True,100,50,0,8,1,0,False,grubinho,GIANTX,omen,True,100,50,0,1,2,7,True,ara,GIANTX,raze,True,100,50,1,2,1,3,False,Cloud,GIANTX,fade,True,100,50,2,1,0,4,False,Flickless,GIANTX,viper,True,100,50,1,1,0,7,True,westside,GIANTX,cypher,True,100,50,0,2,0,7,True
913.946,3914,ACTIVE_ROUND,8,3,4,83.000,,,MiniBoo,Team Heretics,raze,True,100,25,0,2,1,6,False,RieNs,Team Heretics,fade,True,100,50,2,1,0,7,True,Boo,Team Heretics,omen,True,100,25,2,1,1,7,True,benjyfishy,Team Heretics,deadlock,True,100,25,1,0,0,4,False,Wo0t,Team Heretics,chamber,True,100,50,0,8,1,0,False,grubinho,GIANTX,omen,True,100,50,0,1,2,7,True,ara,GIANTX,raze,True,100,50,1,2,1,3,False,Cloud,GIANTX,fade,True,100,50,2,1,0,4,False,Flickless,GIANTX,viper,True,100,50,1,1,0,7,True,westside,GIANTX,cypher,True,100,50,0,2,0,7,True
914.180,3915,ACTIVE_ROUND,8,3,4,83.000,,,MiniBoo,Team Heretics,raze,True,100,25,0,2,1,6,False,RieNs,Team Heretics,fade,True,100,50,2,1,0,7,True,Boo,Team Heretics,omen,True,100,25,2,1,1,7,True,benjyfishy,Team Heretics,deadlock,True,100,25,1,0,0,4,False,Wo0t,Team Heretics,chamber,True,100,50,0,8,1,0,False,grubinho,GIANTX,omen,True,100,50,0,1,2,7,True,ara,GIANTX,raze,True,100,50,1,2,1,3,False,Cloud,GIANTX,fade,True,100,50,2,1,0,4,False,Flickless,GIANTX,viper,True,100,50,1,1,0,7,True,westside,GIANTX,cypher,True,100,50,0,2,0,7,True
914.413,3916,ACTIVE_ROUND,8,3,4,82.000,,,MiniBoo,Team Heretics,raze,True,100,25,0,2,1,6,False,RieNs,Team Heretics,fade,True,100,50,2,1,0,7,True,Boo,Team Heretics,omen,True,100,25,2,1,1,7,True,benjyfishy,Team Heretics,deadlock,True,100,25,1,0,0,4,False,Wo0t,Team Heretics,chamber,True,100,50,0,8,1,0,False,grubinho,GIANTX,omen,True,100,50,0,1,2,7,True,ara,GIANTX,raze,True,100,50,1,2,1,3,False,Cloud,GIANTX,fade,True,100,50,2,1,0,4,False,Flickless,GIANTX,viper,True,100,50,1,1,0,7,True,westside,GIANTX,cypher,True,100,50,0,2,0,7,True
914.647,3917,ACTIVE_ROUND,8,3,4,82.000,,,MiniBoo,Team Heretics,raze,True,100,25,0,2,1,6,False,RieNs,Team Heretics,fade,True,100,50,2,1,0,7,True,Boo,Team Heretics,omen,True,100,25,2,1,1,7,True,benjyfishy,Team Heretics,deadlock,True,100,25,1,0,0,4,False,Wo0t,Team Heretics,chamber,True,100,50,0,8,1,0,False,grubinho,GIANTX,omen,True,100,50,0,1,2,7,True,ara,GIANTX,raze,True,100,50,1,2,1,3,False,Cloud,GIANTX,fade,True,100,50,2,1,0,4,False,Flickless,GIANTX,viper,True,100,50,1,1,0,7,True,westside,GIANTX,cypher,True,100,50,0,2,0,7,True
914.881,3918,ACTIVE_ROUND,8,3,4,82.000,,,MiniBoo,Team Heretics,raze,True,100,25,0,2,1,6,False,RieNs,Team Heretics,fade,True,100,50,2,1,0,7,True,Boo,Team Heretics,omen,True,100,25,2,1,1,7,True,benjyfishy,Team Heretics,deadlock,True,100,25,1,0,0,4,False,Wo0t,Team Heretics,chamber,True,100,50,0,8,1,0,False,grubinho,GIANTX,omen,True,100,50,0,1,2,7,True,ara,GIANTX,raze,True,100,50,1,2,1,3,False,Cloud,GIANTX,fade,True,100,50,2,1,0,4,False,Flickless,GIANTX,viper,True,100,50,1,1,0,7,True,westside,GIANTX,cypher,True,100,50,0,2,0,7,True
915.114,3919,ACTIVE_ROUND,8,3,4,82.000,,,MiniBoo,Team Heretics,raze,True,100,25,0,2,1,6,False,RieNs,Team Heretics,fade,True,100,50,2,1,0,7,True,Boo,Team Heretics,omen,True,100,25,2,1,1,7,True,benjyfishy,Team Heretics,deadlock,True,100,25,1,0,0,4,False,Wo0t,Team Heretics,chamber,True,100,50,0,8,1,0,False,grubinho,GIANTX,omen,True,100,50,0,1,1,7,True,ara,GIANTX,raze,True,100,50,1,2,1,3,False,Cloud,GIANTX,fade,True,100,50,1,1,0,4,False,Flickless,GIANTX,viper,True,100,50,1,1,0,7,True,westside,GIANTX,cypher,True,100,50,0,2,0,7,True
915.348,3920,ACTIVE_ROUND,8,3,4,81.000,,,MiniBoo,Team Heretics,raze,True,100,25,0,2,1,6,False,RieNs,Team Heretics,fade,True,100,50,2,1,0,7,True,Boo,Team Heretics,omen,True,100,25,2,1,1,7,True,benjyfishy,Team Heretics,deadlock,True,100,25,1,0,0,4,False,Wo0t,Team Heretics,chamber,True,100,50,0,8,1,0,False,grubinho,GIANTX,omen,True,100,50,0,1,1,7,True,ara,GIANTX,raze,True,100,50,1,2,1,3,False,Cloud,GIANTX,fade,True,100,50,1,1,0,4,False,Flickless,GIANTX,viper,True,100,50,1,1,0,7,True,westside,GIANTX,cypher,True,100,50,0,2,0,7,True
915.581,3921,ACTIVE_ROUND,8,3,4,81.000,,,MiniBoo,Team Heretics,raze,True,100,25,0,2,1,6,False,RieNs,Team Heretics,fade,True,100,50,2,1,0,7,True,Boo,Team Heretics,omen,True,100,25,2,1,1,7,True,benjyfishy,Team Heretics,deadlock,True,100,25,1,0,0,4,False,Wo0t,Team Heretics,chamber,True,100,50,0,8,1,0,False,grubinho,GIANTX,omen,True,100,50,0,1,1,7,True,ara,GIANTX,raze,True,100,50,1,2,1,3,False,Cloud,GIANTX,fade,True,100,50,1,1,0,4,False,Flickless,GIANTX,viper,True,100,50,1,1,0,7,True,westside,GIANTX,cypher,True,100,50,0,2,0,7,True
915.815,3922,ACTIVE_ROUND,8,3,4,81.000,,,MiniBoo,Team Heretics,raze,True,100,25,0,2,1,6,False,RieNs,Team Heretics,fade,True,100,50,2,1,0,7,True,Boo,Team Heretics,omen,True,100,25,2,1,1,7,True,benjyfishy,Team Heretics,deadlock,True,100,25,1,0,0,4,False,Wo0t,Team Heretics,chamber,True,100,50,0,8,1,0,False,grubinho,GIANTX,omen,True,100,50,0,1,1,7,True,ara,GIANTX,raze,True,100,50,1,2,1,3,False,Cloud,GIANTX,fade,True,100,50,1,1,0,4,False,Flickless,GIANTX,viper,True,100,50,1,1,0,7,True,westside,GIANTX,cypher,True,100,50,0,2,0,7,True
916.048,3923,ACTIVE_ROUND,8,3,4,81.000,,,MiniBoo,Team Heretics,raze,True,100,25,0,2,1,6,False,RieNs,Team Heretics,fade,True,100,50,2,1,0,7,True,Boo,Team Heretics,omen,True,100,25,2,1,1,7,True,benjyfishy,Team Heretics,deadlock,True,100,25,1,0,0,4,False,Wo0t,Team Heretics,chamber,True,100,50,0,8,1,0,False,grubinho,GIANTX,omen,True,100,50,0,1,1,7,True,ara,GIANTX,raze,True,100,50,1,2,1,3,False,Cloud,GIANTX,fade,True,100,50,1,1,0,4,False,Flickless,GIANTX,viper,True,100,50,1,1,0,7,True,westside,GIANTX,cypher,True,100,50,0,2,0,7,True
916.282,3924,ACTIVE_ROUND,8,3,4,81.000,,,MiniBoo,Team Heretics,raze,True,100,25,0,2,1,6,False,RieNs,Team Heretics,fade,True,100,50,2,1,0,7,True,Boo,Team Heretics,omen,True,100,25,2,1,1,7,True,benjyfishy,Team Heretics,deadlock,True,100,25,1,0,0,4,False,Wo0t,Team Heretics,chamber,True,100,50,0,8,1,0,False,grubinho,GIANTX,omen,True,100,50,0,1,1,7,True,ara,GIANTX,raze,True,100,50,1,2,1,3,False,Cloud,GIANTX,fade,True,100,50,1,1,0,4,False,Flickless,GIANTX,viper,True,100,50,1,1,0,7,True,westside,GIANTX,cypher,True,100,50,0,2,0,7,True
916.516,3925,ACTIVE_ROUND,8,3,4,80.000,,,MiniBoo,Team Heretics,raze,True,100,25,0,2,1,6,False,RieNs,Team Heretics,fade,True,100,50,2,1,0,7,True,Boo,Team Heretics,omen,True,100,25,2,1,1,7,True,benjyfishy,Team Heretics,deadlock,True,100,25,1,0,0,4,False,Wo0t,Team Heretics,chamber,True,100,50,0,8,1,0,False,grubinho,GIANTX,omen,True,100,50,0,1,1,7,True,ara,GIANTX,raze,True,100,50,1,2,1,3,False,Cloud,GIANTX,fade,True,100,50,1,1,0,4,False,Flickless,GIANTX,viper,True,100,50,1,1,0,7,True,westside,GIANTX,cypher,True,100,50,0,2,0,7,True
916.749,3926,ACTIVE_ROUND,8,3,4,80.000,,,MiniBoo,Team Heretics,raze,True,100,25,0,2,1,6,False,RieNs,Team Heretics,fade,True,100,50,2,1,0,7,True,Boo,Team Heretics,omen,True,100,25,2,1,1,7,True,benjyfishy,Team Heretics,deadlock,True,100,25,1,0,0,4,False,Wo0t,Team Heretics,chamber,True,100,50,0,8,1,0,False,grubinho,GIANTX,omen,True,100,50,0,1,1,7,True,ara,GIANTX,raze,True,100,50,1,2,1,3,False,Cloud,GIANTX,fade,True,100,50,1,1,0,4,False,Flickless,GIANTX,viper,True,100,50,1,1,0,7,True,westside,GIANTX,cypher,True,100,50,0,2,0,7,True
916.983,3927,ACTIVE_ROUND,8,3,4,80.000,,,MiniBoo,Team Heretics,raze,True,100,25,0,2,1,6,False,RieNs,Team Heretics,fade,True,100,50,2,1,0,7,True,Boo,Team Heretics,omen,True,100,25,2,1,1,7,True,benjyfishy,Team Heretics,deadlock,True,100,25,1,0,0,4,False,Wo0t,Team Heretics,chamber,True,100,50,0,8,1,0,False,grubinho,GIANTX,omen,True,100,50,0,1,1,7,True,ara,GIANTX,raze,True,100,50,1,2,1,3,False,Cloud,GIANTX,fade,True,100,50,1,1,0,4,False,Flickless,GIANTX,viper,True,100,50,1,1,0,7,True,westside,GIANTX,cypher,True,100,50,0,2,0,7,True
917.216,3928,ACTIVE_ROUND,8,3,4,80.000,,,MiniBoo,Team Heretics,raze,True,100,25,0,2,1,6,False,RieNs,Team Heretics,fade,True,100,50,2,1,0,7,True,Boo,Team Heretics,omen,True,100,25,2,1,1,7,True,benjyfishy,Team Heretics,deadlock,True,100,25,1,0,0,4,False,Wo0t,Team Heretics,chamber,True,100,50,0,8,1,0,False,grubinho,GIANTX,omen,True,100,50,0,1,1,7,True,ara,GIANTX,raze,True,100,50,1,2,1,3,False,Cloud,GIANTX,fade,True,100,50,1,1,0,4,False,Flickless,GIANTX,viper,True,100,50,1,1,0,7,True,westside,GIANTX,cypher,True,100,50,0,2,0,7,True
917.450,3929,ACTIVE_ROUND,8,3,4,79.000,,,MiniBoo,Team Heretics,raze,True,100,25,0,2,1,6,False,RieNs,Team Heretics,fade,True,100,50,2,1,0,7,True,Boo,Team Heretics,omen,True,100,25,2,1,1,7,True,benjyfishy,Team Heretics,deadlock,True,100,25,1,0,0,4,False,Wo0t,Team Heretics,chamber,True,100,50,0,8,1,0,False,grubinho,GIANTX,omen,True,100,50,0,1,1,7,True,ara,GIANTX,raze,True,100,50,1,2,1,3,False,Cloud,GIANTX,fade,True,100,50,1,1,0,4,False,Flickless,GIANTX,viper,True,100,50,1,1,0,7,True,westside,GIANTX,cypher,True,100,50,0,2,0,7,True
917.683,3930,ACTIVE_ROUND,8,3,4,79.000,,,MiniBoo,Team Heretics,raze,True,100,25,0,2,1,6,False,RieNs,Team Heretics,fade,True,100,50,2,1,0,7,True,Boo,Team Heretics,omen,True,100,25,2,1,1,7,True,benjyfishy,Team Heretics,deadlock,True,100,25,1,0,0,4,False,Wo0t,Team Heretics,chamber,True,100,50,0,8,1,0,False,grubinho,GIANTX,omen,True,100,50,0,1,1,7,True,ara,GIANTX,raze,True,100,50,1,2,1,3,False,Cloud,GIANTX,fade,True,100,50,1,1,0,4,False,Flickless,GIANTX,viper,True,100,50,1,1,0,7,True,westside,GIANTX,cypher,True,100,50,0,2,0,7,True
917.917,3931,ACTIVE_ROUND,8,3,4,79.000,,,MiniBoo,Team Heretics,raze,True,100,25,0,2,1,6,False,RieNs,Team Heretics,fade,True,100,50,2,1,0,7,True,Boo,Team Heretics,omen,True,100,25,2,1,1,7,True,benjyfishy,Team Heretics,deadlock,True,100,25,1,0,0,4,False,Wo0t,Team Heretics,chamber,True,100,50,0,8,1,0,False,grubinho,GIANTX,omen,True,100,50,0,1,1,7,True,ara,GIANTX,raze,True,100,50,1,2,1,3,False,Cloud,GIANTX,fade,True,100,50,1,1,0,4,False,Flickless,GIANTX,viper,True,100,50,1,1,0,7,True,westside,GIANTX,cypher,True,100,50,0,2,0,7,True
918.151,3932,ACTIVE_ROUND,8,3,4,79.000,,,MiniBoo,Team Heretics,raze,True,100,25,0,2,1,6,False,RieNs,Team Heretics,fade,True,100,50,2,1,0,7,True,Boo,Team Heretics,omen,True,100,25,2,1,1,7,True,benjyfishy,Team Heretics,deadlock,True,100,25,1,0,0,4,False,Wo0t,Team Heretics,chamber,True,100,50,0,8,1,0,False,grubinho,GIANTX,omen,True,100,50,0,1,1,7,True,ara,GIANTX,raze,True,100,50,1,2,1,3,False,Cloud,GIANTX,fade,True,100,50,1,1,0,4,False,Flickless,GIANTX,viper,True,100,50,1,1,0,7,True,westside,GIANTX,cypher,True,100,50,0,2,0,7,True
918.384,3933,ACTIVE_ROUND,8,3,4,78.000,,,MiniBoo,Team Heretics,raze,True,100,25,0,2,1,6,False,RieNs,Team Heretics,fade,True,100,50,2,1,0,7,True,Boo,Team Heretics,omen,True,100,25,2,1,1,7,True,benjyfishy,Team Heretics,deadlock,True,100,25,1,0,0,4,False,Wo0t,Team Heretics,chamber,True,100,50,0,8,1,0,False,grubinho,GIANTX,omen,True,100,50,0,1,1,7,True,ara,GIANTX,raze,True,100,50,1,2,1,3,False,Cloud,GIANTX,fade,True,100,50,1,1,0,4,False,Flickless,GIANTX,viper,True,100,50,1,1,0,7,True,westside,GIANTX,cypher,True,100,50,0,2,0,7,True
918.618,3934,ACTIVE_ROUND,8,3,4,78.000,,,MiniBoo,Team Heretics,raze,True,100,25,0,2,1,6,False,RieNs,Team Heretics,fade,True,100,50,2,1,0,7,True,Boo,Team Heretics,omen,True,100,25,2,1,1,7,True,benjyfishy,Team Heretics,deadlock,True,100,25,1,0,0,4,False,Wo0t,Team Heretics,chamber,True,100,50,0,8,1,0,False,grubinho,GIANTX,omen,True,100,50,0,1,1,7,True,ara,GIANTX,raze,True,100,50,1,2,1,3,False,Cloud,GIANTX,fade,True,100,50,1,1,0,4,False,Flickless,GIANTX,viper,True,100,50,1,1,0,7,True,westside,GIANTX,cypher,True,100,50,0,2,0,7,True
918.851,3935,ACTIVE_ROUND,8,3,4,78.000,,,MiniBoo,Team Heretics,raze,True,100,25,0,2,1,6,False,RieNs,Team Heretics,fade,True,100,50,2,1,0,7,True,Boo,Team Heretics,omen,True,100,25,2,1,1,7,True,benjyfishy,Team Heretics,deadlock,True,100,25,1,0,0,4,False,Wo0t,Team Heretics,chamber,True,100,50,0,8,1,0,False,grubinho,GIANTX,omen,True,100,50,0,1,1,7,True,ara,GIANTX,raze,True,100,50,1,2,1,3,False,Cloud,GIANTX,fade,True,100,50,1,1,0,4,False,Flickless,GIANTX,viper,True,100,50,1,1,0,7,True,westside,GIANTX,cypher,True,100,50,0,2,0,7,True
919.085,3936,ACTIVE_ROUND,8,3,4,78.000,,,MiniBoo,Team Heretics,raze,True,100,25,0,2,1,6,False,RieNs,Team Heretics,fade,True,100,50,2,1,0,7,True,Boo,Team Heretics,omen,True,100,25,2,1,1,7,True,benjyfishy,Team Heretics,deadlock,True,100,25,1,0,0,4,False,Wo0t,Team Heretics,chamber,True,100,50,0,8,1,0,False,grubinho,GIANTX,omen,True,100,50,0,1,1,7,True,ara,GIANTX,raze,True,100,50,1,2,1,3,False,Cloud,GIANTX,fade,True,100,50,1,1,0,4,False,Flickless,GIANTX,viper,True,100,50,1,1,0,7,True,westside,GIANTX,cypher,True,100,50,0,2,0,7,True
919.318,3937,ACTIVE_ROUND,8,3,4,78.000,,,MiniBoo,Team Heretics,raze,True,100,25,0,2,1,6,False,RieNs,Team Heretics,fade,True,100,50,2,1,0,7,True,Boo,Team Heretics,omen,True,100,25,2,1,1,7,True,benjyfishy,Team Heretics,deadlock,True,100,25,1,0,0,4,False,Wo0t,Team Heretics,chamber,True,100,50,0,8,1,0,False,grubinho,GIANTX,omen,True,100,50,0,1,1,7,True,ara,GIANTX,raze,True,100,50,1,2,1,3,False,Cloud,GIANTX,fade,True,100,50,1,1,0,4,False,Flickless,GIANTX,viper,True,100,50,1,1,0,7,True,westside,GIANTX,cypher,True,100,50,0,2,0,7,True
919.552,3938,ACTIVE_ROUND,8,3,4,77.000,,,MiniBoo,Team Heretics,raze,True,100,25,0,2,1,6,False,RieNs,Team Heretics,fade,True,100,50,2,1,0,7,True,Boo,Team Heretics,omen,True,100,25,2,1,1,7,True,benjyfishy,Team Heretics,deadlock,True,100,25,1,0,0,4,False,Wo0t,Team Heretics,chamber,True,100,50,0,8,1,0,False,grubinho,GIANTX,omen,True,100,50,0,1,1,7,True,ara,GIANTX,raze,True,100,50,1,2,1,3,False,Cloud,GIANTX,fade,True,100,50,1,1,0,4,False,Flickless,GIANTX,viper,True,100,50,1,1,0,7,True,westside,GIANTX,cypher,True,100,50,0,2,0,7,True
919.786,3939,ACTIVE_ROUND,8,3,4,77.000,,,MiniBoo,Team Heretics,raze,True,100,25,0,2,1,6,False,RieNs,Team Heretics,fade,True,100,50,2,1,0,7,True,Boo,Team Heretics,omen,True,100,25,2,1,1,7,True,benjyfishy,Team Heretics,deadlock,True,100,25,1,0,0,4,False,Wo0t,Team Heretics,chamber,True,100,50,0,8,1,0,False,grubinho,GIANTX,omen,True,100,50,0,1,1,7,True,ara,GIANTX,raze,True,100,50,1,2,1,3,False,Cloud,GIANTX,fade,True,100,50,1,1,0,4,False,Flickless,GIANTX,viper,True,100,50,1,1,0,7,True,westside,GIANTX,cypher,True,100,50,0,2,0,7,True
920.019,3940,ACTIVE_ROUND,8,3,4,77.000,,,MiniBoo,Team Heretics,raze,True,100,25,0,2,1,6,False,RieNs,Team Heretics,fade,True,100,50,2,1,0,7,True,Boo,Team Heretics,omen,True,100,25,2,1,1,7,True,benjyfishy,Team Heretics,deadlock,True,100,25,1,0,0,4,False,Wo0t,Team Heretics,chamber,True,100,50,0,8,1,0,False,grubinho,GIANTX,omen,True,100,50,0,1,1,7,True,ara,GIANTX,raze,True,100,50,1,2,1,3,False,Cloud,GIANTX,fade,True,100,50,1,1,0,4,False,Flickless,GIANTX,viper,True,100,50,1,1,0,7,True,westside,GIANTX,cypher,True,100,50,0,2,0,7,True
920.253,3941,ACTIVE_ROUND,8,3,4,77.000,,,MiniBoo,Team Heretics,raze,True,100,25,0,2,1,6,False,RieNs,Team Heretics,fade,True,100,50,2,1,0,7,True,Boo,Team Heretics,omen,True,100,25,2,1,1,7,True,benjyfishy,Team Heretics,deadlock,True,100,25,1,0,0,4,False,Wo0t,Team Heretics,chamber,True,100,50,0,8,1,0,False,grubinho,GIANTX,omen,True,100,50,0,1,1,7,True,ara,GIANTX,raze,True,100,50,1,2,1,3,False,Cloud,GIANTX,fade,True,100,50,1,1,0,4,False,Flickless,GIANTX,viper,True,100,50,1,1,0,7,True,westside,GIANTX,cypher,True,100,50,0,2,0,7,True
920.486,3942,ACTIVE_ROUND,8,3,4,76.000,,,MiniBoo,Team Heretics,raze,True,100,25,0,2,1,6,False,RieNs,Team Heretics,fade,True,100,50,2,1,0,7,True,Boo,Team Heretics,omen,True,100,25,2,1,1,7,True,benjyfishy,Team Heretics,deadlock,True,100,25,1,0,0,4,False,Wo0t,Team Heretics,chamber,True,100,50,0,8,1,0,False,grubinho,GIANTX,omen,True,100,50,0,1,1,7,True,ara,GIANTX,raze,True,100,50,1,2,1,3,False,Cloud,GIANTX,fade,True,100,50,1,1,0,4,False,Flickless,GIANTX,viper,True,100,50,1,1,0,7,True,westside,GIANTX,cypher,True,100,50,0,2,0,7,True
920.720,3943,ACTIVE_ROUND,8,3,4,76.000,,,MiniBoo,Team Heretics,raze,True,100,25,0,2,1,6,False,RieNs,Team Heretics,fade,True,100,50,2,1,0,7,True,Boo,Team Heretics,omen,True,100,25,2,1,1,7,True,benjyfishy,Team Heretics,deadlock,True,100,25,1,0,0,4,False,Wo0t,Team Heretics,chamber,True,100,50,0,8,1,0,False,grubinho,GIANTX,omen,True,100,50,0,1,1,7,True,ara,GIANTX,raze,True,100,50,1,2,1,3,False,Cloud,GIANTX,fade,True,100,50,1,1,0,4,False,Flickless,GIANTX,viper,True,100,50,1,1,0,7,True,westside,GIANTX,cypher,True,100,50,0,2,0,7,True
920.953,3944,ACTIVE_ROUND,8,3,4,76.000,,,MiniBoo,Team Heretics,raze,True,100,25,0,2,1,6,False,RieNs,Team Heretics,fade,True,100,50,2,1,0,7,True,Boo,Team Heretics,omen,True,100,25,2,1,1,7,True,benjyfishy,Team Heretics,deadlock,True,100,25,1,0,0,4,False,Wo0t,Team Heretics,chamber,True,100,50,0,8,1,0,False,grubinho,GIANTX,omen,True,100,50,0,1,1,7,True,ara,GIANTX,raze,True,100,50,1,2,1,3,False,Cloud,GIANTX,fade,True,100,50,1,1,0,4,False,Flickless,GIANTX,viper,True,100,50,1,1,0,7,True,westside,GIANTX,cypher,True,100,50,0,2,0,7,True
921.187,3945,ACTIVE_ROUND,8,3,4,76.000,,,MiniBoo,Team Heretics,raze,True,100,25,0,2,1,6,False,RieNs,Team Heretics,fade,True,100,50,2,1,0,7,True,Boo,Team Heretics,omen,True,100,25,2,1,1,7,True,benjyfishy,Team Heretics,deadlock,True,100,25,1,0,0,4,False,Wo0t,Team Heretics,chamber,True,100,50,0,8,1,0,False,grubinho,GIANTX,omen,True,100,50,0,1,1,7,True,ara,GIANTX,raze,True,100,50,1,2,1,3,False,Cloud,GIANTX,fade,True,100,50,1,1,0,4,False,Flickless,GIANTX,viper,True,100,50,1,1,0,7,True,westside,GIANTX,cypher,True,100,50,0,2,0,7,True
921.421,3946,ACTIVE_ROUND,8,3,4,75.000,,,MiniBoo,Team Heretics,raze,True,100,25,0,2,1,6,False,RieNs,Team Heretics,fade,True,100,50,2,1,0,7,True,Boo,Team Heretics,omen,True,100,25,2,1,1,7,True,benjyfishy,Team Heretics,deadlock,True,100,25,1,0,0,4,False,Wo0t,Team Heretics,chamber,True,100,50,0,8,1,0,False,grubinho,GIANTX,omen,True,100,50,0,1,1,7,True,ara,GIANTX,raze,True,100,50,1,2,1,3,False,Cloud,GIANTX,fade,True,100,50,1,1,0,4,False,Flickless,GIANTX,viper,True,100,50,1,1,0,7,True,westside,GIANTX,cypher,True,100,50,0,2,0,7,True
921.654,3947,ACTIVE_ROUND,8,3,4,75.000,,,MiniBoo,Team Heretics,raze,True,100,25,0,2,1,6,False,RieNs,Team Heretics,fade,True,100,50,2,1,0,7,True,Boo,Team Heretics,omen,True,100,25,2,1,1,7,True,benjyfishy,Team Heretics,deadlock,True,100,25,1,0,0,4,False,Wo0t,Team Heretics,chamber,True,100,50,0,8,1,0,False,grubinho,GIANTX,omen,True,100,50,0,1,1,7,True,ara,GIANTX,raze,True,100,50,1,2,1,3,False,Cloud,GIANTX,fade,True,100,50,1,1,0,4,False,Flickless,GIANTX,viper,True,100,50,1,1,0,7,True,westside,GIANTX,cypher,True,100,50,0,2,0,7,True
921.888,3948,ACTIVE_ROUND,8,3,4,75.000,,,MiniBoo,Team Heretics,raze,True,100,25,0,2,1,6,False,RieNs,Team Heretics,fade,True,100,50,2,1,0,7,True,Boo,Team Heretics,omen,True,100,25,2,1,1,7,True,benjyfishy,Team Heretics,deadlock,True,100,25,1,0,0,4,False,Wo0t,Team Heretics,chamber,True,100,50,0,8,1,0,False,grubinho,GIANTX,omen,True,100,50,0,1,1,7,True,ara,GIANTX,raze,True,100,50,1,2,1,3,False,Cloud,GIANTX,fade,True,100,50,1,1,0,4,False,Flickless,GIANTX,viper,True,100,50,1,1,0,7,True,westside,GIANTX,cypher,True,100,50,0,2,0,7,True
922.121,3949,ACTIVE_ROUND,8,3,4,75.000,,,MiniBoo,Team Heretics,raze,True,100,25,0,2,1,6,False,RieNs,Team Heretics,fade,True,100,50,2,1,0,7,True,Boo,Team Heretics,omen,True,100,25,2,1,1,7,True,benjyfishy,Team Heretics,deadlock,True,100,25,1,0,0,4,False,Wo0t,Team Heretics,chamber,True,100,50,0,8,1,0,False,grubinho,GIANTX,omen,True,100,50,0,1,1,7,True,ara,GIANTX,raze,True,100,50,1,2,1,3,False,Cloud,GIANTX,fade,True,100,50,1,1,0,4,False,Flickless,GIANTX,viper,True,100,50,1,1,0,7,True,westside,GIANTX,cypher,True,100,50,0,2,0,7,True
922.355,3950,ACTIVE_ROUND,8,3,4,74.000,,,MiniBoo,Team Heretics,raze,True,100,25,0,2,1,6,False,RieNs,Team Heretics,fade,True,100,50,2,1,0,7,True,Boo,Team Heretics,omen,True,100,25,2,1,1,7,True,benjyfishy,Team Heretics,deadlock,True,100,25,1,0,0,4,False,Wo0t,Team Heretics,chamber,True,100,50,0,8,1,0,False,grubinho,GIANTX,omen,True,100,50,0,1,1,7,True,ara,GIANTX,raze,True,100,50,1,2,1,3,False,Cloud,GIANTX,fade,True,100,50,1,1,0,4,False,Flickless,GIANTX,viper,True,100,50,1,1,0,7,True,westside,GIANTX,cypher,True,100,50,0,2,0,7,True
922.588,3951,ACTIVE_ROUND,8,3,4,74.000,,,MiniBoo,Team Heretics,raze,True,100,25,0,2,1,6,False,RieNs,Team Heretics,fade,True,100,50,2,1,0,7,True,Boo,Team Heretics,omen,True,100,25,2,1,1,7,True,benjyfishy,Team Heretics,deadlock,True,100,25,1,0,0,4,False,Wo0t,Team Heretics,chamber,True,100,50,0,8,1,0,False,grubinho,GIANTX,omen,True,100,50,0,1,1,7,True,ara,GIANTX,raze,True,100,50,1,2,1,3,False,Cloud,GIANTX,fade,True,100,50,1,1,0,4,False,Flickless,GIANTX,viper,True,100,50,1,1,0,7,True,westside,GIANTX,cypher,True,100,50,0,2,0,7,True
922.822,3952,ACTIVE_ROUND,8,3,4,74.000,,,MiniBoo,Team Heretics,raze,True,100,25,0,2,1,6,False,RieNs,Team Heretics,fade,True,100,50,2,1,0,7,True,Boo,Team Heretics,omen,True,100,25,2,1,1,7,True,benjyfishy,Team Heretics,deadlock,True,100,25,1,0,0,4,False,Wo0t,Team Heretics,chamber,True,100,50,0,8,1,0,False,grubinho,GIANTX,omen,True,100,50,0,1,1,7,True,ara,GIANTX,raze,True,100,50,1,2,1,3,False,Cloud,GIANTX,fade,True,100,50,1,1,0,4,False,Flickless,GIANTX,viper,True,100,50,1,1,0,7,True,westside,GIANTX,cypher,True,100,50,0,2,0,7,True
923.055,3953,ACTIVE_ROUND,8,3,4,74.000,,,MiniBoo,Team Heretics,raze,True,100,25,0,2,1,6,False,RieNs,Team Heretics,fade,True,100,50,2,1,0,7,True,Boo,Team Heretics,omen,True,100,25,2,1,1,7,True,benjyfishy,Team Heretics,deadlock,True,100,25,1,0,0,4,False,Wo0t,Team Heretics,chamber,True,100,50,0,8,1,0,False,grubinho,GIANTX,omen,True,100,50,0,1,1,7,True,ara,GIANTX,raze,True,100,50,1,2,1,3,False,Cloud,GIANTX,fade,True,100,50,1,1,0,4,False,Flickless,GIANTX,viper,True,100,50,1,1,0,7,True,westside,GIANTX,cypher,True,100,50,0,2,0,7,True
923.289,3954,ACTIVE_ROUND,8,3,4,74.000,,,MiniBoo,Team Heretics,raze,True,100,25,0,2,1,6,False,RieNs,Team Heretics,fade,True,100,50,2,1,0,7,True,Boo,Team Heretics,omen,True,100,25,2,1,1,7,True,benjyfishy,Team Heretics,deadlock,True,100,25,1,0,0,4,False,Wo0t,Team Heretics,chamber,True,100,50,0,8,1,0,False,grubinho,GIANTX,omen,True,100,50,0,1,1,7,True,ara,GIANTX,raze,True,100,50,1,2,1,3,False,Cloud,GIANTX,fade,True,100,50,1,1,0,4,False,Flickless,GIANTX,viper,True,100,50,1,1,0,7,True,westside,GIANTX,cypher,True,100,50,0,2,0,7,True
923.523,3955,ACTIVE_ROUND,8,3,4,73.000,,,MiniBoo,Team Heretics,raze,True,100,25,0,2,1,6,False,RieNs,Team Heretics,fade,True,100,50,2,1,0,7,True,Boo,Team Heretics,omen,True,100,25,2,1,1,7,True,benjyfishy,Team Heretics,deadlock,True,100,25,1,0,0,4,False,Wo0t,Team Heretics,chamber,True,100,50,0,8,1,0,False,grubinho,GIANTX,omen,True,100,50,0,1,1,7,True,ara,GIANTX,raze,True,100,50,1,2,1,3,False,Cloud,GIANTX,fade,True,100,50,1,1,0,4,False,Flickless,GIANTX,viper,True,100,50,1,1,0,7,True,westside,GIANTX,cypher,True,100,50,0,2,0,7,True
923.756,3956,ACTIVE_ROUND,8,3,4,73.000,,,MiniBoo,Team Heretics,raze,True,100,25,0,2,1,6,False,RieNs,Team Heretics,fade,True,100,50,2,1,0,7,True,Boo,Team Heretics,omen,True,100,25,2,1,1,7,True,benjyfishy,Team Heretics,deadlock,True,100,25,1,0,0,4,False,Wo0t,Team Heretics,chamber,True,100,50,0,8,1,0,False,grubinho,GIANTX,omen,True,100,50,0,1,1,7,True,ara,GIANTX,raze,True,100,50,1,2,1,3,False,Cloud,GIANTX,fade,True,100,50,1,1,0,4,False,Flickless,GIANTX,viper,True,100,50,1,1,0,7,True,westside,GIANTX,cypher,True,100,50,0,2,0,7,True
923.990,3957,ACTIVE_ROUND,8,3,4,73.000,,,MiniBoo,Team Heretics,raze,True,100,25,0,2,1,6,False,RieNs,Team Heretics,fade,True,100,50,2,1,0,7,True,Boo,Team Heretics,omen,True,100,25,2,1,1,7,True,benjyfishy,Team Heretics,deadlock,True,100,25,1,0,0,4,False,Wo0t,Team Heretics,chamber,True,100,50,0,8,1,0,False,grubinho,GIANTX,omen,True,100,50,0,1,1,7,True,ara,GIANTX,raze,True,100,50,1,2,1,3,False,Cloud,GIANTX,fade,True,100,50,1,1,0,4,False,Flickless,GIANTX,viper,True,100,50,1,1,0,7,True,westside,GIANTX,cypher,True,100,50,0,2,0,7,True
924.223,3958,ACTIVE_ROUND,8,3,4,73.000,,,MiniBoo,Team Heretics,raze,True,100,25,0,2,1,6,False,RieNs,Team Heretics,fade,True,100,50,2,1,0,7,True,Boo,Team Heretics,omen,True,100,25,2,1,1,7,True,benjyfishy,Team Heretics,deadlock,True,100,25,1,0,0,4,False,Wo0t,Team Heretics,chamber,True,100,50,0,8,1,0,False,grubinho,GIANTX,omen,True,100,50,0,1,1,7,True,ara,GIANTX,raze,True,100,50,1,2,1,3,False,Cloud,GIANTX,fade,True,100,50,1,1,0,4,False,Flickless,GIANTX,viper,True,100,50,1,1,0,7,True,westside,GIANTX,cypher,True,100,50,0,2,0,7,True
924.457,3959,ACTIVE_ROUND,8,3,4,72.000,,,MiniBoo,Team Heretics,raze,True,100,25,0,2,1,6,False,RieNs,Team Heretics,fade,True,100,50,2,1,0,7,True,Boo,Team Heretics,omen,True,100,25,2,1,1,7,True,benjyfishy,Team Heretics,deadlock,True,100,25,1,0,0,4,False,Wo0t,Team Heretics,chamber,True,100,50,0,8,1,0,False,grubinho,GIANTX,omen,True,100,50,0,1,1,7,True,ara,GIANTX,raze,True,100,50,1,2,1,3,False,Cloud,GIANTX,fade,True,100,50,1,1,0,4,False,Flickless,GIANTX,viper,True,100,50,1,1,0,7,True,westside,GIANTX,cypher,True,100,50,0,2,0,7,True
924.690,3960,ACTIVE_ROUND,8,3,4,72.000,,,MiniBoo,Team Heretics,raze,True,100,25,0,2,1,6,False,RieNs,Team Heretics,fade,True,100,50,2,1,0,7,True,Boo,Team Heretics,omen,True,100,25,2,1,1,7,True,benjyfishy,Team Heretics,deadlock,True,100,25,1,0,0,4,False,Wo0t,Team Heretics,chamber,True,100,50,0,8,1,0,False,grubinho,GIANTX,omen,True,100,50,0,1,1,7,True,ara,GIANTX,raze,True,100,50,1,2,1,3,False,Cloud,GIANTX,fade,True,100,50,1,1,0,4,False,Flickless,GIANTX,viper,True,100,50,1,1,0,7,True,westside,GIANTX,cypher,True,100,50,0,2,0,7,True
924.924,3961,ACTIVE_ROUND,8,3,4,72.000,,,MiniBoo,Team Heretics,raze,True,100,25,0,2,1,6,False,RieNs,Team Heretics,fade,True,100,50,2,1,0,7,True,Boo,Team Heretics,omen,True,100,25,2,1,1,7,True,benjyfishy,Team Heretics,deadlock,True,100,25,1,0,0,4,False,Wo0t,Team Heretics,chamber,True,100,50,0,8,1,0,False,grubinho,GIANTX,omen,True,100,50,0,1,1,7,True,ara,GIANTX,raze,True,100,50,1,2,1,3,False,Cloud,GIANTX,fade,True,100,50,1,1,0,4,False,Flickless,GIANTX,viper,True,100,50,1,1,0,7,True,westside,GIANTX,cypher,True,100,50,0,2,0,7,True
925.158,3962,ACTIVE_ROUND,8,3,4,72.000,,,MiniBoo,Team Heretics,raze,True,100,25,0,2,1,6,False,RieNs,Team Heretics,fade,True,100,50,2,1,0,7,True,Boo,Team Heretics,omen,True,100,25,2,1,1,7,True,benjyfishy,Team Heretics,deadlock,True,100,25,1,0,0,4,False,Wo0t,Team Heretics,chamber,True,100,50,0,8,1,0,False,grubinho,GIANTX,omen,True,100,50,0,1,1,7,True,ara,GIANTX,raze,True,100,50,1,2,1,3,False,Cloud,GIANTX,fade,True,100,50,1,1,0,4,False,Flickless,GIANTX,viper,True,100,50,1,1,0,7,True,westside,GIANTX,cypher,True,100,50,0,2,0,7,True
925.391,3963,ACTIVE_ROUND,8,3,4,71.000,,,MiniBoo,Team Heretics,raze,True,100,25,0,2,1,6,False,RieNs,Team Heretics,fade,True,100,50,2,1,0,7,True,Boo,Team Heretics,omen,True,100,25,2,1,1,7,True,benjyfishy,Team Heretics,deadlock,True,100,25,1,0,0,4,False,Wo0t,Team Heretics,chamber,True,100,50,0,8,1,0,False,grubinho,GIANTX,omen,True,100,50,0,1,1,7,True,ara,GIANTX,raze,True,100,50,1,2,1,3,False,Cloud,GIANTX,fade,True,100,50,1,1,0,4,False,Flickless,GIANTX,viper,True,100,50,1,1,0,7,True,westside,GIANTX,cypher,True,100,50,0,2,0,7,True
925.625,3964,ACTIVE_ROUND,8,3,4,71.000,,,MiniBoo,Team Heretics,raze,True,100,25,0,2,1,6,False,RieNs,Team Heretics,fade,True,100,50,2,1,0,7,True,Boo,Team Heretics,omen,True,100,25,2,1,1,7,True,benjyfishy,Team Heretics,deadlock,True,100,25,1,0,0,4,False,Wo0t,Team Heretics,chamber,True,100,50,0,8,1,0,False,grubinho,GIANTX,omen,True,100,50,0,1,1,7,True,ara,GIANTX,raze,True,100,50,1,2,1,3,False,Cloud,GIANTX,fade,True,100,50,1,1,0,4,False,Flickless,GIANTX,viper,True,100,50,1,1,0,7,True,westside,GIANTX,cypher,True,100,50,0,2,0,7,True
925.858,3965,ACTIVE_ROUND,8,3,4,71.000,,,MiniBoo,Team Heretics,raze,True,100,25,0,2,1,6,False,RieNs,Team Heretics,fade,True,100,50,2,1,0,7,True,Boo,Team Heretics,omen,True,100,25,2,1,1,7,True,benjyfishy,Team Heretics,deadlock,True,100,25,1,0,0,4,False,Wo0t,Team Heretics,chamber,True,100,50,0,8,1,0,False,grubinho,GIANTX,omen,True,100,50,0,1,1,7,True,ara,GIANTX,raze,True,100,50,1,2,1,3,False,Cloud,GIANTX,fade,True,100,50,1,1,0,4,False,Flickless,GIANTX,viper,True,100,50,1,1,0,7,True,westside,GIANTX,cypher,True,100,50,0,2,0,7,True
926.092,3966,ACTIVE_ROUND,8,3,4,71.000,,,MiniBoo,Team Heretics,raze,True,100,25,0,2,1,6,False,RieNs,Team Heretics,fade,True,100,50,2,1,0,7,True,Boo,Team Heretics,omen,True,100,25,2,1,1,7,True,benjyfishy,Team Heretics,deadlock,True,100,25,1,0,0,4,False,Wo0t,Team Heretics,chamber,True,100,50,0,8,1,0,False,grubinho,GIANTX,omen,True,100,50,0,1,1,7,True,ara,GIANTX,raze,True,100,50,1,2,1,3,False,Cloud,GIANTX,fade,True,100,50,1,1,0,4,False,Flickless,GIANTX,viper,True,100,50,1,1,0,7,True,westside,GIANTX,cypher,True,100,50,0,2,0,7,True
926.325,3967,ACTIVE_ROUND,8,3,4,71.000,,,MiniBoo,Team Heretics,raze,True,100,25,0,2,1,6,False,RieNs,Team Heretics,fade,True,100,50,2,1,0,7,True,Boo,Team Heretics,omen,True,100,25,2,1,1,7,True,benjyfishy,Team Heretics,deadlock,True,100,25,1,0,0,4,False,Wo0t,Team Heretics,chamber,True,100,50,0,8,1,0,False,grubinho,GIANTX,omen,True,100,50,0,1,1,7,True,ara,GIANTX,raze,True,100,50,1,2,1,3,False,Cloud,GIANTX,fade,True,100,50,1,1,0,4,False,Flickless,GIANTX,viper,True,100,50,1,1,0,7,True,westside,GIANTX,cypher,True,100,50,0,2,0,7,True
926.559,3968,ACTIVE_ROUND,8,3,4,70.000,,,MiniBoo,Team Heretics,raze,True,100,25,0,2,1,6,False,RieNs,Team Heretics,fade,True,100,50,2,1,0,7,True,Boo,Team Heretics,omen,True,100,25,2,1,1,7,True,benjyfishy,Team Heretics,deadlock,True,100,25,1,0,0,4,False,Wo0t,Team Heretics,chamber,True,100,50,0,8,1,0,False,grubinho,GIANTX,omen,True,100,50,0,1,1,7,True,ara,GIANTX,raze,True,100,50,1,2,1,3,False,Cloud,GIANTX,fade,True,100,50,1,1,0,4,False,Flickless,GIANTX,viper,True,100,50,1,1,0,7,True,westside,GIANTX,cypher,True,100,50,0,2,0,7,True
926.793,3969,ACTIVE_ROUND,8,3,4,70.000,,,MiniBoo,Team Heretics,raze,True,100,25,0,2,1,6,False,RieNs,Team Heretics,fade,True,100,50,2,1,0,7,True,Boo,Team Heretics,omen,True,100,25,2,1,1,7,True,benjyfishy,Team Heretics,deadlock,True,100,25,1,0,0,4,False,Wo0t,Team Heretics,chamber,True,100,50,0,8,1,0,False,grubinho,GIANTX,omen,True,100,50,0,1,1,7,True,ara,GIANTX,raze,True,100,50,1,2,1,3,False,Cloud,GIANTX,fade,True,100,50,1,1,0,4,False,Flickless,GIANTX,viper,True,100,50,1,1,0,7,True,westside,GIANTX,cypher,True,100,50,0,2,0,7,True
927.026,3970,ACTIVE_ROUND,8,3,4,70.000,,,MiniBoo,Team Heretics,raze,True,100,25,0,2,1,6,False,RieNs,Team Heretics,fade,True,100,50,2,1,0,7,True,Boo,Team Heretics,omen,True,100,25,2,1,1,7,True,benjyfishy,Team Heretics,deadlock,True,100,25,1,0,0,4,False,Wo0t,Team Heretics,chamber,True,100,50,0,8,1,0,False,grubinho,GIANTX,omen,True,100,50,0,1,1,7,True,ara,GIANTX,raze,True,100,50,1,2,1,3,False,Cloud,GIANTX,fade,True,100,50,1,1,0,4,False,Flickless,GIANTX,viper,True,100,50,1,1,0,7,True,westside,GIANTX,cypher,True,100,50,0,2,0,7,True
927.260,3971,ACTIVE_ROUND,8,3,4,70.000,,,MiniBoo,Team Heretics,raze,True,100,25,0,2,1,6,False,RieNs,Team Heretics,fade,True,100,50,2,1,0,7,True,Boo,Team Heretics,omen,True,100,25,2,1,1,7,True,benjyfishy,Team Heretics,deadlock,True,100,25,1,0,0,4,False,Wo0t,Team Heretics,chamber,True,100,50,0,8,1,0,False,grubinho,GIANTX,omen,True,100,50,0,1,1,7,True,ara,GIANTX,raze,True,100,50,1,2,1,3,False,Cloud,GIANTX,fade,True,100,50,1,1,0,4,False,Flickless,GIANTX,viper,True,100,50,1,1,0,7,True,westside,GIANTX,cypher,True,100,50,0,2,0,7,True
927.493,3972,ACTIVE_ROUND,8,3,4,69.000,,,MiniBoo,Team Heretics,raze,True,100,25,0,2,1,6,False,RieNs,Team Heretics,fade,True,100,50,2,1,0,7,True,Boo,Team Heretics,omen,True,100,25,2,1,1,7,True,benjyfishy,Team Heretics,deadlock,True,100,25,1,0,0,4,False,Wo0t,Team Heretics,chamber,True,100,50,0,8,1,0,False,grubinho,GIANTX,omen,True,100,50,0,1,1,7,True,ara,GIANTX,raze,True,100,50,1,2,1,3,False,Cloud,GIANTX,fade,True,100,50,1,1,0,4,False,Flickless,GIANTX,viper,True,100,50,1,1,0,7,True,westside,GIANTX,cypher,True,100,50,0,2,0,7,True
927.727,3973,ACTIVE_ROUND,8,3,4,69.000,,,MiniBoo,Team Heretics,raze,True,100,25,0,2,1,6,False,RieNs,Team Heretics,fade,True,100,50,2,1,0,7,True,Boo,Team Heretics,omen,True,100,25,2,1,1,7,True,benjyfishy,Team Heretics,deadlock,True,100,25,1,0,0,4,False,Wo0t,Team Heretics,chamber,True,100,50,0,8,1,0,False,grubinho,GIANTX,omen,True,100,50,0,1,1,7,True,ara,GIANTX,raze,True,100,50,1,2,1,3,False,Cloud,GIANTX,fade,True,100,50,1,1,0,4,False,Flickless,GIANTX,viper,True,100,50,1,1,0,7,True,westside,GIANTX,cypher,True,100,50,0,2,0,7,True
927.960,3974,ACTIVE_ROUND,8,3,4,69.000,,,MiniBoo,Team Heretics,raze,True,100,25,0,2,1,6,False,RieNs,Team Heretics,fade,True,100,50,2,1,0,7,True,Boo,Team Heretics,omen,True,100,25,2,1,1,7,True,benjyfishy,Team Heretics,deadlock,True,100,25,1,0,0,4,False,Wo0t,Team Heretics,chamber,True,100,50,0,8,1,0,False,grubinho,GIANTX,omen,True,100,50,0,1,1,7,True,ara,GIANTX,raze,True,100,50,1,2,1,3,False,Cloud,GIANTX,fade,True,100,50,1,1,0,4,False,Flickless,GIANTX,viper,True,100,50,1,1,0,7,True,westside,GIANTX,cypher,True,100,50,0,2,0,7,True
928.194,3975,ACTIVE_ROUND,8,3,4,69.000,,,MiniBoo,Team Heretics,raze,True,100,25,0,2,1,6,False,RieNs,Team Heretics,fade,True,100,50,2,1,0,7,True,Boo,Team Heretics,omen,True,100,25,2,1,2,7,True,benjyfishy,Team Heretics,deadlock,True,100,25,1,0,0,4,False,Wo0t,Team Heretics,chamber,True,100,50,0,8,1,0,False,grubinho,GIANTX,omen,True,100,50,0,1,1,7,True,ara,GIANTX,raze,True,100,50,1,2,1,3,False,Cloud,GIANTX,fade,True,100,50,1,1,0,4,False,Flickless,GIANTX,viper,True,100,50,1,1,0,7,True,westside,GIANTX,cypher,True,100,50,0,2,0,7,True
928.428,3976,ACTIVE_ROUND,8,3,4,68.000,,,MiniBoo,Team Heretics,raze,True,100,25,0,2,1,6,False,RieNs,Team Heretics,fade,True,100,50,2,1,0,7,True,Boo,Team Heretics,omen,True,100,25,2,1,2,7,True,benjyfishy,Team Heretics,deadlock,True,100,25,1,0,0,4,False,Wo0t,Team Heretics,chamber,True,100,50,0,8,1,0,False,grubinho,GIANTX,omen,True,100,50,0,1,1,7,True,ara,GIANTX,raze,True,100,50,1,2,1,3,False,Cloud,GIANTX,fade,True,100,50,1,1,0,4,False,Flickless,GIANTX,viper,True,100,50,1,1,0,7,True,westside,GIANTX,cypher,True,100,50,0,2,0,7,True
928.661,3977,ACTIVE_ROUND,8,3,4,68.000,,,MiniBoo,Team Heretics,raze,True,100,25,0,2,1,6,False,RieNs,Team Heretics,fade,True,100,50,2,1,0,7,True,Boo,Team Heretics,omen,True,100,25,2,1,2,7,True,benjyfishy,Team Heretics,deadlock,True,100,25,1,0,0,4,False,Wo0t,Team Heretics,chamber,True,100,50,0,8,1,0,False,grubinho,GIANTX,omen,True,100,50,0,1,1,7,True,ara,GIANTX,raze,True,100,50,1,2,1,3,False,Cloud,GIANTX,fade,True,100,50,1,1,0,4,False,Flickless,GIANTX,viper,True,100,50,1,1,0,7,True,westside,GIANTX,cypher,True,100,50,0,2,0,7,True
928.895,3978,ACTIVE_ROUND,8,3,4,68.000,,,MiniBoo,Team Heretics,raze,True,100,25,0,2,1,6,False,RieNs,Team Heretics,fade,True,100,50,2,1,0,7,True,Boo,Team Heretics,omen,True,100,25,2,1,2,7,True,benjyfishy,Team Heretics,deadlock,True,100,25,1,0,0,4,False,Wo0t,Team Heretics,chamber,True,100,50,0,8,1,0,False,grubinho,GIANTX,omen,True,100,50,0,1,1,7,True,ara,GIANTX,raze,True,100,50,1,2,1,3,False,Cloud,GIANTX,fade,True,100,50,1,1,0,4,False,Flickless,GIANTX,viper,True,100,50,1,1,0,7,True,westside,GIANTX,cypher,True,100,50,0,2,0,7,True
929.128,3979,ACTIVE_ROUND,8,3,4,68.000,,,MiniBoo,Team Heretics,raze,True,100,25,0,2,1,6,False,RieNs,Team Heretics,fade,True,100,50,2,1,0,7,True,Boo,Team Heretics,omen,True,100,25,2,1,2,7,True,benjyfishy,Team Heretics,deadlock,True,100,25,1,0,0,4,False,Wo0t,Team Heretics,chamber,True,100,50,0,8,1,0,False,grubinho,GIANTX,omen,True,100,50,0,1,1,7,True,ara,GIANTX,raze,True,100,50,1,2,1,3,False,Cloud,GIANTX,fade,True,100,50,1,1,0,4,False,Flickless,GIANTX,viper,True,100,50,1,1,0,7,True,westside,GIANTX,cypher,True,100,50,0,2,0,7,True
929.362,3980,ACTIVE_ROUND,8,3,4,67.000,,,MiniBoo,Team Heretics,raze,True,100,25,0,2,1,6,False,RieNs,Team Heretics,fade,True,100,50,2,1,0,7,True,Boo,Team Heretics,omen,True,100,25,2,1,2,7,True,benjyfishy,Team Heretics,deadlock,True,100,25,1,0,0,4,False,Wo0t,Team Heretics,chamber,True,100,50,0,8,1,0,False,grubinho,GIANTX,omen,True,100,50,0,1,1,7,True,ara,GIANTX,raze,True,100,50,1,2,1,3,False,Cloud,GIANTX,fade,True,100,50,1,1,0,4,False,Flickless,GIANTX,viper,True,100,50,1,1,0,7,True,westside,GIANTX,cypher,True,100,50,0,2,0,7,True
929.595,3981,ACTIVE_ROUND,8,3,4,67.000,,,MiniBoo,Team Heretics,raze,True,100,25,0,2,1,6,False,RieNs,Team Heretics,fade,True,100,50,2,1,0,7,True,Boo,Team Heretics,omen,True,100,25,2,1,2,7,True,benjyfishy,Team Heretics,deadlock,True,100,25,1,0,0,4,False,Wo0t,Team Heretics,chamber,True,100,50,0,8,1,0,False,grubinho,GIANTX,omen,True,100,50,0,1,1,7,True,ara,GIANTX,raze,True,100,50,1,2,1,3,False,Cloud,GIANTX,fade,True,100,50,1,1,0,4,False,Flickless,GIANTX,viper,True,100,50,1,1,0,7,True,westside,GIANTX,cypher,True,100,50,0,2,0,7,True
929.829,3982,ACTIVE_ROUND,8,3,4,67.000,,,MiniBoo,Team Heretics,raze,True,100,25,0,2,1,6,False,RieNs,Team Heretics,fade,True,100,50,2,1,0,7,True,Boo,Team Heretics,omen,True,100,25,2,1,2,7,True,benjyfishy,Team Heretics,deadlock,True,100,25,1,0,0,4,False,Wo0t,Team Heretics,chamber,True,100,50,0,8,1,0,False,grubinho,GIANTX,omen,True,100,50,0,1,1,7,True,ara,GIANTX,raze,True,100,50,1,2,1,3,False,Cloud,GIANTX,fade,True,100,50,1,1,0,4,False,Flickless,GIANTX,viper,True,100,50,1,1,0,7,True,westside,GIANTX,cypher,True,100,50,0,2,0,7,True
930.062,3983,ACTIVE_ROUND,8,3,4,67.000,,,MiniBoo,Team Heretics,raze,True,100,25,0,2,1,6,False,RieNs,Team Heretics,fade,True,100,50,2,1,0,7,True,Boo,Team Heretics,omen,True,100,25,2,1,2,7,True,benjyfishy,Team Heretics,deadlock,True,100,25,1,0,0,4,False,Wo0t,Team Heretics,chamber,True,100,50,0,8,1,0,False,grubinho,GIANTX,omen,True,100,50,0,1,1,7,True,ara,GIANTX,raze,True,100,50,1,2,1,3,False,Cloud,GIANTX,fade,True,100,50,1,1,0,4,False,Flickless,GIANTX,viper,True,100,50,1,1,0,7,True,westside,GIANTX,cypher,True,100,50,0,2,0,7,True
930.296,3984,ACTIVE_ROUND,8,3,4,67.000,,,MiniBoo,Team Heretics,raze,True,100,25,0,2,1,6,False,RieNs,Team Heretics,fade,True,100,50,2,1,0,7,True,Boo,Team Heretics,omen,True,100,25,2,1,2,7,True,benjyfishy,Team Heretics,deadlock,True,100,25,1,0,0,4,False,Wo0t,Team Heretics,chamber,True,100,50,0,8,1,0,False,grubinho,GIANTX,omen,True,100,50,0,1,1,7,True,ara,GIANTX,raze,True,100,50,1,2,1,3,False,Cloud,GIANTX,fade,True,100,50,1,1,0,4,False,Flickless,GIANTX,viper,True,100,50,1,1,0,7,True,westside,GIANTX,cypher,True,100,50,0,2,0,7,True
930.530,3985,ACTIVE_ROUND,8,3,4,66.000,,,MiniBoo,Team Heretics,raze,True,100,25,0,2,1,6,False,RieNs,Team Heretics,fade,True,100,50,2,1,0,7,True,Boo,Team Heretics,omen,True,100,25,2,1,2,7,True,benjyfishy,Team Heretics,deadlock,True,100,25,1,0,0,4,False,Wo0t,Team Heretics,chamber,True,100,50,0,8,1,0,False,grubinho,GIANTX,omen,True,100,50,0,1,1,7,True,ara,GIANTX,raze,True,100,50,1,2,1,3,False,Cloud,GIANTX,fade,True,100,50,1,1,0,4,False,Flickless,GIANTX,viper,True,100,50,1,1,0,7,True,westside,GIANTX,cypher,True,100,50,0,2,0,7,True
930.763,3986,ACTIVE_ROUND,8,3,4,66.000,,,MiniBoo,Team Heretics,raze,True,100,25,0,2,1,6,False,RieNs,Team Heretics,fade,True,100,50,2,1,0,7,True,Boo,Team Heretics,omen,True,100,25,2,1,2,7,True,benjyfishy,Team Heretics,deadlock,True,100,25,1,0,0,4,False,Wo0t,Team Heretics,chamber,True,100,50,0,8,1,0,False,grubinho,GIANTX,omen,True,100,50,0,1,1,7,True,ara,GIANTX,raze,True,100,50,1,2,1,3,False,Cloud,GIANTX,fade,True,100,50,1,1,0,4,False,Flickless,GIANTX,viper,True,100,50,1,1,0,7,True,westside,GIANTX,cypher,True,100,50,0,2,0,7,True
930.997,3987,ACTIVE_ROUND,8,3,4,66.000,,,MiniBoo,Team Heretics,raze,True,100,25,0,2,1,6,False,RieNs,Team Heretics,fade,True,100,50,2,1,0,7,True,Boo,Team Heretics,omen,True,100,25,2,1,2,7,True,benjyfishy,Team Heretics,deadlock,True,100,25,1,0,0,4,False,Wo0t,Team Heretics,chamber,True,100,50,0,8,1,0,False,grubinho,GIANTX,omen,True,100,50,0,1,1,7,True,ara,GIANTX,raze,True,100,50,1,2,1,3,False,Cloud,GIANTX,fade,True,100,50,1,1,0,4,False,Flickless,GIANTX,viper,True,100,50,1,1,0,7,True,westside,GIANTX,cypher,True,100,50,0,2,0,7,True
931.230,3988,ACTIVE_ROUND,8,3,4,66.000,,,MiniBoo,Team Heretics,raze,True,100,25,0,2,1,6,False,RieNs,Team Heretics,fade,True,100,50,2,1,0,7,True,Boo,Team Heretics,omen,True,100,25,2,1,1,7,True,benjyfishy,Team Heretics,deadlock,True,100,25,1,0,0,4,False,Wo0t,Team Heretics,chamber,True,100,50,0,8,1,0,False,grubinho,GIANTX,omen,True,100,50,0,1,1,7,True,ara,GIANTX,raze,True,100,50,1,2,1,3,False,Cloud,GIANTX,fade,True,100,50,1,1,0,4,False,Flickless,GIANTX,viper,True,100,50,1,1,0,7,True,westside,GIANTX,cypher,True,100,50,0,2,0,7,True
931.464,3989,ACTIVE_ROUND,8,3,4,65.000,,,MiniBoo,Team Heretics,raze,True,100,25,0,2,1,6,False,RieNs,Team Heretics,fade,True,100,50,2,1,0,7,True,Boo,Team Heretics,omen,True,100,25,2,1,1,7,True,benjyfishy,Team Heretics,deadlock,True,100,25,1,0,0,4,False,Wo0t,Team Heretics,chamber,True,100,50,0,8,1,0,False,grubinho,GIANTX,omen,True,100,50,0,1,1,7,True,ara,GIANTX,raze,True,100,50,1,2,1,3,False,Cloud,GIANTX,fade,True,100,50,1,1,0,4,False,Flickless,GIANTX,viper,True,100,50,1,1,0,7,True,westside,GIANTX,cypher,True,100,50,0,2,0,7,True
931.697,3990,ACTIVE_ROUND,8,3,4,65.000,,,MiniBoo,Team Heretics,raze,True,100,25,0,2,1,6,False,RieNs,Team Heretics,fade,True,100,50,2,1,0,7,True,Boo,Team Heretics,omen,True,100,25,2,1,1,7,True,benjyfishy,Team Heretics,deadlock,True,100,25,1,0,0,4,False,Wo0t,Team Heretics,chamber,True,100,50,0,8,1,0,False,grubinho,GIANTX,omen,True,100,50,0,1,1,7,True,ara,GIANTX,raze,True,100,50,1,2,1,3,False,Cloud,GIANTX,fade,True,100,50,1,1,0,4,False,Flickless,GIANTX,viper,True,100,50,1,1,0,7,True,westside,GIANTX,cypher,True,100,50,0,2,0,7,True
931.931,3991,ACTIVE_ROUND,8,3,4,65.000,,,MiniBoo,Team Heretics,raze,True,100,25,0,2,1,6,False,RieNs,Team Heretics,fade,True,100,50,2,1,0,7,True,Boo,Team Heretics,omen,True,100,25,2,1,1,7,True,benjyfishy,Team Heretics,deadlock,True,100,25,1,0,0,4,False,Wo0t,Team Heretics,chamber,True,100,50,0,8,1,0,False,grubinho,GIANTX,omen,True,100,50,0,1,1,7,True,ara,GIANTX,raze,True,100,50,1,2,1,3,False,Cloud,GIANTX,fade,True,100,50,1,1,0,4,False,Flickless,GIANTX,viper,True,100,50,1,1,0,7,True,westside,GIANTX,cypher,True,100,50,0,2,0,7,True
932.165,3992,ACTIVE_ROUND,8,3,4,65.000,,,MiniBoo,Team Heretics,raze,True,100,25,0,2,1,6,False,RieNs,Team Heretics,fade,True,100,50,2,1,0,7,True,Boo,Team Heretics,omen,True,100,25,2,1,1,7,True,benjyfishy,Team Heretics,deadlock,True,100,25,1,0,0,4,False,Wo0t,Team Heretics,chamber,True,100,50,0,8,1,0,False,grubinho,GIANTX,omen,True,100,50,0,1,1,7,True,ara,GIANTX,raze,True,100,50,1,2,1,3,False,Cloud,GIANTX,fade,True,100,50,1,1,0,4,False,Flickless,GIANTX,viper,True,100,50,1,1,0,7,True,westside,GIANTX,cypher,True,100,50,0,2,0,7,True
932.398,3993,ACTIVE_ROUND,8,3,4,64.000,,,MiniBoo,Team Heretics,raze,True,100,25,0,2,1,6,False,RieNs,Team Heretics,fade,True,100,50,2,1,0,7,True,Boo,Team Heretics,omen,True,100,25,2,1,1,7,True,benjyfishy,Team Heretics,deadlock,True,100,25,1,0,0,4,False,Wo0t,Team Heretics,chamber,True,100,50,0,8,1,0,False,grubinho,GIANTX,omen,True,100,50,0,1,1,7,True,ara,GIANTX,raze,True,100,50,1,2,1,3,False,Cloud,GIANTX,fade,True,100,50,1,1,0,4,False,Flickless,GIANTX,viper,True,100,50,1,1,0,7,True,westside,GIANTX,cypher,True,100,50,0,2,0,7,True
932.632,3994,ACTIVE_ROUND,8,3,4,64.000,,,MiniBoo,Team Heretics,raze,True,100,25,0,2,1,6,False,RieNs,Team Heretics,fade,True,100,50,2,1,0,7,True,Boo,Team Heretics,omen,True,100,25,2,1,1,7,True,benjyfishy,Team Heretics,deadlock,True,100,25,1,0,0,4,False,Wo0t,Team Heretics,chamber,True,100,50,0,8,1,0,False,grubinho,GIANTX,omen,True,100,50,0,1,1,7,True,ara,GIANTX,raze,True,100,50,1,2,1,3,False,Cloud,GIANTX,fade,True,100,50,1,1,0,4,False,Flickless,GIANTX,viper,True,100,50,1,1,0,7,True,westside,GIANTX,cypher,True,100,50,0,2,0,7,True
932.865,3995,ACTIVE_ROUND,8,3,4,64.000,,,MiniBoo,Team Heretics,raze,True,100,25,0,2,1,6,False,RieNs,Team Heretics,fade,True,100,50,2,1,0,7,True,Boo,Team Heretics,omen,True,100,25,2,1,1,7,True,benjyfishy,Team Heretics,deadlock,True,100,25,1,0,0,4,False,Wo0t,Team Heretics,chamber,True,100,50,0,8,1,0,False,grubinho,GIANTX,omen,True,100,50,0,1,1,7,True,ara,GIANTX,raze,True,100,50,1,2,1,3,False,Cloud,GIANTX,fade,True,100,50,1,1,0,4,False,Flickless,GIANTX,viper,True,100,50,1,1,0,7,True,westside,GIANTX,cypher,True,100,50,0,2,0,7,True
933.099,3996,ACTIVE_ROUND,8,3,4,64.000,,,MiniBoo,Team Heretics,raze,True,100,25,0,2,1,6,False,RieNs,Team Heretics,fade,True,100,50,2,1,0,7,True,Boo,Team Heretics,omen,True,100,25,2,1,1,7,True,benjyfishy,Team Heretics,deadlock,True,100,25,1,0,0,4,False,Wo0t,Team Heretics,chamber,True,100,50,0,8,1,0,False,grubinho,GIANTX,omen,True,100,50,0,1,1,7,True,ara,GIANTX,raze,True,100,50,1,2,1,3,False,Cloud,GIANTX,fade,True,100,50,1,1,0,4,False,Flickless,GIANTX,viper,True,100,50,1,1,0,7,True,westside,GIANTX,cypher,True,100,50,0,2,0,7,True
933.332,3997,ACTIVE_ROUND,8,3,4,64.000,,,MiniBoo,Team Heretics,raze,True,100,25,0,2,1,6,False,RieNs,Team Heretics,fade,True,100,50,2,1,0,7,True,Boo,Team Heretics,omen,True,100,25,2,1,1,7,True,benjyfishy,Team Heretics,deadlock,True,100,25,1,0,0,4,False,Wo0t,Team Heretics,chamber,True,100,50,0,8,1,0,False,grubinho,GIANTX,omen,True,100,50,0,1,1,7,True,ara,GIANTX,raze,True,100,50,1,2,1,3,False,Cloud,GIANTX,fade,True,100,50,1,1,0,4,False,Flickless,GIANTX,viper,True,100,50,1,1,0,7,True,westside,GIANTX,cypher,True,100,50,0,2,0,7,True
933.566,3998,ACTIVE_ROUND,8,3,4,63.000,,,MiniBoo,Team Heretics,raze,True,100,25,0,2,1,6,False,RieNs,Team Heretics,fade,True,100,50,2,1,0,7,True,Boo,Team Heretics,omen,True,100,25,2,1,1,7,True,benjyfishy,Team Heretics,deadlock,True,100,25,1,0,0,4,False,Wo0t,Team Heretics,chamber,True,100,50,0,8,1,0,False,grubinho,GIANTX,omen,True,100,50,0,1,1,7,True,ara,GIANTX,raze,True,100,50,1,2,1,3,False,Cloud,GIANTX,fade,True,100,50,1,1,0,4,False,Flickless,GIANTX,viper,True,100,50,1,1,0,7,True,westside,GIANTX,cypher,True,100,50,0,2,0,7,True
933.800,3999,ACTIVE_ROUND,8,3,4,63.000,,,MiniBoo,Team Heretics,raze,True,100,25,0,2,1,6,False,RieNs,Team Heretics,fade,True,100,50,2,1,0,7,True,Boo,Team Heretics,omen,True,100,25,2,1,1,7,True,benjyfishy,Team Heretics,deadlock,True,100,25,1,0,0,4,False,Wo0t,Team Heretics,chamber,True,100,50,0,8,1,0,False,grubinho,GIANTX,omen,True,100,50,0,1,1,7,True,ara,GIANTX,raze,True,100,50,1,2,1,3,False,Cloud,GIANTX,fade,True,100,50,1,1,0,4,False,Flickless,GIANTX,viper,True,100,50,1,1,0,7,True,westside,GIANTX,cypher,True,100,50,0,2,0,7,True
934.033,4000,ACTIVE_ROUND,8,3,4,63.000,,,MiniBoo,Team Heretics,raze,True,100,25,0,2,1,6,False,RieNs,Team Heretics,fade,True,100,50,2,1,0,7,True,Boo,Team Heretics,omen,True,100,25,2,1,1,7,True,benjyfishy,Team Heretics,deadlock,True,100,25,1,0,0,4,False,Wo0t,Team Heretics,chamber,True,100,50,0,8,1,0,False,grubinho,GIANTX,omen,True,100,50,0,1,1,7,True,ara,GIANTX,raze,True,100,50,1,2,1,3,False,Cloud,GIANTX,fade,True,100,50,1,1,0,4,False,Flickless,GIANTX,viper,True,100,50,1,1,0,7,True,westside,GIANTX,cypher,True,100,50,0,2,0,7,True
934.267,4001,ACTIVE_ROUND,8,3,4,63.000,,,MiniBoo,Team Heretics,raze,True,100,25,0,2,1,6,False,RieNs,Team Heretics,fade,True,100,50,1,1,0,7,True,Boo,Team Heretics,omen,True,100,25,2,1,1,7,True,benjyfishy,Team Heretics,deadlock,True,100,25,1,0,0,4,False,Wo0t,Team Heretics,chamber,True,100,50,0,8,1,0,False,grubinho,GIANTX,omen,True,100,50,0,1,1,7,True,ara,GIANTX,raze,True,100,50,1,2,1,3,False,Cloud,GIANTX,fade,True,100,50,1,1,0,4,False,Flickless,GIANTX,viper,True,100,50,1,1,0,7,True,westside,GIANTX,cypher,True,100,50,0,2,0,7,True
934.500,4002,ACTIVE_ROUND,8,3,4,62.000,,,MiniBoo,Team Heretics,raze,True,100,25,0,2,1,6,False,RieNs,Team Heretics,fade,True,100,50,1,1,0,7,True,Boo,Team Heretics,omen,True,100,25,2,1,1,7,True,benjyfishy,Team Heretics,deadlock,True,100,25,1,0,0,4,False,Wo0t,Team Heretics,chamber,True,100,50,0,8,1,0,False,grubinho,GIANTX,omen,True,100,50,0,1,1,7,True,ara,GIANTX,raze,True,100,50,1,2,1,3,False,Cloud,GIANTX,fade,True,100,50,1,1,0,4,False,Flickless,GIANTX,viper,True,100,50,1,1,0,7,True,westside,GIANTX,cypher,True,100,50,0,2,0,7,True
934.734,4003,ACTIVE_ROUND,8,3,4,62.000,,,MiniBoo,Team Heretics,raze,True,100,25,0,2,1,6,False,RieNs,Team Heretics,fade,True,100,50,1,1,0,7,True,Boo,Team Heretics,omen,True,100,25,2,1,1,7,True,benjyfishy,Team Heretics,deadlock,True,100,25,1,0,0,4,False,Wo0t,Team Heretics,chamber,True,100,50,0,8,1,0,False,grubinho,GIANTX,omen,True,100,50,0,1,1,7,True,ara,GIANTX,raze,True,100,50,1,2,1,3,False,Cloud,GIANTX,fade,True,100,50,1,1,0,4,False,Flickless,GIANTX,viper,True,100,50,1,1,0,7,True,westside,GIANTX,cypher,True,100,50,0,2,0,7,True
934.967,4004,ACTIVE_ROUND,8,3,4,62.000,,,MiniBoo,Team Heretics,raze,True,100,25,0,2,1,6,False,RieNs,Team Heretics,fade,True,100,50,1,1,0,7,True,Boo,Team Heretics,omen,True,100,25,2,1,1,7,True,benjyfishy,Team Heretics,deadlock,True,100,25,1,0,0,4,False,Wo0t,Team Heretics,chamber,True,100,50,0,8,1,0,False,grubinho,GIANTX,omen,True,100,50,0,1,1,7,True,ara,GIANTX,raze,True,100,50,1,2,1,3,False,Cloud,GIANTX,fade,True,100,50,1,1,0,4,False,Flickless,GIANTX,viper,True,100,50,1,1,0,7,True,westside,GIANTX,cypher,True,100,50,0,2,0,7,True
935.201,4005,ACTIVE_ROUND,8,3,4,62.000,,,MiniBoo,Team Heretics,raze,True,100,25,0,2,1,6,False,RieNs,Team Heretics,fade,True,100,50,1,1,0,7,True,Boo,Team Heretics,omen,True,100,25,2,1,1,7,True,benjyfishy,Team Heretics,deadlock,True,100,25,1,0,0,4,False,Wo0t,Team Heretics,chamber,True,100,50,0,8,1,0,False,grubinho,GIANTX,omen,True,100,50,0,1,1,7,True,ara,GIANTX,raze,True,100,50,1,2,1,3,False,Cloud,GIANTX,fade,True,100,50,1,1,0,4,False,Flickless,GIANTX,viper,True,100,50,1,1,0,7,True,westside,GIANTX,cypher,True,100,50,0,2,0,7,True
935.435,4006,ACTIVE_ROUND,8,3,4,61.000,,,MiniBoo,Team Heretics,raze,True,100,25,0,2,1,6,False,RieNs,Team Heretics,fade,True,100,50,1,1,0,7,True,Boo,Team Heretics,omen,True,100,25,2,1,1,7,True,benjyfishy,Team Heretics,deadlock,True,100,25,1,0,0,4,False,Wo0t,Team Heretics,chamber,True,100,50,0,8,1,0,False,grubinho,GIANTX,omen,True,100,50,0,1,1,7,True,ara,GIANTX,raze,True,100,50,1,2,1,3,False,Cloud,GIANTX,fade,True,100,50,1,1,0,4,False,Flickless,GIANTX,viper,True,100,50,1,1,0,7,True,westside,GIANTX,cypher,True,100,50,0,2,0,7,True
935.668,4007,ACTIVE_ROUND,8,3,4,61.000,,,MiniBoo,Team Heretics,raze,True,100,25,0,2,1,6,False,RieNs,Team Heretics,fade,True,100,50,1,1,0,7,True,Boo,Team Heretics,omen,True,100,25,2,1,1,7,True,benjyfishy,Team Heretics,deadlock,True,100,25,1,0,0,4,False,Wo0t,Team Heretics,chamber,True,100,50,0,8,1,0,False,grubinho,GIANTX,omen,True,100,50,0,1,1,7,True,ara,GIANTX,raze,True,100,50,1,2,1,3,False,Cloud,GIANTX,fade,True,100,50,1,1,0,4,False,Flickless,GIANTX,viper,True,100,50,1,1,0,7,True,westside,GIANTX,cypher,True,100,50,0,2,0,7,True
935.902,4008,ACTIVE_ROUND,8,3,4,61.000,,,MiniBoo,Team Heretics,raze,True,100,25,0,2,1,6,False,RieNs,Team Heretics,fade,True,100,50,1,1,0,7,True,Boo,Team Heretics,omen,True,100,25,2,1,1,7,True,benjyfishy,Team Heretics,deadlock,True,100,25,1,0,0,4,False,Wo0t,Team Heretics,chamber,True,100,50,0,8,1,0,False,grubinho,GIANTX,omen,True,100,50,0,1,1,7,True,ara,GIANTX,raze,True,100,50,1,2,1,3,False,Cloud,GIANTX,fade,True,100,50,1,1,0,4,False,Flickless,GIANTX,viper,True,100,50,1,1,0,7,True,westside,GIANTX,cypher,True,100,50,0,2,0,7,True
936.135,4009,ACTIVE_ROUND,8,3,4,61.000,,,MiniBoo,Team Heretics,raze,True,100,25,0,2,1,6,False,RieNs,Team Heretics,fade,True,100,50,1,1,0,7,True,Boo,Team Heretics,omen,True,100,25,2,1,1,7,True,benjyfishy,Team Heretics,deadlock,True,100,25,1,0,0,4,False,Wo0t,Team Heretics,chamber,True,100,50,0,8,1,0,False,grubinho,GIANTX,omen,True,100,50,0,1,1,7,True,ara,GIANTX,raze,True,100,50,1,2,1,3,False,Cloud,GIANTX,fade,True,100,50,1,1,0,4,False,Flickless,GIANTX,viper,True,100,50,1,1,0,7,True,westside,GIANTX,cypher,True,100,50,0,2,0,7,True
936.369,4010,ACTIVE_ROUND,8,3,4,60.000,,,MiniBoo,Team Heretics,raze,True,100,25,0,2,1,6,False,RieNs,Team Heretics,fade,True,100,50,1,1,0,7,True,Boo,Team Heretics,omen,True,100,25,2,1,1,7,True,benjyfishy,Team Heretics,deadlock,True,100,25,1,0,0,4,False,Wo0t,Team Heretics,chamber,True,100,50,0,8,1,0,False,grubinho,GIANTX,omen,True,100,50,0,1,1,7,True,ara,GIANTX,raze,True,100,50,1,2,1,3,False,Cloud,GIANTX,fade,True,100,50,1,1,0,4,False,Flickless,GIANTX,viper,True,100,50,1,1,0,7,True,westside,GIANTX,cypher,True,100,50,0,2,0,7,True
936.602,4011,ACTIVE_ROUND,8,3,4,60.000,,,MiniBoo,Team Heretics,raze,True,100,25,0,2,1,6,False,RieNs,Team Heretics,fade,True,100,50,1,1,0,7,True,Boo,Team Heretics,omen,True,100,25,2,1,1,7,True,benjyfishy,Team Heretics,deadlock,True,100,25,1,0,0,4,False,Wo0t,Team Heretics,chamber,True,100,50,0,8,1,0,False,grubinho,GIANTX,omen,True,100,50,0,1,1,7,True,ara,GIANTX,raze,True,100,50,1,2,1,3,False,Cloud,GIANTX,fade,True,100,50,1,1,0,4,False,Flickless,GIANTX,viper,True,100,50,1,1,0,7,True,westside,GIANTX,cypher,True,100,50,0,2,0,7,True
936.836,4012,ACTIVE_ROUND,8,3,4,60.000,,,MiniBoo,Team Heretics,raze,True,100,25,0,2,1,6,False,RieNs,Team Heretics,fade,True,100,50,1,1,0,7,True,Boo,Team Heretics,omen,True,100,25,2,1,1,7,True,benjyfishy,Team Heretics,deadlock,True,100,25,1,0,0,4,False,Wo0t,Team Heretics,chamber,True,100,50,0,8,1,0,False,grubinho,GIANTX,omen,True,100,50,0,1,1,7,True,ara,GIANTX,raze,True,100,50,1,2,1,3,False,Cloud,GIANTX,fade,True,100,50,1,1,0,4,False,Flickless,GIANTX,viper,True,100,50,1,1,0,7,True,westside,GIANTX,cypher,True,100,50,0,2,0,7,True
937.069,4013,ACTIVE_ROUND,8,3,4,60.000,,,MiniBoo,Team Heretics,raze,True,100,25,0,2,1,6,False,RieNs,Team Heretics,fade,True,100,50,1,1,0,7,True,Boo,Team Heretics,omen,True,100,25,2,1,1,7,True,benjyfishy,Team Heretics,deadlock,True,100,25,1,0,0,4,False,Wo0t,Team Heretics,chamber,True,100,50,0,8,1,0,False,grubinho,GIANTX,omen,True,100,50,0,1,1,7,True,ara,GIANTX,raze,True,100,50,1,2,1,3,False,Cloud,GIANTX,fade,True,100,50,1,1,0,4,False,Flickless,GIANTX,viper,True,100,50,1,1,0,7,True,westside,GIANTX,cypher,True,100,50,0,2,0,7,True
937.303,4014,ACTIVE_ROUND,8,3,4,60.000,,,MiniBoo,Team Heretics,raze,True,100,25,0,2,1,6,False,RieNs,Team Heretics,fade,True,100,50,1,1,0,7,True,Boo,Team Heretics,omen,True,100,25,2,1,1,7,True,benjyfishy,Team Heretics,deadlock,True,100,25,1,0,0,4,False,Wo0t,Team Heretics,chamber,True,100,50,0,8,1,0,False,grubinho,GIANTX,omen,True,100,50,0,1,1,7,True,ara,GIANTX,raze,True,100,50,1,2,1,3,False,Cloud,GIANTX,fade,True,100,50,1,1,0,4,False,Flickless,GIANTX,viper,True,100,50,1,1,0,7,True,westside,GIANTX,cypher,True,100,50,0,2,0,7,True
937.537,4015,ACTIVE_ROUND,8,3,4,59.000,,,MiniBoo,Team Heretics,raze,True,100,25,0,2,1,6,False,RieNs,Team Heretics,fade,True,100,50,1,1,0,7,True,Boo,Team Heretics,omen,True,100,25,2,1,1,7,True,benjyfishy,Team Heretics,deadlock,True,100,25,1,0,0,4,False,Wo0t,Team Heretics,chamber,True,100,50,0,8,1,0,False,grubinho,GIANTX,omen,True,100,50,0,1,1,7,True,ara,GIANTX,raze,True,100,50,1,2,1,3,False,Cloud,GIANTX,fade,True,100,50,1,1,0,4,False,Flickless,GIANTX,viper,True,100,50,1,1,0,7,True,westside,GIANTX,cypher,True,100,50,0,2,0,7,True
937.770,4016,ACTIVE_ROUND,8,3,4,59.000,,,MiniBoo,Team Heretics,raze,True,100,25,0,2,1,6,False,RieNs,Team Heretics,fade,True,100,50,1,1,0,7,True,Boo,Team Heretics,omen,True,100,25,2,1,1,7,True,benjyfishy,Team Heretics,deadlock,True,100,25,1,0,0,4,False,Wo0t,Team Heretics,chamber,True,100,50,0,8,1,0,False,grubinho,GIANTX,omen,True,100,50,0,1,1,7,True,ara,GIANTX,raze,True,100,50,1,2,1,3,False,Cloud,GIANTX,fade,True,100,50,1,1,0,4,False,Flickless,GIANTX,viper,True,100,50,1,1,0,7,True,westside,GIANTX,cypher,True,100,50,0,2,0,7,True
938.004,4017,ACTIVE_ROUND,8,3,4,59.000,,,MiniBoo,Team Heretics,raze,True,100,25,0,2,1,6,False,RieNs,Team Heretics,fade,True,100,50,1,1,0,7,True,Boo,Team Heretics,omen,True,100,25,2,1,1,7,True,benjyfishy,Team Heretics,deadlock,True,100,25,1,0,0,4,False,Wo0t,Team Heretics,chamber,True,100,50,0,8,1,0,False,grubinho,GIANTX,omen,True,100,50,0,1,1,7,True,ara,GIANTX,raze,True,100,50,1,2,1,3,False,Cloud,GIANTX,fade,True,100,50,1,1,0,4,False,Flickless,GIANTX,viper,True,100,50,1,1,0,7,True,westside,GIANTX,cypher,True,100,50,0,2,0,7,True
938.237,4018,ACTIVE_ROUND,8,3,4,59.000,,,MiniBoo,Team Heretics,raze,True,100,25,0,2,1,6,False,RieNs,Team Heretics,fade,True,100,50,1,1,1,7,True,Boo,Team Heretics,omen,True,100,25,2,1,1,7,True,benjyfishy,Team Heretics,deadlock,True,100,25,1,0,0,4,False,Wo0t,Team Heretics,chamber,True,100,50,0,8,1,0,False,grubinho,GIANTX,omen,True,100,50,0,1,1,7,True,ara,GIANTX,raze,True,100,50,1,2,1,3,False,Cloud,GIANTX,fade,True,100,50,1,1,1,4,False,Flickless,GIANTX,viper,True,100,50,1,1,0,7,True,westside,GIANTX,cypher,True,100,50,0,2,0,7,True
938.471,4019,ACTIVE_ROUND,8,3,4,58.000,,,MiniBoo,Team Heretics,raze,True,100,25,0,2,1,6,False,RieNs,Team Heretics,fade,True,100,50,1,1,1,7,True,Boo,Team Heretics,omen,True,100,25,2,1,1,7,True,benjyfishy,Team Heretics,deadlock,True,100,25,1,0,0,4,False,Wo0t,Team Heretics,chamber,True,100,50,0,8,1,0,False,grubinho,GIANTX,omen,True,100,50,0,1,1,7,True,ara,GIANTX,raze,True,100,50,1,2,1,3,False,Cloud,GIANTX,fade,True,100,50,1,1,1,4,False,Flickless,GIANTX,viper,True,100,50,1,1,0,7,True,westside,GIANTX,cypher,True,100,50,0,2,0,7,True
938.704,4020,ACTIVE_ROUND,8,3,4,58.000,,,MiniBoo,Team Heretics,raze,True,100,25,0,2,1,6,False,RieNs,Team Heretics,fade,True,100,50,1,1,1,7,True,Boo,Team Heretics,omen,True,100,25,2,1,1,7,True,benjyfishy,Team Heretics,deadlock,True,100,25,1,0,0,4,False,Wo0t,Team Heretics,chamber,True,100,50,0,8,1,0,False,grubinho,GIANTX,omen,True,100,50,0,1,1,7,True,ara,GIANTX,raze,True,100,50,1,2,1,3,False,Cloud,GIANTX,fade,True,100,50,1,1,1,4,False,Flickless,GIANTX,viper,True,100,50,1,1,0,7,True,westside,GIANTX,cypher,True,100,50,0,2,0,7,True
938.938,4021,ACTIVE_ROUND,8,3,4,58.000,,,MiniBoo,Team Heretics,raze,True,100,25,0,2,1,6,False,RieNs,Team Heretics,fade,True,100,50,1,1,1,7,True,Boo,Team Heretics,omen,True,100,25,2,1,1,7,True,benjyfishy,Team Heretics,deadlock,True,100,25,1,0,0,4,False,Wo0t,Team Heretics,chamber,True,100,50,0,8,1,0,False,grubinho,GIANTX,omen,True,100,50,0,1,1,7,True,ara,GIANTX,raze,True,100,50,1,2,1,3,False,Cloud,GIANTX,fade,True,100,50,1,1,1,4,False,Flickless,GIANTX,viper,True,100,50,1,1,0,7,True,westside,GIANTX,cypher,True,100,50,0,2,0,7,True
939.172,4022,ACTIVE_ROUND,8,3,4,58.000,,,MiniBoo,Team Heretics,raze,True,100,25,0,2,1,6,False,RieNs,Team Heretics,fade,True,100,50,1,1,1,7,True,Boo,Team Heretics,omen,True,100,25,2,1,1,7,True,benjyfishy,Team Heretics,deadlock,True,100,25,1,0,1,4,False,Wo0t,Team Heretics,chamber,True,100,50,0,8,1,0,False,grubinho,GIANTX,omen,True,100,50,0,1,1,7,True,ara,GIANTX,raze,True,100,50,1,2,1,3,False,Cloud,GIANTX,fade,True,100,50,1,1,1,4,False,Flickless,GIANTX,viper,True,100,50,1,1,0,7,True,westside,GIANTX,cypher,True,100,50,0,2,0,7,True
939.405,4023,ACTIVE_ROUND,8,3,4,57.000,,,MiniBoo,Team Heretics,raze,True,100,25,0,2,1,6,False,RieNs,Team Heretics,fade,True,100,50,1,1,1,7,True,Boo,Team Heretics,omen,True,100,25,2,1,1,7,True,benjyfishy,Team Heretics,deadlock,True,100,25,1,0,1,4,False,Wo0t,Team Heretics,chamber,True,100,50,0,8,1,0,False,grubinho,GIANTX,omen,True,100,50,0,1,1,7,True,ara,GIANTX,raze,True,100,50,1,2,1,3,False,Cloud,GIANTX,fade,True,100,50,1,1,1,4,False,Flickless,GIANTX,viper,True,100,50,1,1,0,7,True,westside,GIANTX,cypher,True,100,50,0,2,0,7,True
939.639,4024,ACTIVE_ROUND,8,3,4,57.000,,,MiniBoo,Team Heretics,raze,True,100,25,0,2,1,6,False,RieNs,Team Heretics,fade,True,100,50,1,1,1,7,True,Boo,Team Heretics,omen,True,100,25,2,1,1,7,True,benjyfishy,Team Heretics,deadlock,True,100,25,1,0,1,4,False,Wo0t,Team Heretics,chamber,True,100,50,0,8,1,0,False,grubinho,GIANTX,omen,True,100,50,0,1,1,7,True,ara,GIANTX,raze,True,100,50,1,2,1,3,False,Cloud,GIANTX,fade,True,100,50,1,1,1,4,False,Flickless,GIANTX,viper,True,100,50,1,1,0,7,True,westside,GIANTX,cypher,True,100,50,0,2,0,7,True
939.872,4025,ACTIVE_ROUND,8,3,4,57.000,,,MiniBoo,Team Heretics,raze,True,100,25,0,2,1,6,False,RieNs,Team Heretics,fade,True,100,50,1,1,1,7,True,Boo,Team Heretics,omen,True,100,25,2,1,1,7,True,benjyfishy,Team Heretics,deadlock,True,100,25,1,0,1,4,False,Wo0t,Team Heretics,chamber,True,100,50,0,8,1,0,False,grubinho,GIANTX,omen,True,100,50,0,1,1,7,True,ara,GIANTX,raze,True,100,50,1,2,1,3,False,Cloud,GIANTX,fade,True,100,50,1,1,1,4,False,Flickless,GIANTX,viper,True,100,50,1,1,0,7,True,westside,GIANTX,cypher,True,100,50,0,2,0,7,True
940.106,4026,ACTIVE_ROUND,8,3,4,57.000,,,MiniBoo,Team Heretics,raze,True,100,25,0,2,1,6,False,RieNs,Team Heretics,fade,True,100,50,1,1,0,7,True,Boo,Team Heretics,omen,True,100,25,2,1,1,7,True,benjyfishy,Team Heretics,deadlock,True,100,25,1,0,1,4,False,Wo0t,Team Heretics,chamber,True,100,50,0,8,1,0,False,grubinho,GIANTX,omen,True,100,50,0,1,1,7,True,ara,GIANTX,raze,True,100,50,1,2,1,3,False,Cloud,GIANTX,fade,True,100,50,1,1,1,4,False,Flickless,GIANTX,viper,True,100,50,1,1,0,7,True,westside,GIANTX,cypher,True,100,50,0,2,0,7,True
940.339,4027,ACTIVE_ROUND,8,3,4,56.000,,,MiniBoo,Team Heretics,raze,True,100,25,0,2,1,6,False,RieNs,Team Heretics,fade,True,100,50,1,1,0,7,True,Boo,Team Heretics,omen,True,100,25,2,1,1,7,True,benjyfishy,Team Heretics,deadlock,True,100,25,1,0,1,4,False,Wo0t,Team Heretics,chamber,True,100,50,0,8,1,0,False,grubinho,GIANTX,omen,True,100,50,0,1,1,7,True,ara,GIANTX,raze,True,100,50,1,2,1,3,False,Cloud,GIANTX,fade,True,100,50,1,1,1,4,False,Flickless,GIANTX,viper,True,100,50,1,1,0,7,True,westside,GIANTX,cypher,True,100,50,0,2,0,7,True
940.573,4028,ACTIVE_ROUND,8,3,4,56.000,,,MiniBoo,Team Heretics,raze,True,100,25,0,2,1,6,False,RieNs,Team Heretics,fade,True,100,50,1,1,0,7,True,Boo,Team Heretics,omen,True,100,25,2,1,1,7,True,benjyfishy,Team Heretics,deadlock,True,100,25,1,0,1,4,False,Wo0t,Team Heretics,chamber,True,100,50,0,8,1,0,False,grubinho,GIANTX,omen,True,100,50,0,1,1,7,True,ara,GIANTX,raze,True,100,50,1,2,1,3,False,Cloud,GIANTX,fade,True,100,50,1,1,1,4,False,Flickless,GIANTX,viper,True,100,50,1,1,0,7,True,westside,GIANTX,cypher,True,100,50,0,2,0,7,True
940.807,4029,ACTIVE_ROUND,8,3,4,56.000,,,MiniBoo,Team Heretics,raze,True,100,25,0,2,1,6,False,RieNs,Team Heretics,fade,True,100,50,1,1,0,7,True,Boo,Team Heretics,omen,True,100,25,2,1,1,7,True,benjyfishy,Team Heretics,deadlock,True,100,25,1,0,1,4,False,Wo0t,Team Heretics,chamber,True,100,50,0,8,1,0,False,grubinho,GIANTX,omen,True,100,50,0,1,1,7,True,ara,GIANTX,raze,True,100,50,1,2,1,3,False,Cloud,GIANTX,fade,True,100,50,1,1,1,4,False,Flickless,GIANTX,viper,True,100,50,1,1,0,7,True,westside,GIANTX,cypher,True,100,50,0,2,0,7,True
941.040,4030,ACTIVE_ROUND,8,3,4,56.000,,,MiniBoo,Team Heretics,raze,True,100,25,0,2,1,6,False,RieNs,Team Heretics,fade,True,100,50,1,1,0,7,True,Boo,Team Heretics,omen,True,100,25,2,1,1,7,True,benjyfishy,Team Heretics,deadlock,True,100,25,1,0,1,4,False,Wo0t,Team Heretics,chamber,True,100,50,0,8,1,0,False,grubinho,GIANTX,omen,True,100,50,0,1,1,7,True,ara,GIANTX,raze,True,100,50,1,2,1,3,False,Cloud,GIANTX,fade,True,100,50,1,1,1,4,False,Flickless,GIANTX,viper,True,100,50,1,1,0,7,True,westside,GIANTX,cypher,True,100,50,0,2,0,7,True
941.274,4031,ACTIVE_ROUND,8,3,4,56.000,,,MiniBoo,Team Heretics,raze,True,100,25,0,2,1,6,False,RieNs,Team Heretics,fade,True,100,50,1,1,0,7,True,Boo,Team Heretics,omen,True,100,25,2,1,1,7,True,benjyfishy,Team Heretics,deadlock,True,100,25,1,0,1,4,False,Wo0t,Team Heretics,chamber,True,100,50,0,8,1,0,False,grubinho,GIANTX,omen,True,100,50,0,1,1,7,True,ara,GIANTX,raze,True,100,50,1,2,1,3,False,Cloud,GIANTX,fade,True,100,50,1,1,1,4,False,Flickless,GIANTX,viper,True,100,50,1,1,0,7,True,westside,GIANTX,cypher,True,100,50,0,2,0,7,True
941.507,4032,ACTIVE_ROUND,8,3,4,55.000,,,MiniBoo,Team Heretics,raze,True,100,25,0,2,1,6,False,RieNs,Team Heretics,fade,True,100,50,1,1,0,7,True,Boo,Team Heretics,omen,True,100,25,2,1,1,7,True,benjyfishy,Team Heretics,deadlock,True,100,25,1,0,1,4,False,Wo0t,Team Heretics,chamber,True,100,50,0,8,1,0,False,grubinho,GIANTX,omen,True,100,50,0,1,1,7,True,ara,GIANTX,raze,True,100,50,1,2,1,3,False,Cloud,GIANTX,fade,True,100,50,1,1,1,4,False,Flickless,GIANTX,viper,True,100,50,1,1,0,7,True,westside,GIANTX,cypher,True,100,50,0,2,0,7,True
941.741,4033,ACTIVE_ROUND,8,3,4,55.000,,,MiniBoo,Team Heretics,raze,True,100,25,0,2,1,6,False,RieNs,Team Heretics,fade,True,100,50,1,1,0,7,True,Boo,Team Heretics,omen,True,100,25,2,1,1,7,True,benjyfishy,Team Heretics,deadlock,True,100,25,1,0,1,4,False,Wo0t,Team Heretics,chamber,True,100,50,0,8,1,0,False,grubinho,GIANTX,omen,True,100,50,0,1,1,7,True,ara,GIANTX,raze,True,100,50,1,2,1,3,False,Cloud,GIANTX,fade,True,100,50,1,1,1,4,False,Flickless,GIANTX,viper,True,100,50,1,1,0,7,True,westside,GIANTX,cypher,True,100,50,0,2,0,7,True
941.974,4034,ACTIVE_ROUND,8,3,4,55.000,,,MiniBoo,Team Heretics,raze,True,100,25,0,2,1,6,False,RieNs,Team Heretics,fade,True,100,50,1,1,0,7,True,Boo,Team Heretics,omen,True,100,25,2,1,1,7,True,benjyfishy,Team Heretics,deadlock,True,100,25,1,0,1,4,False,Wo0t,Team Heretics,chamber,True,100,50,0,8,1,0,False,grubinho,GIANTX,omen,True,100,50,0,1,1,7,True,ara,GIANTX,raze,True,100,50,1,2,1,3,False,Cloud,GIANTX,fade,True,100,50,1,1,1,4,False,Flickless,GIANTX,viper,True,100,50,1,1,0,7,True,westside,GIANTX,cypher,True,100,50,0,2,0,7,True
942.208,4035,ACTIVE_ROUND,8,3,4,55.000,,,MiniBoo,Team Heretics,raze,True,100,25,0,2,1,6,False,RieNs,Team Heretics,fade,True,100,50,1,1,0,7,True,Boo,Team Heretics,omen,True,100,25,2,1,1,7,True,benjyfishy,Team Heretics,deadlock,True,100,25,1,0,1,4,False,Wo0t,Team Heretics,chamber,True,100,50,0,8,1,0,False,grubinho,GIANTX,omen,True,100,50,0,1,1,7,True,ara,GIANTX,raze,True,100,50,0,2,1,3,False,Cloud,GIANTX,fade,True,100,50,0,1,1,4,False,Flickless,GIANTX,viper,True,100,50,1,1,0,7,True,westside,GIANTX,cypher,True,100,50,0,2,0,7,True
942.442,4036,ACTIVE_ROUND,8,3,4,54.000,,,MiniBoo,Team Heretics,raze,True,100,5,0,2,1,6,False,RieNs,Team Heretics,fade,True,100,50,1,1,0,7,True,Boo,Team Heretics,omen,True,100,25,2,1,1,7,True,benjyfishy,Team Heretics,deadlock,True,100,25,1,0,1,4,False,Wo0t,Team Heretics,chamber,True,100,50,0,8,1,0,False,grubinho,GIANTX,omen,True,100,50,0,1,1,7,True,ara,GIANTX,raze,True,100,50,0,2,1,3,False,Cloud,GIANTX,fade,True,100,50,0,1,1,4,False,Flickless,GIANTX,viper,True,100,50,1,1,0,7,True,westside,GIANTX,cypher,True,100,50,0,2,0,7,True
942.675,4037,ACTIVE_ROUND,8,3,4,54.000,,,MiniBoo,Team Heretics,raze,True,100,5,0,2,1,6,False,RieNs,Team Heretics,fade,True,100,50,1,1,0,7,True,Boo,Team Heretics,omen,True,100,25,2,1,1,7,True,benjyfishy,Team Heretics,deadlock,True,100,25,1,0,1,4,False,Wo0t,Team Heretics,chamber,True,100,50,0,8,1,0,False,grubinho,GIANTX,omen,True,100,50,0,1,1,7,True,ara,GIANTX,raze,True,100,50,0,2,1,3,False,Cloud,GIANTX,fade,True,100,50,0,1,1,4,False,Flickless,GIANTX,viper,True,100,50,1,1,0,7,True,westside,GIANTX,cypher,True,100,50,0,2,0,7,True
942.909,4038,ACTIVE_ROUND,8,3,4,54.000,,,MiniBoo,Team Heretics,raze,True,100,5,0,2,1,6,False,RieNs,Team Heretics,fade,True,100,50,1,1,0,7,True,Boo,Team Heretics,omen,True,100,25,2,1,1,7,True,benjyfishy,Team Heretics,deadlock,True,100,25,1,0,1,4,False,Wo0t,Team Heretics,chamber,True,100,50,0,8,1,0,False,grubinho,GIANTX,omen,True,100,50,0,1,1,7,True,ara,GIANTX,raze,True,100,50,0,2,1,3,False,Cloud,GIANTX,fade,True,100,50,0,1,1,4,False,Flickless,GIANTX,viper,True,100,50,1,1,0,7,True,westside,GIANTX,cypher,True,100,50,0,2,0,7,True
943.142,4039,ACTIVE_ROUND,8,3,4,54.000,,,MiniBoo,Team Heretics,raze,True,100,25,0,2,1,6,False,RieNs,Team Heretics,fade,True,100,50,1,1,0,7,True,Boo,Team Heretics,omen,True,100,25,2,1,1,7,True,benjyfishy,Team Heretics,deadlock,True,100,25,1,0,1,4,False,Wo0t,Team Heretics,chamber,True,100,50,0,8,1,0,False,grubinho,GIANTX,omen,True,100,50,0,1,1,7,True,ara,GIANTX,raze,True,100,50,0,2,1,3,False,Cloud,GIANTX,fade,True,100,50,0,1,1,4,False,Flickless,GIANTX,viper,True,100,50,1,1,0,7,True,westside,GIANTX,cypher,True,100,50,0,2,0,7,True
943.376,4040,ACTIVE_ROUND,8,3,4,53.000,,,MiniBoo,Team Heretics,raze,True,100,25,0,2,1,6,False,RieNs,Team Heretics,fade,True,100,50,1,1,0,7,True,Boo,Team Heretics,omen,True,100,25,2,1,1,7,True,benjyfishy,Team Heretics,deadlock,True,100,25,1,0,1,4,False,Wo0t,Team Heretics,chamber,True,100,50,0,8,1,0,False,grubinho,GIANTX,omen,True,100,50,0,1,1,7,True,ara,GIANTX,raze,True,100,50,0,2,1,3,False,Cloud,GIANTX,fade,True,100,50,0,1,1,4,False,Flickless,GIANTX,viper,True,100,50,1,1,0,7,True,westside,GIANTX,cypher,True,100,50,0,2,0,7,True
943.609,4041,ACTIVE_ROUND,8,3,4,53.000,,,MiniBoo,Team Heretics,raze,True,100,25,0,2,1,6,False,RieNs,Team Heretics,fade,True,100,50,1,1,0,7,True,Boo,Team Heretics,omen,True,100,25,2,1,1,7,True,benjyfishy,Team Heretics,deadlock,True,100,25,1,0,1,4,False,Wo0t,Team Heretics,chamber,True,100,50,0,8,1,0,False,grubinho,GIANTX,omen,True,100,50,0,1,1,7,True,ara,GIANTX,raze,True,100,50,0,2,1,3,False,Cloud,GIANTX,fade,True,100,50,0,1,1,4,False,Flickless,GIANTX,viper,True,100,50,1,1,0,7,True,westside,GIANTX,cypher,True,100,50,0,2,0,7,True
943.843,4042,ACTIVE_ROUND,8,3,4,53.000,,,MiniBoo,Team Heretics,raze,True,100,25,0,2,1,6,False,RieNs,Team Heretics,fade,True,100,50,1,1,0,7,True,Boo,Team Heretics,omen,True,100,25,2,1,1,7,True,benjyfishy,Team Heretics,deadlock,True,100,25,1,0,1,4,False,Wo0t,Team Heretics,chamber,True,100,50,0,8,1,0,False,grubinho,GIANTX,omen,True,100,50,0,1,1,7,True,ara,GIANTX,raze,True,100,50,0,2,1,3,False,Cloud,GIANTX,fade,True,100,50,0,1,1,4,False,Flickless,GIANTX,viper,True,100,50,1,1,0,7,True,westside,GIANTX,cypher,True,100,50,0,2,0,7,True
944.076,4043,ACTIVE_ROUND,8,3,4,53.000,,,MiniBoo,Team Heretics,raze,True,100,25,0,2,1,6,False,RieNs,Team Heretics,fade,True,100,50,1,1,0,7,True,Boo,Team Heretics,omen,True,100,25,2,1,1,7,True,benjyfishy,Team Heretics,deadlock,True,100,25,1,0,1,4,False,Wo0t,Team Heretics,chamber,True,100,50,0,8,1,0,False,grubinho,GIANTX,omen,True,100,50,0,1,1,7,True,ara,GIANTX,raze,True,100,50,0,2,1,3,False,Cloud,GIANTX,fade,True,100,50,0,1,1,4,False,Flickless,GIANTX,viper,True,100,50,1,1,0,7,True,westside,GIANTX,cypher,True,100,50,0,2,0,7,True
944.310,4044,ACTIVE_ROUND,8,3,4,53.000,,,MiniBoo,Team Heretics,raze,True,100,25,0,2,1,6,False,RieNs,Team Heretics,fade,True,100,50,1,1,0,7,True,Boo,Team Heretics,omen,True,100,25,2,1,1,7,True,benjyfishy,Team Heretics,deadlock,True,100,25,1,0,1,4,False,Wo0t,Team Heretics,chamber,True,100,50,0,8,1,0,False,grubinho,GIANTX,omen,True,100,50,0,1,1,7,True,ara,GIANTX,raze,True,100,50,0,2,1,3,False,Cloud,GIANTX,fade,True,100,50,0,1,1,4,False,Flickless,GIANTX,viper,True,100,50,1,1,0,7,True,westside,GIANTX,cypher,True,100,50,0,2,0,7,True
944.544,4045,ACTIVE_ROUND,8,3,4,52.000,,,MiniBoo,Team Heretics,raze,True,100,25,0,2,1,6,False,RieNs,Team Heretics,fade,True,100,50,1,1,0,7,True,Boo,Team Heretics,omen,True,100,25,2,1,1,7,True,benjyfishy,Team Heretics,deadlock,True,100,25,1,0,1,4,False,Wo0t,Team Heretics,chamber,True,100,50,0,8,1,0,False,grubinho,GIANTX,omen,True,100,50,0,1,1,7,True,ara,GIANTX,raze,True,100,50,0,2,1,3,False,Cloud,GIANTX,fade,True,100,50,0,1,1,4,False,Flickless,GIANTX,viper,True,100,50,1,1,0,7,True,westside,GIANTX,cypher,True,100,50,0,2,0,7,True
944.777,4046,ACTIVE_ROUND,8,3,4,52.000,,,MiniBoo,Team Heretics,raze,True,100,25,0,2,1,6,False,RieNs,Team Heretics,fade,True,100,50,1,1,0,7,True,Boo,Team Heretics,omen,True,100,25,2,1,1,7,True,benjyfishy,Team Heretics,deadlock,True,100,25,1,0,1,4,False,Wo0t,Team Heretics,chamber,True,100,50,0,8,1,0,False,grubinho,GIANTX,omen,True,100,50,0,1,1,7,True,ara,GIANTX,raze,True,100,50,0,2,1,3,False,Cloud,GIANTX,fade,True,100,50,0,1,1,4,False,Flickless,GIANTX,viper,True,100,50,1,1,0,7,True,westside,GIANTX,cypher,True,100,50,0,2,0,7,True
945.011,4047,ACTIVE_ROUND,8,3,4,52.000,,,MiniBoo,Team Heretics,raze,True,100,25,0,2,1,6,False,RieNs,Team Heretics,fade,True,100,50,1,1,0,7,True,Boo,Team Heretics,omen,True,100,25,2,1,1,7,True,benjyfishy,Team Heretics,deadlock,True,100,25,1,0,1,4,False,Wo0t,Team Heretics,chamber,True,100,50,0,8,1,0,False,grubinho,GIANTX,omen,True,100,50,0,1,1,7,True,ara,GIANTX,raze,True,100,50,0,2,1,3,False,Cloud,GIANTX,fade,True,100,50,0,1,1,4,False,Flickless,GIANTX,viper,True,100,50,1,1,0,7,True,westside,GIANTX,cypher,True,100,50,0,2,0,7,True
945.244,4048,ACTIVE_ROUND,8,3,4,52.000,,,MiniBoo,Team Heretics,raze,True,100,25,0,2,1,6,False,RieNs,Team Heretics,fade,True,100,50,1,1,0,7,True,Boo,Team Heretics,omen,True,100,25,2,1,1,7,True,benjyfishy,Team Heretics,deadlock,True,100,25,1,0,1,4,False,Wo0t,Team Heretics,chamber,True,100,50,0,8,1,0,False,grubinho,GIANTX,omen,True,100,50,0,1,1,7,True,ara,GIANTX,raze,True,100,50,0,2,1,3,False,Cloud,GIANTX,fade,True,100,50,0,1,1,4,False,Flickless,GIANTX,viper,True,100,50,1,1,0,7,True,westside,GIANTX,cypher,True,100,50,0,2,1,7,True
945.478,4049,ACTIVE_ROUND,8,3,4,51.000,,,MiniBoo,Team Heretics,raze,True,100,25,0,2,1,6,False,RieNs,Team Heretics,fade,True,100,50,1,1,0,7,True,Boo,Team Heretics,omen,True,100,25,2,1,1,7,True,benjyfishy,Team Heretics,deadlock,True,100,25,1,0,1,4,False,Wo0t,Team Heretics,chamber,True,100,50,0,8,1,0,False,grubinho,GIANTX,omen,True,100,50,0,1,1,7,True,ara,GIANTX,raze,True,100,50,0,2,1,3,False,Cloud,GIANTX,fade,True,100,50,0,1,1,4,False,Flickless,GIANTX,viper,True,100,50,1,1,0,7,True,westside,GIANTX,cypher,True,100,50,0,2,1,7,True
945.711,4050,ACTIVE_ROUND,8,3,4,51.000,,,MiniBoo,Team Heretics,raze,True,100,25,0,2,1,6,False,RieNs,Team Heretics,fade,True,100,50,1,1,0,7,True,Boo,Team Heretics,omen,True,100,25,2,1,1,7,True,benjyfishy,Team Heretics,deadlock,True,100,25,1,0,1,4,False,Wo0t,Team Heretics,chamber,True,100,50,0,8,1,0,False,grubinho,GIANTX,omen,True,100,50,0,1,1,7,True,ara,GIANTX,raze,True,100,50,0,2,1,3,False,Cloud,GIANTX,fade,True,100,50,0,1,1,4,False,Flickless,GIANTX,viper,True,100,50,1,1,0,7,True,westside,GIANTX,cypher,True,100,50,0,2,1,7,True
945.945,4051,ACTIVE_ROUND,8,3,4,51.000,,,MiniBoo,Team Heretics,raze,True,100,25,0,2,1,6,False,RieNs,Team Heretics,fade,True,100,50,1,1,0,7,True,Boo,Team Heretics,omen,True,100,25,2,1,1,7,True,benjyfishy,Team Heretics,deadlock,True,100,25,1,0,1,4,False,Wo0t,Team Heretics,chamber,True,100,50,0,8,1,0,False,grubinho,GIANTX,omen,True,100,50,0,1,1,7,True,ara,GIANTX,raze,True,100,50,0,2,1,3,False,Cloud,GIANTX,fade,True,100,50,0,1,1,4,False,Flickless,GIANTX,viper,True,100,50,1,1,0,7,True,westside,GIANTX,cypher,True,100,50,0,2,1,7,True
946.179,4052,ACTIVE_ROUND,8,3,4,51.000,,,MiniBoo,Team Heretics,raze,True,100,25,0,2,1,6,False,RieNs,Team Heretics,fade,True,100,50,1,1,0,7,True,Boo,Team Heretics,omen,True,100,25,2,1,1,7,True,benjyfishy,Team Heretics,deadlock,True,100,25,1,0,1,4,False,Wo0t,Team Heretics,chamber,True,100,50,0,8,1,0,False,grubinho,GIANTX,omen,True,100,50,0,1,1,7,True,ara,GIANTX,raze,True,100,50,0,2,1,3,False,Cloud,GIANTX,fade,True,100,50,0,1,1,4,False,Flickless,GIANTX,viper,True,100,50,1,1,0,7,True,westside,GIANTX,cypher,True,100,50,0,2,1,7,True
946.412,4053,ACTIVE_ROUND,8,3,4,50.000,,,MiniBoo,Team Heretics,raze,True,100,25,0,2,1,6,False,RieNs,Team Heretics,fade,True,100,50,1,1,0,7,True,Boo,Team Heretics,omen,True,100,25,2,1,1,7,True,benjyfishy,Team Heretics,deadlock,True,100,25,1,0,1,4,False,Wo0t,Team Heretics,chamber,True,100,50,0,8,1,0,False,grubinho,GIANTX,omen,True,100,50,0,1,1,7,True,ara,GIANTX,raze,True,100,50,0,2,1,3,False,Cloud,GIANTX,fade,True,100,50,0,1,1,4,False,Flickless,GIANTX,viper,True,100,50,1,1,0,7,True,westside,GIANTX,cypher,True,100,50,0,2,1,7,True
946.646,4054,ACTIVE_ROUND,8,3,4,50.000,,,MiniBoo,Team Heretics,raze,True,100,25,0,2,1,6,False,RieNs,Team Heretics,fade,True,100,50,1,1,0,7,True,Boo,Team Heretics,omen,True,100,25,2,1,1,7,True,benjyfishy,Team Heretics,deadlock,True,100,25,1,0,1,4,False,Wo0t,Team Heretics,chamber,True,100,50,0,8,1,0,False,grubinho,GIANTX,omen,True,100,50,0,1,1,7,True,ara,GIANTX,raze,True,100,50,0,2,1,3,False,Cloud,GIANTX,fade,True,100,50,0,1,1,4,False,Flickless,GIANTX,viper,True,100,50,1,1,0,7,True,westside,GIANTX,cypher,True,100,50,0,2,1,7,True
946.879,4055,ACTIVE_ROUND,8,3,4,50.000,,,MiniBoo,Team Heretics,raze,True,100,25,0,2,1,6,False,RieNs,Team Heretics,fade,True,100,50,1,1,0,7,True,Boo,Team Heretics,omen,True,100,25,2,1,1,7,True,benjyfishy,Team Heretics,deadlock,True,100,25,1,0,1,4,False,Wo0t,Team Heretics,chamber,True,100,50,0,8,1,0,False,grubinho,GIANTX,omen,True,100,50,0,1,1,7,True,ara,GIANTX,raze,True,100,50,0,2,1,3,False,Cloud,GIANTX,fade,True,100,50,0,1,1,4,False,Flickless,GIANTX,viper,True,100,50,1,1,0,7,True,westside,GIANTX,cypher,True,100,50,0,2,1,7,True
947.113,4056,ACTIVE_ROUND,8,3,4,50.000,,,MiniBoo,Team Heretics,raze,True,100,25,0,2,1,6,False,RieNs,Team Heretics,fade,True,100,50,1,1,0,7,True,Boo,Team Heretics,omen,True,100,25,2,1,1,7,True,benjyfishy,Team Heretics,deadlock,True,100,25,1,0,1,4,False,Wo0t,Team Heretics,chamber,True,100,50,0,8,0,0,False,grubinho,GIANTX,omen,True,100,50,0,1,1,7,True,ara,GIANTX,raze,True,100,50,0,2,1,3,False,Cloud,GIANTX,fade,True,100,50,0,1,1,4,False,Flickless,GIANTX,viper,True,100,50,1,1,0,7,True,westside,GIANTX,cypher,True,100,50,0,2,0,7,True
947.346,4057,ACTIVE_ROUND,8,3,4,50.000,,,MiniBoo,Team Heretics,raze,True,100,25,0,2,1,6,False,RieNs,Team Heretics,fade,True,100,50,1,1,0,7,True,Boo,Team Heretics,omen,True,100,25,2,1,1,7,True,benjyfishy,Team Heretics,deadlock,True,100,25,1,0,1,4,False,Wo0t,Team Heretics,chamber,True,100,50,0,8,0,0,False,grubinho,GIANTX,omen,True,100,50,0,1,1,7,True,ara,GIANTX,raze,True,100,50,0,2,1,3,False,Cloud,GIANTX,fade,True,100,50,0,1,1,4,False,Flickless,GIANTX,viper,True,100,50,1,1,0,7,True,westside,GIANTX,cypher,True,100,50,0,2,0,7,True
947.580,4058,ACTIVE_ROUND,8,3,4,49.000,,,MiniBoo,Team Heretics,raze,True,100,25,0,2,1,6,False,RieNs,Team Heretics,fade,True,100,50,1,1,0,7,True,Boo,Team Heretics,omen,True,100,25,2,1,1,7,True,benjyfishy,Team Heretics,deadlock,True,100,25,1,0,1,4,False,Wo0t,Team Heretics,chamber,True,100,50,0,8,0,0,False,grubinho,GIANTX,omen,True,100,50,0,1,1,7,True,ara,GIANTX,raze,True,100,50,0,2,1,3,False,Cloud,GIANTX,fade,True,100,50,0,1,1,4,False,Flickless,GIANTX,viper,True,100,50,1,1,0,7,True,westside,GIANTX,cypher,True,100,50,0,2,0,7,True
947.814,4059,ACTIVE_ROUND,8,3,4,49.000,,,MiniBoo,Team Heretics,raze,True,100,25,0,2,1,6,False,RieNs,Team Heretics,fade,True,100,50,1,1,0,7,True,Boo,Team Heretics,omen,True,100,25,2,1,1,7,True,benjyfishy,Team Heretics,deadlock,True,100,25,1,0,1,4,False,Wo0t,Team Heretics,chamber,True,100,50,0,8,0,0,False,grubinho,GIANTX,omen,True,100,50,0,1,1,7,True,ara,GIANTX,raze,True,100,50,0,2,1,3,False,Cloud,GIANTX,fade,True,100,50,0,1,1,4,False,Flickless,GIANTX,viper,True,100,50,1,1,0,7,True,westside,GIANTX,cypher,True,100,50,0,2,0,7,True
948.047,4060,ACTIVE_ROUND,8,3,4,49.000,,,MiniBoo,Team Heretics,raze,True,100,25,0,2,1,6,False,RieNs,Team Heretics,fade,True,100,50,1,1,0,7,True,Boo,Team Heretics,omen,True,100,25,2,1,1,7,True,benjyfishy,Team Heretics,deadlock,True,100,25,1,0,1,4,False,Wo0t,Team Heretics,chamber,True,100,50,0,8,0,0,False,grubinho,GIANTX,omen,True,100,50,0,1,1,7,True,ara,GIANTX,raze,True,100,50,0,2,1,3,False,Cloud,GIANTX,fade,True,100,50,0,1,1,4,False,Flickless,GIANTX,viper,True,100,50,1,1,0,7,True,westside,GIANTX,cypher,True,100,50,0,2,0,7,True
948.281,4061,ACTIVE_ROUND,8,3,4,49.000,,,MiniBoo,Team Heretics,raze,True,100,25,0,2,1,6,False,RieNs,Team Heretics,fade,True,100,50,1,1,0,7,True,Boo,Team Heretics,omen,True,100,25,2,1,1,7,True,benjyfishy,Team Heretics,deadlock,True,100,25,1,0,1,4,False,Wo0t,Team Heretics,chamber,True,100,50,0,8,0,0,False,grubinho,GIANTX,omen,True,100,50,0,1,1,7,True,ara,GIANTX,raze,True,100,50,0,2,1,3,False,Cloud,GIANTX,fade,True,100,50,0,1,1,4,False,Flickless,GIANTX,viper,True,100,50,1,1,0,7,True,westside,GIANTX,cypher,True,100,50,0,2,0,7,True
948.514,4062,ACTIVE_ROUND,8,3,4,48.000,,,MiniBoo,Team Heretics,raze,True,100,25,0,2,1,6,False,RieNs,Team Heretics,fade,True,100,50,1,1,0,7,True,Boo,Team Heretics,omen,True,100,25,2,1,1,7,True,benjyfishy,Team Heretics,deadlock,True,100,25,1,0,1,4,False,Wo0t,Team Heretics,chamber,True,100,50,0,8,0,0,False,grubinho,GIANTX,omen,True,100,50,0,1,1,7,True,ara,GIANTX,raze,True,100,50,0,2,1,3,False,Cloud,GIANTX,fade,True,100,50,0,1,1,4,False,Flickless,GIANTX,viper,True,100,50,1,1,0,7,True,westside,GIANTX,cypher,True,100,50,0,2,0,7,True
948.748,4063,ACTIVE_ROUND,8,3,4,48.000,,,MiniBoo,Team Heretics,raze,True,100,25,0,2,1,6,False,RieNs,Team Heretics,fade,True,100,50,1,1,0,7,True,Boo,Team Heretics,omen,True,100,25,2,1,1,7,True,benjyfishy,Team Heretics,deadlock,True,100,25,1,0,1,4,False,Wo0t,Team Heretics,chamber,True,100,50,0,8,0,0,False,grubinho,GIANTX,omen,True,100,50,0,1,1,7,True,ara,GIANTX,raze,True,100,50,0,2,1,3,False,Cloud,GIANTX,fade,True,100,50,0,1,1,4,False,Flickless,GIANTX,viper,True,100,50,1,1,0,7,True,westside,GIANTX,cypher,True,100,50,0,2,0,7,True
948.981,4064,ACTIVE_ROUND,8,3,4,48.000,,,MiniBoo,Team Heretics,raze,True,100,25,0,2,1,6,False,RieNs,Team Heretics,fade,True,100,50,1,1,0,7,True,Boo,Team Heretics,omen,True,100,25,2,1,1,7,True,benjyfishy,Team Heretics,deadlock,True,100,25,1,0,1,4,False,Wo0t,Team Heretics,chamber,True,100,50,0,8,0,0,False,grubinho,GIANTX,omen,True,100,50,0,1,1,7,True,ara,GIANTX,raze,True,100,50,0,2,1,3,False,Cloud,GIANTX,fade,True,100,50,0,1,1,4,False,Flickless,GIANTX,viper,True,100,50,1,1,0,7,True,westside,GIANTX,cypher,True,100,50,0,2,0,7,True
949.215,4065,ACTIVE_ROUND,8,3,4,48.000,,,MiniBoo,Team Heretics,raze,True,100,25,0,2,1,6,False,RieNs,Team Heretics,fade,True,100,19,1,1,0,7,True,Boo,Team Heretics,omen,True,100,25,2,1,0,7,True,benjyfishy,Team Heretics,deadlock,True,100,25,0,0,1,4,False,Wo0t,Team Heretics,chamber,True,100,50,0,8,0,0,False,grubinho,GIANTX,omen,True,100,50,0,1,1,0,False,ara,GIANTX,raze,True,100,50,0,2,1,3,False,Cloud,GIANTX,fade,True,100,50,0,1,1,4,False,Flickless,GIANTX,viper,True,100,50,1,1,0,7,True,westside,GIANTX,cypher,True,100,50,0,1,0,7,True
949.448,4066,ACTIVE_ROUND,8,3,4,47.000,,,MiniBoo,Team Heretics,raze,True,100,25,0,2,1,6,False,RieNs,Team Heretics,fade,True,100,19,1,1,0,7,True,Boo,Team Heretics,omen,True,100,25,2,1,0,7,True,benjyfishy,Team Heretics,deadlock,True,100,25,0,0,1,4,False,Wo0t,Team Heretics,chamber,True,100,50,0,8,0,0,False,grubinho,GIANTX,omen,True,100,50,0,1,1,0,False,ara,GIANTX,raze,True,100,50,0,2,1,3,False,Cloud,GIANTX,fade,True,100,50,0,1,1,4,False,Flickless,GIANTX,viper,True,100,50,1,1,0,7,True,westside,GIANTX,cypher,True,100,50,0,1,0,7,True
949.682,4067,ACTIVE_ROUND,8,3,4,47.000,,,MiniBoo,Team Heretics,raze,True,100,25,0,2,1,6,False,RieNs,Team Heretics,fade,True,100,19,1,1,0,7,True,Boo,Team Heretics,omen,True,100,25,2,1,0,7,True,benjyfishy,Team Heretics,deadlock,True,100,25,0,0,1,4,False,Wo0t,Team Heretics,chamber,True,100,50,0,8,0,0,False,grubinho,GIANTX,omen,True,100,50,0,1,1,0,False,ara,GIANTX,raze,True,100,50,0,2,1,3,False,Cloud,GIANTX,fade,True,100,50,0,1,1,4,False,Flickless,GIANTX,viper,True,100,50,1,1,0,7,True,westside,GIANTX,cypher,True,100,50,0,1,0,7,True
949.916,4068,ACTIVE_ROUND,8,3,4,47.000,,,MiniBoo,Team Heretics,raze,True,100,25,0,2,1,6,False,RieNs,Team Heretics,fade,True,100,19,1,1,0,7,True,Boo,Team Heretics,omen,True,100,25,2,1,0,7,True,benjyfishy,Team Heretics,deadlock,True,100,25,0,0,1,4,False,Wo0t,Team Heretics,chamber,True,100,50,0,8,0,0,False,grubinho,GIANTX,omen,True,100,50,0,1,1,0,False,ara,GIANTX,raze,True,100,50,0,2,1,3,False,Cloud,GIANTX,fade,True,100,50,0,1,1,4,False,Flickless,GIANTX,viper,True,100,50,1,1,0,7,True,westside,GIANTX,cypher,True,100,50,0,1,0,7,True
950.149,4069,ACTIVE_ROUND,8,3,4,47.000,,,MiniBoo,Team Heretics,raze,True,100,25,0,2,1,6,False,RieNs,Team Heretics,fade,True,100,23,1,1,0,7,True,Boo,Team Heretics,omen,True,100,25,2,1,0,7,True,benjyfishy,Team Heretics,deadlock,True,100,25,0,0,1,4,False,Wo0t,Team Heretics,chamber,True,100,50,0,8,0,0,False,grubinho,GIANTX,omen,True,100,50,0,1,1,0,False,ara,GIANTX,raze,True,100,50,0,2,1,3,False,Cloud,GIANTX,fade,True,100,50,0,1,0,4,False,Flickless,GIANTX,viper,True,100,50,1,1,0,7,True,westside,GIANTX,cypher,True,100,50,0,1,0,7,True
950.383,4070,ACTIVE_ROUND,8,3,4,46.000,,,MiniBoo,Team Heretics,raze,True,100,25,0,2,1,6,False,RieNs,Team Heretics,fade,True,100,23,1,1,0,7,True,Boo,Team Heretics,omen,True,100,25,2,1,0,7,True,benjyfishy,Team Heretics,deadlock,True,100,25,0,0,1,4,False,Wo0t,Team Heretics,chamber,True,100,50,0,8,0,0,False,grubinho,GIANTX,omen,True,100,50,0,1,1,0,False,ara,GIANTX,raze,True,100,50,0,2,1,3,False,Cloud,GIANTX,fade,True,100,50,0,1,0,4,False,Flickless,GIANTX,viper,True,100,50,1,1,0,7,True,westside,GIANTX,cypher,True,100,50,0,1,0,7,True
950.616,4071,ACTIVE_ROUND,8,3,4,46.000,,,MiniBoo,Team Heretics,raze,True,100,25,0,2,1,6,False,RieNs,Team Heretics,fade,True,100,23,1,1,0,7,True,Boo,Team Heretics,omen,True,100,25,2,1,0,7,True,benjyfishy,Team Heretics,deadlock,True,100,25,0,0,1,4,False,Wo0t,Team Heretics,chamber,True,100,50,0,8,0,0,False,grubinho,GIANTX,omen,True,100,50,0,1,1,0,False,ara,GIANTX,raze,True,100,50,0,2,1,3,False,Cloud,GIANTX,fade,True,100,50,0,1,0,4,False,Flickless,GIANTX,viper,True,100,50,1,1,0,7,True,westside,GIANTX,cypher,True,100,50,0,1,0,7,True
950.850,4072,ACTIVE_ROUND,8,3,4,46.000,,,MiniBoo,Team Heretics,raze,True,100,25,0,2,1,6,False,RieNs,Team Heretics,fade,True,100,23,1,1,0,7,True,Boo,Team Heretics,omen,True,100,25,2,1,0,7,True,benjyfishy,Team Heretics,deadlock,True,100,25,0,0,1,4,False,Wo0t,Team Heretics,chamber,True,100,50,0,8,0,0,False,grubinho,GIANTX,omen,True,100,50,0,1,1,0,False,ara,GIANTX,raze,True,100,50,0,2,1,3,False,Cloud,GIANTX,fade,True,100,50,0,1,0,4,False,Flickless,GIANTX,viper,True,100,50,1,1,0,7,True,westside,GIANTX,cypher,True,100,50,0,1,0,7,True
951.083,4073,ACTIVE_ROUND,8,3,4,46.000,,,MiniBoo,Team Heretics,raze,True,100,25,0,2,1,6,False,RieNs,Team Heretics,fade,True,100,48,1,1,0,7,True,Boo,Team Heretics,omen,True,100,25,2,1,0,0,False,benjyfishy,Team Heretics,deadlock,True,100,25,0,0,1,4,False,Wo0t,Team Heretics,chamber,True,100,50,0,8,0,0,False,grubinho,GIANTX,omen,True,100,50,0,1,1,0,False,ara,GIANTX,raze,True,100,50,0,2,0,3,False,Cloud,GIANTX,fade,True,100,50,0,1,0,4,False,Flickless,GIANTX,viper,True,100,50,1,1,0,7,True,westside,GIANTX,cypher,True,100,50,0,1,0,7,True
951.317,4074,ACTIVE_ROUND,8,3,4,45.000,,,MiniBoo,Team Heretics,raze,True,100,25,0,2,1,6,False,RieNs,Team Heretics,fade,True,100,48,1,1,0,7,True,Boo,Team Heretics,omen,True,100,25,2,1,0,0,False,benjyfishy,Team Heretics,deadlock,True,100,25,0,0,1,4,False,Wo0t,Team Heretics,chamber,True,100,50,0,8,0,0,False,grubinho,GIANTX,omen,True,100,50,0,1,1,0,False,ara,GIANTX,raze,True,100,50,0,2,0,3,False,Cloud,GIANTX,fade,True,100,50,0,1,0,4,False,Flickless,GIANTX,viper,True,100,50,1,1,0,7,True,westside,GIANTX,cypher,True,100,50,0,1,0,7,True
951.551,4075,ACTIVE_ROUND,8,3,4,45.000,,,MiniBoo,Team Heretics,raze,True,100,25,0,2,1,6,False,RieNs,Team Heretics,fade,True,100,48,1,1,0,7,True,Boo,Team Heretics,omen,True,100,25,2,1,0,0,False,benjyfishy,Team Heretics,deadlock,True,100,25,0,0,1,4,False,Wo0t,Team Heretics,chamber,True,100,50,0,8,0,0,False,grubinho,GIANTX,omen,True,100,50,0,1,1,0,False,ara,GIANTX,raze,True,100,50,0,2,0,3,False,Cloud,GIANTX,fade,True,100,50,0,1,0,4,False,Flickless,GIANTX,viper,True,100,50,1,1,0,7,True,westside,GIANTX,cypher,True,100,50,0,1,0,7,True
951.784,4076,ACTIVE_ROUND,8,3,4,45.000,,,MiniBoo,Team Heretics,raze,True,100,25,0,2,1,6,False,RieNs,Team Heretics,fade,True,100,48,1,1,0,7,True,Boo,Team Heretics,omen,True,100,25,2,1,0,0,False,benjyfishy,Team Heretics,deadlock,True,100,25,0,0,1,4,False,Wo0t,Team Heretics,chamber,True,100,50,0,8,0,0,False,grubinho,GIANTX,omen,True,100,50,0,1,1,0,False,ara,GIANTX,raze,True,100,50,0,2,0,3,False,Cloud,GIANTX,fade,True,100,50,0,1,0,4,False,Flickless,GIANTX,viper,True,100,50,1,1,0,7,True,westside,GIANTX,cypher,True,100,50,0,1,0,7,True
952.018,4077,ACTIVE_ROUND,8,3,4,45.000,,,MiniBoo,Team Heretics,raze,True,100,25,0,2,1,6,False,RieNs,Team Heretics,fade,True,100,48,1,1,0,7,True,Boo,Team Heretics,omen,True,100,25,2,1,0,0,False,benjyfishy,Team Heretics,deadlock,True,100,25,0,0,1,4,False,Wo0t,Team Heretics,chamber,True,100,50,0,8,0,0,False,grubinho,GIANTX,omen,True,100,50,0,1,1,0,False,ara,GIANTX,raze,True,100,50,0,2,0,3,False,Cloud,GIANTX,fade,True,100,50,0,1,0,4,False,Flickless,GIANTX,viper,True,100,50,1,1,0,7,True,westside,GIANTX,cypher,True,100,50,0,1,0,7,True
952.251,4078,ACTIVE_ROUND,8,3,4,45.000,,,MiniBoo,Team Heretics,raze,True,100,25,0,2,1,6,False,RieNs,Team Heretics,fade,True,100,50,1,1,0,7,True,Boo,Team Heretics,omen,True,100,25,2,1,0,0,False,benjyfishy,Team Heretics,deadlock,True,100,25,0,0,1,4,False,Wo0t,Team Heretics,chamber,True,100,50,0,8,0,0,False,grubinho,GIANTX,omen,True,100,50,0,1,1,0,False,ara,GIANTX,raze,True,100,50,0,1,0,3,False,Cloud,GIANTX,fade,True,100,50,0,1,0,4,False,Flickless,GIANTX,viper,True,100,50,1,1,0,7,True,westside,GIANTX,cypher,True,100,50,0,1,0,7,True
952.485,4079,ACTIVE_ROUND,8,3,4,44.000,,,MiniBoo,Team Heretics,raze,True,100,25,0,2,1,6,False,RieNs,Team Heretics,fade,True,100,50,1,1,0,7,True,Boo,Team Heretics,omen,True,100,25,2,1,0,0,False,benjyfishy,Team Heretics,deadlock,True,100,25,0,0,1,4,False,Wo0t,Team Heretics,chamber,True,100,50,0,8,0,0,False,grubinho,GIANTX,omen,True,100,50,0,1,1,0,False,ara,GIANTX,raze,True,100,50,0,1,0,3,False,Cloud,GIANTX,fade,True,100,50,0,1,0,4,False,Flickless,GIANTX,viper,True,100,50,1,1,0,7,True,westside,GIANTX,cypher,True,100,50,0,1,0,7,True
952.718,4080,ACTIVE_ROUND,8,3,4,44.000,,,MiniBoo,Team Heretics,raze,True,100,25,0,2,1,6,False,RieNs,Team Heretics,fade,True,100,50,1,1,0,7,True,Boo,Team Heretics,omen,True,100,25,2,1,0,0,False,benjyfishy,Team Heretics,deadlock,True,100,25,0,0,1,4,False,Wo0t,Team Heretics,chamber,True,100,50,0,8,0,0,False,grubinho,GIANTX,omen,True,100,50,0,1,1,0,False,ara,GIANTX,raze,True,100,50,0,1,0,3,False,Cloud,GIANTX,fade,True,100,50,0,1,0,4,False,Flickless,GIANTX,viper,True,100,50,1,1,0,7,True,westside,GIANTX,cypher,True,100,50,0,1,0,7,True
952.952,4081,ACTIVE_ROUND,8,3,4,44.000,,,MiniBoo,Team Heretics,raze,True,100,25,0,2,1,6,False,RieNs,Team Heretics,fade,True,100,50,1,1,0,7,True,Boo,Team Heretics,omen,True,100,25,2,1,0,0,False,benjyfishy,Team Heretics,deadlock,True,100,25,0,0,1,4,False,Wo0t,Team Heretics,chamber,True,100,50,0,8,0,0,False,grubinho,GIANTX,omen,True,100,50,0,1,1,0,False,ara,GIANTX,raze,True,100,50,0,1,0,3,False,Cloud,GIANTX,fade,True,100,50,0,1,0,4,False,Flickless,GIANTX,viper,True,100,50,1,1,0,7,True,westside,GIANTX,cypher,True,100,50,0,1,0,7,True
953.186,4082,ACTIVE_ROUND,8,3,4,44.000,,,MiniBoo,Team Heretics,raze,True,100,25,0,2,1,6,False,RieNs,Team Heretics,fade,True,100,50,1,1,0,7,True,Boo,Team Heretics,omen,True,100,25,2,1,0,0,False,benjyfishy,Team Heretics,deadlock,True,100,25,0,0,1,4,False,Wo0t,Team Heretics,chamber,True,100,50,0,8,0,0,False,grubinho,GIANTX,omen,True,100,50,0,1,1,0,False,ara,GIANTX,raze,True,100,50,0,0,0,3,False,Cloud,GIANTX,fade,True,100,50,0,1,0,4,False,Flickless,GIANTX,viper,True,100,50,1,1,0,7,True,westside,GIANTX,cypher,True,100,50,0,1,0,7,True
953.419,4083,ACTIVE_ROUND,8,3,4,43.000,,,MiniBoo,Team Heretics,raze,True,100,25,0,2,1,6,False,RieNs,Team Heretics,fade,True,100,50,1,1,0,7,True,Boo,Team Heretics,omen,True,100,25,2,1,0,0,False,benjyfishy,Team Heretics,deadlock,True,100,25,0,0,1,4,False,Wo0t,Team Heretics,chamber,True,100,50,0,8,0,0,False,grubinho,GIANTX,omen,True,100,50,0,1,1,0,False,ara,GIANTX,raze,True,100,50,0,0,0,3,False,Cloud,GIANTX,fade,True,100,50,0,1,0,4,False,Flickless,GIANTX,viper,True,100,50,1,1,0,7,True,westside,GIANTX,cypher,True,100,50,0,1,0,7,True
953.653,4084,ACTIVE_ROUND,8,3,4,43.000,,,MiniBoo,Team Heretics,raze,True,100,25,0,2,1,6,False,RieNs,Team Heretics,fade,True,100,50,1,1,0,7,True,Boo,Team Heretics,omen,True,100,25,2,1,0,0,False,benjyfishy,Team Heretics,deadlock,True,100,25,0,0,1,4,False,Wo0t,Team Heretics,chamber,True,100,50,0,8,0,0,False,grubinho,GIANTX,omen,True,100,50,0,1,1,0,False,ara,GIANTX,raze,True,100,50,0,0,0,3,False,Cloud,GIANTX,fade,True,100,50,0,1,0,4,False,Flickless,GIANTX,viper,True,100,50,1,1,0,7,True,westside,GIANTX,cypher,True,100,50,0,1,0,7,True
953.886,4085,ACTIVE_ROUND,8,3,4,43.000,,,MiniBoo,Team Heretics,raze,True,100,25,0,2,1,6,False,RieNs,Team Heretics,fade,True,100,50,1,1,0,7,True,Boo,Team Heretics,omen,True,100,25,2,1,0,0,False,benjyfishy,Team Heretics,deadlock,True,100,25,0,0,1,4,False,Wo0t,Team Heretics,chamber,True,100,50,0,8,0,0,False,grubinho,GIANTX,omen,True,100,50,0,1,1,0,False,ara,GIANTX,raze,True,100,50,0,0,0,3,False,Cloud,GIANTX,fade,True,100,50,0,1,0,4,False,Flickless,GIANTX,viper,True,100,50,1,1,0,7,True,westside,GIANTX,cypher,True,100,50,0,1,0,7,True
954.120,4086,ACTIVE_ROUND,8,3,4,43.000,,,MiniBoo,Team Heretics,raze,True,100,25,0,2,1,6,False,RieNs,Team Heretics,fade,True,100,50,1,1,0,7,True,Boo,Team Heretics,omen,True,100,25,2,1,0,0,False,benjyfishy,Team Heretics,deadlock,True,100,25,0,0,1,4,False,Wo0t,Team Heretics,chamber,True,100,50,0,8,0,0,False,grubinho,GIANTX,omen,True,100,50,0,1,1,0,False,ara,GIANTX,raze,True,100,50,0,0,0,3,False,Cloud,GIANTX,fade,True,100,50,0,1,0,4,False,Flickless,GIANTX,viper,True,100,50,1,0,0,7,True,westside,GIANTX,cypher,True,100,50,0,1,0,7,True
954.353,4087,ACTIVE_ROUND,8,3,4,42.000,,,MiniBoo,Team Heretics,raze,True,100,25,0,2,1,6,False,RieNs,Team Heretics,fade,True,100,50,1,1,0,7,True,Boo,Team Heretics,omen,True,100,25,2,1,0,0,False,benjyfishy,Team Heretics,deadlock,True,100,25,0,0,1,4,False,Wo0t,Team Heretics,chamber,True,100,50,0,8,0,0,False,grubinho,GIANTX,omen,True,100,50,0,1,1,0,False,ara,GIANTX,raze,True,100,50,0,0,0,3,False,Cloud,GIANTX,fade,True,100,50,0,1,0,4,False,Flickless,GIANTX,viper,True,100,50,1,0,0,7,True,westside,GIANTX,cypher,True,100,50,0,1,0,7,True
954.587,4088,ACTIVE_ROUND,8,3,4,42.000,,,MiniBoo,Team Heretics,raze,True,100,25,0,2,1,6,False,RieNs,Team Heretics,fade,True,100,50,1,1,0,7,True,Boo,Team Heretics,omen,True,100,25,2,1,0,0,False,benjyfishy,Team Heretics,deadlock,True,100,25,0,0,1,4,False,Wo0t,Team Heretics,chamber,True,100,50,0,8,0,0,False,grubinho,GIANTX,omen,True,100,50,0,1,1,0,False,ara,GIANTX,raze,True,100,50,0,0,0,3,False,Cloud,GIANTX,fade,True,100,50,0,1,0,4,False,Flickless,GIANTX,viper,True,100,50,1,0,0,7,True,westside,GIANTX,cypher,True,100,50,0,1,0,7,True
954.821,4089,ACTIVE_ROUND,8,3,4,42.000,,,MiniBoo,Team Heretics,raze,True,100,25,0,2,1,6,False,RieNs,Team Heretics,fade,True,100,50,1,1,0,7,True,Boo,Team Heretics,omen,True,100,25,2,1,0,0,False,benjyfishy,Team Heretics,deadlock,True,100,25,0,0,1,4,False,Wo0t,Team Heretics,chamber,True,100,50,0,8,0,0,False,grubinho,GIANTX,omen,True,100,50,0,1,1,0,False,ara,GIANTX,raze,True,100,50,0,0,0,3,False,Cloud,GIANTX,fade,True,100,50,0,1,0,4,False,Flickless,GIANTX,viper,True,100,50,1,0,0,7,True,westside,GIANTX,cypher,True,100,50,0,1,0,7,True
955.054,4090,ACTIVE_ROUND,8,3,4,42.000,,,MiniBoo,Team Heretics,raze,True,100,25,0,2,1,6,False,RieNs,Team Heretics,fade,True,100,50,1,1,0,7,True,Boo,Team Heretics,omen,True,100,25,2,1,0,0,False,benjyfishy,Team Heretics,deadlock,True,100,25,0,0,1,4,False,Wo0t,Team Heretics,chamber,True,100,50,0,8,0,0,False,grubinho,GIANTX,omen,True,100,50,0,1,1,0,False,ara,GIANTX,raze,True,100,50,0,0,0,3,False,Cloud,GIANTX,fade,True,100,50,0,1,0,4,False,Flickless,GIANTX,viper,True,100,50,1,0,0,7,True,westside,GIANTX,cypher,True,100,50,0,1,0,7,True
955.288,4091,ACTIVE_ROUND,8,3,4,42.000,,,MiniBoo,Team Heretics,raze,True,100,25,0,2,1,6,False,RieNs,Team Heretics,fade,True,100,50,1,1,0,7,True,Boo,Team Heretics,omen,True,100,25,2,1,0,0,False,benjyfishy,Team Heretics,deadlock,True,100,25,0,0,1,4,False,Wo0t,Team Heretics,chamber,True,100,50,0,8,0,0,False,grubinho,GIANTX,omen,True,100,50,0,1,0,0,False,ara,GIANTX,raze,True,100,50,0,0,0,3,False,Cloud,GIANTX,fade,True,100,50,0,1,0,4,False,Flickless,GIANTX,viper,True,100,50,1,0,0,7,True,westside,GIANTX,cypher,True,100,50,0,1,0,7,True
955.521,4092,ACTIVE_ROUND,8,3,4,41.000,,,MiniBoo,Team Heretics,raze,True,100,25,0,2,1,6,False,RieNs,Team Heretics,fade,True,100,50,1,1,0,7,True,Boo,Team Heretics,omen,True,100,25,2,1,0,0,False,benjyfishy,Team Heretics,deadlock,True,100,25,0,0,1,4,False,Wo0t,Team Heretics,chamber,True,100,50,0,8,0,0,False,grubinho,GIANTX,omen,True,100,50,0,1,0,0,False,ara,GIANTX,raze,True,100,50,0,0,0,3,False,Cloud,GIANTX,fade,True,100,50,0,1,0,4,False,Flickless,GIANTX,viper,True,100,50,1,0,0,7,True,westside,GIANTX,cypher,True,100,50,0,1,0,7,True
955.755,4093,ACTIVE_ROUND,8,3,4,41.000,,,MiniBoo,Team Heretics,raze,True,100,25,0,2,1,6,False,RieNs,Team Heretics,fade,True,100,50,1,1,0,7,True,Boo,Team Heretics,omen,True,100,25,2,1,0,0,False,benjyfishy,Team Heretics,deadlock,True,100,25,0,0,1,4,False,Wo0t,Team Heretics,chamber,True,100,50,0,8,0,0,False,grubinho,GIANTX,omen,True,100,50,0,1,0,0,False,ara,GIANTX,raze,True,100,50,0,0,0,3,False,Cloud,GIANTX,fade,True,100,50,0,1,0,4,False,Flickless,GIANTX,viper,True,100,50,1,0,0,7,True,westside,GIANTX,cypher,True,100,50,0,1,0,7,True
955.988,4094,ACTIVE_ROUND,8,3,4,41.000,,,MiniBoo,Team Heretics,raze,True,100,25,0,2,1,6,False,RieNs,Team Heretics,fade,True,100,50,1,1,0,7,True,Boo,Team Heretics,omen,True,100,25,2,1,0,0,False,benjyfishy,Team Heretics,deadlock,True,100,25,0,0,1,4,False,Wo0t,Team Heretics,chamber,True,100,50,0,8,0,0,False,grubinho,GIANTX,omen,True,100,50,0,1,0,0,False,ara,GIANTX,raze,True,100,50,0,0,0,3,False,Cloud,GIANTX,fade,True,100,50,0,1,0,4,False,Flickless,GIANTX,viper,True,100,50,1,0,0,7,True,westside,GIANTX,cypher,True,100,50,0,1,0,7,True
956.222,4095,ACTIVE_ROUND,8,3,4,41.000,,,MiniBoo,Team Heretics,raze,True,100,25,0,2,1,6,False,RieNs,Team Heretics,fade,True,100,50,1,1,0,7,True,Boo,Team Heretics,omen,True,100,25,2,1,0,0,False,benjyfishy,Team Heretics,deadlock,True,100,25,0,0,1,4,False,Wo0t,Team Heretics,chamber,True,100,50,0,8,0,0,False,grubinho,GIANTX,omen,True,100,50,0,1,0,0,False,ara,GIANTX,raze,True,100,50,0,0,0,3,False,Cloud,GIANTX,fade,True,100,50,0,1,0,4,False,Flickless,GIANTX,viper,True,100,50,1,0,0,7,True,westside,GIANTX,cypher,True,100,50,0,1,0,7,True
956.456,4096,ACTIVE_ROUND,8,3,4,40.000,,,MiniBoo,Team Heretics,raze,True,100,25,0,2,1,6,False,RieNs,Team Heretics,fade,True,100,50,1,1,0,7,True,Boo,Team Heretics,omen,True,100,25,2,1,0,0,False,benjyfishy,Team Heretics,deadlock,True,100,25,0,0,1,4,False,Wo0t,Team Heretics,chamber,True,100,50,0,8,0,0,False,grubinho,GIANTX,omen,True,100,50,0,1,0,0,False,ara,GIANTX,raze,True,100,50,0,0,0,3,False,Cloud,GIANTX,fade,True,100,50,0,1,0,4,False,Flickless,GIANTX,viper,True,100,50,1,0,0,7,True,westside,GIANTX,cypher,True,100,50,0,1,0,7,True
956.689,4097,ACTIVE_ROUND,8,3,4,40.000,,,MiniBoo,Team Heretics,raze,True,100,25,0,2,1,6,False,RieNs,Team Heretics,fade,True,100,50,1,1,0,7,True,Boo,Team Heretics,omen,True,100,25,2,1,0,0,False,benjyfishy,Team Heretics,deadlock,True,100,25,0,0,1,4,False,Wo0t,Team Heretics,chamber,True,100,50,0,8,0,0,False,grubinho,GIANTX,omen,True,100,50,0,1,0,0,False,ara,GIANTX,raze,True,100,50,0,0,0,3,False,Cloud,GIANTX,fade,True,100,50,0,1,0,4,False,Flickless,GIANTX,viper,True,100,50,1,0,0,7,True,westside,GIANTX,cypher,True,100,50,0,1,0,7,True
956.923,4098,ACTIVE_ROUND,8,3,4,40.000,,,MiniBoo,Team Heretics,raze,True,100,25,0,2,1,6,False,RieNs,Team Heretics,fade,True,100,50,1,1,0,7,True,Boo,Team Heretics,omen,True,100,25,2,1,0,0,False,benjyfishy,Team Heretics,deadlock,True,100,25,0,0,1,4,False,Wo0t,Team Heretics,chamber,True,100,50,0,8,0,0,False,grubinho,GIANTX,omen,True,100,50,0,1,0,0,False,ara,GIANTX,raze,True,100,50,0,0,0,3,False,Cloud,GIANTX,fade,True,100,50,0,1,0,4,False,Flickless,GIANTX,viper,True,100,50,1,0,0,7,True,westside,GIANTX,cypher,True,100,50,0,1,0,7,True
957.156,4099,ACTIVE_ROUND,8,3,4,40.000,,,MiniBoo,Team Heretics,raze,True,100,5,0,2,1,6,False,RieNs,Team Heretics,fade,True,100,50,1,1,0,7,True,Boo,Team Heretics,omen,True,100,25,2,1,0,0,False,benjyfishy,Team Heretics,deadlock,True,100,25,0,0,1,4,False,Wo0t,Team Heretics,chamber,True,100,50,0,8,0,0,False,grubinho,GIANTX,omen,True,100,50,0,1,0,0,False,ara,GIANTX,raze,True,100,50,0,0,0,3,False,Cloud,GIANTX,fade,True,100,50,0,1,0,4,False,Flickless,GIANTX,viper,True,100,50,1,0,0,7,True,westside,GIANTX,cypher,True,100,50,0,1,0,7,True
957.390,4100,ACTIVE_ROUND,8,3,4,39.000,,,MiniBoo,Team Heretics,raze,True,100,5,0,2,1,6,False,RieNs,Team Heretics,fade,True,100,50,1,1,0,7,True,Boo,Team Heretics,omen,True,100,25,2,1,0,0,False,benjyfishy,Team Heretics,deadlock,True,100,25,0,0,1,4,False,Wo0t,Team Heretics,chamber,True,100,50,0,8,0,0,False,grubinho,GIANTX,omen,True,100,50,0,1,0,0,False,ara,GIANTX,raze,True,100,50,0,0,0,3,False,Cloud,GIANTX,fade,True,100,50,0,1,0,4,False,Flickless,GIANTX,viper,True,100,50,1,0,0,7,True,westside,GIANTX,cypher,True,100,50,0,1,0,7,True
957.623,4101,ACTIVE_ROUND,8,3,4,39.000,,,MiniBoo,Team Heretics,raze,True,100,5,0,2,1,6,False,RieNs,Team Heretics,fade,True,100,50,1,1,0,7,True,Boo,Team Heretics,omen,True,100,25,2,1,0,0,False,benjyfishy,Team Heretics,deadlock,True,100,25,0,0,1,4,False,Wo0t,Team Heretics,chamber,True,100,50,0,8,0,0,False,grubinho,GIANTX,omen,True,100,50,0,1,0,0,False,ara,GIANTX,raze,True,100,50,0,0,0,3,False,Cloud,GIANTX,fade,True,100,50,0,1,0,4,False,Flickless,GIANTX,viper,True,100,50,1,0,0,7,True,westside,GIANTX,cypher,True,100,50,0,1,0,7,True
957.857,4102,ACTIVE_ROUND,8,3,4,39.000,,,MiniBoo,Team Heretics,raze,True,100,5,0,2,1,6,False,RieNs,Team Heretics,fade,True,100,50,1,1,0,7,True,Boo,Team Heretics,omen,True,100,25,2,1,0,0,False,benjyfishy,Team Heretics,deadlock,True,100,25,0,0,1,4,False,Wo0t,Team Heretics,chamber,True,100,50,0,8,0,0,False,grubinho,GIANTX,omen,True,100,50,0,1,0,0,False,ara,GIANTX,raze,True,100,50,0,0,0,3,False,Cloud,GIANTX,fade,True,100,50,0,1,0,4,False,Flickless,GIANTX,viper,True,100,50,1,0,0,7,True,westside,GIANTX,cypher,True,100,50,0,1,0,7,True
958.090,4103,ACTIVE_ROUND,8,3,4,39.000,,,MiniBoo,Team Heretics,raze,True,100,5,0,2,1,6,False,RieNs,Team Heretics,fade,True,100,50,1,1,0,7,True,Boo,Team Heretics,omen,True,100,25,2,1,0,0,False,benjyfishy,Team Heretics,deadlock,True,100,25,0,0,1,4,False,Wo0t,Team Heretics,chamber,True,100,50,0,8,0,0,False,grubinho,GIANTX,omen,True,100,50,0,1,0,0,False,ara,GIANTX,raze,True,100,50,0,0,0,3,False,Cloud,GIANTX,fade,True,100,50,0,1,0,4,False,Flickless,GIANTX,viper,True,100,50,1,0,0,7,True,westside,GIANTX,cypher,True,100,50,0,1,0,7,True
958.324,4104,ACTIVE_ROUND,8,3,4,39.000,,,MiniBoo,Team Heretics,raze,True,100,5,0,2,1,6,False,RieNs,Team Heretics,fade,True,100,50,1,1,0,7,True,Boo,Team Heretics,omen,True,100,25,2,1,0,0,False,benjyfishy,Team Heretics,deadlock,True,100,25,0,0,1,4,False,Wo0t,Team Heretics,chamber,True,100,50,0,8,0,0,False,grubinho,GIANTX,omen,True,100,50,0,1,0,0,False,ara,GIANTX,raze,True,100,50,0,0,0,3,False,Cloud,GIANTX,fade,True,100,50,0,1,0,4,False,Flickless,GIANTX,viper,True,100,50,1,0,0,7,True,westside,GIANTX,cypher,True,100,50,0,1,0,7,True
958.558,4105,ACTIVE_ROUND,8,3,4,38.000,,,MiniBoo,Team Heretics,raze,True,100,5,0,2,1,6,False,RieNs,Team Heretics,fade,True,100,50,1,1,0,7,True,Boo,Team Heretics,omen,True,100,25,2,1,0,0,False,benjyfishy,Team Heretics,deadlock,True,100,25,0,0,1,4,False,Wo0t,Team Heretics,chamber,True,100,50,0,8,0,0,False,grubinho,GIANTX,omen,True,100,50,0,1,0,0,False,ara,GIANTX,raze,True,100,50,0,0,0,3,False,Cloud,GIANTX,fade,True,100,50,0,1,0,4,False,Flickless,GIANTX,viper,True,100,50,1,0,0,7,True,westside,GIANTX,cypher,True,100,50,0,1,0,7,True
958.791,4106,ACTIVE_ROUND,8,3,4,38.000,,,MiniBoo,Team Heretics,raze,True,100,5,0,2,1,6,False,RieNs,Team Heretics,fade,True,100,50,1,1,0,7,True,Boo,Team Heretics,omen,True,100,25,2,1,0,0,False,benjyfishy,Team Heretics,deadlock,True,100,25,0,0,1,4,False,Wo0t,Team Heretics,chamber,True,100,50,0,8,0,0,False,grubinho,GIANTX,omen,True,100,50,0,1,0,0,False,ara,GIANTX,raze,True,100,50,0,0,0,3,False,Cloud,GIANTX,fade,True,100,50,0,1,0,4,False,Flickless,GIANTX,viper,True,100,50,1,0,0,7,True,westside,GIANTX,cypher,True,100,50,0,1,0,7,True
959.025,4107,ACTIVE_ROUND,8,3,4,38.000,,,MiniBoo,Team Heretics,raze,True,100,5,0,2,1,6,False,RieNs,Team Heretics,fade,True,100,50,1,1,0,7,True,Boo,Team Heretics,omen,True,100,25,2,1,0,0,False,benjyfishy,Team Heretics,deadlock,True,100,25,0,0,1,4,False,Wo0t,Team Heretics,chamber,True,100,50,0,8,0,0,False,grubinho,GIANTX,omen,True,100,50,0,1,0,0,False,ara,GIANTX,raze,True,100,50,0,0,0,3,False,Cloud,GIANTX,fade,True,100,50,0,1,0,4,False,Flickless,GIANTX,viper,True,100,50,1,0,0,7,True,westside,GIANTX,cypher,True,100,50,0,1,0,7,True
959.258,4108,ACTIVE_ROUND,8,3,4,38.000,,,MiniBoo,Team Heretics,raze,True,100,5,0,2,1,6,False,RieNs,Team Heretics,fade,True,100,50,1,1,0,7,True,Boo,Team Heretics,omen,True,100,25,2,1,0,0,False,benjyfishy,Team Heretics,deadlock,True,100,25,0,0,1,4,False,Wo0t,Team Heretics,chamber,True,100,50,0,8,0,0,False,grubinho,GIANTX,omen,True,100,50,0,1,0,0,False,ara,GIANTX,raze,True,100,50,0,0,0,3,False,Cloud,GIANTX,fade,True,100,50,0,1,0,4,False,Flickless,GIANTX,viper,True,100,50,1,0,0,7,True,westside,GIANTX,cypher,True,100,50,0,1,0,7,True
959.492,4109,ACTIVE_ROUND,8,3,4,37.000,,,MiniBoo,Team Heretics,raze,True,100,5,0,2,1,6,False,RieNs,Team Heretics,fade,True,100,50,1,1,0,7,True,Boo,Team Heretics,omen,True,100,25,2,1,0,0,False,benjyfishy,Team Heretics,deadlock,True,100,25,0,0,1,4,False,Wo0t,Team Heretics,chamber,True,100,50,0,8,0,0,False,grubinho,GIANTX,omen,True,100,50,0,1,0,0,False,ara,GIANTX,raze,True,100,50,0,0,0,3,False,Cloud,GIANTX,fade,True,100,50,0,1,0,4,False,Flickless,GIANTX,viper,True,100,50,1,0,0,7,True,westside,GIANTX,cypher,True,100,50,0,1,0,7,True
959.725,4110,ACTIVE_ROUND,8,3,4,37.000,,,MiniBoo,Team Heretics,raze,True,100,25,0,2,1,6,False,RieNs,Team Heretics,fade,True,100,50,1,1,0,7,True,Boo,Team Heretics,omen,True,100,25,2,1,0,0,False,benjyfishy,Team Heretics,deadlock,True,100,25,0,0,1,4,False,Wo0t,Team Heretics,chamber,True,100,50,0,8,0,0,False,grubinho,GIANTX,omen,True,100,50,0,1,0,0,False,ara,GIANTX,raze,True,100,50,0,0,0,3,False,Cloud,GIANTX,fade,True,100,50,0,0,0,4,False,Flickless,GIANTX,viper,True,100,50,1,0,0,7,True,westside,GIANTX,cypher,True,100,50,0,1,0,7,True
959.959,4111,ACTIVE_ROUND,8,3,4,37.000,,,MiniBoo,Team Heretics,raze,True,100,25,0,2,1,6,False,RieNs,Team Heretics,fade,True,100,50,1,1,0,7,True,Boo,Team Heretics,omen,True,100,25,2,1,0,0,False,benjyfishy,Team Heretics,deadlock,True,100,25,0,0,1,4,False,Wo0t,Team Heretics,chamber,True,100,50,0,8,0,0,False,grubinho,GIANTX,omen,True,100,50,0,1,0,0,False,ara,GIANTX,raze,True,100,50,0,0,0,3,False,Cloud,GIANTX,fade,False,,50,0,0,0,4,False,Flickless,GIANTX,viper,True,100,50,1,0,0,7,True,westside,GIANTX,cypher,True,100,50,0,1,0,7,True
960.193,4112,ACTIVE_ROUND,8,3,4,37.000,,,MiniBoo,Team Heretics,raze,True,100,25,0,2,1,6,False,RieNs,Team Heretics,fade,True,100,50,1,1,0,7,True,Boo,Team Heretics,omen,True,100,25,2,1,0,0,False,benjyfishy,Team Heretics,deadlock,True,100,25,0,0,1,4,False,Wo0t,Team Heretics,chamber,True,100,50,0,8,0,1,False,grubinho,GIANTX,omen,True,100,50,0,1,0,0,False,ara,GIANTX,raze,True,100,50,0,0,0,3,False,Cloud,GIANTX,fade,False,,50,0,0,0,4,False,Flickless,GIANTX,viper,True,100,50,1,0,0,7,True,westside,GIANTX,cypher,True,100,50,0,1,0,7,True
960.426,4113,ACTIVE_ROUND,8,3,4,36.000,,,MiniBoo,Team Heretics,raze,True,100,25,0,2,1,6,False,RieNs,Team Heretics,fade,True,100,50,1,1,0,7,True,Boo,Team Heretics,omen,True,100,25,2,1,0,0,False,benjyfishy,Team Heretics,deadlock,True,100,25,0,0,1,4,False,Wo0t,Team Heretics,chamber,True,100,50,0,8,0,1,False,grubinho,GIANTX,omen,True,100,50,0,1,0,0,False,ara,GIANTX,raze,True,100,50,0,0,0,3,False,Cloud,GIANTX,fade,False,,50,0,0,0,4,False,Flickless,GIANTX,viper,True,100,50,1,0,0,7,True,westside,GIANTX,cypher,True,100,50,0,1,0,7,True
960.660,4114,ACTIVE_ROUND,8,3,4,36.000,,,MiniBoo,Team Heretics,raze,True,100,25,0,2,1,6,False,RieNs,Team Heretics,fade,True,100,50,1,1,0,7,True,Boo,Team Heretics,omen,True,100,25,2,1,0,0,False,benjyfishy,Team Heretics,deadlock,True,100,25,0,0,1,4,False,Wo0t,Team Heretics,chamber,True,100,50,0,8,0,1,False,grubinho,GIANTX,omen,True,100,50,0,1,0,0,False,ara,GIANTX,raze,True,100,50,0,0,0,3,False,Cloud,GIANTX,fade,False,,50,0,0,0,4,False,Flickless,GIANTX,viper,True,100,50,1,0,0,7,True,westside,GIANTX,cypher,True,100,50,0,1,0,7,True
960.893,4115,ACTIVE_ROUND,8,3,4,36.000,,,MiniBoo,Team Heretics,raze,True,100,25,0,2,1,6,False,RieNs,Team Heretics,fade,True,100,50,1,1,0,7,True,Boo,Team Heretics,omen,True,100,25,2,1,0,0,False,benjyfishy,Team Heretics,deadlock,True,100,25,0,0,1,4,False,Wo0t,Team Heretics,chamber,True,100,50,0,8,0,1,False,grubinho,GIANTX,omen,True,100,50,0,1,0,0,False,ara,GIANTX,raze,True,100,50,0,0,0,3,False,Cloud,GIANTX,fade,False,,50,0,0,0,4,False,Flickless,GIANTX,viper,True,100,50,1,0,0,7,True,westside,GIANTX,cypher,True,100,50,0,1,0,7,True
961.127,4116,ACTIVE_ROUND,8,3,4,36.000,,,MiniBoo,Team Heretics,raze,True,100,25,0,2,1,6,False,RieNs,Team Heretics,fade,True,100,50,1,1,0,7,True,Boo,Team Heretics,omen,True,100,25,2,1,1,0,False,benjyfishy,Team Heretics,deadlock,True,100,25,0,0,1,4,False,Wo0t,Team Heretics,chamber,True,100,50,0,8,0,1,False,grubinho,GIANTX,omen,True,100,50,0,1,0,0,False,ara,GIANTX,raze,True,100,50,0,0,0,3,False,Cloud,GIANTX,fade,False,,50,0,0,0,4,False,Flickless,GIANTX,viper,True,100,50,1,0,0,7,True,westside,GIANTX,cypher,True,100,50,0,1,0,7,True
961.360,4117,ACTIVE_ROUND,8,3,4,35.000,,,MiniBoo,Team Heretics,raze,True,100,25,0,2,1,6,False,RieNs,Team Heretics,fade,True,100,50,1,1,0,7,True,Boo,Team Heretics,omen,True,100,25,2,1,1,0,False,benjyfishy,Team Heretics,deadlock,True,100,25,0,0,1,4,False,Wo0t,Team Heretics,chamber,True,100,50,0,8,0,1,False,grubinho,GIANTX,omen,True,100,50,0,1,0,0,False,ara,GIANTX,raze,True,100,50,0,0,0,3,False,Cloud,GIANTX,fade,False,,50,0,0,0,4,False,Flickless,GIANTX,viper,True,100,50,1,0,0,7,True,westside,GIANTX,cypher,True,100,50,0,1,0,7,True
961.594,4118,ACTIVE_ROUND,8,3,4,35.000,,,MiniBoo,Team Heretics,raze,True,100,25,0,2,1,6,False,RieNs,Team Heretics,fade,True,100,50,1,1,0,7,True,Boo,Team Heretics,omen,True,100,25,2,1,1,0,False,benjyfishy,Team Heretics,deadlock,True,100,25,0,0,1,4,False,Wo0t,Team Heretics,chamber,True,100,50,0,8,0,1,False,grubinho,GIANTX,omen,True,100,50,0,1,0,0,False,ara,GIANTX,raze,True,100,50,0,0,0,3,False,Cloud,GIANTX,fade,False,,50,0,0,0,4,False,Flickless,GIANTX,viper,True,100,50,1,0,0,7,True,westside,GIANTX,cypher,True,100,50,0,1,0,7,True
961.828,4119,ACTIVE_ROUND,8,3,4,35.000,,,MiniBoo,Team Heretics,raze,True,100,25,0,2,1,6,False,RieNs,Team Heretics,fade,True,100,50,1,1,0,7,True,Boo,Team Heretics,omen,True,100,25,2,1,1,0,False,benjyfishy,Team Heretics,deadlock,True,100,25,0,0,1,4,False,Wo0t,Team Heretics,chamber,True,100,50,0,8,0,1,False,grubinho,GIANTX,omen,True,100,50,0,1,0,0,False,ara,GIANTX,raze,True,100,50,0,0,0,3,False,Cloud,GIANTX,fade,False,,50,0,0,0,4,False,Flickless,GIANTX,viper,True,100,50,1,0,0,7,True,westside,GIANTX,cypher,True,100,50,0,1,0,7,True
962.061,4120,ACTIVE_ROUND,8,3,4,35.000,,,MiniBoo,Team Heretics,raze,True,100,25,0,2,1,6,False,RieNs,Team Heretics,fade,True,100,50,1,1,0,7,True,Boo,Team Heretics,omen,True,100,25,2,1,1,0,False,benjyfishy,Team Heretics,deadlock,True,100,25,0,0,1,4,False,Wo0t,Team Heretics,chamber,True,100,50,0,8,0,1,False,grubinho,GIANTX,omen,True,100,50,0,1,0,0,False,ara,GIANTX,raze,True,100,50,0,0,0,3,False,Cloud,GIANTX,fade,False,,50,0,0,0,4,False,Flickless,GIANTX,viper,True,100,50,1,0,0,7,True,westside,GIANTX,cypher,True,100,50,0,1,0,7,True
962.295,4121,ACTIVE_ROUND,8,3,4,35.000,,,MiniBoo,Team Heretics,raze,True,100,25,0,2,1,6,False,RieNs,Team Heretics,fade,True,100,50,1,1,0,7,True,Boo,Team Heretics,omen,True,100,25,2,1,1,0,False,benjyfishy,Team Heretics,deadlock,True,100,25,0,0,1,4,False,Wo0t,Team Heretics,chamber,True,100,50,0,8,0,1,False,grubinho,GIANTX,omen,True,100,50,0,1,0,0,False,ara,GIANTX,raze,True,100,50,0,0,0,3,False,Cloud,GIANTX,fade,False,,50,0,0,0,4,False,Flickless,GIANTX,viper,True,100,50,1,0,0,7,True,westside,GIANTX,cypher,True,100,50,0,0,0,7,True
962.528,4122,ACTIVE_ROUND,8,3,4,34.000,,,MiniBoo,Team Heretics,raze,True,100,25,0,2,1,6,False,RieNs,Team Heretics,fade,True,100,50,1,1,0,7,True,Boo,Team Heretics,omen,True,100,25,2,1,1,0,False,benjyfishy,Team Heretics,deadlock,True,100,25,0,0,1,4,False,Wo0t,Team Heretics,chamber,True,100,50,0,8,0,1,False,grubinho,GIANTX,omen,True,100,50,0,1,0,0,False,ara,GIANTX,raze,True,100,50,0,0,0,3,False,Cloud,GIANTX,fade,False,,50,0,0,0,4,False,Flickless,GIANTX,viper,True,100,50,1,0,0,7,True,westside,GIANTX,cypher,True,100,50,0,0,0,7,True
962.762,4123,ACTIVE_ROUND,8,3,4,34.000,,,MiniBoo,Team Heretics,raze,True,100,25,0,2,1,6,False,RieNs,Team Heretics,fade,True,100,50,1,1,0,7,True,Boo,Team Heretics,omen,True,100,25,2,1,1,0,False,benjyfishy,Team Heretics,deadlock,True,100,25,0,0,1,4,False,Wo0t,Team Heretics,chamber,True,100,50,0,8,0,1,False,grubinho,GIANTX,omen,True,100,50,0,1,0,0,False,ara,GIANTX,raze,True,100,50,0,0,0,3,False,Cloud,GIANTX,fade,False,,50,0,0,0,4,False,Flickless,GIANTX,viper,True,100,50,1,0,0,7,True,westside,GIANTX,cypher,True,100,50,0,0,0,7,True
962.995,4124,ACTIVE_ROUND,8,3,4,34.000,,,MiniBoo,Team Heretics,raze,True,100,25,0,2,1,6,False,RieNs,Team Heretics,fade,True,100,50,1,1,0,7,True,Boo,Team Heretics,omen,True,100,25,2,1,1,0,False,benjyfishy,Team Heretics,deadlock,True,100,25,0,0,1,4,False,Wo0t,Team Heretics,chamber,True,100,50,0,8,0,1,False,grubinho,GIANTX,omen,True,100,50,0,1,0,0,False,ara,GIANTX,raze,True,100,50,0,0,0,3,False,Cloud,GIANTX,fade,False,,50,0,0,0,4,False,Flickless,GIANTX,viper,True,100,50,1,0,0,7,True,westside,GIANTX,cypher,True,100,50,0,0,0,7,True
963.229,4125,ACTIVE_ROUND,8,3,4,34.000,,,MiniBoo,Team Heretics,raze,True,100,25,0,2,1,6,False,RieNs,Team Heretics,fade,True,100,50,1,1,0,7,True,Boo,Team Heretics,omen,True,100,25,2,1,1,0,False,benjyfishy,Team Heretics,deadlock,True,100,25,0,0,1,4,False,Wo0t,Team Heretics,chamber,True,100,50,0,8,0,1,False,grubinho,GIANTX,omen,True,100,50,0,1,0,0,False,ara,GIANTX,raze,True,100,50,0,0,0,3,False,Cloud,GIANTX,fade,False,,50,0,0,0,4,False,Flickless,GIANTX,viper,True,100,50,1,0,0,7,True,westside,GIANTX,cypher,True,100,50,0,0,0,7,True
963.462,4126,ACTIVE_ROUND,8,3,4,33.000,,,MiniBoo,Team Heretics,raze,True,100,25,0,2,1,6,False,RieNs,Team Heretics,fade,True,100,50,1,1,0,7,True,Boo,Team Heretics,omen,True,100,25,2,1,1,0,False,benjyfishy,Team Heretics,deadlock,True,100,25,0,0,1,4,False,Wo0t,Team Heretics,chamber,True,100,50,0,8,0,1,False,grubinho,GIANTX,omen,True,100,50,0,1,0,0,False,ara,GIANTX,raze,True,100,50,0,0,0,3,False,Cloud,GIANTX,fade,False,,50,0,0,0,4,False,Flickless,GIANTX,viper,True,100,50,1,0,0,7,True,westside,GIANTX,cypher,True,100,50,0,0,0,7,True
963.696,4127,ACTIVE_ROUND,8,3,4,33.000,,,MiniBoo,Team Heretics,raze,True,100,25,0,2,1,6,False,RieNs,Team Heretics,fade,True,100,50,1,1,0,7,True,Boo,Team Heretics,omen,True,100,25,2,1,1,0,False,benjyfishy,Team Heretics,deadlock,True,100,25,0,0,1,4,False,Wo0t,Team Heretics,chamber,True,100,50,0,8,0,1,False,grubinho,GIANTX,omen,True,100,50,0,1,0,0,False,ara,GIANTX,raze,True,100,50,0,0,0,3,False,Cloud,GIANTX,fade,False,,50,0,0,0,4,False,Flickless,GIANTX,viper,True,100,50,1,0,0,7,True,westside,GIANTX,cypher,True,100,50,0,0,0,7,True
963.930,4128,ACTIVE_ROUND,8,3,4,33.000,,,MiniBoo,Team Heretics,raze,True,100,25,0,2,1,6,False,RieNs,Team Heretics,fade,True,100,50,1,1,0,7,True,Boo,Team Heretics,omen,True,100,25,2,1,1,0,False,benjyfishy,Team Heretics,deadlock,True,100,25,0,0,1,4,False,Wo0t,Team Heretics,chamber,True,100,50,0,8,0,1,False,grubinho,GIANTX,omen,True,100,50,0,1,0,0,False,ara,GIANTX,raze,True,100,50,0,0,0,3,False,Cloud,GIANTX,fade,False,,50,0,0,0,4,False,Flickless,GIANTX,viper,True,100,50,1,0,0,7,True,westside,GIANTX,cypher,True,100,50,0,0,0,7,True
964.163,4129,ACTIVE_ROUND,8,3,4,33.000,,,MiniBoo,Team Heretics,raze,True,100,25,0,2,1,6,False,RieNs,Team Heretics,fade,True,100,50,1,1,0,7,True,Boo,Team Heretics,omen,True,100,25,2,1,1,0,False,benjyfishy,Team Heretics,deadlock,True,100,25,0,0,1,4,False,Wo0t,Team Heretics,chamber,True,100,50,0,8,0,1,False,grubinho,GIANTX,omen,True,100,50,0,1,0,0,False,ara,GIANTX,raze,True,100,50,0,0,0,3,False,Cloud,GIANTX,fade,False,,50,0,0,0,4,False,Flickless,GIANTX,viper,True,100,50,1,0,0,7,True,westside,GIANTX,cypher,True,100,50,0,0,0,7,True
964.397,4130,ACTIVE_ROUND,8,3,4,32.000,,,MiniBoo,Team Heretics,raze,True,100,25,0,2,1,6,False,RieNs,Team Heretics,fade,True,100,50,1,1,0,7,True,Boo,Team Heretics,omen,True,100,25,2,1,1,0,False,benjyfishy,Team Heretics,deadlock,True,100,25,0,0,1,4,False,Wo0t,Team Heretics,chamber,True,100,50,0,8,0,1,False,grubinho,GIANTX,omen,True,100,50,0,1,0,0,False,ara,GIANTX,raze,True,100,50,0,0,0,3,False,Cloud,GIANTX,fade,False,,50,0,0,0,4,False,Flickless,GIANTX,viper,True,100,50,1,0,0,7,True,westside,GIANTX,cypher,True,100,50,0,0,0,7,True
964.630,4131,ACTIVE_ROUND,8,3,4,32.000,,,MiniBoo,Team Heretics,raze,True,100,25,0,2,1,6,False,RieNs,Team Heretics,fade,True,100,50,1,1,0,7,True,Boo,Team Heretics,omen,True,100,25,2,1,1,0,False,benjyfishy,Team Heretics,deadlock,True,100,25,0,0,1,4,False,Wo0t,Team Heretics,chamber,True,100,50,0,8,0,1,False,grubinho,GIANTX,omen,True,100,50,0,1,0,0,False,ara,GIANTX,raze,True,100,50,0,0,0,3,False,Cloud,GIANTX,fade,False,,50,0,0,0,4,False,Flickless,GIANTX,viper,True,100,50,1,0,0,7,True,westside,GIANTX,cypher,True,100,50,0,0,0,7,True
964.864,4132,ACTIVE_ROUND,8,3,4,32.000,,,MiniBoo,Team Heretics,raze,True,100,25,0,2,1,6,False,RieNs,Team Heretics,fade,True,100,50,1,1,0,7,True,Boo,Team Heretics,omen,True,100,25,2,1,1,0,False,benjyfishy,Team Heretics,deadlock,True,100,25,0,0,1,4,False,Wo0t,Team Heretics,chamber,True,100,50,0,8,0,1,False,grubinho,GIANTX,omen,True,100,50,0,1,0,0,False,ara,GIANTX,raze,True,100,50,0,0,0,3,False,Cloud,GIANTX,fade,False,,50,0,0,0,4,False,Flickless,GIANTX,viper,True,100,50,1,0,0,7,True,westside,GIANTX,cypher,True,100,50,0,0,0,7,True
965.097,4133,ACTIVE_ROUND,8,3,4,32.000,,,MiniBoo,Team Heretics,raze,True,100,25,0,2,1,6,False,RieNs,Team Heretics,fade,True,100,50,1,1,0,7,True,Boo,Team Heretics,omen,True,100,25,2,1,1,0,False,benjyfishy,Team Heretics,deadlock,True,100,25,0,0,1,4,False,Wo0t,Team Heretics,chamber,True,100,50,0,8,0,1,False,grubinho,GIANTX,omen,True,100,50,0,1,0,0,False,ara,GIANTX,raze,True,100,50,0,0,0,3,False,Cloud,GIANTX,fade,False,,50,0,0,0,4,False,Flickless,GIANTX,viper,True,100,50,1,0,0,7,True,westside,GIANTX,cypher,True,100,50,0,0,0,7,True
965.331,4134,ACTIVE_ROUND,8,3,4,31.000,,,MiniBoo,Team Heretics,raze,True,100,25,0,2,1,6,False,RieNs,Team Heretics,fade,True,100,50,1,1,0,7,True,Boo,Team Heretics,omen,True,100,25,2,1,1,0,False,benjyfishy,Team Heretics,deadlock,True,100,25,0,0,1,4,False,Wo0t,Team Heretics,chamber,True,100,50,0,8,0,1,False,grubinho,GIANTX,omen,True,100,50,0,1,0,0,False,ara,GIANTX,raze,True,100,50,0,0,0,3,False,Cloud,GIANTX,fade,False,,50,0,0,0,4,False,Flickless,GIANTX,viper,True,100,50,1,0,0,7,True,westside,GIANTX,cypher,True,100,50,0,0,0,7,True
965.565,4135,ACTIVE_ROUND,8,3,4,31.000,,,MiniBoo,Team Heretics,raze,True,100,25,0,2,1,6,False,RieNs,Team Heretics,fade,True,100,50,1,1,0,7,True,Boo,Team Heretics,omen,True,100,25,2,1,1,0,False,benjyfishy,Team Heretics,deadlock,True,100,25,0,0,1,4,False,Wo0t,Team Heretics,chamber,True,100,50,0,8,0,1,False,grubinho,GIANTX,omen,True,100,50,0,1,0,0,False,ara,GIANTX,raze,True,100,50,0,0,0,3,False,Cloud,GIANTX,fade,False,,50,0,0,0,4,False,Flickless,GIANTX,viper,True,100,50,1,0,0,7,True,westside,GIANTX,cypher,True,100,50,0,0,0,7,True
965.798,4136,ACTIVE_ROUND,8,3,4,31.000,,,MiniBoo,Team Heretics,raze,True,100,25,0,2,1,6,False,RieNs,Team Heretics,fade,True,100,50,1,1,0,7,True,Boo,Team Heretics,omen,True,100,25,2,1,1,0,False,benjyfishy,Team Heretics,deadlock,True,100,25,0,0,1,4,False,Wo0t,Team Heretics,chamber,True,100,50,0,8,0,1,False,grubinho,GIANTX,omen,True,100,50,0,1,0,0,False,ara,GIANTX,raze,True,100,50,0,0,0,3,False,Cloud,GIANTX,fade,False,,50,0,0,0,4,False,Flickless,GIANTX,viper,True,100,50,1,0,0,7,True,westside,GIANTX,cypher,True,100,50,0,0,0,7,True
966.732,4140,ACTIVE_ROUND,8,3,4,,0.000,,MiniBoo,Team Heretics,raze,True,100,25,0,2,1,6,False,RieNs,Team Heretics,fade,True,100,50,1,1,0,7,True,Boo,Team Heretics,omen,True,100,25,2,1,1,0,False,benjyfishy,Team Heretics,deadlock,True,100,25,0,0,1,4,False,Wo0t,Team Heretics,chamber,True,100,50,0,8,0,1,False,grubinho,GIANTX,omen,True,100,50,0,1,0,0,False,ara,GIANTX,raze,True,100,50,0,0,0,3,False,Cloud,GIANTX,fade,False,,50,0,0,0,4,False,Flickless,GIANTX,viper,True,100,50,1,0,0,7,True,westside,GIANTX,cypher,True,100,50,0,0,0,7,True
966.966,4141,ACTIVE_ROUND,8,3,4,,0.234,,MiniBoo,Team Heretics,raze,True,100,25,0,2,1,6,False,RieNs,Team Heretics,fade,True,100,50,1,1,0,7,True,Boo,Team Heretics,omen,True,100,25,2,1,1,0,False,benjyfishy,Team Heretics,deadlock,True,100,25,0,0,1,4,False,Wo0t,Team Heretics,chamber,True,100,50,0,8,0,1,False,grubinho,GIANTX,omen,True,100,50,0,1,0,0,False,ara,GIANTX,raze,True,100,50,0,0,0,3,False,Cloud,GIANTX,fade,False,,50,0,0,0,4,False,Flickless,GIANTX,viper,True,100,50,1,0,0,7,True,westside,GIANTX,cypher,True,100,50,0,0,0,7,True
967.200,4142,ACTIVE_ROUND,8,3,4,,0.467,,MiniBoo,Team Heretics,raze,True,100,25,0,2,1,6,False,RieNs,Team Heretics,fade,True,100,50,1,1,0,7,True,Boo,Team Heretics,omen,True,100,25,2,1,1,0,False,benjyfishy,Team Heretics,deadlock,True,100,25,0,0,1,4,False,Wo0t,Team Heretics,chamber,True,100,50,0,8,0,1,False,grubinho,GIANTX,omen,True,100,50,0,1,0,1,False,ara,GIANTX,raze,True,100,50,0,0,0,3,False,Cloud,GIANTX,fade,False,,50,0,0,0,4,False,Flickless,GIANTX,viper,True,100,50,1,0,0,7,True,westside,GIANTX,cypher,True,100,50,0,0,0,7,True
967.433,4143,ACTIVE_ROUND,8,3,4,,0.701,,MiniBoo,Team Heretics,raze,True,100,25,0,2,1,6,False,RieNs,Team Heretics,fade,True,100,50,1,1,0,7,True,Boo,Team Heretics,omen,True,100,25,2,1,1,0,False,benjyfishy,Team Heretics,deadlock,True,100,25,0,0,1,4,False,Wo0t,Team Heretics,chamber,True,100,50,0,8,0,1,False,grubinho,GIANTX,omen,True,100,50,0,1,0,1,False,ara,GIANTX,raze,True,100,50,0,0,0,3,False,Cloud,GIANTX,fade,False,,50,0,0,0,4,False,Flickless,GIANTX,viper,True,100,50,1,0,0,7,True,westside,GIANTX,cypher,True,100,50,0,0,0,7,True
967.667,4144,ACTIVE_ROUND,8,3,4,,0.934,,MiniBoo,Team Heretics,raze,True,100,25,0,2,1,6,False,RieNs,Team Heretics,fade,True,100,50,1,1,0,7,True,Boo,Team Heretics,omen,True,100,25,2,1,1,0,False,benjyfishy,Team Heretics,deadlock,True,100,25,0,0,1,4,False,Wo0t,Team Heretics,chamber,True,100,50,0,8,0,1,False,grubinho,GIANTX,omen,True,100,50,0,1,0,1,False,ara,GIANTX,raze,True,100,50,0,0,0,3,False,Cloud,GIANTX,fade,False,,50,0,0,0,4,False,Flickless,GIANTX,viper,True,100,50,1,0,0,7,True,westside,GIANTX,cypher,True,100,50,0,0,0,7,True
967.900,4145,ACTIVE_ROUND,8,3,4,,1.168,,MiniBoo,Team Heretics,raze,True,100,25,0,2,1,6,False,RieNs,Team Heretics,fade,True,100,50,1,1,0,7,True,Boo,Team Heretics,omen,True,100,25,2,1,1,0,False,benjyfishy,Team Heretics,deadlock,True,100,25,0,0,1,4,False,Wo0t,Team Heretics,chamber,True,100,50,0,8,0,1,False,grubinho,GIANTX,omen,True,100,50,0,1,0,1,False,ara,GIANTX,raze,True,100,50,0,0,0,3,False,Cloud,GIANTX,fade,False,,50,0,0,0,4,False,Flickless,GIANTX,viper,True,100,50,1,0,0,7,True,westside,GIANTX,cypher,True,100,50,0,0,0,7,True
968.134,4146,ACTIVE_ROUND,8,3,4,,1.401,,MiniBoo,Team Heretics,raze,True,100,25,0,2,1,6,False,RieNs,Team Heretics,fade,True,100,50,1,1,0,7,True,Boo,Team Heretics,omen,True,100,25,2,1,1,0,False,benjyfishy,Team Heretics,deadlock,True,100,25,0,0,1,4,False,Wo0t,Team Heretics,chamber,True,100,50,0,8,0,1,False,grubinho,GIANTX,omen,True,100,50,0,1,0,1,False,ara,GIANTX,raze,True,100,50,0,0,0,3,False,Cloud,GIANTX,fade,False,,50,0,0,0,4,False,Flickless,GIANTX,viper,True,100,50,1,0,0,7,True,westside,GIANTX,cypher,True,100,50,0,0,0,7,True
968.367,4147,ACTIVE_ROUND,8,3,4,,1.635,,MiniBoo,Team Heretics,raze,True,100,25,0,2,1,6,False,RieNs,Team Heretics,fade,True,100,50,1,1,0,7,True,Boo,Team Heretics,omen,True,100,25,2,1,1,0,False,benjyfishy,Team Heretics,deadlock,True,100,25,0,0,1,4,False,Wo0t,Team Heretics,chamber,True,100,50,0,8,0,1,False,grubinho,GIANTX,omen,True,100,50,0,1,0,1,False,ara,GIANTX,raze,True,100,50,0,0,0,3,False,Cloud,GIANTX,fade,False,,50,0,0,0,4,False,Flickless,GIANTX,viper,True,100,50,1,0,0,7,True,westside,GIANTX,cypher,True,100,50,0,0,0,7,True
968.601,4148,ACTIVE_ROUND,8,3,4,,1.869,,MiniBoo,Team Heretics,raze,True,100,25,0,2,1,6,False,RieNs,Team Heretics,fade,True,100,50,1,1,0,7,True,Boo,Team Heretics,omen,True,100,25,2,1,1,0,False,benjyfishy,Team Heretics,deadlock,True,100,25,0,0,1,4,False,Wo0t,Team Heretics,chamber,True,100,50,0,8,0,1,False,grubinho,GIANTX,omen,True,100,50,0,1,0,1,False,ara,GIANTX,raze,True,100,50,0,0,0,3,False,Cloud,GIANTX,fade,False,,50,0,0,0,4,False,Flickless,GIANTX,viper,True,100,50,1,0,0,7,True,westside,GIANTX,cypher,True,100,50,0,0,0,7,True
968.835,4149,ACTIVE_ROUND,8,3,4,,2.102,,MiniBoo,Team Heretics,raze,True,100,25,0,2,1,6,False,RieNs,Team Heretics,fade,True,100,50,1,1,0,7,True,Boo,Team Heretics,omen,True,100,25,2,1,1,0,False,benjyfishy,Team Heretics,deadlock,True,100,25,0,0,1,4,False,Wo0t,Team Heretics,chamber,True,100,50,0,8,0,1,False,grubinho,GIANTX,omen,True,100,50,0,1,0,1,False,ara,GIANTX,raze,True,100,50,0,0,0,3,False,Cloud,GIANTX,fade,False,,50,0,0,0,4,False,Flickless,GIANTX,viper,True,100,50,1,0,0,7,True,westside,GIANTX,cypher,True,100,50,0,0,0,7,True
969.068,4150,ACTIVE_ROUND,8,3,4,,2.336,,MiniBoo,Team Heretics,raze,True,100,25,0,2,1,6,False,RieNs,Team Heretics,fade,True,100,50,1,1,0,7,True,Boo,Team Heretics,omen,True,100,25,2,1,1,0,False,benjyfishy,Team Heretics,deadlock,True,100,25,0,0,1,4,False,Wo0t,Team Heretics,chamber,True,100,50,0,8,0,1,False,grubinho,GIANTX,omen,True,100,50,0,1,0,1,False,ara,GIANTX,raze,True,100,50,0,0,0,3,False,Cloud,GIANTX,fade,False,,50,0,0,0,4,False,Flickless,GIANTX,viper,True,100,50,1,0,0,7,True,westside,GIANTX,cypher,True,100,50,0,0,0,7,True
969.302,4151,ACTIVE_ROUND,8,3,4,,2.569,,MiniBoo,Team Heretics,raze,True,100,25,0,2,1,6,False,RieNs,Team Heretics,fade,True,100,50,1,1,0,7,True,Boo,Team Heretics,omen,True,100,25,2,1,1,0,False,benjyfishy,Team Heretics,deadlock,True,100,25,0,0,1,4,False,Wo0t,Team Heretics,chamber,True,100,50,0,8,0,1,False,grubinho,GIANTX,omen,True,100,50,0,1,0,1,False,ara,GIANTX,raze,True,100,50,0,0,0,3,False,Cloud,GIANTX,fade,False,,50,0,0,0,4,False,Flickless,GIANTX,viper,True,100,50,1,0,0,7,True,westside,GIANTX,cypher,True,100,50,0,0,0,7,True
969.535,4152,ACTIVE_ROUND,8,3,4,,2.803,,MiniBoo,Team Heretics,raze,True,100,25,0,2,1,6,False,RieNs,Team Heretics,fade,True,100,50,1,1,0,7,True,Boo,Team Heretics,omen,True,100,25,2,1,1,0,False,benjyfishy,Team Heretics,deadlock,True,100,25,0,0,1,4,False,Wo0t,Team Heretics,chamber,True,100,50,0,8,0,1,False,grubinho,GIANTX,omen,True,100,50,0,1,0,1,False,ara,GIANTX,raze,True,100,50,0,0,0,3,False,Cloud,GIANTX,fade,False,,50,0,0,0,4,False,Flickless,GIANTX,viper,True,100,50,1,0,0,7,True,westside,GIANTX,cypher,True,100,50,0,0,0,7,True
969.769,4153,ACTIVE_ROUND,8,3,4,,3.036,,MiniBoo,Team Heretics,raze,True,100,25,0,2,1,6,False,RieNs,Team Heretics,fade,True,100,50,1,1,0,7,True,Boo,Team Heretics,omen,True,100,25,2,1,1,0,False,benjyfishy,Team Heretics,deadlock,True,100,25,0,0,1,4,False,Wo0t,Team Heretics,chamber,True,100,50,0,8,0,1,False,grubinho,GIANTX,omen,True,100,50,0,1,0,1,False,ara,GIANTX,raze,True,100,50,0,0,0,3,False,Cloud,GIANTX,fade,False,,50,0,0,0,4,False,Flickless,GIANTX,viper,True,100,50,1,0,0,7,True,westside,GIANTX,cypher,True,100,50,0,0,0,7,True
970.002,4154,ACTIVE_ROUND,8,3,4,,3.270,,MiniBoo,Team Heretics,raze,True,100,25,0,2,1,6,False,RieNs,Team Heretics,fade,True,100,50,1,1,0,7,True,Boo,Team Heretics,omen,True,100,25,2,1,1,0,False,benjyfishy,Team Heretics,deadlock,True,100,25,0,0,1,4,False,Wo0t,Team Heretics,chamber,True,100,50,0,8,0,1,False,grubinho,GIANTX,omen,True,100,50,0,1,0,1,False,ara,GIANTX,raze,True,100,50,0,0,0,3,False,Cloud,GIANTX,fade,False,,50,0,0,0,4,False,Flickless,GIANTX,viper,True,100,50,1,0,0,7,True,westside,GIANTX,cypher,True,100,50,0,0,0,7,True
970.236,4155,ACTIVE_ROUND,8,3,4,,3.504,,MiniBoo,Team Heretics,raze,True,100,25,0,2,1,6,False,RieNs,Team Heretics,fade,True,100,50,1,1,0,7,True,Boo,Team Heretics,omen,True,100,25,2,1,1,0,False,benjyfishy,Team Heretics,deadlock,True,100,25,0,0,1,4,False,Wo0t,Team Heretics,chamber,True,100,50,0,8,0,1,False,grubinho,GIANTX,omen,True,100,50,0,1,0,1,False,ara,GIANTX,raze,True,100,50,0,0,0,3,False,Cloud,GIANTX,fade,False,,50,0,0,0,4,False,Flickless,GIANTX,viper,True,100,50,1,0,0,7,True,westside,GIANTX,cypher,True,100,50,0,0,0,7,True
970.470,4156,ACTIVE_ROUND,8,3,4,,3.737,,MiniBoo,Team Heretics,raze,True,100,25,0,2,1,6,False,RieNs,Team Heretics,fade,True,100,50,1,1,0,7,True,Boo,Team Heretics,omen,True,100,25,2,1,1,0,False,benjyfishy,Team Heretics,deadlock,True,100,25,0,0,1,4,False,Wo0t,Team Heretics,chamber,True,100,50,0,8,0,1,False,grubinho,GIANTX,omen,True,100,50,0,1,0,1,False,ara,GIANTX,raze,True,100,50,0,0,0,3,False,Cloud,GIANTX,fade,False,,50,0,0,0,4,False,Flickless,GIANTX,viper,True,100,50,1,0,0,7,True,westside,GIANTX,cypher,True,100,50,0,0,0,7,True
970.703,4157,ACTIVE_ROUND,8,3,4,,3.971,,MiniBoo,Team Heretics,raze,True,100,25,0,2,1,6,False,RieNs,Team Heretics,fade,True,100,50,1,1,0,7,True,Boo,Team Heretics,omen,True,100,25,2,1,1,0,False,benjyfishy,Team Heretics,deadlock,True,100,25,0,0,1,4,False,Wo0t,Team Heretics,chamber,True,100,50,0,8,0,1,False,grubinho,GIANTX,omen,True,100,50,0,1,0,1,False,ara,GIANTX,raze,True,100,50,0,0,0,3,False,Cloud,GIANTX,fade,False,,50,0,0,0,4,False,Flickless,GIANTX,viper,True,100,50,1,0,0,7,True,westside,GIANTX,cypher,True,100,50,0,0,0,7,True
970.937,4158,ACTIVE_ROUND,8,3,4,,4.204,,MiniBoo,Team Heretics,raze,True,100,25,0,2,1,6,False,RieNs,Team Heretics,fade,True,100,50,1,1,0,7,True,Boo,Team Heretics,omen,True,100,25,2,1,1,0,False,benjyfishy,Team Heretics,deadlock,True,100,25,0,0,1,4,False,Wo0t,Team Heretics,chamber,True,100,50,0,8,0,1,False,grubinho,GIANTX,omen,True,100,50,0,1,0,1,False,ara,GIANTX,raze,True,100,50,0,0,0,3,False,Cloud,GIANTX,fade,False,,50,0,0,0,4,False,Flickless,GIANTX,viper,True,100,50,1,0,0,7,True,westside,GIANTX,cypher,True,100,50,0,0,0,7,True
971.170,4159,ACTIVE_ROUND,8,3,4,,4.438,,MiniBoo,Team Heretics,raze,True,100,25,0,2,1,6,False,RieNs,Team Heretics,fade,True,100,50,1,1,0,7,True,Boo,Team Heretics,omen,True,100,25,2,1,1,0,False,benjyfishy,Team Heretics,deadlock,True,100,25,0,0,1,4,False,Wo0t,Team Heretics,chamber,True,100,50,0,8,0,1,False,grubinho,GIANTX,omen,True,100,50,0,1,0,1,False,ara,GIANTX,raze,True,100,50,0,0,0,3,False,Cloud,GIANTX,fade,False,,50,0,0,0,4,False,Flickless,GIANTX,viper,True,100,50,1,0,0,7,True,westside,GIANTX,cypher,True,100,50,0,0,0,7,True
971.404,4160,ACTIVE_ROUND,8,3,4,,4.671,,MiniBoo,Team Heretics,raze,True,100,25,0,2,1,6,False,RieNs,Team Heretics,fade,True,100,50,1,1,0,7,True,Boo,Team Heretics,omen,True,100,25,2,1,1,0,False,benjyfishy,Team Heretics,deadlock,True,100,25,0,0,1,4,False,Wo0t,Team Heretics,chamber,True,100,50,0,8,0,1,False,grubinho,GIANTX,omen,True,100,50,0,1,0,1,False,ara,GIANTX,raze,True,100,50,0,0,0,3,False,Cloud,GIANTX,fade,False,,50,0,0,0,4,False,Flickless,GIANTX,viper,True,100,50,1,0,0,7,True,westside,GIANTX,cypher,True,100,50,0,0,0,7,True
971.637,4161,ACTIVE_ROUND,8,3,4,,4.905,,MiniBoo,Team Heretics,raze,True,100,25,0,2,1,6,False,RieNs,Team Heretics,fade,True,100,50,1,1,0,7,True,Boo,Team Heretics,omen,True,100,25,2,1,1,0,False,benjyfishy,Team Heretics,deadlock,True,100,25,0,0,1,4,False,Wo0t,Team Heretics,chamber,True,100,50,0,8,0,1,False,grubinho,GIANTX,omen,True,100,50,0,1,0,1,False,ara,GIANTX,raze,True,100,50,0,0,0,3,False,Cloud,GIANTX,fade,False,,50,0,0,0,4,False,Flickless,GIANTX,viper,True,100,50,1,0,0,7,True,westside,GIANTX,cypher,True,100,50,0,0,0,7,True
971.871,4162,ACTIVE_ROUND,8,3,4,,5.138,,MiniBoo,Team Heretics,raze,True,100,25,0,2,1,6,False,RieNs,Team Heretics,fade,True,100,50,1,1,0,7,True,Boo,Team Heretics,omen,True,100,25,2,1,1,0,False,benjyfishy,Team Heretics,deadlock,True,100,25,0,0,1,4,False,Wo0t,Team Heretics,chamber,True,100,50,0,8,0,1,False,grubinho,GIANTX,omen,True,100,50,0,1,0,1,False,ara,GIANTX,raze,True,100,50,0,0,0,3,False,Cloud,GIANTX,fade,False,,50,0,0,0,4,False,Flickless,GIANTX,viper,True,100,50,1,0,0,7,True,westside,GIANTX,cypher,True,100,50,0,0,0,7,True
972.104,4163,ACTIVE_ROUND,8,3,4,,5.372,,MiniBoo,Team Heretics,raze,True,100,25,0,2,1,6,False,RieNs,Team Heretics,fade,True,100,50,1,1,0,7,True,Boo,Team Heretics,omen,True,100,25,2,1,1,0,False,benjyfishy,Team Heretics,deadlock,True,100,25,0,0,1,4,False,Wo0t,Team Heretics,chamber,True,100,50,0,8,0,1,False,grubinho,GIANTX,omen,True,100,50,0,1,0,1,False,ara,GIANTX,raze,True,100,50,0,0,0,3,False,Cloud,GIANTX,fade,False,,50,0,0,0,4,False,Flickless,GIANTX,viper,True,100,50,1,0,0,7,True,westside,GIANTX,cypher,True,100,50,0,0,0,7,True
972.338,4164,ACTIVE_ROUND,8,3,4,,5.606,,MiniBoo,Team Heretics,raze,True,100,25,0,2,1,6,False,RieNs,Team Heretics,fade,True,100,50,1,1,0,7,True,Boo,Team Heretics,omen,True,100,25,2,1,1,0,False,benjyfishy,Team Heretics,deadlock,True,100,25,0,0,1,4,False,Wo0t,Team Heretics,chamber,True,100,50,0,8,0,1,False,grubinho,GIANTX,omen,True,100,50,0,1,0,1,False,ara,GIANTX,raze,True,100,50,0,0,0,3,False,Cloud,GIANTX,fade,False,,50,0,0,0,4,False,Flickless,GIANTX,viper,True,100,50,1,0,0,7,True,westside,GIANTX,cypher,True,100,50,0,0,0,7,True
972.572,4165,ACTIVE_ROUND,8,3,4,,5.839,,MiniBoo,Team Heretics,raze,True,100,25,0,2,1,6,False,RieNs,Team Heretics,fade,True,100,50,1,1,0,7,True,Boo,Team Heretics,omen,True,100,25,2,1,1,0,False,benjyfishy,Team Heretics,deadlock,True,100,25,0,0,1,4,False,Wo0t,Team Heretics,chamber,True,100,50,0,8,0,1,False,grubinho,GIANTX,omen,True,100,50,0,1,0,1,False,ara,GIANTX,raze,True,100,50,0,0,0,3,False,Cloud,GIANTX,fade,False,,50,0,0,0,4,False,Flickless,GIANTX,viper,True,100,50,1,0,0,7,True,westside,GIANTX,cypher,True,100,50,0,0,0,7,True
972.805,4166,ACTIVE_ROUND,8,3,4,,6.073,,MiniBoo,Team Heretics,raze,True,100,25,0,2,1,6,False,RieNs,Team Heretics,fade,True,100,50,1,1,0,7,True,Boo,Team Heretics,omen,True,100,25,2,1,1,0,False,benjyfishy,Team Heretics,deadlock,True,100,25,0,0,1,4,False,Wo0t,Team Heretics,chamber,True,100,50,0,8,0,1,False,grubinho,GIANTX,omen,True,100,50,0,1,0,1,False,ara,GIANTX,raze,True,100,50,0,0,0,3,False,Cloud,GIANTX,fade,False,,50,0,0,0,4,False,Flickless,GIANTX,viper,True,100,50,1,0,0,7,True,westside,GIANTX,cypher,True,100,50,0,0,0,7,True
973.039,4167,ACTIVE_ROUND,8,3,4,,6.306,,MiniBoo,Team Heretics,raze,True,100,25,0,2,1,6,False,RieNs,Team Heretics,fade,True,100,50,1,1,0,7,True,Boo,Team Heretics,omen,True,100,25,2,1,1,0,False,benjyfishy,Team Heretics,deadlock,True,100,25,0,0,1,4,False,Wo0t,Team Heretics,chamber,True,100,50,0,8,0,1,False,grubinho,GIANTX,omen,True,100,50,0,1,0,1,False,ara,GIANTX,raze,True,100,50,0,0,0,3,False,Cloud,GIANTX,fade,False,,50,0,0,0,4,False,Flickless,GIANTX,viper,True,100,50,1,0,0,7,True,westside,GIANTX,cypher,True,100,50,0,0,0,7,True
973.272,4168,ACTIVE_ROUND,8,3,4,,6.540,,MiniBoo,Team Heretics,raze,True,100,25,0,2,1,6,False,RieNs,Team Heretics,fade,True,100,50,1,1,0,7,True,Boo,Team Heretics,omen,True,100,25,2,1,1,0,False,benjyfishy,Team Heretics,deadlock,True,100,25,0,0,1,4,False,Wo0t,Team Heretics,chamber,True,100,50,0,8,0,1,False,grubinho,GIANTX,omen,True,100,50,0,1,0,1,False,ara,GIANTX,raze,True,100,50,0,0,0,3,False,Cloud,GIANTX,fade,False,,50,0,0,0,4,False,Flickless,GIANTX,viper,True,100,50,1,0,0,7,True,westside,GIANTX,cypher,True,100,50,0,0,0,7,True
973.506,4169,ACTIVE_ROUND,8,3,4,,6.773,,MiniBoo,Team Heretics,raze,True,100,25,0,2,1,6,False,RieNs,Team Heretics,fade,True,100,50,1,1,0,7,True,Boo,Team Heretics,omen,True,100,25,2,1,1,0,False,benjyfishy,Team Heretics,deadlock,True,100,25,0,0,1,4,False,Wo0t,Team Heretics,chamber,True,100,50,0,8,0,1,False,grubinho,GIANTX,omen,True,100,50,0,1,0,1,False,ara,GIANTX,raze,True,100,50,0,0,0,3,False,Cloud,GIANTX,fade,False,,50,0,0,0,4,False,Flickless,GIANTX,viper,True,100,50,1,0,0,7,True,westside,GIANTX,cypher,True,100,50,0,0,0,7,True
973.739,4170,ACTIVE_ROUND,8,3,4,,7.007,,MiniBoo,Team Heretics,raze,True,100,25,0,2,1,6,False,RieNs,Team Heretics,fade,True,100,50,1,1,0,7,True,Boo,Team Heretics,omen,True,100,25,2,1,1,0,False,benjyfishy,Team Heretics,deadlock,True,100,25,0,0,1,4,False,Wo0t,Team Heretics,chamber,True,100,50,0,8,0,1,False,grubinho,GIANTX,omen,True,100,50,0,1,0,1,False,ara,GIANTX,raze,True,100,50,0,0,0,3,False,Cloud,GIANTX,fade,False,,50,0,0,0,4,False,Flickless,GIANTX,viper,True,100,50,1,0,0,7,True,westside,GIANTX,cypher,True,100,50,0,0,0,7,True
973.973,4171,ACTIVE_ROUND,8,3,4,,7.241,,MiniBoo,Team Heretics,raze,True,100,25,0,2,1,6,False,RieNs,Team Heretics,fade,True,100,50,1,1,0,7,True,Boo,Team Heretics,omen,True,100,25,2,1,1,0,False,benjyfishy,Team Heretics,deadlock,True,100,25,0,0,1,4,False,Wo0t,Team Heretics,chamber,True,100,50,0,8,0,1,False,grubinho,GIANTX,omen,True,100,50,0,1,0,1,False,ara,GIANTX,raze,True,100,50,0,0,0,3,False,Cloud,GIANTX,fade,False,,50,0,0,0,4,False,Flickless,GIANTX,viper,True,100,50,1,0,0,7,True,westside,GIANTX,cypher,True,100,50,0,0,0,7,True
974.207,4172,ACTIVE_ROUND,8,3,4,,7.474,,MiniBoo,Team Heretics,raze,True,100,25,0,2,1,6,False,RieNs,Team Heretics,fade,True,100,50,1,1,0,7,True,Boo,Team Heretics,omen,True,100,25,2,1,1,0,False,benjyfishy,Team Heretics,deadlock,True,100,25,0,0,1,4,False,Wo0t,Team Heretics,chamber,True,100,50,0,8,0,1,False,grubinho,GIANTX,omen,True,100,50,0,1,0,1,False,ara,GIANTX,raze,True,100,50,0,0,0,3,False,Cloud,GIANTX,fade,False,,50,0,0,0,4,False,Flickless,GIANTX,viper,True,100,50,1,0,0,7,True,westside,GIANTX,cypher,True,100,50,0,0,0,7,True
974.440,4173,ACTIVE_ROUND,8,3,4,,7.708,,MiniBoo,Team Heretics,raze,True,100,25,0,2,1,6,False,RieNs,Team Heretics,fade,True,100,50,1,1,0,7,True,Boo,Team Heretics,omen,True,100,25,2,1,1,0,False,benjyfishy,Team Heretics,deadlock,True,100,25,0,0,1,4,False,Wo0t,Team Heretics,chamber,True,100,50,0,8,0,1,False,grubinho,GIANTX,omen,True,100,50,0,1,0,1,False,ara,GIANTX,raze,True,100,50,0,0,0,3,False,Cloud,GIANTX,fade,False,,50,0,0,0,4,False,Flickless,GIANTX,viper,True,100,50,1,0,0,7,True,westside,GIANTX,cypher,True,100,50,0,0,0,7,True
974.674,4174,ACTIVE_ROUND,8,3,4,,7.941,,MiniBoo,Team Heretics,raze,True,100,25,0,2,1,6,False,RieNs,Team Heretics,fade,True,100,50,1,1,0,7,True,Boo,Team Heretics,omen,True,100,25,2,1,1,0,False,benjyfishy,Team Heretics,deadlock,True,100,25,0,0,1,4,False,Wo0t,Team Heretics,chamber,True,100,50,0,8,0,1,False,grubinho,GIANTX,omen,True,100,50,0,1,0,1,False,ara,GIANTX,raze,True,100,50,0,0,0,3,False,Cloud,GIANTX,fade,False,,50,0,0,0,4,False,Flickless,GIANTX,viper,True,100,50,1,0,0,7,True,westside,GIANTX,cypher,True,100,50,0,0,0,7,True
974.907,4175,ACTIVE_ROUND,8,3,4,,8.175,,MiniBoo,Team Heretics,raze,True,100,25,0,2,1,6,False,RieNs,Team Heretics,fade,True,100,50,1,1,0,7,True,Boo,Team Heretics,omen,True,100,25,2,1,1,0,False,benjyfishy,Team Heretics,deadlock,True,100,25,0,0,1,4,False,Wo0t,Team Heretics,chamber,True,100,50,0,8,0,1,False,grubinho,GIANTX,omen,True,100,50,0,1,0,1,False,ara,GIANTX,raze,True,100,50,0,0,0,3,False,Cloud,GIANTX,fade,False,,50,0,0,0,4,False,Flickless,GIANTX,viper,True,100,50,1,0,0,7,True,westside,GIANTX,cypher,True,100,50,0,0,0,7,True
975.141,4176,ACTIVE_ROUND,8,3,4,,8.408,,MiniBoo,Team Heretics,raze,True,100,25,0,2,1,6,False,RieNs,Team Heretics,fade,True,100,50,1,1,0,7,True,Boo,Team Heretics,omen,True,100,25,2,1,1,0,False,benjyfishy,Team Heretics,deadlock,True,100,25,0,0,1,4,False,Wo0t,Team Heretics,chamber,True,100,50,0,8,0,1,False,grubinho,GIANTX,omen,True,100,50,0,1,1,1,False,ara,GIANTX,raze,True,100,50,0,0,0,3,False,Cloud,GIANTX,fade,False,,50,0,0,0,4,False,Flickless,GIANTX,viper,True,100,50,1,0,0,7,True,westside,GIANTX,cypher,True,100,50,0,0,0,7,True
975.374,4177,ACTIVE_ROUND,8,3,4,,8.642,,MiniBoo,Team Heretics,raze,True,100,25,0,2,1,6,False,RieNs,Team Heretics,fade,True,100,50,1,1,0,7,True,Boo,Team Heretics,omen,True,100,25,2,1,1,0,False,benjyfishy,Team Heretics,deadlock,True,100,25,0,0,1,4,False,Wo0t,Team Heretics,chamber,True,100,50,0,8,0,1,False,grubinho,GIANTX,omen,True,100,50,0,1,1,1,False,ara,GIANTX,raze,True,100,50,0,0,0,3,False,Cloud,GIANTX,fade,False,,50,0,0,0,4,False,Flickless,GIANTX,viper,True,100,50,1,0,0,7,True,westside,GIANTX,cypher,True,100,50,0,0,0,7,True
975.608,4178,ACTIVE_ROUND,8,3,4,,8.876,,MiniBoo,Team Heretics,raze,True,100,25,0,2,1,6,False,RieNs,Team Heretics,fade,True,100,50,1,1,0,7,True,Boo,Team Heretics,omen,True,100,25,2,1,1,0,False,benjyfishy,Team Heretics,deadlock,True,100,25,0,0,1,4,False,Wo0t,Team Heretics,chamber,True,100,50,0,8,0,1,False,grubinho,GIANTX,omen,True,100,50,0,1,1,1,False,ara,GIANTX,raze,True,100,50,0,0,0,3,False,Cloud,GIANTX,fade,False,,50,0,0,0,4,False,Flickless,GIANTX,viper,True,100,50,1,0,0,7,True,westside,GIANTX,cypher,True,100,50,0,0,0,7,True
975.842,4179,ACTIVE_ROUND,8,3,4,,9.109,,MiniBoo,Team Heretics,raze,True,100,25,0,2,1,6,False,RieNs,Team Heretics,fade,True,100,50,1,1,0,7,True,Boo,Team Heretics,omen,True,100,25,2,1,1,0,False,benjyfishy,Team Heretics,deadlock,True,100,25,0,0,1,4,False,Wo0t,Team Heretics,chamber,True,100,50,0,8,0,1,False,grubinho,GIANTX,omen,True,100,50,0,1,1,1,False,ara,GIANTX,raze,True,100,50,0,0,0,3,False,Cloud,GIANTX,fade,False,,50,0,0,0,4,False,Flickless,GIANTX,viper,True,100,50,1,0,0,7,True,westside,GIANTX,cypher,True,100,50,0,0,0,7,True
976.075,4180,ACTIVE_ROUND,8,3,4,,9.343,,MiniBoo,Team Heretics,raze,True,100,25,0,2,1,6,False,RieNs,Team Heretics,fade,True,100,50,1,1,0,7,True,Boo,Team Heretics,omen,True,100,25,2,1,1,0,False,benjyfishy,Team Heretics,deadlock,True,100,25,0,0,1,4,False,Wo0t,Team Heretics,chamber,True,100,50,0,8,0,1,False,grubinho,GIANTX,omen,True,100,50,0,1,1,1,False,ara,GIANTX,raze,True,100,50,0,0,0,3,False,Cloud,GIANTX,fade,False,,50,0,0,0,4,False,Flickless,GIANTX,viper,True,100,50,1,0,0,7,True,westside,GIANTX,cypher,True,100,50,0,0,0,7,True
976.309,4181,ACTIVE_ROUND,8,3,4,,9.576,,MiniBoo,Team Heretics,raze,True,100,25,0,2,1,6,False,RieNs,Team Heretics,fade,True,100,50,1,1,0,7,True,Boo,Team Heretics,omen,True,100,25,2,1,1,0,False,benjyfishy,Team Heretics,deadlock,True,100,25,0,0,1,4,False,Wo0t,Team Heretics,chamber,True,100,50,0,8,0,1,False,grubinho,GIANTX,omen,True,100,50,0,1,1,1,False,ara,GIANTX,raze,True,100,50,0,0,0,3,False,Cloud,GIANTX,fade,False,,50,0,0,0,4,False,Flickless,GIANTX,viper,True,100,50,1,0,0,7,True,westside,GIANTX,cypher,True,100,50,0,0,0,7,True
976.542,4182,ACTIVE_ROUND,8,3,4,,9.810,,MiniBoo,Team Heretics,raze,True,100,25,0,2,1,6,False,RieNs,Team Heretics,fade,True,100,50,1,1,0,7,True,Boo,Team Heretics,omen,True,100,25,2,1,1,0,False,benjyfishy,Team Heretics,deadlock,True,100,25,0,0,1,4,False,Wo0t,Team Heretics,chamber,True,100,50,0,8,0,1,False,grubinho,GIANTX,omen,True,100,50,0,1,1,1,False,ara,GIANTX,raze,True,100,50,0,0,0,3,False,Cloud,GIANTX,fade,False,,50,0,0,0,4,False,Flickless,GIANTX,viper,True,100,50,1,0,0,7,True,westside,GIANTX,cypher,True,100,50,0,0,0,7,True
976.776,4183,ACTIVE_ROUND,8,3,4,,10.043,,MiniBoo,Team Heretics,raze,True,100,25,0,2,1,6,False,RieNs,Team Heretics,fade,True,100,50,1,1,0,7,True,Boo,Team Heretics,omen,True,100,25,2,1,1,0,False,benjyfishy,Team Heretics,deadlock,True,100,25,0,0,1,4,False,Wo0t,Team Heretics,chamber,True,100,50,0,8,0,1,False,grubinho,GIANTX,omen,True,100,50,0,1,1,1,False,ara,GIANTX,raze,True,100,50,0,0,0,3,False,Cloud,GIANTX,fade,False,,50,0,0,0,4,False,Flickless,GIANTX,viper,True,100,50,1,0,0,7,True,westside,GIANTX,cypher,True,100,50,0,0,0,7,True
977.009,4184,ACTIVE_ROUND,8,3,4,,10.277,,MiniBoo,Team Heretics,raze,True,100,25,0,2,1,6,False,RieNs,Team Heretics,fade,True,100,50,1,1,0,7,True,Boo,Team Heretics,omen,True,100,25,2,1,1,0,False,benjyfishy,Team Heretics,deadlock,True,100,25,0,0,1,4,False,Wo0t,Team Heretics,chamber,True,100,50,0,8,0,1,False,grubinho,GIANTX,omen,True,100,50,0,1,1,1,False,ara,GIANTX,raze,True,100,50,0,0,0,3,False,Cloud,GIANTX,fade,False,,50,0,0,0,4,False,Flickless,GIANTX,viper,True,100,50,1,0,0,7,True,westside,GIANTX,cypher,True,100,50,0,0,0,7,True
977.243,4185,ACTIVE_ROUND,8,3,4,,10.510,,MiniBoo,Team Heretics,raze,True,100,25,0,2,1,6,False,RieNs,Team Heretics,fade,True,100,50,1,1,0,7,True,Boo,Team Heretics,omen,True,100,25,2,1,1,0,False,benjyfishy,Team Heretics,deadlock,True,100,25,0,0,1,4,False,Wo0t,Team Heretics,chamber,True,100,50,0,8,1,1,False,grubinho,GIANTX,omen,True,100,50,0,1,1,1,False,ara,GIANTX,raze,True,100,50,0,0,0,3,False,Cloud,GIANTX,fade,False,,50,0,0,0,4,False,Flickless,GIANTX,viper,True,100,50,1,0,0,7,True,westside,GIANTX,cypher,True,100,50,0,0,0,7,True
977.476,4186,ACTIVE_ROUND,8,3,4,,10.744,,MiniBoo,Team Heretics,raze,True,100,25,0,2,1,6,False,RieNs,Team Heretics,fade,True,100,50,1,1,0,7,True,Boo,Team Heretics,omen,True,100,25,2,1,1,0,False,benjyfishy,Team Heretics,deadlock,True,100,25,0,0,1,4,False,Wo0t,Team Heretics,chamber,True,100,50,0,8,1,1,False,grubinho,GIANTX,omen,True,100,50,0,1,1,1,False,ara,GIANTX,raze,True,100,50,0,0,0,3,False,Cloud,GIANTX,fade,False,,50,0,0,0,4,False,Flickless,GIANTX,viper,True,100,50,1,0,0,7,True,westside,GIANTX,cypher,True,100,50,0,0,0,7,True
977.710,4187,ACTIVE_ROUND,8,3,4,,10.978,,MiniBoo,Team Heretics,raze,True,100,25,0,2,1,6,False,RieNs,Team Heretics,fade,True,100,50,1,1,0,7,True,Boo,Team Heretics,omen,True,100,25,2,1,1,0,False,benjyfishy,Team Heretics,deadlock,True,100,25,0,0,1,4,False,Wo0t,Team Heretics,chamber,True,100,50,0,8,1,1,False,grubinho,GIANTX,omen,True,100,50,0,1,1,1,False,ara,GIANTX,raze,True,100,50,0,0,0,3,False,Cloud,GIANTX,fade,False,,50,0,0,0,4,False,Flickless,GIANTX,viper,True,100,50,1,0,0,7,True,westside,GIANTX,cypher,True,100,50,0,0,0,7,True
977.944,4188,ACTIVE_ROUND,8,3,4,,11.211,,MiniBoo,Team Heretics,raze,True,100,25,0,2,1,6,False,RieNs,Team Heretics,fade,True,100,50,1,1,0,7,True,Boo,Team Heretics,omen,True,100,25,2,1,1,0,False,benjyfishy,Team Heretics,deadlock,True,100,25,0,0,1,4,False,Wo0t,Team Heretics,chamber,True,100,50,0,8,1,1,False,grubinho,GIANTX,omen,True,100,50,0,1,1,1,False,ara,GIANTX,raze,True,100,50,0,0,0,3,False,Cloud,GIANTX,fade,False,,50,0,0,0,4,False,Flickless,GIANTX,viper,True,100,50,1,0,0,7,True,westside,GIANTX,cypher,True,100,50,0,0,0,7,True
978.177,4189,ACTIVE_ROUND,8,3,4,,11.445,,MiniBoo,Team Heretics,raze,True,100,25,0,2,1,6,False,RieNs,Team Heretics,fade,True,100,50,1,1,0,7,True,Boo,Team Heretics,omen,True,100,25,2,1,1,0,False,benjyfishy,Team Heretics,deadlock,True,100,25,0,0,1,4,False,Wo0t,Team Heretics,chamber,True,100,50,0,8,1,1,False,grubinho,GIANTX,omen,True,100,50,0,1,0,1,False,ara,GIANTX,raze,True,100,50,0,0,0,3,False,Cloud,GIANTX,fade,False,,50,0,0,0,4,False,Flickless,GIANTX,viper,True,100,50,1,0,0,7,True,westside,GIANTX,cypher,True,100,50,0,0,0,7,True
978.411,4190,ACTIVE_ROUND,8,3,4,,11.678,,MiniBoo,Team Heretics,raze,True,100,25,0,2,1,6,False,RieNs,Team Heretics,fade,True,100,50,1,1,0,7,True,Boo,Team Heretics,omen,True,100,25,2,1,1,0,False,benjyfishy,Team Heretics,deadlock,True,100,25,0,0,1,4,False,Wo0t,Team Heretics,chamber,True,100,50,0,8,1,1,False,grubinho,GIANTX,omen,True,100,50,0,1,0,1,False,ara,GIANTX,raze,True,100,50,0,0,0,3,False,Cloud,GIANTX,fade,False,,50,0,0,0,4,False,Flickless,GIANTX,viper,True,100,50,1,0,0,7,True,westside,GIANTX,cypher,True,100,50,0,0,0,7,True
978.644,4191,ACTIVE_ROUND,8,3,4,,11.912,,MiniBoo,Team Heretics,raze,True,100,25,0,2,1,6,False,RieNs,Team Heretics,fade,True,100,50,1,1,0,7,True,Boo,Team Heretics,omen,True,100,25,2,1,1,0,False,benjyfishy,Team Heretics,deadlock,True,100,25,0,0,1,4,False,Wo0t,Team Heretics,chamber,True,100,50,0,8,1,1,False,grubinho,GIANTX,omen,True,100,50,0,1,0,1,False,ara,GIANTX,raze,True,100,50,0,0,0,3,False,Cloud,GIANTX,fade,False,,50,0,0,0,4,False,Flickless,GIANTX,viper,True,100,50,1,0,0,7,True,westside,GIANTX,cypher,True,100,50,0,0,0,7,True
978.878,4192,ACTIVE_ROUND,8,3,4,,12.145,,MiniBoo,Team Heretics,raze,True,100,25,0,2,1,6,False,RieNs,Team Heretics,fade,True,100,50,1,1,0,7,True,Boo,Team Heretics,omen,True,100,25,2,1,1,0,False,benjyfishy,Team Heretics,deadlock,True,100,25,0,0,1,4,False,Wo0t,Team Heretics,chamber,True,100,50,0,8,1,1,False,grubinho,GIANTX,omen,True,100,50,0,1,0,1,False,ara,GIANTX,raze,True,100,50,0,0,0,3,False,Cloud,GIANTX,fade,False,,50,0,0,0,4,False,Flickless,GIANTX,viper,True,100,50,1,0,0,7,True,westside,GIANTX,cypher,True,100,50,0,0,0,7,True
979.111,4193,ACTIVE_ROUND,8,3,4,,12.379,,MiniBoo,Team Heretics,raze,True,100,25,0,2,1,6,False,RieNs,Team Heretics,fade,True,100,50,1,1,0,7,True,Boo,Team Heretics,omen,True,100,25,2,1,1,0,False,benjyfishy,Team Heretics,deadlock,True,100,25,0,0,1,4,False,Wo0t,Team Heretics,chamber,True,100,50,0,8,1,1,False,grubinho,GIANTX,omen,True,100,50,0,1,0,1,False,ara,GIANTX,raze,True,100,50,0,0,0,3,False,Cloud,GIANTX,fade,False,,50,0,0,0,4,False,Flickless,GIANTX,viper,True,100,50,1,0,0,7,True,westside,GIANTX,cypher,True,100,50,0,0,0,7,True
979.345,4194,ACTIVE_ROUND,8,3,4,,12.613,,MiniBoo,Team Heretics,raze,True,100,25,0,2,1,6,False,RieNs,Team Heretics,fade,True,100,50,1,1,0,7,True,Boo,Team Heretics,omen,True,100,25,2,1,1,0,False,benjyfishy,Team Heretics,deadlock,True,100,25,0,0,1,4,False,Wo0t,Team Heretics,chamber,True,100,50,0,8,1,1,False,grubinho,GIANTX,omen,True,100,50,0,1,0,1,False,ara,GIANTX,raze,True,100,50,0,0,0,3,False,Cloud,GIANTX,fade,False,,50,0,0,0,4,False,Flickless,GIANTX,viper,True,100,50,1,0,0,7,True,westside,GIANTX,cypher,True,100,50,0,0,0,7,True
979.579,4195,ACTIVE_ROUND,8,3,4,,12.846,,MiniBoo,Team Heretics,raze,True,100,25,0,2,1,6,False,RieNs,Team Heretics,fade,True,100,50,1,1,0,7,True,Boo,Team Heretics,omen,True,100,25,2,1,1,0,False,benjyfishy,Team Heretics,deadlock,True,100,25,0,0,1,4,False,Wo0t,Team Heretics,chamber,True,100,50,0,8,1,1,False,grubinho,GIANTX,omen,True,100,50,0,1,0,1,False,ara,GIANTX,raze,True,100,50,0,0,0,3,False,Cloud,GIANTX,fade,False,,50,0,0,0,4,False,Flickless,GIANTX,viper,True,100,50,1,0,0,7,True,westside,GIANTX,cypher,True,100,50,0,0,0,7,True
979.812,4196,ACTIVE_ROUND,8,3,4,,13.080,,MiniBoo,Team Heretics,raze,True,100,25,0,2,1,6,False,RieNs,Team Heretics,fade,True,100,50,1,1,0,7,True,Boo,Team Heretics,omen,True,100,25,2,1,1,0,False,benjyfishy,Team Heretics,deadlock,True,100,25,0,0,1,4,False,Wo0t,Team Heretics,chamber,True,100,50,0,8,1,1,False,grubinho,GIANTX,omen,True,100,50,0,1,0,1,False,ara,GIANTX,raze,True,100,50,0,0,0,3,False,Cloud,GIANTX,fade,False,,50,0,0,0,4,False,Flickless,GIANTX,viper,True,100,50,1,0,0,7,True,westside,GIANTX,cypher,True,100,50,0,0,0,7,True
980.046,4197,ACTIVE_ROUND,8,3,4,,13.313,,MiniBoo,Team Heretics,raze,True,100,25,0,2,1,6,False,RieNs,Team Heretics,fade,True,100,50,1,1,0,7,True,Boo,Team Heretics,omen,True,100,25,2,1,1,0,False,benjyfishy,Team Heretics,deadlock,True,100,25,0,0,1,4,False,Wo0t,Team Heretics,chamber,True,100,50,0,8,1,1,False,grubinho,GIANTX,omen,True,100,50,0,1,0,1,False,ara,GIANTX,raze,True,100,50,0,0,0,3,False,Cloud,GIANTX,fade,False,,50,0,0,0,4,False,Flickless,GIANTX,viper,True,100,50,1,0,0,7,True,westside,GIANTX,cypher,True,100,50,0,0,0,7,True
980.279,4198,ACTIVE_ROUND,8,3,4,,13.547,,MiniBoo,Team Heretics,raze,True,100,25,0,2,1,6,False,RieNs,Team Heretics,fade,True,100,50,1,1,1,7,True,Boo,Team Heretics,omen,True,100,25,2,1,0,0,False,benjyfishy,Team Heretics,deadlock,True,100,25,0,0,1,4,False,Wo0t,Team Heretics,chamber,True,100,50,0,8,1,1,False,grubinho,GIANTX,omen,True,100,50,0,1,0,1,False,ara,GIANTX,raze,True,100,50,0,0,0,3,False,Cloud,GIANTX,fade,False,,50,0,0,0,4,False,Flickless,GIANTX,viper,True,100,50,1,0,0,7,True,westside,GIANTX,cypher,True,100,50,0,0,0,7,True
980.513,4199,ACTIVE_ROUND,8,3,4,,13.780,,MiniBoo,Team Heretics,raze,True,100,25,0,2,1,6,False,RieNs,Team Heretics,fade,True,100,50,1,1,1,7,True,Boo,Team Heretics,omen,True,100,25,2,1,0,0,False,benjyfishy,Team Heretics,deadlock,True,100,25,0,0,1,4,False,Wo0t,Team Heretics,chamber,True,100,50,0,8,1,1,False,grubinho,GIANTX,omen,True,100,50,0,1,0,1,False,ara,GIANTX,raze,True,100,50,0,0,0,3,False,Cloud,GIANTX,fade,False,,50,0,0,0,4,False,Flickless,GIANTX,viper,True,100,50,1,0,0,7,True,westside,GIANTX,cypher,True,100,50,0,0,0,7,True
980.746,4200,ACTIVE_ROUND,8,3,4,,14.014,,MiniBoo,Team Heretics,raze,True,100,25,0,2,1,6,False,RieNs,Team Heretics,fade,True,100,50,1,1,1,7,True,Boo,Team Heretics,omen,True,100,25,2,1,0,0,False,benjyfishy,Team Heretics,deadlock,True,100,25,0,0,1,4,False,Wo0t,Team Heretics,chamber,True,100,50,0,8,1,1,False,grubinho,GIANTX,omen,True,100,50,0,1,0,1,False,ara,GIANTX,raze,True,100,50,0,0,0,3,False,Cloud,GIANTX,fade,False,,50,0,0,0,4,False,Flickless,GIANTX,viper,True,100,50,1,0,0,7,True,westside,GIANTX,cypher,True,100,50,0,0,0,7,True
980.980,4201,ACTIVE_ROUND,8,3,4,,14.248,,MiniBoo,Team Heretics,raze,True,100,25,0,2,1,6,False,RieNs,Team Heretics,fade,True,100,50,1,1,1,7,True,Boo,Team Heretics,omen,True,100,25,2,1,0,0,False,benjyfishy,Team Heretics,deadlock,True,100,25,0,0,1,4,False,Wo0t,Team Heretics,chamber,True,100,50,0,8,1,1,False,grubinho,GIANTX,omen,True,100,50,0,1,0,1,False,ara,GIANTX,raze,True,100,50,0,0,0,3,False,Cloud,GIANTX,fade,False,,50,0,0,0,4,False,Flickless,GIANTX,viper,True,100,50,1,0,0,7,True,westside,GIANTX,cypher,True,100,50,0,0,0,7,True
981.214,4202,ACTIVE_ROUND,8,3,4,,14.481,,MiniBoo,Team Heretics,raze,True,100,25,0,2,1,6,False,RieNs,Team Heretics,fade,True,100,50,1,1,1,0,False,Boo,Team Heretics,omen,True,100,25,2,1,0,0,False,benjyfishy,Team Heretics,deadlock,True,100,25,0,0,1,4,False,Wo0t,Team Heretics,chamber,True,100,50,0,8,1,1,False,grubinho,GIANTX,omen,True,100,50,0,1,0,1,False,ara,GIANTX,raze,True,100,50,0,0,0,3,False,Cloud,GIANTX,fade,False,,50,0,0,0,4,False,Flickless,GIANTX,viper,True,100,50,1,0,0,7,True,westside,GIANTX,cypher,True,100,50,0,0,0,7,True
981.447,4203,ACTIVE_ROUND,8,3,4,,14.715,,MiniBoo,Team Heretics,raze,True,100,25,0,2,1,6,False,RieNs,Team Heretics,fade,True,100,50,1,1,1,0,False,Boo,Team Heretics,omen,True,100,25,2,1,0,0,False,benjyfishy,Team Heretics,deadlock,True,100,25,0,0,1,4,False,Wo0t,Team Heretics,chamber,True,100,50,0,8,1,1,False,grubinho,GIANTX,omen,True,100,50,0,1,0,1,False,ara,GIANTX,raze,True,100,50,0,0,0,3,False,Cloud,GIANTX,fade,False,,50,0,0,0,4,False,Flickless,GIANTX,viper,True,100,50,1,0,0,7,True,westside,GIANTX,cypher,True,100,50,0,0,0,7,True
981.681,4204,ACTIVE_ROUND,8,3,4,,14.948,,MiniBoo,Team Heretics,raze,True,100,25,0,2,1,6,False,RieNs,Team Heretics,fade,True,100,50,1,1,1,0,False,Boo,Team Heretics,omen,True,100,25,2,1,0,0,False,benjyfishy,Team Heretics,deadlock,True,100,25,0,0,1,4,False,Wo0t,Team Heretics,chamber,True,100,50,0,8,1,1,False,grubinho,GIANTX,omen,True,100,50,0,1,0,1,False,ara,GIANTX,raze,True,100,50,0,0,0,3,False,Cloud,GIANTX,fade,False,,50,0,0,0,4,False,Flickless,GIANTX,viper,True,100,50,1,0,0,7,True,westside,GIANTX,cypher,True,100,50,0,0,0,7,True
981.914,4205,ACTIVE_ROUND,8,3,4,,15.182,,MiniBoo,Team Heretics,raze,True,100,25,0,2,1,6,False,RieNs,Team Heretics,fade,True,100,50,1,1,1,0,False,Boo,Team Heretics,omen,True,100,25,2,1,0,0,False,benjyfishy,Team Heretics,deadlock,True,100,25,0,0,1,4,False,Wo0t,Team Heretics,chamber,True,100,50,0,8,1,1,False,grubinho,GIANTX,omen,True,100,50,0,1,0,1,False,ara,GIANTX,raze,True,100,50,0,0,0,3,False,Cloud,GIANTX,fade,False,,50,0,0,0,4,False,Flickless,GIANTX,viper,True,100,50,1,0,0,7,True,westside,GIANTX,cypher,True,100,50,0,0,0,7,True
982.148,4206,ACTIVE_ROUND,8,3,4,,15.415,,MiniBoo,Team Heretics,raze,True,100,25,0,2,1,6,False,RieNs,Team Heretics,fade,True,100,50,1,1,1,0,False,Boo,Team Heretics,omen,True,100,25,2,1,0,0,False,benjyfishy,Team Heretics,deadlock,True,100,25,0,0,1,4,False,Wo0t,Team Heretics,chamber,True,100,50,0,8,1,1,False,grubinho,GIANTX,omen,True,77,1,0,0,0,1,False,ara,GIANTX,raze,True,100,50,0,0,0,3,False,Cloud,GIANTX,fade,False,,50,0,0,0,4,False,Flickless,GIANTX,viper,True,100,8,1,0,0,7,True,westside,GIANTX,cypher,True,100,50,0,0,0,7,True
982.381,4207,ACTIVE_ROUND,8,3,4,,15.649,,MiniBoo,Team Heretics,raze,True,100,25,0,2,1,6,False,RieNs,Team Heretics,fade,True,100,50,1,1,1,0,False,Boo,Team Heretics,omen,True,100,25,2,1,0,0,False,benjyfishy,Team Heretics,deadlock,True,100,25,0,0,1,4,False,Wo0t,Team Heretics,chamber,True,100,50,0,8,1,1,False,grubinho,GIANTX,omen,True,77,1,0,0,0,1,False,ara,GIANTX,raze,True,100,50,0,0,0,3,False,Cloud,GIANTX,fade,False,,50,0,0,0,4,False,Flickless,GIANTX,viper,True,100,8,1,0,0,7,True,westside,GIANTX,cypher,True,100,50,0,0,0,7,True
982.615,4208,ACTIVE_ROUND,8,3,4,,15.883,,MiniBoo,Team Heretics,raze,True,100,25,0,2,1,6,False,RieNs,Team Heretics,fade,True,100,50,1,1,1,0,False,Boo,Team Heretics,omen,True,100,25,2,1,0,0,False,benjyfishy,Team Heretics,deadlock,True,100,25,0,0,1,4,False,Wo0t,Team Heretics,chamber,True,100,50,0,8,1,1,False,grubinho,GIANTX,omen,True,77,1,0,0,0,1,False,ara,GIANTX,raze,True,100,50,0,0,0,3,False,Cloud,GIANTX,fade,False,,50,0,0,0,4,False,Flickless,GIANTX,viper,True,100,8,1,0,0,7,True,westside,GIANTX,cypher,True,100,50,0,0,0,7,True
982.849,4209,ACTIVE_ROUND,8,3,4,,16.116,,MiniBoo,Team Heretics,raze,True,100,25,0,2,1,6,False,RieNs,Team Heretics,fade,True,100,50,1,1,1,0,False,Boo,Team Heretics,omen,True,100,25,2,1,0,0,False,benjyfishy,Team Heretics,deadlock,True,100,25,0,0,1,4,False,Wo0t,Team Heretics,chamber,True,100,50,0,8,1,1,False,grubinho,GIANTX,omen,True,77,1,0,0,0,1,False,ara,GIANTX,raze,True,100,50,0,0,0,3,False,Cloud,GIANTX,fade,False,,50,0,0,0,4,False,Flickless,GIANTX,viper,True,100,8,1,0,0,7,True,westside,GIANTX,cypher,True,100,50,0,0,0,7,True
983.082,4210,ACTIVE_ROUND,8,3,4,,16.350,,MiniBoo,Team Heretics,raze,True,100,25,0,2,1,6,False,RieNs,Team Heretics,fade,True,100,50,0,1,1,0,False,Boo,Team Heretics,omen,True,100,25,2,1,0,0,False,benjyfishy,Team Heretics,deadlock,True,100,25,0,0,1,4,False,Wo0t,Team Heretics,chamber,True,100,50,0,8,1,1,False,grubinho,GIANTX,omen,True,83,1,0,0,0,1,False,ara,GIANTX,raze,True,77,1,0,0,0,3,False,Cloud,GIANTX,fade,False,,50,0,0,0,4,False,Flickless,GIANTX,viper,True,75,1,1,0,0,7,True,westside,GIANTX,cypher,True,100,50,0,0,0,7,True
983.316,4211,ACTIVE_ROUND,8,3,4,,16.583,,MiniBoo,Team Heretics,raze,True,100,25,0,2,1,6,False,RieNs,Team Heretics,fade,True,100,50,0,1,1,0,False,Boo,Team Heretics,omen,True,100,25,2,1,0,0,False,benjyfishy,Team Heretics,deadlock,True,100,25,0,0,1,4,False,Wo0t,Team Heretics,chamber,True,100,50,0,8,1,1,False,grubinho,GIANTX,omen,True,83,1,0,0,0,1,False,ara,GIANTX,raze,True,77,1,0,0,0,3,False,Cloud,GIANTX,fade,False,,50,0,0,0,4,False,Flickless,GIANTX,viper,True,75,1,1,0,0,7,True,westside,GIANTX,cypher,True,100,50,0,0,0,7,True
983.549,4212,ACTIVE_ROUND,8,3,4,,16.817,,MiniBoo,Team Heretics,raze,True,100,25,0,2,1,6,False,RieNs,Team Heretics,fade,True,100,50,0,1,1,0,False,Boo,Team Heretics,omen,True,100,25,2,1,0,0,False,benjyfishy,Team Heretics,deadlock,True,100,25,0,0,1,4,False,Wo0t,Team Heretics,chamber,True,100,50,0,8,1,1,False,grubinho,GIANTX,omen,True,83,1,0,0,0,1,False,ara,GIANTX,raze,True,77,1,0,0,0,3,False,Cloud,GIANTX,fade,False,,50,0,0,0,4,False,Flickless,GIANTX,viper,True,75,1,1,0,0,7,True,westside,GIANTX,cypher,True,100,50,0,0,0,7,True
983.783,4213,ACTIVE_ROUND,8,3,4,,17.050,,MiniBoo,Team Heretics,raze,True,100,25,0,2,1,6,False,RieNs,Team Heretics,fade,True,100,50,0,1,1,0,False,Boo,Team Heretics,omen,True,100,25,2,1,0,0,False,benjyfishy,Team Heretics,deadlock,True,100,25,0,0,1,4,False,Wo0t,Team Heretics,chamber,True,100,50,0,8,1,1,False,grubinho,GIANTX,omen,True,83,1,0,0,0,1,False,ara,GIANTX,raze,True,77,1,0,0,0,3,False,Cloud,GIANTX,fade,False,,50,0,0,0,4,False,Flickless,GIANTX,viper,True,75,1,1,0,0,7,True,westside,GIANTX,cypher,True,100,50,0,0,0,7,True
984.016,4214,ACTIVE_ROUND,8,3,4,,17.284,,MiniBoo,Team Heretics,raze,True,100,25,0,2,1,6,False,RieNs,Team Heretics,fade,True,100,50,0,1,1,0,False,Boo,Team Heretics,omen,True,100,25,2,1,0,0,False,benjyfishy,Team Heretics,deadlock,True,100,25,0,0,1,4,False,Wo0t,Team Heretics,chamber,True,100,8,0,8,1,1,False,grubinho,GIANTX,omen,True,83,1,0,0,0,1,False,ara,GIANTX,raze,True,77,1,0,0,0,3,False,Cloud,GIANTX,fade,False,,50,0,0,0,4,False,Flickless,GIANTX,viper,True,75,1,1,0,0,7,True,westside,GIANTX,cypher,True,100,50,0,0,0,7,True
984.250,4215,ACTIVE_ROUND,8,3,4,,17.518,,MiniBoo,Team Heretics,raze,True,100,25,0,2,1,6,False,RieNs,Team Heretics,fade,True,100,50,0,1,1,0,False,Boo,Team Heretics,omen,True,100,25,2,1,0,0,False,benjyfishy,Team Heretics,deadlock,True,100,25,0,0,1,4,False,Wo0t,Team Heretics,chamber,True,100,18,0,8,1,1,False,grubinho,GIANTX,omen,True,90,1,0,0,0,1,False,ara,GIANTX,raze,True,83,1,0,0,0,3,False,Cloud,GIANTX,fade,False,,50,0,0,0,4,False,Flickless,GIANTX,viper,True,81,1,1,0,0,7,True,westside,GIANTX,cypher,True,100,50,0,0,0,7,True
984.484,4216,ACTIVE_ROUND,8,3,4,,17.751,,MiniBoo,Team Heretics,raze,True,100,25,0,2,1,6,False,RieNs,Team Heretics,fade,True,100,50,0,1,1,0,False,Boo,Team Heretics,omen,True,100,25,2,1,0,0,False,benjyfishy,Team Heretics,deadlock,True,100,25,0,0,1,4,False,Wo0t,Team Heretics,chamber,True,100,18,0,8,1,1,False,grubinho,GIANTX,omen,True,90,1,0,0,0,1,False,ara,GIANTX,raze,True,83,1,0,0,0,3,False,Cloud,GIANTX,fade,False,,50,0,0,0,4,False,Flickless,GIANTX,viper,True,81,1,1,0,0,7,True,westside,GIANTX,cypher,True,100,50,0,0,0,7,True
984.717,4217,ACTIVE_ROUND,8,3,4,,17.985,,MiniBoo,Team Heretics,raze,True,100,25,0,2,1,6,False,RieNs,Team Heretics,fade,True,100,50,0,1,1,0,False,Boo,Team Heretics,omen,True,100,25,2,1,0,0,False,benjyfishy,Team Heretics,deadlock,True,100,25,0,0,1,4,False,Wo0t,Team Heretics,chamber,True,100,18,0,8,1,1,False,grubinho,GIANTX,omen,True,90,1,0,0,0,1,False,ara,GIANTX,raze,True,83,1,0,0,0,3,False,Cloud,GIANTX,fade,False,,50,0,0,0,4,False,Flickless,GIANTX,viper,True,81,1,1,0,0,7,True,westside,GIANTX,cypher,True,100,50,0,0,0,7,True
984.951,4218,ACTIVE_ROUND,8,3,4,,18.218,,MiniBoo,Team Heretics,raze,True,100,25,0,2,1,6,False,RieNs,Team Heretics,fade,True,100,50,0,1,1,0,False,Boo,Team Heretics,omen,True,100,25,2,1,0,0,False,benjyfishy,Team Heretics,deadlock,True,100,25,0,0,1,4,False,Wo0t,Team Heretics,chamber,True,100,18,0,8,1,1,False,grubinho,GIANTX,omen,True,90,1,0,0,0,1,False,ara,GIANTX,raze,True,83,1,0,0,0,3,False,Cloud,GIANTX,fade,False,,50,0,0,0,4,False,Flickless,GIANTX,viper,True,81,1,1,0,0,7,True,westside,GIANTX,cypher,True,100,50,0,0,0,7,True
985.184,4219,ACTIVE_ROUND,8,3,4,,18.452,,MiniBoo,Team Heretics,raze,True,100,25,0,2,1,6,False,RieNs,Team Heretics,fade,True,100,50,0,1,1,0,False,Boo,Team Heretics,omen,True,100,25,2,1,0,0,False,benjyfishy,Team Heretics,deadlock,True,100,25,0,0,0,4,False,Wo0t,Team Heretics,chamber,True,100,8,0,8,1,1,False,grubinho,GIANTX,omen,True,96,1,0,0,0,1,False,ara,GIANTX,raze,True,90,1,0,0,0,3,False,Cloud,GIANTX,fade,False,,50,0,0,0,4,False,Flickless,GIANTX,viper,True,88,1,1,0,0,7,True,westside,GIANTX,cypher,True,100,50,0,0,0,7,True
985.418,4220,ACTIVE_ROUND,8,3,4,,18.685,,MiniBoo,Team Heretics,raze,True,100,25,0,2,1,6,False,RieNs,Team Heretics,fade,True,100,50,0,1,1,0,False,Boo,Team Heretics,omen,True,100,25,2,1,0,0,False,benjyfishy,Team Heretics,deadlock,True,100,25,0,0,0,4,False,Wo0t,Team Heretics,chamber,True,100,8,0,8,1,1,False,grubinho,GIANTX,omen,True,96,1,0,0,0,1,False,ara,GIANTX,raze,True,90,1,0,0,0,3,False,Cloud,GIANTX,fade,False,,50,0,0,0,4,False,Flickless,GIANTX,viper,True,88,1,1,0,0,7,True,westside,GIANTX,cypher,True,100,50,0,0,0,7,True
985.651,4221,ACTIVE_ROUND,8,3,4,,18.919,,MiniBoo,Team Heretics,raze,True,100,25,0,2,1,6,False,RieNs,Team Heretics,fade,True,100,50,0,1,1,0,False,Boo,Team Heretics,omen,True,100,25,2,1,0,0,False,benjyfishy,Team Heretics,deadlock,True,100,25,0,0,0,4,False,Wo0t,Team Heretics,chamber,True,100,8,0,8,1,1,False,grubinho,GIANTX,omen,True,96,1,0,0,0,1,False,ara,GIANTX,raze,True,90,1,0,0,0,3,False,Cloud,GIANTX,fade,False,,50,0,0,0,4,False,Flickless,GIANTX,viper,True,88,1,1,0,0,7,True,westside,GIANTX,cypher,True,100,50,0,0,0,7,True
985.885,4222,ACTIVE_ROUND,8,3,4,,19.152,,MiniBoo,Team Heretics,raze,True,100,25,0,2,1,6,False,RieNs,Team Heretics,fade,True,100,50,0,1,1,0,False,Boo,Team Heretics,omen,True,100,25,2,1,0,0,False,benjyfishy,Team Heretics,deadlock,True,100,25,0,0,0,4,False,Wo0t,Team Heretics,chamber,True,100,8,0,8,1,1,False,grubinho,GIANTX,omen,True,96,1,0,0,0,1,False,ara,GIANTX,raze,True,90,1,0,0,0,3,False,Cloud,GIANTX,fade,False,,50,0,0,0,4,False,Flickless,GIANTX,viper,True,88,1,1,0,0,7,True,westside,GIANTX,cypher,True,100,50,0,0,0,7,True
986.118,4223,ACTIVE_ROUND,8,3,4,,19.386,,MiniBoo,Team Heretics,raze,True,100,25,0,2,0,6,False,RieNs,Team Heretics,fade,True,100,50,0,1,1,0,False,Boo,Team Heretics,omen,True,100,25,2,1,0,0,False,benjyfishy,Team Heretics,deadlock,True,100,25,0,0,0,4,False,Wo0t,Team Heretics,chamber,True,100,3,0,8,0,1,False,grubinho,GIANTX,omen,True,100,3,0,0,0,1,False,ara,GIANTX,raze,True,96,1,0,0,0,3,False,Cloud,GIANTX,fade,False,,50,0,0,0,4,False,Flickless,GIANTX,viper,True,94,1,1,0,0,7,True,westside,GIANTX,cypher,True,100,50,0,0,0,7,True
986.352,4224,ACTIVE_ROUND,8,3,4,,19.620,,MiniBoo,Team Heretics,raze,True,100,25,0,2,0,6,False,RieNs,Team Heretics,fade,True,100,50,0,1,1,0,False,Boo,Team Heretics,omen,True,100,25,2,1,0,0,False,benjyfishy,Team Heretics,deadlock,True,100,25,0,0,0,4,False,Wo0t,Team Heretics,chamber,True,100,3,0,8,0,1,False,grubinho,GIANTX,omen,True,100,3,0,0,0,1,False,ara,GIANTX,raze,True,96,1,0,0,0,3,False,Cloud,GIANTX,fade,False,,50,0,0,0,4,False,Flickless,GIANTX,viper,True,94,1,1,0,0,7,True,westside,GIANTX,cypher,True,100,50,0,0,0,7,True
986.586,4225,ACTIVE_ROUND,8,3,4,,19.853,,MiniBoo,Team Heretics,raze,True,100,25,0,2,0,6,False,RieNs,Team Heretics,fade,True,100,50,0,1,1,0,False,Boo,Team Heretics,omen,True,100,25,2,1,0,0,False,benjyfishy,Team Heretics,deadlock,True,100,25,0,0,0,4,False,Wo0t,Team Heretics,chamber,True,100,3,0,8,0,1,False,grubinho,GIANTX,omen,True,100,3,0,0,0,1,False,ara,GIANTX,raze,True,96,1,0,0,0,3,False,Cloud,GIANTX,fade,False,,50,0,0,0,4,False,Flickless,GIANTX,viper,True,94,1,1,0,0,7,True,westside,GIANTX,cypher,True,100,50,0,0,0,7,True
986.819,4226,ACTIVE_ROUND,8,3,4,,20.087,,MiniBoo,Team Heretics,raze,True,100,25,0,2,0,6,False,RieNs,Team Heretics,fade,True,100,50,0,1,1,0,False,Boo,Team Heretics,omen,True,100,25,2,1,0,0,False,benjyfishy,Team Heretics,deadlock,True,100,25,0,0,0,4,False,Wo0t,Team Heretics,chamber,True,100,3,0,8,0,1,False,grubinho,GIANTX,omen,True,100,3,0,0,0,1,False,ara,GIANTX,raze,True,96,1,0,0,0,3,False,Cloud,GIANTX,fade,False,,50,0,0,0,4,False,Flickless,GIANTX,viper,True,94,1,1,0,0,7,True,westside,GIANTX,cypher,True,100,50,0,0,0,7,True
987.053,4227,ACTIVE_ROUND,8,3,4,,20.320,,MiniBoo,Team Heretics,raze,True,100,25,0,2,0,6,False,RieNs,Team Heretics,fade,True,100,50,0,1,1,0,False,Boo,Team Heretics,omen,True,100,25,2,1,0,0,False,benjyfishy,Team Heretics,deadlock,True,100,25,0,0,0,4,False,Wo0t,Team Heretics,chamber,True,100,3,0,8,0,1,False,grubinho,GIANTX,omen,True,100,3,0,0,0,1,False,ara,GIANTX,raze,True,96,1,0,0,0,3,False,Cloud,GIANTX,fade,False,,50,0,0,0,4,False,Flickless,GIANTX,viper,True,94,1,1,0,0,7,True,westside,GIANTX,cypher,True,100,50,0,0,0,7,True
987.286,4228,ACTIVE_ROUND,8,3,4,,20.554,,MiniBoo,Team Heretics,raze,True,100,25,0,2,0,6,False,RieNs,Team Heretics,fade,True,100,50,0,1,1,0,False,Boo,Team Heretics,omen,True,100,25,2,1,0,0,False,benjyfishy,Team Heretics,deadlock,True,100,25,0,0,0,4,False,Wo0t,Team Heretics,chamber,True,100,3,0,8,0,1,False,grubinho,GIANTX,omen,True,100,9,0,0,0,1,False,ara,GIANTX,raze,True,100,3,0,0,0,3,False,Cloud,GIANTX,fade,False,,50,0,0,0,4,False,Flickless,GIANTX,viper,True,100,1,1,0,0,7,True,westside,GIANTX,cypher,True,100,50,0,0,0,7,True
987.520,4229,ACTIVE_ROUND,8,3,4,,20.787,,MiniBoo,Team Heretics,raze,True,100,25,0,2,0,6,False,RieNs,Team Heretics,fade,True,100,50,0,1,1,0,False,Boo,Team Heretics,omen,True,100,25,2,1,0,0,False,benjyfishy,Team Heretics,deadlock,True,100,25,0,0,0,4,False,Wo0t,Team Heretics,chamber,True,100,3,0,8,0,1,False,grubinho,GIANTX,omen,True,100,9,0,0,0,1,False,ara,GIANTX,raze,True,100,3,0,0,0,3,False,Cloud,GIANTX,fade,False,,50,0,0,0,4,False,Flickless,GIANTX,viper,True,100,1,1,0,0,7,True,westside,GIANTX,cypher,True,100,50,0,0,0,7,True
987.753,4230,ACTIVE_ROUND,8,3,4,,21.021,,MiniBoo,Team Heretics,raze,True,100,25,0,2,0,6,False,RieNs,Team Heretics,fade,True,100,50,0,1,1,0,False,Boo,Team Heretics,omen,True,100,25,2,1,0,0,False,benjyfishy,Team Heretics,deadlock,True,100,25,0,0,0,4,False,Wo0t,Team Heretics,chamber,True,100,3,0,8,0,1,False,grubinho,GIANTX,omen,True,100,9,0,0,0,1,False,ara,GIANTX,raze,True,100,3,0,0,0,3,False,Cloud,GIANTX,fade,False,,50,0,0,0,4,False,Flickless,GIANTX,viper,True,100,1,1,0,0,7,True,westside,GIANTX,cypher,True,100,50,0,0,0,7,True
987.987,4231,ACTIVE_ROUND,8,3,4,,21.255,,MiniBoo,Team Heretics,raze,True,100,25,0,2,0,6,False,RieNs,Team Heretics,fade,True,100,50,0,1,1,0,False,Boo,Team Heretics,omen,True,100,25,2,1,0,0,False,benjyfishy,Team Heretics,deadlock,True,100,25,0,0,0,4,False,Wo0t,Team Heretics,chamber,True,100,3,0,8,0,1,False,grubinho,GIANTX,omen,True,100,9,0,0,0,1,False,ara,GIANTX,raze,True,100,3,0,0,0,3,False,Cloud,GIANTX,fade,False,,50,0,0,0,4,False,Flickless,GIANTX,viper,True,100,1,1,0,0,7,True,westside,GIANTX,cypher,True,100,50,0,0,0,7,True
988.221,4232,ACTIVE_ROUND,8,3,4,,21.488,,MiniBoo,Team Heretics,raze,True,100,25,0,2,0,6,False,RieNs,Team Heretics,fade,True,100,50,0,1,0,0,False,Boo,Team Heretics,omen,True,100,25,2,1,0,0,False,benjyfishy,Team Heretics,deadlock,True,100,25,0,0,0,4,False,Wo0t,Team Heretics,chamber,True,100,7,0,8,0,1,False,grubinho,GIANTX,omen,True,100,16,0,0,0,1,False,ara,GIANTX,raze,True,100,8,0,0,0,3,False,Cloud,GIANTX,fade,False,,50,0,0,0,4,False,Flickless,GIANTX,viper,True,100,7,1,0,0,7,True,westside,GIANTX,cypher,True,100,50,0,0,0,7,True
988.454,4233,ACTIVE_ROUND,8,3,4,,21.722,,MiniBoo,Team Heretics,raze,True,100,25,0,2,0,6,False,RieNs,Team Heretics,fade,True,100,50,0,1,0,0,False,Boo,Team Heretics,omen,True,100,25,2,1,0,0,False,benjyfishy,Team Heretics,deadlock,True,100,25,0,0,0,4,False,Wo0t,Team Heretics,chamber,True,100,7,0,8,0,1,False,grubinho,GIANTX,omen,True,100,16,0,0,0,1,False,ara,GIANTX,raze,True,100,8,0,0,0,3,False,Cloud,GIANTX,fade,False,,50,0,0,0,4,False,Flickless,GIANTX,viper,True,100,7,1,0,0,7,True,westside,GIANTX,cypher,True,100,50,0,0,0,7,True
988.688,4234,ACTIVE_ROUND,8,3,4,,21.955,,MiniBoo,Team Heretics,raze,True,100,25,0,2,0,6,False,RieNs,Team Heretics,fade,True,100,50,0,1,0,0,False,Boo,Team Heretics,omen,True,100,25,2,1,0,0,False,benjyfishy,Team Heretics,deadlock,True,100,25,0,0,0,4,False,Wo0t,Team Heretics,chamber,True,100,7,0,8,0,1,False,grubinho,GIANTX,omen,True,100,16,0,0,0,1,False,ara,GIANTX,raze,True,100,8,0,0,0,3,False,Cloud,GIANTX,fade,False,,50,0,0,0,4,False,Flickless,GIANTX,viper,True,100,7,1,0,0,7,True,westside,GIANTX,cypher,True,100,50,0,0,0,7,True
988.921,4235,ACTIVE_ROUND,8,3,4,,22.189,,MiniBoo,Team Heretics,raze,True,100,25,0,2,0,6,False,RieNs,Team Heretics,fade,True,100,50,0,1,0,0,False,Boo,Team Heretics,omen,True,100,25,2,1,0,0,False,benjyfishy,Team Heretics,deadlock,True,100,25,0,0,0,4,False,Wo0t,Team Heretics,chamber,True,100,7,0,8,0,1,False,grubinho,GIANTX,omen,True,100,16,0,0,0,1,False,ara,GIANTX,raze,True,100,8,0,0,0,3,False,Cloud,GIANTX,fade,False,,50,0,0,0,4,False,Flickless,GIANTX,viper,True,100,7,1,0,0,7,True,westside,GIANTX,cypher,True,100,50,0,0,0,7,True
989.155,4236,ACTIVE_ROUND,8,3,4,,22.422,,MiniBoo,Team Heretics,raze,True,70,25,0,2,0,6,False,RieNs,Team Heretics,fade,True,100,15,0,1,0,0,False,Boo,Team Heretics,omen,True,100,25,2,1,0,0,False,benjyfishy,Team Heretics,deadlock,True,100,25,0,0,0,4,False,Wo0t,Team Heretics,chamber,True,100,1,0,8,0,1,False,grubinho,GIANTX,omen,True,100,22,0,0,0,1,False,ara,GIANTX,raze,True,100,16,0,0,0,3,False,Cloud,GIANTX,fade,False,,50,0,0,0,4,False,Flickless,GIANTX,viper,True,100,14,1,0,0,7,True,westside,GIANTX,cypher,True,100,50,0,0,0,7,True
989.388,4237,ACTIVE_ROUND,8,3,4,,22.656,,MiniBoo,Team Heretics,raze,True,70,25,0,2,0,6,False,RieNs,Team Heretics,fade,True,100,15,0,1,0,0,False,Boo,Team Heretics,omen,True,100,25,2,1,0,0,False,benjyfishy,Team Heretics,deadlock,True,100,25,0,0,0,4,False,Wo0t,Team Heretics,chamber,True,100,1,0,8,0,1,False,grubinho,GIANTX,omen,True,100,22,0,0,0,1,False,ara,GIANTX,raze,True,100,16,0,0,0,3,False,Cloud,GIANTX,fade,False,,50,0,0,0,4,False,Flickless,GIANTX,viper,True,100,14,1,0,0,7,True,westside,GIANTX,cypher,True,100,50,0,0,0,7,True
989.622,4238,ACTIVE_ROUND,8,3,4,,22.890,,MiniBoo,Team Heretics,raze,True,70,25,0,2,0,6,False,RieNs,Team Heretics,fade,True,100,15,0,1,0,0,False,Boo,Team Heretics,omen,True,100,25,2,1,0,0,False,benjyfishy,Team Heretics,deadlock,True,100,25,0,0,0,4,False,Wo0t,Team Heretics,chamber,True,100,1,0,8,0,1,False,grubinho,GIANTX,omen,True,100,22,0,0,0,1,False,ara,GIANTX,raze,True,100,16,0,0,0,3,False,Cloud,GIANTX,fade,False,,50,0,0,0,4,False,Flickless,GIANTX,viper,True,100,14,1,0,0,7,True,westside,GIANTX,cypher,True,100,50,0,0,0,7,True
989.856,4239,ACTIVE_ROUND,8,3,4,,23.123,,MiniBoo,Team Heretics,raze,True,70,25,0,2,0,6,False,RieNs,Team Heretics,fade,True,100,15,0,1,0,0,False,Boo,Team Heretics,omen,True,100,25,2,1,0,0,False,benjyfishy,Team Heretics,deadlock,True,100,25,0,0,0,4,False,Wo0t,Team Heretics,chamber,True,100,1,0,8,0,1,False,grubinho,GIANTX,omen,True,100,22,0,0,0,1,False,ara,GIANTX,raze,True,100,16,0,0,0,3,False,Cloud,GIANTX,fade,False,,50,0,0,0,4,False,Flickless,GIANTX,viper,True,100,14,1,0,0,7,True,westside,GIANTX,cypher,True,100,50,0,0,0,7,True
990.089,4240,ACTIVE_ROUND,8,3,4,,23.357,,MiniBoo,Team Heretics,raze,True,60,25,0,2,0,6,False,RieNs,Team Heretics,fade,True,65,1,0,1,0,0,False,Boo,Team Heretics,omen,True,100,25,2,0,0,0,False,benjyfishy,Team Heretics,deadlock,True,100,25,0,0,0,4,False,Wo0t,Team Heretics,chamber,True,100,3,0,8,0,1,False,grubinho,GIANTX,omen,True,100,22,0,0,0,1,False,ara,GIANTX,raze,True,100,22,0,0,0,3,False,Cloud,GIANTX,fade,False,,50,0,0,0,4,False,Flickless,GIANTX,viper,True,100,28,1,0,0,7,True,westside,GIANTX,cypher,True,100,50,0,0,0,7,True
990.323,4241,ACTIVE_ROUND,8,3,4,,23.590,,MiniBoo,Team Heretics,raze,True,60,25,0,2,0,6,False,RieNs,Team Heretics,fade,True,65,1,0,1,0,0,False,Boo,Team Heretics,omen,True,100,25,2,0,0,0,False,benjyfishy,Team Heretics,deadlock,True,100,25,0,0,0,4,False,Wo0t,Team Heretics,chamber,True,100,3,0,8,0,1,False,grubinho,GIANTX,omen,False,,22,0,0,0,1,False,ara,GIANTX,raze,True,100,22,0,0,0,3,False,Cloud,GIANTX,fade,False,,50,0,0,0,4,False,Flickless,GIANTX,viper,True,100,28,1,0,0,7,True,westside,GIANTX,cypher,True,100,50,0,0,0,7,True
990.556,4242,ACTIVE_ROUND,8,3,4,,23.824,,MiniBoo,Team Heretics,raze,True,60,25,0,2,0,6,False,RieNs,Team Heretics,fade,True,65,1,0,1,0,0,False,Boo,Team Heretics,omen,True,100,25,2,0,0,0,False,benjyfishy,Team Heretics,deadlock,True,100,25,0,0,0,4,False,Wo0t,Team Heretics,chamber,True,100,3,0,8,0,1,False,grubinho,GIANTX,omen,False,,22,0,0,0,1,False,ara,GIANTX,raze,True,100,22,0,0,0,3,False,Cloud,GIANTX,fade,False,,50,0,0,0,4,False,Flickless,GIANTX,viper,True,100,20,1,0,0,7,True,westside,GIANTX,cypher,True,100,50,0,0,0,7,True
990.790,4243,ACTIVE_ROUND,8,3,4,,24.057,,MiniBoo,Team Heretics,raze,True,60,25,0,2,0,6,False,RieNs,Team Heretics,fade,True,65,1,0,1,0,0,False,Boo,Team Heretics,omen,True,100,25,2,0,0,0,False,benjyfishy,Team Heretics,deadlock,True,100,25,0,0,0,4,False,Wo0t,Team Heretics,chamber,True,100,3,0,8,0,1,False,grubinho,GIANTX,omen,False,,22,0,0,0,1,False,ara,GIANTX,raze,True,100,22,0,0,0,3,False,Cloud,GIANTX,fade,False,,50,0,0,0,4,False,Flickless,GIANTX,viper,True,100,20,1,0,0,7,True,westside,GIANTX,cypher,True,100,50,0,0,0,7,True
991.023,4244,ACTIVE_ROUND,8,3,4,,24.291,,MiniBoo,Team Heretics,raze,True,60,25,0,2,0,6,False,RieNs,Team Heretics,fade,True,65,1,0,1,0,0,False,Boo,Team Heretics,omen,True,100,25,2,0,0,0,False,benjyfishy,Team Heretics,deadlock,True,100,25,0,0,0,4,False,Wo0t,Team Heretics,chamber,True,100,3,0,8,0,1,False,grubinho,GIANTX,omen,False,,22,0,0,0,1,False,ara,GIANTX,raze,True,100,22,0,0,0,3,False,Cloud,GIANTX,fade,False,,50,0,0,0,4,False,Flickless,GIANTX,viper,True,100,20,1,0,0,7,True,westside,GIANTX,cypher,True,100,50,0,0,0,7,True
991.257,4245,ACTIVE_ROUND,8,3,4,,24.524,,MiniBoo,Team Heretics,raze,True,50,25,0,2,0,6,False,RieNs,Team Heretics,fade,True,55,1,0,1,0,0,False,Boo,Team Heretics,omen,True,94,1,2,0,1,0,False,benjyfishy,Team Heretics,deadlock,True,85,1,0,0,0,4,False,Wo0t,Team Heretics,chamber,True,92,1,0,8,0,2,False,grubinho,GIANTX,omen,False,,22,0,0,0,1,False,ara,GIANTX,raze,True,100,28,0,0,0,3,False,Cloud,GIANTX,fade,False,,50,0,0,0,4,False,Flickless,GIANTX,viper,True,100,26,1,0,0,7,True,westside,GIANTX,cypher,True,100,50,0,0,0,7,True
991.490,4246,ACTIVE_ROUND,8,3,4,,24.758,,MiniBoo,Team Heretics,raze,True,50,25,0,2,0,6,False,RieNs,Team Heretics,fade,True,55,1,0,1,0,0,False,Boo,Team Heretics,omen,True,94,1,2,0,1,0,False,benjyfishy,Team Heretics,deadlock,True,85,1,0,0,0,4,False,Wo0t,Team Heretics,chamber,True,92,1,0,8,0,2,False,grubinho,GIANTX,omen,False,,22,0,0,0,1,False,ara,GIANTX,raze,True,100,28,0,0,0,3,False,Cloud,GIANTX,fade,False,,50,0,0,0,4,False,Flickless,GIANTX,viper,True,100,26,1,0,0,7,True,westside,GIANTX,cypher,True,100,50,0,0,0,7,True
991.724,4247,ACTIVE_ROUND,8,3,4,,24.992,,MiniBoo,Team Heretics,raze,True,50,25,0,2,0,6,False,RieNs,Team Heretics,fade,True,55,1,0,1,0,0,False,Boo,Team Heretics,omen,True,94,1,2,0,1,0,False,benjyfishy,Team Heretics,deadlock,True,85,1,0,0,0,4,False,Wo0t,Team Heretics,chamber,True,92,1,0,8,0,2,False,grubinho,GIANTX,omen,False,,22,0,0,0,1,False,ara,GIANTX,raze,True,100,28,0,0,0,3,False,Cloud,GIANTX,fade,False,,50,0,0,0,4,False,Flickless,GIANTX,viper,True,100,26,1,0,0,7,True,westside,GIANTX,cypher,True,100,50,0,0,0,7,True
991.958,4248,ACTIVE_ROUND,8,3,4,,25.225,,MiniBoo,Team Heretics,raze,True,50,25,0,2,0,6,False,RieNs,Team Heretics,fade,True,55,1,0,1,0,0,False,Boo,Team Heretics,omen,True,94,1,2,0,1,0,False,benjyfishy,Team Heretics,deadlock,True,85,1,0,0,0,4,False,Wo0t,Team Heretics,chamber,True,92,1,0,8,0,2,False,grubinho,GIANTX,omen,False,,22,0,0,0,1,False,ara,GIANTX,raze,True,100,28,0,0,0,3,False,Cloud,GIANTX,fade,False,,50,0,0,0,4,False,Flickless,GIANTX,viper,True,100,26,1,0,0,7,True,westside,GIANTX,cypher,True,100,50,0,0,0,7,True
992.191,4249,ACTIVE_ROUND,8,3,4,,25.459,,MiniBoo,Team Heretics,raze,True,40,25,0,2,0,6,False,RieNs,Team Heretics,fade,True,45,1,0,1,0,0,False,Boo,Team Heretics,omen,True,85,1,2,0,1,0,False,benjyfishy,Team Heretics,deadlock,True,75,1,0,0,0,4,False,Wo0t,Team Heretics,chamber,True,81,1,0,8,0,2,False,grubinho,GIANTX,omen,False,,22,0,0,0,1,False,ara,GIANTX,raze,True,100,34,0,0,0,3,False,Cloud,GIANTX,fade,False,,50,0,0,0,4,False,Flickless,GIANTX,viper,True,100,32,1,0,0,7,True,westside,GIANTX,cypher,True,100,50,0,0,0,7,True
992.425,4250,ACTIVE_ROUND,8,3,4,,25.692,,MiniBoo,Team Heretics,raze,True,40,25,0,2,0,6,False,RieNs,Team Heretics,fade,True,45,1,0,1,0,0,False,Boo,Team Heretics,omen,True,85,1,2,0,1,0,False,benjyfishy,Team Heretics,deadlock,True,75,1,0,0,0,4,False,Wo0t,Team Heretics,chamber,True,81,1,0,8,0,2,False,grubinho,GIANTX,omen,False,,22,0,0,0,1,False,ara,GIANTX,raze,True,100,34,0,0,0,3,False,Cloud,GIANTX,fade,False,,50,0,0,0,4,False,Flickless,GIANTX,viper,True,100,32,1,0,0,7,True,westside,GIANTX,cypher,True,100,50,0,0,0,7,True
992.658,4251,ACTIVE_ROUND,8,3,4,,25.926,,MiniBoo,Team Heretics,raze,True,40,25,0,2,0,6,False,RieNs,Team Heretics,fade,True,45,1,0,1,0,0,False,Boo,Team Heretics,omen,True,85,1,2,0,1,0,False,benjyfishy,Team Heretics,deadlock,True,75,1,0,0,0,4,False,Wo0t,Team Heretics,chamber,True,81,1,0,8,0,2,False,grubinho,GIANTX,omen,False,,22,0,0,0,1,False,ara,GIANTX,raze,True,100,34,0,0,0,3,False,Cloud,GIANTX,fade,False,,50,0,0,0,4,False,Flickless,GIANTX,viper,True,100,32,1,0,0,7,True,westside,GIANTX,cypher,True,100,50,0,0,0,7,True
992.892,4252,ACTIVE_ROUND,8,3,4,,26.159,,MiniBoo,Team Heretics,raze,True,40,25,0,2,0,6,False,RieNs,Team Heretics,fade,True,45,1,0,1,0,0,False,Boo,Team Heretics,omen,True,85,1,2,0,1,0,False,benjyfishy,Team Heretics,deadlock,True,75,1,0,0,0,4,False,Wo0t,Team Heretics,chamber,True,81,1,0,8,0,2,False,grubinho,GIANTX,omen,False,,22,0,0,0,1,False,ara,GIANTX,raze,True,100,34,0,0,0,3,False,Cloud,GIANTX,fade,False,,50,0,0,0,4,False,Flickless,GIANTX,viper,True,100,32,1,0,0,7,True,westside,GIANTX,cypher,True,100,50,0,0,0,7,True
993.125,4253,ACTIVE_ROUND,8,3,4,,26.393,,MiniBoo,Team Heretics,raze,True,30,25,0,2,0,6,False,RieNs,Team Heretics,fade,True,35,1,0,1,0,0,False,Boo,Team Heretics,omen,True,81,1,2,0,1,0,False,benjyfishy,Team Heretics,deadlock,True,65,1,0,0,0,4,False,Wo0t,Team Heretics,chamber,True,72,1,0,8,0,2,False,grubinho,GIANTX,omen,False,,22,0,0,0,1,False,ara,GIANTX,raze,True,100,41,0,0,0,3,False,Cloud,GIANTX,fade,False,,50,0,0,0,4,False,Flickless,GIANTX,viper,True,100,39,1,0,0,7,True,westside,GIANTX,cypher,True,100,50,0,0,0,7,True
993.359,4254,ACTIVE_ROUND,8,3,4,,26.627,,MiniBoo,Team Heretics,raze,True,30,25,0,2,0,6,False,RieNs,Team Heretics,fade,True,35,1,0,1,0,0,False,Boo,Team Heretics,omen,True,81,1,2,0,1,0,False,benjyfishy,Team Heretics,deadlock,True,65,1,0,0,0,4,False,Wo0t,Team Heretics,chamber,True,72,1,0,8,0,2,False,grubinho,GIANTX,omen,False,,22,0,0,0,1,False,ara,GIANTX,raze,True,100,41,0,0,0,3,False,Cloud,GIANTX,fade,False,,50,0,0,0,4,False,Flickless,GIANTX,viper,True,100,39,1,0,0,7,True,westside,GIANTX,cypher,True,100,50,0,0,0,7,True
993.593,4255,ACTIVE_ROUND,8,3,4,,26.860,,MiniBoo,Team Heretics,raze,True,30,25,0,2,0,6,False,RieNs,Team Heretics,fade,True,35,1,0,1,0,0,False,Boo,Team Heretics,omen,True,81,1,2,0,1,0,False,benjyfishy,Team Heretics,deadlock,False,,1,0,0,0,4,False,Wo0t,Team Heretics,chamber,True,72,1,0,8,0,2,False,grubinho,GIANTX,omen,False,,22,0,0,0,1,False,ara,GIANTX,raze,True,100,41,0,0,0,3,False,Cloud,GIANTX,fade,False,,50,0,0,0,4,False,Flickless,GIANTX,viper,True,100,39,1,0,0,7,True,westside,GIANTX,cypher,True,100,50,0,0,0,7,True
993.826,4256,ACTIVE_ROUND,8,3,4,,27.094,,MiniBoo,Team Heretics,raze,True,30,25,0,2,0,6,False,RieNs,Team Heretics,fade,True,35,1,0,1,0,0,False,Boo,Team Heretics,omen,True,81,1,2,0,1,0,False,benjyfishy,Team Heretics,deadlock,False,,1,0,0,0,4,False,Wo0t,Team Heretics,chamber,True,72,1,0,8,0,2,False,grubinho,GIANTX,omen,False,,22,0,0,0,1,False,ara,GIANTX,raze,True,100,41,0,0,0,3,False,Cloud,GIANTX,fade,False,,50,0,0,0,4,False,Flickless,GIANTX,viper,True,100,39,1,0,0,7,True,westside,GIANTX,cypher,True,100,50,0,0,0,7,True
994.060,4257,ACTIVE_ROUND,8,3,4,,27.327,,MiniBoo,Team Heretics,raze,True,30,25,0,2,0,6,False,RieNs,Team Heretics,fade,True,35,1,0,1,0,0,False,Boo,Team Heretics,omen,True,81,1,2,0,1,0,False,benjyfishy,Team Heretics,deadlock,False,,1,0,0,0,4,False,Wo0t,Team Heretics,chamber,True,72,1,0,8,0,2,False,grubinho,GIANTX,omen,False,,22,0,0,0,1,False,ara,GIANTX,raze,True,100,41,0,0,0,3,False,Cloud,GIANTX,fade,False,,50,0,0,0,4,False,Flickless,GIANTX,viper,True,100,39,1,0,0,7,True,westside,GIANTX,cypher,True,100,50,0,0,0,7,True
994.293,4258,ACTIVE_ROUND,8,3,4,,27.561,,MiniBoo,Team Heretics,raze,True,20,25,0,2,0,6,False,RieNs,Team Heretics,fade,True,25,1,0,1,0,0,False,Boo,Team Heretics,omen,True,71,1,2,0,0,0,False,benjyfishy,Team Heretics,deadlock,False,,1,0,0,0,4,False,Wo0t,Team Heretics,chamber,True,62,1,0,8,0,2,False,grubinho,GIANTX,omen,False,,22,0,0,0,1,False,ara,GIANTX,raze,True,100,47,0,0,0,3,False,Cloud,GIANTX,fade,False,,50,0,0,0,4,False,Flickless,GIANTX,viper,True,100,45,1,0,0,7,True,westside,GIANTX,cypher,True,100,50,0,0,0,0,False
994.527,4259,ACTIVE_ROUND,8,3,4,,27.794,,MiniBoo,Team Heretics,raze,True,20,25,0,2,0,6,False,RieNs,Team Heretics,fade,True,25,1,0,1,0,0,False,Boo,Team Heretics,omen,True,71,1,2,0,0,0,False,benjyfishy,Team Heretics,deadlock,False,,1,0,0,0,4,False,Wo0t,Team Heretics,chamber,True,62,1,0,8,0,2,False,grubinho,GIANTX,omen,False,,22,0,0,0,1,False,ara,GIANTX,raze,True,100,47,0,0,0,3,False,Cloud,GIANTX,fade,False,,50,0,0,0,4,False,Flickless,GIANTX,viper,True,100,45,1,0,0,7,True,westside,GIANTX,cypher,True,100,50,0,0,0,0,False
994.760,4260,ACTIVE_ROUND,8,3,4,,28.028,,MiniBoo,Team Heretics,raze,True,20,25,0,2,0,6,False,RieNs,Team Heretics,fade,True,25,1,0,1,0,0,False,Boo,Team Heretics,omen,True,71,1,2,0,0,0,False,benjyfishy,Team Heretics,deadlock,False,,1,0,0,0,4,False,Wo0t,Team Heretics,chamber,True,62,1,0,8,0,2,False,grubinho,GIANTX,omen,False,,22,0,0,0,1,False,ara,GIANTX,raze,True,100,47,0,0,0,3,False,Cloud,GIANTX,fade,False,,50,0,0,0,4,False,Flickless,GIANTX,viper,True,100,45,1,0,0,7,True,westside,GIANTX,cypher,True,100,50,0,0,0,0,False
994.994,4261,ACTIVE_ROUND,8,3,4,,28.262,,MiniBoo,Team Heretics,raze,True,20,25,0,2,0,6,False,RieNs,Team Heretics,fade,True,25,1,0,1,0,0,False,Boo,Team Heretics,omen,True,71,1,2,0,0,0,False,benjyfishy,Team Heretics,deadlock,False,,1,0,0,0,4,False,Wo0t,Team Heretics,chamber,True,62,1,0,8,0,2,False,grubinho,GIANTX,omen,False,,22,0,0,0,1,False,ara,GIANTX,raze,True,100,47,0,0,0,3,False,Cloud,GIANTX,fade,False,,50,0,0,0,4,False,Flickless,GIANTX,viper,True,100,45,1,0,0,7,True,westside,GIANTX,cypher,True,100,50,0,0,0,0,False
995.228,4262,ACTIVE_ROUND,8,3,4,,28.495,,MiniBoo,Team Heretics,raze,True,10,25,0,2,0,6,False,RieNs,Team Heretics,fade,True,15,1,0,1,0,0,False,Boo,Team Heretics,omen,True,65,1,2,0,0,0,False,benjyfishy,Team Heretics,deadlock,False,,1,0,0,0,4,False,Wo0t,Team Heretics,chamber,True,51,1,0,8,0,2,False,grubinho,GIANTX,omen,False,,22,0,0,0,1,False,ara,GIANTX,raze,True,100,50,0,0,0,3,False,Cloud,GIANTX,fade,False,,50,0,0,0,4,False,Flickless,GIANTX,viper,True,100,50,1,0,0,7,True,westside,GIANTX,cypher,True,100,50,0,0,0,0,False
995.461,4263,ACTIVE_ROUND,8,3,4,,28.729,,MiniBoo,Team Heretics,raze,True,10,25,0,2,0,6,False,RieNs,Team Heretics,fade,True,15,1,0,1,0,0,False,Boo,Team Heretics,omen,True,65,1,2,0,0,0,False,benjyfishy,Team Heretics,deadlock,False,,1,0,0,0,4,False,Wo0t,Team Heretics,chamber,True,51,1,0,8,0,2,False,grubinho,GIANTX,omen,False,,22,0,0,0,1,False,ara,GIANTX,raze,True,100,50,0,0,0,3,False,Cloud,GIANTX,fade,False,,50,0,0,0,4,False,Flickless,GIANTX,viper,True,100,50,1,0,0,7,True,westside,GIANTX,cypher,True,100,50,0,0,0,0,False
995.695,4264,ACTIVE_ROUND,8,3,4,,28.962,,MiniBoo,Team Heretics,raze,True,10,25,0,2,0,6,False,RieNs,Team Heretics,fade,True,15,1,0,1,0,0,False,Boo,Team Heretics,omen,True,65,1,2,0,0,0,False,benjyfishy,Team Heretics,deadlock,False,,1,0,0,0,4,False,Wo0t,Team Heretics,chamber,True,51,1,0,8,0,2,False,grubinho,GIANTX,omen,False,,22,0,0,0,1,False,ara,GIANTX,raze,True,100,50,0,0,0,3,False,Cloud,GIANTX,fade,False,,50,0,0,0,4,False,Flickless,GIANTX,viper,True,100,50,1,0,0,7,True,westside,GIANTX,cypher,True,100,50,0,0,0,0,False
995.928,4265,ACTIVE_ROUND,8,3,4,,29.196,,MiniBoo,Team Heretics,raze,True,10,25,0,2,0,6,False,RieNs,Team Heretics,fade,True,15,1,0,1,0,0,False,Boo,Team Heretics,omen,True,65,1,2,0,0,0,False,benjyfishy,Team Heretics,deadlock,False,,1,0,0,0,4,False,Wo0t,Team Heretics,chamber,True,51,1,0,8,0,2,False,grubinho,GIANTX,omen,False,,22,0,0,0,1,False,ara,GIANTX,raze,True,100,50,0,0,0,3,False,Cloud,GIANTX,fade,False,,50,0,0,0,4,False,Flickless,GIANTX,viper,True,100,50,1,0,0,7,True,westside,GIANTX,cypher,True,100,50,0,0,0,0,False
996.162,4266,ACTIVE_ROUND,8,3,4,,29.429,,MiniBoo,Team Heretics,raze,True,1,25,0,2,0,6,False,RieNs,Team Heretics,fade,True,5,1,0,1,0,0,False,Boo,Team Heretics,omen,True,61,1,2,0,0,0,False,benjyfishy,Team Heretics,deadlock,False,,1,0,0,0,4,False,Wo0t,Team Heretics,chamber,True,41,1,0,8,0,2,False,grubinho,GIANTX,omen,False,,22,0,0,0,1,False,ara,GIANTX,raze,True,100,50,0,0,0,3,False,Cloud,GIANTX,fade,False,,50,0,0,0,4,False,Flickless,GIANTX,viper,True,100,50,1,0,0,7,True,westside,GIANTX,cypher,True,100,50,0,0,0,0,False
996.395,4267,ACTIVE_ROUND,8,3,4,,29.663,,MiniBoo,Team Heretics,raze,True,1,25,0,2,0,6,False,RieNs,Team Heretics,fade,True,5,1,0,1,0,0,False,Boo,Team Heretics,omen,True,61,1,2,0,0,0,False,benjyfishy,Team Heretics,deadlock,False,,1,0,0,0,4,False,Wo0t,Team Heretics,chamber,True,41,1,0,8,0,2,False,grubinho,GIANTX,omen,False,,22,0,0,0,1,False,ara,GIANTX,raze,True,100,50,0,0,0,3,False,Cloud,GIANTX,fade,False,,50,0,0,0,4,False,Flickless,GIANTX,viper,True,100,50,1,0,0,7,True,westside,GIANTX,cypher,True,100,50,0,0,0,0,False
996.629,4268,ACTIVE_ROUND,8,3,4,,29.897,,MiniBoo,Team Heretics,raze,True,1,25,0,2,0,6,False,RieNs,Team Heretics,fade,True,5,1,0,1,0,0,False,Boo,Team Heretics,omen,True,61,1,2,0,0,0,False,benjyfishy,Team Heretics,deadlock,False,,1,0,0,0,4,False,Wo0t,Team Heretics,chamber,True,41,1,0,8,0,2,False,grubinho,GIANTX,omen,False,,22,0,0,0,1,False,ara,GIANTX,raze,True,100,50,0,0,0,3,False,Cloud,GIANTX,fade,False,,50,0,0,0,4,False,Flickless,GIANTX,viper,True,100,50,1,0,0,7,True,westside,GIANTX,cypher,True,100,50,0,0,0,0,False
996.863,4269,ACTIVE_ROUND,8,3,4,,30.130,,MiniBoo,Team Heretics,raze,True,1,25,0,2,0,6,False,RieNs,Team Heretics,fade,True,5,1,0,1,0,0,False,Boo,Team Heretics,omen,True,61,1,2,0,0,0,False,benjyfishy,Team Heretics,deadlock,False,,1,0,0,0,4,False,Wo0t,Team Heretics,chamber,True,41,1,0,8,0,2,False,grubinho,GIANTX,omen,False,,22,0,0,0,1,False,ara,GIANTX,raze,True,100,50,0,0,0,3,False,Cloud,GIANTX,fade,False,,50,0,0,0,4,False,Flickless,GIANTX,viper,True,100,50,1,0,0,7,True,westside,GIANTX,cypher,True,100,8,0,0,0,0,False
997.096,4270,ACTIVE_ROUND,8,3,4,,30.364,,MiniBoo,Team Heretics,raze,True,1,5,0,2,0,6,False,RieNs,Team Heretics,fade,True,1,1,0,1,0,0,False,Boo,Team Heretics,omen,True,51,1,2,0,0,0,False,benjyfishy,Team Heretics,deadlock,False,,1,0,0,0,4,False,Wo0t,Team Heretics,chamber,True,32,1,0,8,0,2,False,grubinho,GIANTX,omen,False,,22,0,0,0,1,False,ara,GIANTX,raze,True,100,50,0,0,0,3,False,Cloud,GIANTX,fade,False,,50,0,0,0,4,False,Flickless,GIANTX,viper,True,100,50,0,0,0,7,True,westside,GIANTX,cypher,True,100,50,0,0,0,0,False
997.330,4271,ACTIVE_ROUND,8,3,4,,30.597,,MiniBoo,Team Heretics,raze,True,1,25,0,2,0,6,False,RieNs,Team Heretics,fade,True,1,1,0,1,0,0,False,Boo,Team Heretics,omen,True,51,1,2,0,0,0,False,benjyfishy,Team Heretics,deadlock,False,,1,0,0,0,4,False,Wo0t,Team Heretics,chamber,True,32,1,0,8,0,2,False,grubinho,GIANTX,omen,False,,22,0,0,0,1,False,ara,GIANTX,raze,True,100,50,0,0,0,3,False,Cloud,GIANTX,fade,False,,50,0,0,0,4,False,Flickless,GIANTX,viper,True,100,50,0,0,0,7,True,westside,GIANTX,cypher,True,100,50,0,0,0,0,False
997.563,4272,ACTIVE_ROUND,8,3,4,,30.831,,MiniBoo,Team Heretics,raze,True,1,25,0,2,0,6,False,RieNs,Team Heretics,fade,True,1,1,0,1,0,0,False,Boo,Team Heretics,omen,True,51,1,2,0,0,0,False,benjyfishy,Team Heretics,deadlock,False,,1,0,0,0,4,False,Wo0t,Team Heretics,chamber,True,32,1,0,8,0,2,False,grubinho,GIANTX,omen,False,,22,0,0,0,1,False,ara,GIANTX,raze,True,100,50,0,0,0,3,False,Cloud,GIANTX,fade,False,,50,0,0,0,4,False,Flickless,GIANTX,viper,True,100,50,0,0,0,7,True,westside,GIANTX,cypher,True,100,50,0,0,0,0,False
997.797,4273,ACTIVE_ROUND,8,3,4,,31.064,,MiniBoo,Team Heretics,raze,True,1,25,0,2,0,6,False,RieNs,Team Heretics,fade,True,1,1,0,1,0,0,False,Boo,Team Heretics,omen,True,51,1,2,0,0,0,False,benjyfishy,Team Heretics,deadlock,False,,1,0,0,0,4,False,Wo0t,Team Heretics,chamber,True,32,1,0,8,0,2,False,grubinho,GIANTX,omen,False,,22,0,0,0,1,False,ara,GIANTX,raze,True,100,50,0,0,0,3,False,Cloud,GIANTX,fade,False,,50,0,0,0,4,False,Flickless,GIANTX,viper,True,100,50,0,0,0,7,True,westside,GIANTX,cypher,True,100,50,0,0,0,0,False
998.030,4274,ACTIVE_ROUND,8,3,4,,31.298,,MiniBoo,Team Heretics,raze,True,1,25,0,0,0,6,False,RieNs,Team Heretics,fade,True,1,1,0,1,0,0,False,Boo,Team Heretics,omen,True,51,1,2,0,0,0,False,benjyfishy,Team Heretics,deadlock,False,,1,0,0,0,4,False,Wo0t,Team Heretics,chamber,True,32,1,0,8,0,2,False,grubinho,GIANTX,omen,False,,22,0,0,0,1,False,ara,GIANTX,raze,True,100,50,0,0,0,3,False,Cloud,GIANTX,fade,False,,50,0,0,0,4,False,Flickless,GIANTX,viper,True,100,50,0,0,0,7,True,westside,GIANTX,cypher,True,100,50,0,0,0,0,False
998.264,4275,ACTIVE_ROUND,8,3,4,,31.532,,MiniBoo,Team Heretics,raze,False,,25,0,0,0,7,False,RieNs,Team Heretics,fade,True,1,1,0,1,0,0,False,Boo,Team Heretics,omen,True,46,1,2,0,0,0,False,benjyfishy,Team Heretics,deadlock,False,,1,0,0,0,4,False,Wo0t,Team Heretics,chamber,True,21,1,0,8,0,2,False,grubinho,GIANTX,omen,False,,22,0,0,0,1,False,ara,GIANTX,raze,True,100,50,0,0,0,3,False,Cloud,GIANTX,fade,False,,50,0,0,0,4,False,Flickless,GIANTX,viper,True,100,50,0,0,0,7,True,westside,GIANTX,cypher,True,100,50,0,0,0,1,False
998.498,4276,ACTIVE_ROUND,8,3,4,,31.765,,MiniBoo,Team Heretics,raze,False,,25,0,0,0,7,False,RieNs,Team Heretics,fade,True,1,1,0,0,0,0,False,Boo,Team Heretics,omen,True,46,1,2,0,0,0,False,benjyfishy,Team Heretics,deadlock,False,,1,0,0,0,4,False,Wo0t,Team Heretics,chamber,True,21,1,0,8,0,2,False,grubinho,GIANTX,omen,False,,22,0,0,0,1,False,ara,GIANTX,raze,True,100,50,0,0,0,3,False,Cloud,GIANTX,fade,False,,50,0,0,0,4,False,Flickless,GIANTX,viper,True,100,50,0,0,0,7,True,westside,GIANTX,cypher,True,100,50,0,0,0,1,False
998.731,4277,ACTIVE_ROUND,8,3,4,,31.999,,MiniBoo,Team Heretics,raze,False,,25,0,0,0,7,False,RieNs,Team Heretics,fade,False,,1,0,0,0,0,False,Boo,Team Heretics,omen,True,46,1,2,0,0,0,False,benjyfishy,Team Heretics,deadlock,False,,1,0,0,0,4,False,Wo0t,Team Heretics,chamber,True,21,1,0,8,0,2,False,grubinho,GIANTX,omen,False,,22,0,0,0,1,False,ara,GIANTX,raze,True,100,50,0,0,0,3,False,Cloud,GIANTX,fade,False,,50,0,0,0,4,False,Flickless,GIANTX,viper,True,100,50,0,0,0,7,True,westside,GIANTX,cypher,True,100,50,0,0,0,1,False
998.965,4278,ACTIVE_ROUND,8,3,4,,32.232,,MiniBoo,Team Heretics,raze,False,,25,0,0,0,7,False,RieNs,Team Heretics,fade,False,,1,0,0,0,0,False,Boo,Team Heretics,omen,True,46,1,2,0,0,0,False,benjyfishy,Team Heretics,deadlock,False,,1,0,0,0,4,False,Wo0t,Team Heretics,chamber,True,21,1,0,8,0,2,False,grubinho,GIANTX,omen,False,,22,0,0,0,1,False,ara,GIANTX,raze,True,100,50,0,0,0,3,False,Cloud,GIANTX,fade,False,,50,0,0,0,4,False,Flickless,GIANTX,viper,True,100,50,0,0,0,7,True,westside,GIANTX,cypher,True,100,50,0,0,0,1,False
999.198,4279,ACTIVE_ROUND,8,3,4,,32.466,,MiniBoo,Team Heretics,raze,False,,25,0,0,0,7,False,RieNs,Team Heretics,fade,False,,1,0,0,0,0,False,Boo,Team Heretics,omen,True,46,1,2,0,0,0,False,benjyfishy,Team Heretics,deadlock,False,,1,0,0,0,4,False,Wo0t,Team Heretics,chamber,True,12,1,0,8,0,2,False,grubinho,GIANTX,omen,False,,22,0,0,0,1,False,ara,GIANTX,raze,True,100,50,0,0,0,4,False,Cloud,GIANTX,fade,False,,50,0,0,0,4,False,Flickless,GIANTX,viper,True,100,50,0,0,0,7,True,westside,GIANTX,cypher,True,100,50,0,0,0,1,False
999.432,4280,ACTIVE_ROUND,8,3,4,,32.699,,MiniBoo,Team Heretics,raze,False,,25,0,0,0,7,False,RieNs,Team Heretics,fade,False,,1,0,0,0,0,False,Boo,Team Heretics,omen,True,46,1,2,0,0,0,False,benjyfishy,Team Heretics,deadlock,False,,1,0,0,0,4,False,Wo0t,Team Heretics,chamber,True,12,1,0,8,0,2,False,grubinho,GIANTX,omen,False,,22,0,0,0,1,False,ara,GIANTX,raze,True,100,50,0,0,0,4,False,Cloud,GIANTX,fade,False,,50,0,0,0,4,False,Flickless,GIANTX,viper,True,100,50,0,0,0,7,True,westside,GIANTX,cypher,True,100,50,0,0,0,1,False
999.665,4281,ACTIVE_ROUND,8,3,4,,32.933,,MiniBoo,Team Heretics,raze,False,,25,0,0,0,7,False,RieNs,Team Heretics,fade,False,,1,0,0,0,0,False,Boo,Team Heretics,omen,True,46,1,2,0,0,0,False,benjyfishy,Team Heretics,deadlock,False,,1,0,0,0,4,False,Wo0t,Team Heretics,chamber,True,12,1,0,8,0,2,False,grubinho,GIANTX,omen,False,,22,0,0,0,1,False,ara,GIANTX,raze,True,100,50,0,0,0,4,False,Cloud,GIANTX,fade,False,,50,0,0,0,4,False,Flickless,GIANTX,viper,True,100,50,0,0,0,7,True,westside,GIANTX,cypher,True,100,50,0,0,0,1,False
999.899,4282,ACTIVE_ROUND,8,3,4,,33.166,,MiniBoo,Team Heretics,raze,False,,25,0,0,0,7,False,RieNs,Team Heretics,fade,False,,1,0,0,0,0,False,Boo,Team Heretics,omen,True,46,1,2,0,0,0,False,benjyfishy,Team Heretics,deadlock,False,,1,0,0,0,4,False,Wo0t,Team Heretics,chamber,True,12,1,0,8,0,2,False,grubinho,GIANTX,omen,False,,22,0,0,0,1,False,ara,GIANTX,raze,True,100,50,0,0,0,4,False,Cloud,GIANTX,fade,False,,50,0,0,0,4,False,Flickless,GIANTX,viper,True,100,50,0,0,0,7,True,westside,GIANTX,cypher,True,100,50,0,0,0,1,False
1000.132,4283,ACTIVE_ROUND,8,3,4,,33.400,,MiniBoo,Team Heretics,raze,False,,25,0,0,0,7,False,RieNs,Team Heretics,fade,False,,1,0,0,0,0,False,Boo,Team Heretics,omen,True,37,1,2,0,0,0,False,benjyfishy,Team Heretics,deadlock,False,,1,0,0,0,4,False,Wo0t,Team Heretics,chamber,True,2,1,0,8,0,2,False,grubinho,GIANTX,omen,False,,22,0,0,0,1,False,ara,GIANTX,raze,True,100,50,0,0,0,4,False,Cloud,GIANTX,fade,False,,50,0,0,0,4,False,Flickless,GIANTX,viper,True,100,50,0,0,0,7,True,westside,GIANTX,cypher,True,100,50,0,0,0,1,False
1000.366,4284,ACTIVE_ROUND,8,3,4,,33.634,,MiniBoo,Team Heretics,raze,False,,25,0,0,0,7,False,RieNs,Team Heretics,fade,False,,1,0,0,0,0,False,Boo,Team Heretics,omen,True,37,1,2,0,0,0,False,benjyfishy,Team Heretics,deadlock,False,,1,0,0,0,4,False,Wo0t,Team Heretics,chamber,True,2,1,0,8,0,2,False,grubinho,GIANTX,omen,False,,22,0,0,0,1,False,ara,GIANTX,raze,True,100,50,0,0,0,4,False,Cloud,GIANTX,fade,False,,50,0,0,0,4,False,Flickless,GIANTX,viper,True,100,50,0,0,0,7,True,westside,GIANTX,cypher,True,100,50,0,0,0,1,False
1000.600,4285,ACTIVE_ROUND,8,3,4,,33.867,,MiniBoo,Team Heretics,raze,False,,25,0,0,0,7,False,RieNs,Team Heretics,fade,False,,1,0,0,0,0,False,Boo,Team Heretics,omen,True,37,1,2,0,0,0,False,benjyfishy,Team Heretics,deadlock,False,,1,0,0,0,4,False,Wo0t,Team Heretics,chamber,True,2,1,0,8,0,2,False,grubinho,GIANTX,omen,False,,22,0,0,0,1,False,ara,GIANTX,raze,True,100,50,0,0,0,4,False,Cloud,GIANTX,fade,False,,50,0,0,0,4,False,Flickless,GIANTX,viper,True,100,50,0,0,0,7,True,westside,GIANTX,cypher,True,100,50,0,0,0,1,False
1000.833,4286,ACTIVE_ROUND,8,3,4,,34.101,,MiniBoo,Team Heretics,raze,False,,25,0,0,0,7,False,RieNs,Team Heretics,fade,False,,1,0,0,0,0,False,Boo,Team Heretics,omen,True,37,1,2,0,0,0,False,benjyfishy,Team Heretics,deadlock,False,,1,0,0,0,4,False,Wo0t,Team Heretics,chamber,True,2,1,0,8,0,2,False,grubinho,GIANTX,omen,False,,22,0,0,0,1,False,ara,GIANTX,raze,True,100,50,0,0,0,4,False,Cloud,GIANTX,fade,False,,50,0,0,0,4,False,Flickless,GIANTX,viper,True,100,50,0,0,0,7,True,westside,GIANTX,cypher,True,100,50,0,0,0,1,False
1001.067,4287,ACTIVE_ROUND,8,3,4,,34.334,,MiniBoo,Team Heretics,raze,False,,25,0,0,0,7,False,RieNs,Team Heretics,fade,False,,1,0,0,0,0,False,Boo,Team Heretics,omen,True,37,1,2,0,0,0,False,benjyfishy,Team Heretics,deadlock,False,,1,0,0,0,4,False,Wo0t,Team Heretics,chamber,True,2,1,0,8,0,2,False,grubinho,GIANTX,omen,False,,22,0,0,0,1,False,ara,GIANTX,raze,True,100,50,0,0,0,4,False,Cloud,GIANTX,fade,False,,50,0,0,0,4,False,Flickless,GIANTX,viper,True,100,50,0,0,0,7,True,westside,GIANTX,cypher,True,100,50,0,0,0,1,False
1001.300,4288,ACTIVE_ROUND,8,3,4,,34.568,,MiniBoo,Team Heretics,raze,False,,25,0,0,0,7,False,RieNs,Team Heretics,fade,False,,1,0,0,0,0,False,Boo,Team Heretics,omen,True,27,1,2,0,0,0,False,benjyfishy,Team Heretics,deadlock,False,,1,0,0,0,4,False,Wo0t,Team Heretics,chamber,True,1,1,0,8,0,2,False,grubinho,GIANTX,omen,False,,22,0,0,0,1,False,ara,GIANTX,raze,True,100,50,0,0,0,4,False,Cloud,GIANTX,fade,False,,50,0,0,0,4,False,Flickless,GIANTX,viper,True,100,50,0,0,0,7,True,westside,GIANTX,cypher,True,100,50,0,0,0,1,False
1001.534,4289,ACTIVE_ROUND,8,3,4,,34.801,,MiniBoo,Team Heretics,raze,False,,25,0,0,0,7,False,RieNs,Team Heretics,fade,False,,1,0,0,0,0,False,Boo,Team Heretics,omen,True,27,1,2,0,0,0,False,benjyfishy,Team Heretics,deadlock,False,,1,0,0,0,4,False,Wo0t,Team Heretics,chamber,True,1,1,0,8,0,2,False,grubinho,GIANTX,omen,False,,22,0,0,0,1,False,ara,GIANTX,raze,False,,50,0,0,0,4,False,Cloud,GIANTX,fade,False,,50,0,0,0,4,False,Flickless,GIANTX,viper,True,100,50,0,0,0,7,True,westside,GIANTX,cypher,True,100,50,0,0,0,1,False
1001.767,4290,ACTIVE_ROUND,8,3,4,,35.035,,MiniBoo,Team Heretics,raze,False,,25,0,0,0,7,False,RieNs,Team Heretics,fade,False,,1,0,0,0,0,False,Boo,Team Heretics,omen,True,27,1,2,0,0,0,False,benjyfishy,Team Heretics,deadlock,False,,1,0,0,0,4,False,Wo0t,Team Heretics,chamber,True,1,1,0,8,0,2,False,grubinho,GIANTX,omen,False,,22,0,0,0,1,False,ara,GIANTX,raze,False,,50,0,0,0,4,False,Cloud,GIANTX,fade,False,,50,0,0,0,4,False,Flickless,GIANTX,viper,True,100,50,0,0,0,7,True,westside,GIANTX,cypher,True,100,50,0,0,0,1,False
1002.001,4291,ACTIVE_ROUND,8,3,4,,35.269,,MiniBoo,Team Heretics,raze,False,,25,0,0,0,7,False,RieNs,Team Heretics,fade,False,,1,0,0,0,0,False,Boo,Team Heretics,omen,True,27,1,2,0,0,0,False,benjyfishy,Team Heretics,deadlock,False,,1,0,0,0,4,False,Wo0t,Team Heretics,chamber,True,1,1,0,8,0,2,False,grubinho,GIANTX,omen,False,,22,0,0,0,1,False,ara,GIANTX,raze,False,,50,0,0,0,4,False,Cloud,GIANTX,fade,False,,50,0,0,0,4,False,Flickless,GIANTX,viper,True,100,50,0,0,0,7,True,westside,GIANTX,cypher,True,100,50,0,0,0,1,False
1002.235,4292,ACTIVE_ROUND,8,3,4,,35.502,,MiniBoo,Team Heretics,raze,False,,25,0,0,0,7,False,RieNs,Team Heretics,fade,False,,1,0,0,0,0,False,Boo,Team Heretics,omen,True,17,1,1,0,0,0,False,benjyfishy,Team Heretics,deadlock,False,,1,0,0,0,4,False,Wo0t,Team Heretics,chamber,True,1,1,0,0,1,3,False,grubinho,GIANTX,omen,False,,22,0,0,0,1,False,ara,GIANTX,raze,False,,50,0,0,0,4,False,Cloud,GIANTX,fade,False,,50,0,0,0,4,False,Flickless,GIANTX,viper,True,100,50,0,0,0,7,True,westside,GIANTX,cypher,True,100,50,0,0,0,1,False
1002.468,4293,ACTIVE_ROUND,8,3,4,,35.736,,MiniBoo,Team Heretics,raze,False,,25,0,0,0,7,False,RieNs,Team Heretics,fade,False,,1,0,0,0,0,False,Boo,Team Heretics,omen,True,17,1,1,0,0,0,False,benjyfishy,Team Heretics,deadlock,False,,1,0,0,0,4,False,Wo0t,Team Heretics,chamber,False,,1,0,0,1,3,False,grubinho,GIANTX,omen,False,,22,0,0,0,1,False,ara,GIANTX,raze,False,,50,0,0,0,4,False,Cloud,GIANTX,fade,False,,50,0,0,0,4,False,Flickless,GIANTX,viper,True,100,50,0,0,0,7,True,westside,GIANTX,cypher,True,100,50,0,0,0,1,False
1002.702,4294,ACTIVE_ROUND,8,3,4,,35.969,,MiniBoo,Team Heretics,raze,False,,25,0,0,0,7,False,RieNs,Team Heretics,fade,False,,1,0,0,0,0,False,Boo,Team Heretics,omen,True,17,1,1,0,0,0,False,benjyfishy,Team Heretics,deadlock,False,,1,0,0,0,4,False,Wo0t,Team Heretics,chamber,False,,1,0,0,1,3,False,grubinho,GIANTX,omen,False,,22,0,0,0,1,False,ara,GIANTX,raze,False,,50,0,0,0,4,False,Cloud,GIANTX,fade,False,,50,0,0,0,4,False,Flickless,GIANTX,viper,True,100,50,0,0,0,7,True,westside,GIANTX,cypher,True,100,50,0,0,0,1,False
1002.935,4295,ACTIVE_ROUND,8,3,4,,36.203,,MiniBoo,Team Heretics,raze,False,,25,0,0,0,7,False,RieNs,Team Heretics,fade,False,,1,0,0,0,0,False,Boo,Team Heretics,omen,True,17,1,1,0,0,0,False,benjyfishy,Team Heretics,deadlock,False,,1,0,0,0,4,False,Wo0t,Team Heretics,chamber,False,,1,0,0,1,3,False,grubinho,GIANTX,omen,False,,22,0,0,0,1,False,ara,GIANTX,raze,False,,50,0,0,0,4,False,Cloud,GIANTX,fade,False,,50,0,0,0,4,False,Flickless,GIANTX,viper,True,100,50,0,0,0,7,True,westside,GIANTX,cypher,True,100,50,0,0,0,1,False
1003.169,4296,ACTIVE_ROUND,8,3,4,,36.436,,MiniBoo,Team Heretics,raze,False,,25,0,0,0,7,False,RieNs,Team Heretics,fade,False,,1,0,0,0,0,False,Boo,Team Heretics,omen,True,7,1,1,0,0,0,False,benjyfishy,Team Heretics,deadlock,False,,1,0,0,0,4,False,Wo0t,Team Heretics,chamber,False,,1,0,0,1,3,False,grubinho,GIANTX,omen,False,,22,0,0,0,1,False,ara,GIANTX,raze,False,,50,0,0,0,4,False,Cloud,GIANTX,fade,False,,50,0,0,0,4,False,Flickless,GIANTX,viper,True,100,50,0,0,0,7,True,westside,GIANTX,cypher,True,100,50,0,0,0,1,False
1003.402,4297,ACTIVE_ROUND,8,3,4,,36.670,,MiniBoo,Team Heretics,raze,False,,25,0,0,0,7,False,RieNs,Team Heretics,fade,False,,1,0,0,0,0,False,Boo,Team Heretics,omen,True,7,1,1,0,0,0,False,benjyfishy,Team Heretics,deadlock,False,,1,0,0,0,4,False,Wo0t,Team Heretics,chamber,False,,1,0,0,1,3,False,grubinho,GIANTX,omen,False,,22,0,0,0,1,False,ara,GIANTX,raze,False,,50,0,0,0,4,False,Cloud,GIANTX,fade,False,,50,0,0,0,4,False,Flickless,GIANTX,viper,True,100,50,0,0,0,7,True,westside,GIANTX,cypher,True,100,50,0,0,0,1,False
1003.636,4298,ACTIVE_ROUND,8,3,4,,36.904,,MiniBoo,Team Heretics,raze,False,,25,0,0,0,7,False,RieNs,Team Heretics,fade,False,,1,0,0,0,0,False,Boo,Team Heretics,omen,True,7,1,1,0,0,0,False,benjyfishy,Team Heretics,deadlock,False,,1,0,0,0,4,False,Wo0t,Team Heretics,chamber,False,,1,0,0,1,3,False,grubinho,GIANTX,omen,False,,22,0,0,0,1,False,ara,GIANTX,raze,False,,50,0,0,0,4,False,Cloud,GIANTX,fade,False,,50,0,0,0,4,False,Flickless,GIANTX,viper,True,100,50,0,0,0,7,True,westside,GIANTX,cypher,True,100,50,0,0,0,1,False
1003.870,4299,ACTIVE_ROUND,8,3,4,,37.137,,MiniBoo,Team Heretics,raze,False,,25,0,0,0,7,False,RieNs,Team Heretics,fade,False,,1,0,0,0,0,False,Boo,Team Heretics,omen,True,7,1,1,0,0,0,False,benjyfishy,Team Heretics,deadlock,False,,1,0,0,0,4,False,Wo0t,Team Heretics,chamber,False,,1,0,0,1,3,False,grubinho,GIANTX,omen,False,,22,0,0,0,1,False,ara,GIANTX,raze,False,,50,0,0,0,4,False,Cloud,GIANTX,fade,False,,50,0,0,0,4,False,Flickless,GIANTX,viper,True,100,50,0,0,0,7,True,westside,GIANTX,cypher,True,100,50,0,0,0,1,False
1004.103,4300,ACTIVE_ROUND,8,3,4,,37.371,,MiniBoo,Team Heretics,raze,False,,25,0,0,0,7,False,RieNs,Team Heretics,fade,False,,1,0,0,0,0,False,Boo,Team Heretics,omen,True,7,1,1,0,0,0,False,benjyfishy,Team Heretics,deadlock,False,,1,0,0,0,4,False,Wo0t,Team Heretics,chamber,False,,1,0,0,1,3,False,grubinho,GIANTX,omen,False,,22,0,0,0,1,False,ara,GIANTX,raze,False,,50,0,0,0,4,False,Cloud,GIANTX,fade,False,,50,0,0,0,4,False,Flickless,GIANTX,viper,True,100,50,0,0,0,7,True,westside,GIANTX,cypher,True,100,50,0,0,0,1,False
1004.337,4301,ACTIVE_ROUND,8,3,4,,37.604,,MiniBoo,Team Heretics,raze,False,,25,0,0,0,7,False,RieNs,Team Heretics,fade,False,,1,0,0,0,0,False,Boo,Team Heretics,omen,True,1,1,1,0,0,0,False,benjyfishy,Team Heretics,deadlock,False,,1,0,0,0,4,False,Wo0t,Team Heretics,chamber,False,,1,0,0,1,3,False,grubinho,GIANTX,omen,False,,22,0,0,0,1,False,ara,GIANTX,raze,False,,50,0,0,0,4,False,Cloud,GIANTX,fade,False,,50,0,0,0,4,False,Flickless,GIANTX,viper,True,100,50,0,0,0,7,True,westside,GIANTX,cypher,True,100,50,0,0,0,1,False
1004.570,4302,ACTIVE_ROUND,8,3,4,,37.838,,MiniBoo,Team Heretics,raze,False,,25,0,0,0,7,False,RieNs,Team Heretics,fade,False,,1,0,0,0,0,False,Boo,Team Heretics,omen,True,1,1,1,0,0,0,False,benjyfishy,Team Heretics,deadlock,False,,1,0,0,0,4,False,Wo0t,Team Heretics,chamber,False,,1,0,0,1,3,False,grubinho,GIANTX,omen,False,,22,0,0,0,1,False,ara,GIANTX,raze,False,,50,0,0,0,4,False,Cloud,GIANTX,fade,False,,50,0,0,0,4,False,Flickless,GIANTX,viper,False,,50,0,0,0,7,True,westside,GIANTX,cypher,True,100,50,0,0,0,1,False
1004.804,4303,ACTIVE_ROUND,8,3,4,,38.071,,MiniBoo,Team Heretics,raze,False,,25,0,0,0,7,False,RieNs,Team Heretics,fade,False,,1,0,0,0,0,False,Boo,Team Heretics,omen,True,1,1,1,0,0,0,False,benjyfishy,Team Heretics,deadlock,False,,1,0,0,0,4,False,Wo0t,Team Heretics,chamber,False,,1,0,0,1,3,False,grubinho,GIANTX,omen,False,,22,0,0,0,1,False,ara,GIANTX,raze,False,,50,0,0,0,4,False,Cloud,GIANTX,fade,False,,50,0,0,0,4,False,Flickless,GIANTX,viper,False,,50,0,0,0,7,True,westside,GIANTX,cypher,True,100,50,0,0,0,1,False
1005.037,4304,ACTIVE_ROUND,8,3,4,,38.305,,MiniBoo,Team Heretics,raze,False,,25,0,0,0,7,False,RieNs,Team Heretics,fade,False,,1,0,0,0,0,False,Boo,Team Heretics,omen,True,1,1,1,0,0,0,False,benjyfishy,Team Heretics,deadlock,False,,1,0,0,0,4,False,Wo0t,Team Heretics,chamber,False,,1,0,0,1,3,False,grubinho,GIANTX,omen,False,,22,0,0,0,1,False,ara,GIANTX,raze,False,,50,0,0,0,4,False,Cloud,GIANTX,fade,False,,50,0,0,0,4,False,Flickless,GIANTX,viper,False,,50,0,0,0,7,True,westside,GIANTX,cypher,True,100,50,0,0,0,1,False
1005.271,4305,ACTIVE_ROUND,8,3,4,,38.538,,MiniBoo,Team Heretics,raze,False,,25,0,0,0,7,False,RieNs,Team Heretics,fade,False,,1,0,0,0,0,False,Boo,Team Heretics,omen,True,1,1,1,0,0,1,False,benjyfishy,Team Heretics,deadlock,False,,1,0,0,0,4,False,Wo0t,Team Heretics,chamber,False,,1,0,0,1,3,False,grubinho,GIANTX,omen,False,,22,0,0,0,1,False,ara,GIANTX,raze,False,,50,0,0,0,4,False,Cloud,GIANTX,fade,False,,50,0,0,0,4,False,Flickless,GIANTX,viper,False,,50,0,0,0,7,True,westside,GIANTX,cypher,True,100,50,0,0,0,1,False
1005.505,4306,ACTIVE_ROUND,8,3,4,,38.772,,MiniBoo,Team Heretics,raze,False,,25,0,0,0,7,False,RieNs,Team Heretics,fade,False,,1,0,0,0,0,False,Boo,Team Heretics,omen,True,1,1,1,0,0,1,False,benjyfishy,Team Heretics,deadlock,False,,1,0,0,0,4,False,Wo0t,Team Heretics,chamber,False,,1,0,0,1,3,False,grubinho,GIANTX,omen,False,,22,0,0,0,1,False,ara,GIANTX,raze,False,,50,0,0,0,4,False,Cloud,GIANTX,fade,False,,50,0,0,0,4,False,Flickless,GIANTX,viper,False,,50,0,0,0,7,True,westside,GIANTX,cypher,True,100,50,0,0,0,1,False
1005.738,4307,ACTIVE_ROUND,8,3,4,,39.006,,MiniBoo,Team Heretics,raze,False,,25,0,0,0,7,False,RieNs,Team Heretics,fade,False,,1,0,0,0,0,False,Boo,Team Heretics,omen,True,1,1,1,0,0,1,False,benjyfishy,Team Heretics,deadlock,False,,1,0,0,0,4,False,Wo0t,Team Heretics,chamber,False,,1,0,0,1,3,False,grubinho,GIANTX,omen,False,,22,0,0,0,1,False,ara,GIANTX,raze,False,,50,0,0,0,4,False,Cloud,GIANTX,fade,False,,50,0,0,0,4,False,Flickless,GIANTX,viper,False,,50,0,0,0,7,True,westside,GIANTX,cypher,True,100,50,0,0,0,1,False
1005.972,4308,ACTIVE_ROUND,8,3,4,,39.239,,MiniBoo,Team Heretics,raze,False,,25,0,0,0,7,False,RieNs,Team Heretics,fade,False,,1,0,0,0,0,False,Boo,Team Heretics,omen,True,1,1,1,0,0,1,False,benjyfishy,Team Heretics,deadlock,False,,1,0,0,0,4,False,Wo0t,Team Heretics,chamber,False,,1,0,0,1,3,False,grubinho,GIANTX,omen,False,,22,0,0,0,1,False,ara,GIANTX,raze,False,,50,0,0,0,4,False,Cloud,GIANTX,fade,False,,50,0,0,0,4,False,Flickless,GIANTX,viper,False,,50,0,0,0,7,True,westside,GIANTX,cypher,True,100,50,0,0,0,1,False
1006.205,4309,ACTIVE_ROUND,8,3,4,,39.473,,MiniBoo,Team Heretics,raze,False,,25,0,0,0,7,False,RieNs,Team Heretics,fade,False,,1,0,0,0,0,False,Boo,Team Heretics,omen,True,1,1,1,0,0,1,False,benjyfishy,Team Heretics,deadlock,False,,1,0,0,0,4,False,Wo0t,Team Heretics,chamber,False,,1,0,0,1,3,False,grubinho,GIANTX,omen,False,,22,0,0,0,1,False,ara,GIANTX,raze,False,,50,0,0,0,4,False,Cloud,GIANTX,fade,False,,50,0,0,0,4,False,Flickless,GIANTX,viper,False,,50,0,0,0,7,True,westside,GIANTX,cypher,True,100,50,0,0,0,1,False
1006.439,4310,ACTIVE_ROUND,8,3,4,,39.706,,MiniBoo,Team Heretics,raze,False,,25,0,0,0,7,False,RieNs,Team Heretics,fade,False,,1,0,0,0,0,False,Boo,Team Heretics,omen,True,1,1,1,0,0,1,False,benjyfishy,Team Heretics,deadlock,False,,1,0,0,0,4,False,Wo0t,Team Heretics,chamber,False,,1,0,0,1,3,False,grubinho,GIANTX,omen,False,,22,0,0,0,1,False,ara,GIANTX,raze,False,,50,0,0,0,4,False,Cloud,GIANTX,fade,False,,50,0,0,0,4,False,Flickless,GIANTX,viper,False,,50,0,0,0,7,True,westside,GIANTX,cypher,True,100,50,0,0,0,1,False
1006.672,4311,ACTIVE_ROUND,8,3,4,,39.940,,MiniBoo,Team Heretics,raze,False,,25,0,0,0,7,False,RieNs,Team Heretics,fade,False,,1,0,0,0,0,False,Boo,Team Heretics,omen,True,1,1,1,0,0,1,False,benjyfishy,Team Heretics,deadlock,False,,1,0,0,0,4,False,Wo0t,Team Heretics,chamber,False,,1,0,0,1,3,False,grubinho,GIANTX,omen,False,,22,0,0,0,1,False,ara,GIANTX,raze,False,,50,0,0,0,4,False,Cloud,GIANTX,fade,False,,50,0,0,0,4,False,Flickless,GIANTX,viper,False,,50,0,0,0,7,True,westside,GIANTX,cypher,True,100,50,0,0,0,1,False
1006.906,4312,ACTIVE_ROUND,8,3,4,,40.173,,MiniBoo,Team Heretics,raze,False,,25,0,0,0,7,False,RieNs,Team Heretics,fade,False,,1,0,0,0,0,False,Boo,Team Heretics,omen,True,1,1,1,0,0,1,False,benjyfishy,Team Heretics,deadlock,False,,1,0,0,0,4,False,Wo0t,Team Heretics,chamber,False,,1,0,0,1,3,False,grubinho,GIANTX,omen,False,,22,0,0,0,1,False,ara,GIANTX,raze,False,,50,0,0,0,4,False,Cloud,GIANTX,fade,False,,50,0,0,0,4,False,Flickless,GIANTX,viper,False,,50,0,0,0,7,True,westside,GIANTX,cypher,True,100,50,0,0,0,1,False
1007.139,4313,ACTIVE_ROUND,8,3,4,,40.407,,MiniBoo,Team Heretics,raze,False,,25,0,0,0,7,False,RieNs,Team Heretics,fade,False,,1,0,0,0,0,False,Boo,Team Heretics,omen,True,1,1,1,0,0,1,False,benjyfishy,Team Heretics,deadlock,False,,1,0,0,0,4,False,Wo0t,Team Heretics,chamber,False,,1,0,0,1,3,False,grubinho,GIANTX,omen,False,,22,0,0,0,1,False,ara,GIANTX,raze,False,,50,0,0,0,4,False,Cloud,GIANTX,fade,False,,50,0,0,0,4,False,Flickless,GIANTX,viper,False,,50,0,0,0,7,True,westside,GIANTX,cypher,True,100,50,0,0,0,1,False
1007.373,4314,ACTIVE_ROUND,8,3,4,,40.641,,MiniBoo,Team Heretics,raze,False,,25,0,0,0,7,False,RieNs,Team Heretics,fade,False,,1,0,0,0,0,False,Boo,Team Heretics,omen,True,1,1,1,0,0,1,False,benjyfishy,Team Heretics,deadlock,False,,1,0,0,0,4,False,Wo0t,Team Heretics,chamber,False,,1,0,0,1,3,False,grubinho,GIANTX,omen,False,,22,0,0,0,1,False,ara,GIANTX,raze,False,,50,0,0,0,4,False,Cloud,GIANTX,fade,False,,50,0,0,0,4,False,Flickless,GIANTX,viper,False,,50,0,0,0,7,True,westside,GIANTX,cypher,True,100,50,0,0,0,1,False
1007.607,4315,ACTIVE_ROUND,8,3,4,,40.874,,MiniBoo,Team Heretics,raze,False,,25,0,0,0,7,False,RieNs,Team Heretics,fade,False,,1,0,0,0,0,False,Boo,Team Heretics,omen,True,1,1,1,0,0,1,False,benjyfishy,Team Heretics,deadlock,False,,1,0,0,0,4,False,Wo0t,Team Heretics,chamber,False,,1,0,0,1,3,False,grubinho,GIANTX,omen,False,,22,0,0,0,1,False,ara,GIANTX,raze,False,,50,0,0,0,4,False,Cloud,GIANTX,fade,False,,50,0,0,0,4,False,Flickless,GIANTX,viper,False,,50,0,0,0,7,True,westside,GIANTX,cypher,True,100,50,0,0,0,1,False
1007.840,4316,ACTIVE_ROUND,8,3,4,,41.108,,MiniBoo,Team Heretics,raze,False,,25,0,0,0,7,False,RieNs,Team Heretics,fade,False,,1,0,0,0,0,False,Boo,Team Heretics,omen,True,1,1,1,0,0,1,False,benjyfishy,Team Heretics,deadlock,False,,1,0,0,0,4,False,Wo0t,Team Heretics,chamber,False,,1,0,0,1,3,False,grubinho,GIANTX,omen,False,,22,0,0,0,1,False,ara,GIANTX,raze,False,,50,0,0,0,4,False,Cloud,GIANTX,fade,False,,50,0,0,0,4,False,Flickless,GIANTX,viper,False,,50,0,0,0,7,True,westside,GIANTX,cypher,True,100,50,0,0,0,1,False
1008.074,4317,ACTIVE_ROUND,8,3,4,,41.341,,MiniBoo,Team Heretics,raze,False,,25,0,0,0,7,False,RieNs,Team Heretics,fade,False,,1,0,0,0,0,False,Boo,Team Heretics,omen,True,12,1,1,0,0,1,False,benjyfishy,Team Heretics,deadlock,False,,1,0,0,0,4,False,Wo0t,Team Heretics,chamber,False,,1,0,0,1,3,False,grubinho,GIANTX,omen,False,,22,0,0,0,1,False,ara,GIANTX,raze,False,,50,0,0,0,4,False,Cloud,GIANTX,fade,False,,50,0,0,0,4,False,Flickless,GIANTX,viper,False,,50,0,0,0,7,True,westside,GIANTX,cypher,True,100,50,0,0,0,1,False
1008.307,4318,ACTIVE_ROUND,8,3,4,,41.575,,MiniBoo,Team Heretics,raze,False,,25,0,0,0,7,False,RieNs,Team Heretics,fade,False,,1,0,0,0,0,False,Boo,Team Heretics,omen,True,12,1,1,0,0,1,False,benjyfishy,Team Heretics,deadlock,False,,1,0,0,0,4,False,Wo0t,Team Heretics,chamber,False,,1,0,0,1,3,False,grubinho,GIANTX,omen,False,,22,0,0,0,1,False,ara,GIANTX,raze,False,,50,0,0,0,4,False,Cloud,GIANTX,fade,False,,50,0,0,0,4,False,Flickless,GIANTX,viper,False,,50,0,0,0,7,True,westside,GIANTX,cypher,True,100,50,0,0,0,1,False
1008.541,4319,ACTIVE_ROUND,8,3,4,,41.808,,MiniBoo,Team Heretics,raze,False,,25,0,0,0,7,False,RieNs,Team Heretics,fade,False,,1,0,0,0,0,False,Boo,Team Heretics,omen,True,12,1,1,0,0,1,False,benjyfishy,Team Heretics,deadlock,False,,1,0,0,0,4,False,Wo0t,Team Heretics,chamber,False,,1,0,0,1,3,False,grubinho,GIANTX,omen,False,,22,0,0,0,1,False,ara,GIANTX,raze,False,,50,0,0,0,4,False,Cloud,GIANTX,fade,False,,50,0,0,0,4,False,Flickless,GIANTX,viper,False,,50,0,0,0,7,True,westside,GIANTX,cypher,True,100,50,0,0,0,1,False
1008.774,4320,ACTIVE_ROUND,8,3,4,,42.042,,MiniBoo,Team Heretics,raze,False,,25,0,0,0,7,False,RieNs,Team Heretics,fade,False,,1,0,0,0,0,False,Boo,Team Heretics,omen,True,12,1,1,0,0,1,False,benjyfishy,Team Heretics,deadlock,False,,1,0,0,0,4,False,Wo0t,Team Heretics,chamber,False,,1,0,0,1,3,False,grubinho,GIANTX,omen,False,,22,0,0,0,1,False,ara,GIANTX,raze,False,,50,0,0,0,4,False,Cloud,GIANTX,fade,False,,50,0,0,0,4,False,Flickless,GIANTX,viper,False,,50,0,0,0,7,True,westside,GIANTX,cypher,True,100,50,0,0,0,1,False
1009.008,4321,ACTIVE_ROUND,8,3,4,,42.276,,MiniBoo,Team Heretics,raze,False,,25,0,0,0,7,False,RieNs,Team Heretics,fade,False,,1,0,0,0,0,False,Boo,Team Heretics,omen,True,12,1,1,0,0,1,False,benjyfishy,Team Heretics,deadlock,False,,1,0,0,0,4,False,Wo0t,Team Heretics,chamber,False,,1,0,0,1,3,False,grubinho,GIANTX,omen,False,,22,0,0,0,1,False,ara,GIANTX,raze,False,,50,0,0,0,4,False,Cloud,GIANTX,fade,False,,50,0,0,0,4,False,Flickless,GIANTX,viper,False,,50,0,0,0,7,True,westside,GIANTX,cypher,True,100,50,0,0,0,1,False
1009.242,4322,ACTIVE_ROUND,8,3,4,,42.509,,MiniBoo,Team Heretics,raze,False,,25,0,0,0,7,False,RieNs,Team Heretics,fade,False,,1,0,0,0,0,False,Boo,Team Heretics,omen,True,37,1,1,0,0,1,False,benjyfishy,Team Heretics,deadlock,False,,1,0,0,0,4,False,Wo0t,Team Heretics,chamber,False,,1,0,0,1,3,False,grubinho,GIANTX,omen,False,,22,0,0,0,1,False,ara,GIANTX,raze,False,,50,0,0,0,4,False,Cloud,GIANTX,fade,False,,50,0,0,0,4,False,Flickless,GIANTX,viper,False,,50,0,0,0,7,True,westside,GIANTX,cypher,True,100,50,0,0,0,1,False
1009.475,4323,ACTIVE_ROUND,8,3,4,,42.743,,MiniBoo,Team Heretics,raze,False,,25,0,0,0,7,False,RieNs,Team Heretics,fade,False,,1,0,0,0,0,False,Boo,Team Heretics,omen,True,37,1,1,0,0,1,False,benjyfishy,Team Heretics,deadlock,False,,1,0,0,0,4,False,Wo0t,Team Heretics,chamber,False,,1,0,0,1,3,False,grubinho,GIANTX,omen,False,,22,0,0,0,1,False,ara,GIANTX,raze,False,,50,0,0,0,4,False,Cloud,GIANTX,fade,False,,50,0,0,0,4,False,Flickless,GIANTX,viper,False,,50,0,0,0,7,True,westside,GIANTX,cypher,True,100,50,0,0,0,1,False
1009.709,4324,ACTIVE_ROUND,8,3,4,,42.976,,MiniBoo,Team Heretics,raze,False,,25,0,0,0,7,False,RieNs,Team Heretics,fade,False,,1,0,0,0,0,False,Boo,Team Heretics,omen,True,37,1,1,0,0,1,False,benjyfishy,Team Heretics,deadlock,False,,1,0,0,0,4,False,Wo0t,Team Heretics,chamber,False,,1,0,0,1,3,False,grubinho,GIANTX,omen,False,,22,0,0,0,1,False,ara,GIANTX,raze,False,,50,0,0,0,4,False,Cloud,GIANTX,fade,False,,50,0,0,0,4,False,Flickless,GIANTX,viper,False,,50,0,0,0,7,True,westside,GIANTX,cypher,True,100,50,0,0,0,1,False
1009.942,4325,ACTIVE_ROUND,8,3,4,,43.210,,MiniBoo,Team Heretics,raze,False,,25,0,0,0,7,False,RieNs,Team Heretics,fade,False,,1,0,0,0,0,False,Boo,Team Heretics,omen,True,37,1,1,0,0,1,False,benjyfishy,Team Heretics,deadlock,False,,1,0,0,0,4,False,Wo0t,Team Heretics,chamber,False,,1,0,0,1,3,False,grubinho,GIANTX,omen,False,,22,0,0,0,1,False,ara,GIANTX,raze,False,,50,0,0,0,4,False,Cloud,GIANTX,fade,False,,50,0,0,0,4,False,Flickless,GIANTX,viper,False,,50,0,0,0,7,True,westside,GIANTX,cypher,True,100,50,0,0,0,1,False
1010.176,4326,ACTIVE_ROUND,8,3,4,,43.443,,MiniBoo,Team Heretics,raze,False,,25,0,0,0,7,False,RieNs,Team Heretics,fade,False,,1,0,0,0,0,False,Boo,Team Heretics,omen,True,63,1,1,0,0,1,False,benjyfishy,Team Heretics,deadlock,False,,1,0,0,0,4,False,Wo0t,Team Heretics,chamber,False,,1,0,0,1,3,False,grubinho,GIANTX,omen,False,,22,0,0,0,1,False,ara,GIANTX,raze,False,,50,0,0,0,4,False,Cloud,GIANTX,fade,False,,50,0,0,0,4,False,Flickless,GIANTX,viper,False,,50,0,0,0,7,True,westside,GIANTX,cypher,True,100,50,0,0,0,1,False
1010.409,4327,ACTIVE_ROUND,8,3,4,,43.677,,MiniBoo,Team Heretics,raze,False,,25,0,0,0,7,False,RieNs,Team Heretics,fade,False,,1,0,0,0,0,False,Boo,Team Heretics,omen,True,63,1,1,0,0,1,False,benjyfishy,Team Heretics,deadlock,False,,1,0,0,0,4,False,Wo0t,Team Heretics,chamber,False,,1,0,0,1,3,False,grubinho,GIANTX,omen,False,,22,0,0,0,1,False,ara,GIANTX,raze,False,,50,0,0,0,4,False,Cloud,GIANTX,fade,False,,50,0,0,0,4,False,Flickless,GIANTX,viper,False,,50,0,0,0,7,True,westside,GIANTX,cypher,True,100,50,0,0,0,1,False
1010.643,4328,ACTIVE_ROUND,8,3,4,,43.911,,MiniBoo,Team Heretics,raze,False,,25,0,0,0,7,False,RieNs,Team Heretics,fade,False,,1,0,0,0,0,False,Boo,Team Heretics,omen,True,63,1,1,0,0,1,False,benjyfishy,Team Heretics,deadlock,False,,1,0,0,0,4,False,Wo0t,Team Heretics,chamber,False,,1,0,0,1,3,False,grubinho,GIANTX,omen,False,,22,0,0,0,1,False,ara,GIANTX,raze,False,,50,0,0,0,4,False,Cloud,GIANTX,fade,False,,50,0,0,0,4,False,Flickless,GIANTX,viper,False,,50,0,0,0,7,True,westside,GIANTX,cypher,True,100,50,0,0,0,1,False
1010.877,4329,ACTIVE_ROUND,8,3,4,,44.144,,MiniBoo,Team Heretics,raze,False,,25,0,0,0,7,False,RieNs,Team Heretics,fade,False,,1,0,0,0,0,False,Boo,Team Heretics,omen,True,63,1,1,0,0,1,False,benjyfishy,Team Heretics,deadlock,False,,1,0,0,0,4,False,Wo0t,Team Heretics,chamber,False,,1,0,0,1,3,False,grubinho,GIANTX,omen,False,,22,0,0,0,1,False,ara,GIANTX,raze,False,,50,0,0,0,4,False,Cloud,GIANTX,fade,False,,50,0,0,0,4,False,Flickless,GIANTX,viper,False,,50,0,0,0,7,True,westside,GIANTX,cypher,True,100,50,0,0,0,1,False
1011.577,4332,POST_ROUND,8,3,5,,,0.000,MiniBoo,Team Heretics,raze,False,,25,0,0,0,7,False,RieNs,Team Heretics,fade,False,,1,0,0,0,0,False,Boo,Team Heretics,omen,True,87,1,0,0,0,1,False,benjyfishy,Team Heretics,deadlock,False,,1,0,0,0,4,False,Wo0t,Team Heretics,chamber,False,,1,0,0,1,3,False,grubinho,GIANTX,omen,False,,22,0,0,0,1,False,ara,GIANTX,raze,False,,50,0,0,0,4,False,Cloud,GIANTX,fade,False,,50,0,0,0,4,False,Flickless,GIANTX,viper,False,,50,0,0,0,7,True,westside,GIANTX,cypher,True,100,50,0,0,0,1,False
1011.811,4333,POST_ROUND,8,3,5,,,0.234,MiniBoo,Team Heretics,raze,False,,25,0,0,0,7,False,RieNs,Team Heretics,fade,False,,1,0,0,0,0,False,Boo,Team Heretics,omen,True,87,1,0,0,0,1,False,benjyfishy,Team Heretics,deadlock,False,,1,0,0,0,4,False,Wo0t,Team Heretics,chamber,False,,1,0,0,1,3,False,grubinho,GIANTX,omen,False,,22,0,0,0,1,False,ara,GIANTX,raze,False,,50,0,0,0,4,False,Cloud,GIANTX,fade,False,,50,0,0,0,4,False,Flickless,GIANTX,viper,False,,50,0,0,0,7,True,westside,GIANTX,cypher,False,,50,0,0,0,1,False
1012.044,4334,POST_ROUND,8,3,5,,,0.467,MiniBoo,Team Heretics,raze,False,,25,0,0,0,7,False,RieNs,Team Heretics,fade,False,,1,0,0,0,0,False,Boo,Team Heretics,omen,True,87,1,0,0,0,1,False,benjyfishy,Team Heretics,deadlock,False,,1,0,0,0,4,False,Wo0t,Team Heretics,chamber,False,,1,0,0,1,3,False,grubinho,GIANTX,omen,False,,22,0,0,0,1,False,ara,GIANTX,raze,False,,50,0,0,0,4,False,Cloud,GIANTX,fade,False,,50,0,0,0,4,False,Flickless,GIANTX,viper,False,,50,0,0,0,7,True,westside,GIANTX,cypher,False,,50,0,0,0,1,False
1012.278,4335,POST_ROUND,8,3,5,,,0.701,MiniBoo,Team Heretics,raze,False,,25,0,0,0,7,False,RieNs,Team Heretics,fade,False,,1,0,0,0,0,False,Boo,Team Heretics,omen,True,100,13,0,0,0,1,False,benjyfishy,Team Heretics,deadlock,False,,1,0,0,0,4,False,Wo0t,Team Heretics,chamber,False,,1,0,0,1,3,False,grubinho,GIANTX,omen,False,,22,0,0,0,1,False,ara,GIANTX,raze,False,,50,0,0,0,4,False,Cloud,GIANTX,fade,False,,50,0,0,0,4,False,Flickless,GIANTX,viper,False,,50,0,0,0,7,True,westside,GIANTX,cypher,False,,50,0,0,0,1,False
1012.512,4336,POST_ROUND,8,3,5,,,0.934,MiniBoo,Team Heretics,raze,False,,25,0,0,0,7,False,RieNs,Team Heretics,fade,False,,1,0,0,0,0,False,Boo,Team Heretics,omen,True,100,13,0,0,0,1,False,benjyfishy,Team Heretics,deadlock,False,,1,0,0,0,4,False,Wo0t,Team Heretics,chamber,False,,1,0,0,1,3,False,grubinho,GIANTX,omen,False,,22,0,0,0,1,False,ara,GIANTX,raze,False,,50,0,0,0,4,False,Cloud,GIANTX,fade,False,,50,0,0,0,4,False,Flickless,GIANTX,viper,False,,50,0,0,0,7,True,westside,GIANTX,cypher,False,,50,0,0,0,1,False
1012.745,4337,POST_ROUND,8,3,5,,,1.168,MiniBoo,Team Heretics,raze,False,,25,0,0,0,7,False,RieNs,Team Heretics,fade,False,,1,0,0,0,0,False,Boo,Team Heretics,omen,True,100,13,0,0,0,1,False,benjyfishy,Team Heretics,deadlock,False,,1,0,0,0,4,False,Wo0t,Team Heretics,chamber,False,,1,0,0,1,3,False,grubinho,GIANTX,omen,False,,22,0,0,0,1,False,ara,GIANTX,raze,False,,50,0,0,0,4,False,Cloud,GIANTX,fade,False,,50,0,0,0,4,False,Flickless,GIANTX,viper,False,,50,0,0,0,7,True,westside,GIANTX,cypher,False,,50,0,0,0,1,False
1012.979,4338,POST_ROUND,8,3,5,,,1.401,MiniBoo,Team Heretics,raze,False,,25,0,0,0,7,False,RieNs,Team Heretics,fade,False,,1,0,0,0,0,False,Boo,Team Heretics,omen,True,100,13,0,0,0,1,False,benjyfishy,Team Heretics,deadlock,False,,1,0,0,0,4,False,Wo0t,Team Heretics,chamber,False,,1,0,0,1,3,False,grubinho,GIANTX,omen,False,,22,0,0,0,1,False,ara,GIANTX,raze,False,,50,0,0,0,4,False,Cloud,GIANTX,fade,False,,50,0,0,0,4,False,Flickless,GIANTX,viper,False,,50,0,0,0,7,True,westside,GIANTX,cypher,False,,50,0,0,0,1,False
1013.212,4339,POST_ROUND,8,3,5,,,1.635,MiniBoo,Team Heretics,raze,False,,25,0,0,0,7,False,RieNs,Team Heretics,fade,False,,1,0,0,0,0,False,Boo,Team Heretics,omen,True,100,25,0,0,0,1,False,benjyfishy,Team Heretics,deadlock,False,,1,0,0,0,4,False,Wo0t,Team Heretics,chamber,False,,1,0,0,1,3,False,grubinho,GIANTX,omen,False,,22,0,0,0,1,False,ara,GIANTX,raze,False,,50,0,0,0,4,False,Cloud,GIANTX,fade,False,,50,0,0,0,4,False,Flickless,GIANTX,viper,False,,50,0,0,0,7,True,westside,GIANTX,cypher,False,,50,0,0,0,1,False
1013.446,4340,POST_ROUND,8,3,5,,,1.869,MiniBoo,Team Heretics,raze,False,,25,0,0,0,7,False,RieNs,Team Heretics,fade,False,,1,0,0,0,0,False,Boo,Team Heretics,omen,True,100,25,0,0,0,1,False,benjyfishy,Team Heretics,deadlock,False,,1,0,0,0,4,False,Wo0t,Team Heretics,chamber,False,,1,0,0,1,3,False,grubinho,GIANTX,omen,False,,22,0,0,0,1,False,ara,GIANTX,raze,False,,50,0,0,0,4,False,Cloud,GIANTX,fade,False,,50,0,0,0,4,False,Flickless,GIANTX,viper,False,,50,0,0,0,7,True,westside,GIANTX,cypher,False,,50,0,0,0,1,False
1013.679,4341,POST_ROUND,8,3,5,,,2.102,MiniBoo,Team Heretics,raze,False,,25,0,0,0,7,False,RieNs,Team Heretics,fade,False,,1,0,0,0,0,False,Boo,Team Heretics,omen,True,100,25,0,0,0,1,False,benjyfishy,Team Heretics,deadlock,False,,1,0,0,0,4,False,Wo0t,Team Heretics,chamber,False,,1,0,0,1,3,False,grubinho,GIANTX,omen,False,,22,0,0,0,1,False,ara,GIANTX,raze,False,,50,0,0,0,4,False,Cloud,GIANTX,fade,False,,50,0,0,0,4,False,Flickless,GIANTX,viper,False,,50,0,0,0,7,True,westside,GIANTX,cypher,False,,50,0,0,0,1,False
1042.408,4464,PREROUND,9,3,5,,,,MiniBoo,Team Heretics,raze,True,,,0,2,1,7,False,RieNs,Team Heretics,fade,True,,,2,1,1,1,False,Boo,Team Heretics,omen,True,,,2,1,2,1,False,benjyfishy,Team Heretics,deadlock,True,,,1,0,1,5,False,Wo0t,Team Heretics,chamber,True,,,1,8,1,4,False,grubinho,GIANTX,omen,True,,,2,1,2,2,False,ara,GIANTX,raze,True,,,1,2,1,5,False,Cloud,GIANTX,fade,True,,,2,1,1,5,False,Flickless,GIANTX,viper,True,,,1,1,0,0,False,westside,GIANTX,cypher,True,,,0,2,1,1,False
1042.642,4465,PREROUND,9,3,5,,,,MiniBoo,Team Heretics,raze,True,,,0,2,1,7,False,RieNs,Team Heretics,fade,True,,,2,1,1,1,False,Boo,Team Heretics,omen,True,,,2,1,2,1,False,benjyfishy,Team Heretics,deadlock,True,,,1,0,1,5,False,Wo0t,Team Heretics,chamber,True,,,1,8,1,4,False,grubinho,GIANTX,omen,True,,,2,1,2,2,False,ara,GIANTX,raze,True,,,1,2,1,5,False,Cloud,GIANTX,fade,True,,,2,1,1,5,False,Flickless,GIANTX,viper,True,,,1,1,0,0,False,westside,GIANTX,cypher,True,,,0,2,1,1,False
1042.875,4466,PREROUND,9,3,5,,,,MiniBoo,Team Heretics,raze,True,,,0,2,1,7,False,RieNs,Team Heretics,fade,True,,,2,1,1,1,False,Boo,Team Heretics,omen,True,,,2,1,2,1,False,benjyfishy,Team Heretics,deadlock,True,,,1,0,1,5,False,Wo0t,Team Heretics,chamber,True,,,1,8,1,4,False,grubinho,GIANTX,omen,True,,,2,1,2,2,False,ara,GIANTX,raze,True,,,1,2,1,5,False,Cloud,GIANTX,fade,True,,,2,1,1,5,False,Flickless,GIANTX,viper,True,,,1,1,0,0,False,westside,GIANTX,cypher,True,,,0,2,1,1,False
1043.109,4467,PREROUND,9,3,5,,,,MiniBoo,Team Heretics,raze,True,,,0,2,1,7,False,RieNs,Team Heretics,fade,True,,,2,1,1,1,False,Boo,Team Heretics,omen,True,,,2,1,2,1,False,benjyfishy,Team Heretics,deadlock,True,,,1,0,1,5,False,Wo0t,Team Heretics,chamber,True,,,1,8,1,4,False,grubinho,GIANTX,omen,True,,,2,1,2,2,False,ara,GIANTX,raze,True,,,1,2,1,5,False,Cloud,GIANTX,fade,True,,,2,1,1,5,False,Flickless,GIANTX,viper,True,,,1,1,0,0,False,westside,GIANTX,cypher,True,,,0,2,1,1,False
1043.342,4468,PREROUND,9,3,5,,,,MiniBoo,Team Heretics,raze,True,,,0,2,1,7,False,RieNs,Team Heretics,fade,True,,,2,1,1,1,False,Boo,Team Heretics,omen,True,,,2,1,2,1,False,benjyfishy,Team Heretics,deadlock,True,,,1,0,1,5,False,Wo0t,Team Heretics,chamber,True,,,1,8,1,4,False,grubinho,GIANTX,omen,True,,,2,1,2,2,False,ara,GIANTX,raze,True,,,1,2,1,5,False,Cloud,GIANTX,fade,True,,,2,1,1,5,False,Flickless,GIANTX,viper,True,,,1,1,0,0,False,westside,GIANTX,cypher,True,,,0,2,1,1,False
1043.576,4469,PREROUND,9,3,5,,,,MiniBoo,Team Heretics,raze,True,,,0,2,1,7,False,RieNs,Team Heretics,fade,True,,,2,1,1,1,False,Boo,Team Heretics,omen,True,,,2,1,2,1,False,benjyfishy,Team Heretics,deadlock,True,,,1,0,1,5,False,Wo0t,Team Heretics,chamber,True,,,1,8,1,4,False,grubinho,GIANTX,omen,True,,,2,1,2,2,False,ara,GIANTX,raze,True,,,1,2,1,5,False,Cloud,GIANTX,fade,True,,,2,1,1,5,False,Flickless,GIANTX,viper,True,,,1,1,0,0,False,westside,GIANTX,cypher,True,,,0,2,1,1,False
1043.809,4470,PREROUND,9,3,5,,,,MiniBoo,Team Heretics,raze,True,,,0,2,1,7,False,RieNs,Team Heretics,fade,True,,,2,1,1,1,False,Boo,Team Heretics,omen,True,,,2,1,2,1,False,benjyfishy,Team Heretics,deadlock,True,,,1,0,1,5,False,Wo0t,Team Heretics,chamber,True,,,1,8,1,4,False,grubinho,GIANTX,omen,True,,,2,1,2,2,False,ara,GIANTX,raze,True,,,1,2,1,5,False,Cloud,GIANTX,fade,True,,,2,1,1,5,False,Flickless,GIANTX,viper,True,,,1,1,0,0,False,westside,GIANTX,cypher,True,,,0,2,1,1,False
1044.043,4471,PREROUND,9,3,5,,,,MiniBoo,Team Heretics,raze,True,,,0,2,1,7,False,RieNs,Team Heretics,fade,True,,,2,1,1,1,False,Boo,Team Heretics,omen,True,,,2,1,2,1,False,benjyfishy,Team Heretics,deadlock,True,,,1,0,1,5,False,Wo0t,Team Heretics,chamber,True,,,1,8,1,4,False,grubinho,GIANTX,omen,True,,,2,1,2,2,False,ara,GIANTX,raze,True,,,1,2,1,5,False,Cloud,GIANTX,fade,True,,,2,1,1,5,False,Flickless,GIANTX,viper,True,,,1,1,0,0,False,westside,GIANTX,cypher,True,,,0,2,1,1,False
1044.277,4472,PREROUND,9,3,5,,,,MiniBoo,Team Heretics,raze,True,,,0,2,1,7,False,RieNs,Team Heretics,fade,True,,,2,1,1,1,False,Boo,Team Heretics,omen,True,,,2,1,2,1,False,benjyfishy,Team Heretics,deadlock,True,,,1,0,1,5,False,Wo0t,Team Heretics,chamber,True,,,1,8,1,4,False,grubinho,GIANTX,omen,True,,,2,1,2,2,False,ara,GIANTX,raze,True,,,1,2,1,5,False,Cloud,GIANTX,fade,True,,,2,1,1,5,False,Flickless,GIANTX,viper,True,,,1,1,0,0,False,westside,GIANTX,cypher,True,,,0,2,1,1,False
1044.510,4473,PREROUND,9,3,5,,,,MiniBoo,Team Heretics,raze,True,,,0,2,1,7,False,RieNs,Team Heretics,fade,True,,,2,1,1,1,False,Boo,Team Heretics,omen,True,,,2,1,2,1,False,benjyfishy,Team Heretics,deadlock,True,,,1,0,1,5,False,Wo0t,Team Heretics,chamber,True,,,1,8,1,4,False,grubinho,GIANTX,omen,True,,,2,1,2,2,False,ara,GIANTX,raze,True,,,1,2,1,5,False,Cloud,GIANTX,fade,True,,,2,1,1,5,False,Flickless,GIANTX,viper,True,,,1,1,0,0,False,westside,GIANTX,cypher,True,,,0,2,1,1,False
1044.744,4474,PREROUND,9,3,5,,,,MiniBoo,Team Heretics,raze,True,,,0,2,1,7,False,RieNs,Team Heretics,fade,True,,,2,1,1,1,False,Boo,Team Heretics,omen,True,,,2,1,2,1,False,benjyfishy,Team Heretics,deadlock,True,,,1,0,1,5,False,Wo0t,Team Heretics,chamber,True,,,1,8,1,4,False,grubinho,GIANTX,omen,True,,,2,1,2,2,False,ara,GIANTX,raze,True,,,1,2,1,5,False,Cloud,GIANTX,fade,True,,,2,1,1,5,False,Flickless,GIANTX,viper,True,,,1,1,0,0,False,westside,GIANTX,cypher,True,,,0,2,1,1,False
1044.977,4475,PREROUND,9,3,5,,,,MiniBoo,Team Heretics,raze,True,,,0,2,1,7,False,RieNs,Team Heretics,fade,True,,,2,1,1,1,False,Boo,Team Heretics,omen,True,,,2,1,2,1,False,benjyfishy,Team Heretics,deadlock,True,,,1,0,1,5,False,Wo0t,Team Heretics,chamber,True,,,1,8,1,4,False,grubinho,GIANTX,omen,True,,,2,1,2,2,False,ara,GIANTX,raze,True,,,1,2,1,5,False,Cloud,GIANTX,fade,True,,,2,1,1,5,False,Flickless,GIANTX,viper,True,,,1,1,0,0,False,westside,GIANTX,cypher,True,,,0,2,1,1,False
1045.211,4476,PREROUND,9,3,5,,,,MiniBoo,Team Heretics,raze,True,,,0,2,1,7,False,RieNs,Team Heretics,fade,True,,,2,1,1,1,False,Boo,Team Heretics,omen,True,,,2,1,2,1,False,benjyfishy,Team Heretics,deadlock,True,,,1,0,1,5,False,Wo0t,Team Heretics,chamber,True,,,1,8,1,4,False,grubinho,GIANTX,omen,True,,,2,1,2,2,False,ara,GIANTX,raze,True,,,1,2,1,5,False,Cloud,GIANTX,fade,True,,,2,1,1,5,False,Flickless,GIANTX,viper,True,,,1,1,0,0,False,westside,GIANTX,cypher,True,,,0,2,1,1,False
1045.444,4477,PREROUND,9,3,5,,,,MiniBoo,Team Heretics,raze,True,,,0,2,1,7,False,RieNs,Team Heretics,fade,True,,,2,1,1,1,False,Boo,Team Heretics,omen,True,,,2,1,2,1,False,benjyfishy,Team Heretics,deadlock,True,,,1,0,1,5,False,Wo0t,Team Heretics,chamber,True,,,1,8,1,4,False,grubinho,GIANTX,omen,True,,,2,1,2,2,False,ara,GIANTX,raze,True,,,1,2,1,5,False,Cloud,GIANTX,fade,True,,,2,1,1,5,False,Flickless,GIANTX,viper,True,,,1,1,0,0,False,westside,GIANTX,cypher,True,,,0,2,1,1,False
1045.678,4478,PREROUND,9,3,5,,,,MiniBoo,Team Heretics,raze,True,,,0,2,1,7,False,RieNs,Team Heretics,fade,True,,,2,1,1,1,False,Boo,Team Heretics,omen,True,,,2,1,2,1,False,benjyfishy,Team Heretics,deadlock,True,,,1,0,1,5,False,Wo0t,Team Heretics,chamber,True,,,1,8,1,4,False,grubinho,GIANTX,omen,True,,,2,1,2,2,False,ara,GIANTX,raze,True,,,1,2,1,5,False,Cloud,GIANTX,fade,True,,,2,1,1,5,False,Flickless,GIANTX,viper,True,,,1,1,0,0,False,westside,GIANTX,cypher,True,,,0,2,1,1,False
1045.912,4479,PREROUND,9,3,5,,,,MiniBoo,Team Heretics,raze,True,,,0,2,1,7,False,RieNs,Team Heretics,fade,True,,,2,1,1,1,False,Boo,Team Heretics,omen,True,,,2,1,2,1,False,benjyfishy,Team Heretics,deadlock,True,,,1,0,1,5,False,Wo0t,Team Heretics,chamber,True,,,1,8,1,4,False,grubinho,GIANTX,omen,True,,,2,1,2,2,False,ara,GIANTX,raze,True,,,1,2,1,5,False,Cloud,GIANTX,fade,True,,,2,1,1,5,False,Flickless,GIANTX,viper,True,,,1,1,0,0,False,westside,GIANTX,cypher,True,,,0,2,1,1,False
1046.145,4480,PREROUND,9,3,5,,,,MiniBoo,Team Heretics,raze,True,,,0,2,1,7,False,RieNs,Team Heretics,fade,True,,,2,1,1,1,False,Boo,Team Heretics,omen,True,,,2,1,2,1,False,benjyfishy,Team Heretics,deadlock,True,,,1,0,1,5,False,Wo0t,Team Heretics,chamber,True,,,1,8,1,4,False,grubinho,GIANTX,omen,True,,,2,1,2,2,False,ara,GIANTX,raze,True,,,1,2,1,5,False,Cloud,GIANTX,fade,True,,,2,1,1,5,False,Flickless,GIANTX,viper,True,,,1,1,0,0,False,westside,GIANTX,cypher,True,,,0,2,1,1,False
1046.379,4481,PREROUND,9,3,5,,,,MiniBoo,Team Heretics,raze,True,,,0,2,1,7,False,RieNs,Team Heretics,fade,True,,,2,1,1,1,False,Boo,Team Heretics,omen,True,,,2,1,2,1,False,benjyfishy,Team Heretics,deadlock,True,,,1,0,1,5,False,Wo0t,Team Heretics,chamber,True,,,1,8,1,4,False,grubinho,GIANTX,omen,True,,,2,1,2,2,False,ara,GIANTX,raze,True,,,1,2,1,5,False,Cloud,GIANTX,fade,True,,,2,1,1,5,False,Flickless,GIANTX,viper,True,,,1,1,0,0,False,westside,GIANTX,cypher,True,,,0,2,1,1,False
1046.612,4482,PREROUND,9,3,5,,,,MiniBoo,Team Heretics,raze,True,,,0,2,1,7,False,RieNs,Team Heretics,fade,True,,,2,1,1,1,False,Boo,Team Heretics,omen,True,,,2,1,2,1,False,benjyfishy,Team Heretics,deadlock,True,,,1,0,1,5,False,Wo0t,Team Heretics,chamber,True,,,1,8,1,4,False,grubinho,GIANTX,omen,True,,,2,1,2,2,False,ara,GIANTX,raze,True,,,1,2,1,5,False,Cloud,GIANTX,fade,True,,,2,1,1,5,False,Flickless,GIANTX,viper,True,,,1,1,0,0,False,westside,GIANTX,cypher,True,,,0,2,1,1,False
1046.846,4483,PREROUND,9,3,5,,,,MiniBoo,Team Heretics,raze,True,,,0,2,1,7,False,RieNs,Team Heretics,fade,True,,,2,1,1,1,False,Boo,Team Heretics,omen,True,,,2,1,2,1,False,benjyfishy,Team Heretics,deadlock,True,,,1,0,1,5,False,Wo0t,Team Heretics,chamber,True,,,1,8,1,4,False,grubinho,GIANTX,omen,True,,,2,1,2,2,False,ara,GIANTX,raze,True,,,1,2,1,5,False,Cloud,GIANTX,fade,True,,,2,1,1,5,False,Flickless,GIANTX,viper,True,,,1,1,0,0,False,westside,GIANTX,cypher,True,,,0,2,1,1,False
1047.079,4484,PREROUND,9,3,5,,,,MiniBoo,Team Heretics,raze,True,,,0,2,1,7,False,RieNs,Team Heretics,fade,True,,,2,1,1,1,False,Boo,Team Heretics,omen,True,,,2,1,2,1,False,benjyfishy,Team Heretics,deadlock,True,,,1,0,1,5,False,Wo0t,Team Heretics,chamber,True,,,1,8,1,4,False,grubinho,GIANTX,omen,True,,,2,1,2,2,False,ara,GIANTX,raze,True,,,1,1,1,5,False,Cloud,GIANTX,fade,True,,,2,1,1,5,False,Flickless,GIANTX,viper,True,,,1,1,0,0,False,westside,GIANTX,cypher,True,,,0,2,1,1,False
1047.313,4485,PREROUND,9,3,5,,,,MiniBoo,Team Heretics,raze,True,,,0,2,1,7,False,RieNs,Team Heretics,fade,True,,,2,1,1,1,False,Boo,Team Heretics,omen,True,,,2,1,2,1,False,benjyfishy,Team Heretics,deadlock,True,,,1,0,1,5,False,Wo0t,Team Heretics,chamber,True,,,1,8,1,4,False,grubinho,GIANTX,omen,True,,,2,1,2,2,False,ara,GIANTX,raze,True,,,1,1,1,5,False,Cloud,GIANTX,fade,True,,,2,1,1,5,False,Flickless,GIANTX,viper,True,,,1,1,0,0,False,westside,GIANTX,cypher,True,,,0,2,1,1,False
1047.546,4486,PREROUND,9,3,5,,,,MiniBoo,Team Heretics,raze,True,,,0,2,1,7,False,RieNs,Team Heretics,fade,True,,,2,1,1,1,False,Boo,Team Heretics,omen,True,,,2,1,2,1,False,benjyfishy,Team Heretics,deadlock,True,,,1,0,1,5,False,Wo0t,Team Heretics,chamber,True,,,1,8,1,4,False,grubinho,GIANTX,omen,True,,,2,1,2,2,False,ara,GIANTX,raze,True,,,1,1,1,5,False,Cloud,GIANTX,fade,True,,,2,1,1,5,False,Flickless,GIANTX,viper,True,,,1,1,0,0,False,westside,GIANTX,cypher,True,,,0,2,1,1,False
1047.780,4487,PREROUND,9,3,5,,,,MiniBoo,Team Heretics,raze,True,,,0,2,1,7,False,RieNs,Team Heretics,fade,True,,,2,1,1,1,False,Boo,Team Heretics,omen,True,,,2,1,2,1,False,benjyfishy,Team Heretics,deadlock,True,,,1,0,1,5,False,Wo0t,Team Heretics,chamber,True,,,1,8,1,4,False,grubinho,GIANTX,omen,True,,,2,1,2,2,False,ara,GIANTX,raze,True,,,1,1,1,5,False,Cloud,GIANTX,fade,True,,,2,1,1,5,False,Flickless,GIANTX,viper,True,,,1,1,0,0,False,westside,GIANTX,cypher,True,,,0,2,1,1,False
1048.247,4489,ACTIVE_ROUND,9,3,5,99.000,,,MiniBoo,Team Heretics,raze,True,,,0,2,1,7,False,RieNs,Team Heretics,fade,True,,,2,1,1,1,False,Boo,Team Heretics,omen,True,,,2,1,2,1,False,benjyfishy,Team Heretics,deadlock,True,,,1,0,1,5,False,Wo0t,Team Heretics,chamber,True,,,1,8,1,4,False,grubinho,GIANTX,omen,True,,,2,1,2,2,False,ara,GIANTX,raze,True,,,1,1,1,5,False,Cloud,GIANTX,fade,True,,,2,1,1,5,False,Flickless,GIANTX,viper,True,,,1,1,0,0,False,westside,GIANTX,cypher,True,,,0,2,1,1,False
1048.481,4490,ACTIVE_ROUND,9,3,5,99.000,,,MiniBoo,Team Heretics,raze,True,100,25,0,2,1,7,False,RieNs,Team Heretics,fade,True,100,25,2,1,1,1,False,Boo,Team Heretics,omen,True,100,25,2,1,2,1,False,benjyfishy,Team Heretics,deadlock,True,100,25,1,0,1,5,False,Wo0t,Team Heretics,chamber,True,100,50,1,8,1,4,False,grubinho,GIANTX,omen,True,100,50,2,1,2,2,False,ara,GIANTX,raze,True,100,50,1,1,1,5,False,Cloud,GIANTX,fade,True,100,50,2,1,1,5,False,Flickless,GIANTX,viper,True,100,50,1,1,0,0,False,westside,GIANTX,cypher,True,100,50,0,2,1,1,False
1048.714,4491,ACTIVE_ROUND,9,3,5,99.000,,,MiniBoo,Team Heretics,raze,True,100,25,0,2,1,7,False,RieNs,Team Heretics,fade,True,100,25,2,1,1,1,False,Boo,Team Heretics,omen,True,100,25,2,1,2,1,False,benjyfishy,Team Heretics,deadlock,True,100,25,1,0,1,5,False,Wo0t,Team Heretics,chamber,True,100,50,1,8,1,4,False,grubinho,GIANTX,omen,True,100,50,2,1,2,2,False,ara,GIANTX,raze,True,100,50,1,1,1,5,False,Cloud,GIANTX,fade,True,100,50,2,1,1,5,False,Flickless,GIANTX,viper,True,100,50,1,1,0,0,False,westside,GIANTX,cypher,True,100,50,0,2,1,1,False
1048.948,4492,ACTIVE_ROUND,9,3,5,98.000,,,MiniBoo,Team Heretics,raze,True,100,25,0,2,1,7,False,RieNs,Team Heretics,fade,True,100,25,2,1,1,1,False,Boo,Team Heretics,omen,True,100,25,2,1,2,1,False,benjyfishy,Team Heretics,deadlock,True,100,25,1,0,1,5,False,Wo0t,Team Heretics,chamber,True,100,50,1,8,1,4,False,grubinho,GIANTX,omen,True,100,50,2,1,2,2,False,ara,GIANTX,raze,True,100,50,1,1,1,5,False,Cloud,GIANTX,fade,True,100,50,2,1,1,5,False,Flickless,GIANTX,viper,True,100,50,1,1,0,0,False,westside,GIANTX,cypher,True,100,50,0,2,1,1,False
1049.181,4493,ACTIVE_ROUND,9,3,5,98.000,,,MiniBoo,Team Heretics,raze,True,100,25,0,2,0,7,False,RieNs,Team Heretics,fade,True,100,25,2,1,1,1,False,Boo,Team Heretics,omen,True,100,25,2,1,1,1,False,benjyfishy,Team Heretics,deadlock,True,100,25,1,0,0,5,False,Wo0t,Team Heretics,chamber,True,100,50,1,8,1,4,False,grubinho,GIANTX,omen,True,100,50,2,1,1,2,False,ara,GIANTX,raze,True,100,50,1,1,1,5,False,Cloud,GIANTX,fade,True,100,50,2,1,0,5,False,Flickless,GIANTX,viper,True,100,50,1,1,0,0,False,westside,GIANTX,cypher,True,100,50,0,2,0,1,False
1049.415,4494,ACTIVE_ROUND,9,3,5,98.000,,,MiniBoo,Team Heretics,raze,True,100,25,0,2,0,7,False,RieNs,Team Heretics,fade,True,100,25,2,1,1,1,False,Boo,Team Heretics,omen,True,100,25,2,1,1,1,False,benjyfishy,Team Heretics,deadlock,True,100,25,1,0,0,5,False,Wo0t,Team Heretics,chamber,True,100,50,1,8,1,4,False,grubinho,GIANTX,omen,True,100,50,2,1,1,2,False,ara,GIANTX,raze,True,100,50,1,1,1,5,False,Cloud,GIANTX,fade,True,100,50,2,1,0,5,False,Flickless,GIANTX,viper,True,100,50,1,1,0,0,False,westside,GIANTX,cypher,True,100,50,0,2,0,1,False
1049.649,4495,ACTIVE_ROUND,9,3,5,98.000,,,MiniBoo,Team Heretics,raze,True,100,25,0,2,0,7,False,RieNs,Team Heretics,fade,True,100,25,2,1,1,1,False,Boo,Team Heretics,omen,True,100,25,2,1,1,1,False,benjyfishy,Team Heretics,deadlock,True,100,25,1,0,0,5,False,Wo0t,Team Heretics,chamber,True,100,50,1,8,1,4,False,grubinho,GIANTX,omen,True,100,50,2,1,1,2,False,ara,GIANTX,raze,True,100,50,1,1,1,5,False,Cloud,GIANTX,fade,True,100,50,2,1,0,5,False,Flickless,GIANTX,viper,True,100,50,1,1,0,0,False,westside,GIANTX,cypher,True,100,50,0,2,0,1,False
1049.882,4496,ACTIVE_ROUND,9,3,5,98.000,,,MiniBoo,Team Heretics,raze,True,100,25,0,2,0,7,False,RieNs,Team Heretics,fade,True,100,25,2,1,1,1,False,Boo,Team Heretics,omen,True,100,25,2,1,1,1,False,benjyfishy,Team Heretics,deadlock,True,100,25,1,0,0,5,False,Wo0t,Team Heretics,chamber,True,100,50,1,8,1,4,False,grubinho,GIANTX,omen,True,100,50,2,1,1,2,False,ara,GIANTX,raze,True,100,50,1,1,1,5,False,Cloud,GIANTX,fade,True,100,50,2,1,0,5,False,Flickless,GIANTX,viper,True,100,50,1,1,0,0,False,westside,GIANTX,cypher,True,100,50,0,2,0,1,False
1050.116,4497,ACTIVE_ROUND,9,3,5,97.000,,,MiniBoo,Team Heretics,raze,True,100,25,0,2,0,7,False,RieNs,Team Heretics,fade,True,100,25,2,1,1,1,False,Boo,Team Heretics,omen,True,100,25,2,1,1,1,False,benjyfishy,Team Heretics,deadlock,True,100,25,1,0,0,5,False,Wo0t,Team Heretics,chamber,True,100,50,1,8,1,4,False,grubinho,GIANTX,omen,True,100,50,2,1,1,2,False,ara,GIANTX,raze,True,100,50,1,1,1,5,False,Cloud,GIANTX,fade,True,100,50,2,1,0,5,False,Flickless,GIANTX,viper,True,100,50,1,1,0,0,False,westside,GIANTX,cypher,True,100,50,0,2,0,1,False
1050.349,4498,ACTIVE_ROUND,9,3,5,97.000,,,MiniBoo,Team Heretics,raze,True,100,25,0,2,0,7,False,RieNs,Team Heretics,fade,True,100,25,2,1,1,1,False,Boo,Team Heretics,omen,True,100,25,2,1,1,1,False,benjyfishy,Team Heretics,deadlock,True,100,25,1,0,0,5,False,Wo0t,Team Heretics,chamber,True,100,50,1,8,1,4,False,grubinho,GIANTX,omen,True,100,50,2,1,1,2,False,ara,GIANTX,raze,True,100,50,1,1,1,5,False,Cloud,GIANTX,fade,True,100,50,2,1,0,5,False,Flickless,GIANTX,viper,True,100,50,1,1,0,0,False,westside,GIANTX,cypher,True,100,50,0,2,0,1,False
1050.583,4499,ACTIVE_ROUND,9,3,5,97.000,,,MiniBoo,Team Heretics,raze,True,100,25,0,2,0,7,False,RieNs,Team Heretics,fade,True,100,25,2,1,1,1,False,Boo,Team Heretics,omen,True,100,25,2,1,1,1,False,benjyfishy,Team Heretics,deadlock,True,100,25,1,0,0,5,False,Wo0t,Team Heretics,chamber,True,100,50,1,8,1,4,False,grubinho,GIANTX,omen,True,100,50,2,1,1,2,False,ara,GIANTX,raze,True,100,50,1,1,1,5,False,Cloud,GIANTX,fade,True,100,50,2,1,0,5,False,Flickless,GIANTX,viper,True,100,50,1,1,0,0,False,westside,GIANTX,cypher,True,100,50,0,2,0,1,False
1050.816,4500,ACTIVE_ROUND,9,3,5,97.000,,,MiniBoo,Team Heretics,raze,True,100,25,0,2,0,7,False,RieNs,Team Heretics,fade,True,100,25,2,1,1,1,False,Boo,Team Heretics,omen,True,100,25,2,1,1,1,False,benjyfishy,Team Heretics,deadlock,True,100,25,1,0,0,5,False,Wo0t,Team Heretics,chamber,True,100,50,1,8,1,4,False,grubinho,GIANTX,omen,True,100,50,2,1,1,2,False,ara,GIANTX,raze,True,100,50,1,1,1,5,False,Cloud,GIANTX,fade,True,100,50,2,1,0,5,False,Flickless,GIANTX,viper,True,100,50,1,1,0,0,False,westside,GIANTX,cypher,True,100,50,0,2,0,1,False
1051.050,4501,ACTIVE_ROUND,9,3,5,96.000,,,MiniBoo,Team Heretics,raze,True,100,25,0,2,0,7,False,RieNs,Team Heretics,fade,True,100,25,2,1,1,1,False,Boo,Team Heretics,omen,True,100,25,2,1,1,1,False,benjyfishy,Team Heretics,deadlock,True,100,25,1,0,0,5,False,Wo0t,Team Heretics,chamber,True,100,50,1,8,1,4,False,grubinho,GIANTX,omen,True,100,50,2,1,1,2,False,ara,GIANTX,raze,True,100,50,1,1,1,5,False,Cloud,GIANTX,fade,True,100,50,2,1,0,5,False,Flickless,GIANTX,viper,True,100,50,1,1,0,0,False,westside,GIANTX,cypher,True,100,50,0,2,0,1,False
1051.284,4502,ACTIVE_ROUND,9,3,5,96.000,,,MiniBoo,Team Heretics,raze,True,100,25,0,2,0,7,False,RieNs,Team Heretics,fade,True,100,25,2,1,1,1,False,Boo,Team Heretics,omen,True,100,25,2,1,1,1,False,benjyfishy,Team Heretics,deadlock,True,100,25,1,0,0,5,False,Wo0t,Team Heretics,chamber,True,100,50,1,8,1,4,False,grubinho,GIANTX,omen,True,100,50,2,1,1,2,False,ara,GIANTX,raze,True,100,50,1,1,1,5,False,Cloud,GIANTX,fade,True,100,50,2,1,0,5,False,Flickless,GIANTX,viper,True,100,50,1,1,0,0,False,westside,GIANTX,cypher,True,100,50,0,2,0,1,False
1051.517,4503,ACTIVE_ROUND,9,3,5,96.000,,,MiniBoo,Team Heretics,raze,True,100,25,0,2,0,7,False,RieNs,Team Heretics,fade,True,100,25,2,1,1,1,False,Boo,Team Heretics,omen,True,100,25,2,1,1,1,False,benjyfishy,Team Heretics,deadlock,True,100,25,1,0,0,5,False,Wo0t,Team Heretics,chamber,True,100,50,1,8,1,4,False,grubinho,GIANTX,omen,True,100,50,2,1,1,2,False,ara,GIANTX,raze,True,100,50,1,1,1,5,False,Cloud,GIANTX,fade,True,100,50,2,1,0,5,False,Flickless,GIANTX,viper,True,100,50,1,1,0,0,False,westside,GIANTX,cypher,True,100,50,0,2,0,1,False
1051.751,4504,ACTIVE_ROUND,9,3,5,96.000,,,MiniBoo,Team Heretics,raze,True,100,25,0,2,0,7,False,RieNs,Team Heretics,fade,True,100,25,2,1,1,1,False,Boo,Team Heretics,omen,True,100,25,2,1,1,1,False,benjyfishy,Team Heretics,deadlock,True,100,25,1,0,0,5,False,Wo0t,Team Heretics,chamber,True,100,50,1,8,1,4,False,grubinho,GIANTX,omen,True,100,50,2,1,1,2,False,ara,GIANTX,raze,True,100,50,1,1,1,5,False,Cloud,GIANTX,fade,True,100,50,2,1,0,5,False,Flickless,GIANTX,viper,True,100,50,1,1,0,0,False,westside,GIANTX,cypher,True,100,50,0,2,0,1,False
1051.984,4505,ACTIVE_ROUND,9,3,5,95.000,,,MiniBoo,Team Heretics,raze,True,100,25,0,2,0,7,False,RieNs,Team Heretics,fade,True,100,25,2,1,1,1,False,Boo,Team Heretics,omen,True,100,25,2,1,1,1,False,benjyfishy,Team Heretics,deadlock,True,100,25,1,0,0,5,False,Wo0t,Team Heretics,chamber,True,100,50,1,8,1,4,False,grubinho,GIANTX,omen,True,100,50,2,1,1,2,False,ara,GIANTX,raze,True,100,50,1,1,1,5,False,Cloud,GIANTX,fade,True,100,50,2,1,0,5,False,Flickless,GIANTX,viper,True,100,50,1,1,0,0,False,westside,GIANTX,cypher,True,100,50,0,2,0,1,False
1052.218,4506,ACTIVE_ROUND,9,3,5,95.000,,,MiniBoo,Team Heretics,raze,True,100,25,0,2,0,7,False,RieNs,Team Heretics,fade,True,100,25,2,1,1,1,False,Boo,Team Heretics,omen,True,100,25,2,1,1,1,False,benjyfishy,Team Heretics,deadlock,True,100,25,1,0,0,5,False,Wo0t,Team Heretics,chamber,True,10,50,1,7,0,4,False,grubinho,GIANTX,omen,True,100,50,2,1,1,2,False,ara,GIANTX,raze,True,100,50,1,1,1,5,False,Cloud,GIANTX,fade,True,100,50,2,1,0,5,False,Flickless,GIANTX,viper,True,100,50,1,1,0,0,False,westside,GIANTX,cypher,True,100,50,0,1,0,1,False
1052.451,4507,ACTIVE_ROUND,9,3,5,95.000,,,MiniBoo,Team Heretics,raze,True,100,25,0,2,0,7,False,RieNs,Team Heretics,fade,True,100,25,2,1,1,1,False,Boo,Team Heretics,omen,True,100,25,2,1,1,1,False,benjyfishy,Team Heretics,deadlock,True,100,25,1,0,0,5,False,Wo0t,Team Heretics,chamber,True,10,50,1,7,0,4,False,grubinho,GIANTX,omen,True,100,50,2,1,1,2,False,ara,GIANTX,raze,True,100,50,1,1,1,5,False,Cloud,GIANTX,fade,True,100,50,2,1,0,5,False,Flickless,GIANTX,viper,True,100,50,1,1,0,0,False,westside,GIANTX,cypher,True,100,50,0,1,0,1,False
1052.685,4508,ACTIVE_ROUND,9,3,5,95.000,,,MiniBoo,Team Heretics,raze,True,100,25,0,2,0,7,False,RieNs,Team Heretics,fade,True,100,25,2,1,1,1,False,Boo,Team Heretics,omen,True,100,25,2,1,1,1,False,benjyfishy,Team Heretics,deadlock,True,100,25,1,0,0,5,False,Wo0t,Team Heretics,chamber,True,10,50,1,7,0,4,False,grubinho,GIANTX,omen,True,100,50,2,1,1,2,False,ara,GIANTX,raze,True,100,50,1,1,1,5,False,Cloud,GIANTX,fade,True,100,50,2,1,0,5,False,Flickless,GIANTX,viper,True,100,50,1,1,0,0,False,westside,GIANTX,cypher,True,100,50,0,1,0,1,False
1052.919,4509,ACTIVE_ROUND,9,3,5,95.000,,,MiniBoo,Team Heretics,raze,True,100,25,0,2,0,7,False,RieNs,Team Heretics,fade,True,100,25,2,1,1,1,False,Boo,Team Heretics,omen,True,100,25,2,1,1,1,False,benjyfishy,Team Heretics,deadlock,True,100,25,1,0,0,5,False,Wo0t,Team Heretics,chamber,True,10,50,1,7,0,4,False,grubinho,GIANTX,omen,True,100,50,2,1,1,2,False,ara,GIANTX,raze,True,100,50,1,1,1,5,False,Cloud,GIANTX,fade,True,100,50,2,1,0,5,False,Flickless,GIANTX,viper,True,100,50,1,1,0,0,False,westside,GIANTX,cypher,True,100,50,0,1,0,1,False
1053.152,4510,ACTIVE_ROUND,9,3,5,94.000,,,MiniBoo,Team Heretics,raze,True,100,25,0,2,0,7,False,RieNs,Team Heretics,fade,True,100,25,2,1,1,1,False,Boo,Team Heretics,omen,True,100,25,2,1,1,1,False,benjyfishy,Team Heretics,deadlock,True,100,25,1,0,0,5,False,Wo0t,Team Heretics,chamber,True,10,50,1,7,0,4,False,grubinho,GIANTX,omen,True,100,50,2,1,1,2,False,ara,GIANTX,raze,True,100,50,1,1,1,5,False,Cloud,GIANTX,fade,True,100,50,2,1,0,5,False,Flickless,GIANTX,viper,True,100,50,1,1,0,0,False,westside,GIANTX,cypher,True,100,50,0,1,0,1,False
1053.386,4511,ACTIVE_ROUND,9,3,5,94.000,,,MiniBoo,Team Heretics,raze,True,100,25,0,2,0,7,False,RieNs,Team Heretics,fade,True,100,25,2,1,1,1,False,Boo,Team Heretics,omen,True,100,25,2,1,1,1,False,benjyfishy,Team Heretics,deadlock,True,100,25,1,0,0,5,False,Wo0t,Team Heretics,chamber,True,10,50,1,7,0,4,False,grubinho,GIANTX,omen,True,100,50,2,1,1,2,False,ara,GIANTX,raze,True,100,50,1,1,1,5,False,Cloud,GIANTX,fade,True,100,50,2,1,0,5,False,Flickless,GIANTX,viper,True,100,50,1,1,0,0,False,westside,GIANTX,cypher,True,100,50,0,1,0,1,False
1053.619,4512,ACTIVE_ROUND,9,3,5,94.000,,,MiniBoo,Team Heretics,raze,True,100,25,0,2,0,7,False,RieNs,Team Heretics,fade,True,100,25,2,1,1,1,False,Boo,Team Heretics,omen,True,100,25,2,1,1,1,False,benjyfishy,Team Heretics,deadlock,True,100,25,1,0,0,5,False,Wo0t,Team Heretics,chamber,True,10,50,1,7,0,4,False,grubinho,GIANTX,omen,True,100,50,2,1,1,2,False,ara,GIANTX,raze,True,100,50,1,1,1,5,False,Cloud,GIANTX,fade,True,100,50,2,1,0,5,False,Flickless,GIANTX,viper,True,100,50,1,1,0,0,False,westside,GIANTX,cypher,True,100,50,0,1,0,1,False
1053.853,4513,ACTIVE_ROUND,9,3,5,94.000,,,MiniBoo,Team Heretics,raze,True,100,25,0,2,0,7,False,RieNs,Team Heretics,fade,True,100,25,2,1,1,1,False,Boo,Team Heretics,omen,True,100,25,2,1,1,1,False,benjyfishy,Team Heretics,deadlock,True,100,25,1,0,0,5,False,Wo0t,Team Heretics,chamber,True,10,50,1,7,0,4,False,grubinho,GIANTX,omen,True,100,50,2,1,1,2,False,ara,GIANTX,raze,True,100,50,1,1,1,5,False,Cloud,GIANTX,fade,True,100,50,2,1,0,5,False,Flickless,GIANTX,viper,True,100,50,1,1,0,0,False,westside,GIANTX,cypher,True,100,50,0,1,0,1,False
1054.086,4514,ACTIVE_ROUND,9,3,5,93.000,,,MiniBoo,Team Heretics,raze,True,100,25,0,2,0,7,False,RieNs,Team Heretics,fade,True,100,25,2,1,1,1,False,Boo,Team Heretics,omen,True,100,25,2,1,1,1,False,benjyfishy,Team Heretics,deadlock,True,100,25,1,0,0,5,False,Wo0t,Team Heretics,chamber,True,10,50,1,7,0,4,False,grubinho,GIANTX,omen,True,100,50,2,1,1,2,False,ara,GIANTX,raze,True,100,50,1,1,1,5,False,Cloud,GIANTX,fade,True,100,50,2,1,0,5,False,Flickless,GIANTX,viper,True,100,50,1,1,0,0,False,westside,GIANTX,cypher,True,100,50,0,1,0,1,False
1054.320,4515,ACTIVE_ROUND,9,3,5,93.000,,,MiniBoo,Team Heretics,raze,True,100,25,0,2,0,7,False,RieNs,Team Heretics,fade,True,100,25,2,1,1,1,False,Boo,Team Heretics,omen,True,100,25,2,1,1,1,False,benjyfishy,Team Heretics,deadlock,True,100,25,1,0,0,5,False,Wo0t,Team Heretics,chamber,True,10,50,1,7,0,4,False,grubinho,GIANTX,omen,True,100,50,2,1,1,2,False,ara,GIANTX,raze,True,100,50,1,1,1,5,False,Cloud,GIANTX,fade,True,100,50,2,1,0,5,False,Flickless,GIANTX,viper,True,100,50,1,1,0,0,False,westside,GIANTX,cypher,True,100,50,0,1,0,1,False
1054.553,4516,ACTIVE_ROUND,9,3,5,93.000,,,MiniBoo,Team Heretics,raze,True,100,25,0,2,0,7,False,RieNs,Team Heretics,fade,True,100,25,2,1,1,1,False,Boo,Team Heretics,omen,True,100,25,2,1,1,1,False,benjyfishy,Team Heretics,deadlock,True,100,25,1,0,0,5,False,Wo0t,Team Heretics,chamber,True,10,50,1,7,0,4,False,grubinho,GIANTX,omen,True,100,50,2,1,1,2,False,ara,GIANTX,raze,True,100,50,1,1,1,5,False,Cloud,GIANTX,fade,True,100,50,2,1,0,5,False,Flickless,GIANTX,viper,True,100,50,1,1,0,0,False,westside,GIANTX,cypher,True,100,50,0,1,0,1,False
1054.787,4517,ACTIVE_ROUND,9,3,5,93.000,,,MiniBoo,Team Heretics,raze,True,100,25,0,2,0,7,False,RieNs,Team Heretics,fade,True,100,25,2,1,1,1,False,Boo,Team Heretics,omen,True,100,25,2,1,1,1,False,benjyfishy,Team Heretics,deadlock,True,100,25,1,0,0,5,False,Wo0t,Team Heretics,chamber,True,10,50,1,7,0,4,False,grubinho,GIANTX,omen,True,100,50,2,1,1,2,False,ara,GIANTX,raze,True,100,50,1,1,1,5,False,Cloud,GIANTX,fade,True,100,50,2,1,0,5,False,Flickless,GIANTX,viper,True,100,50,1,1,0,0,False,westside,GIANTX,cypher,True,100,50,0,1,0,1,False
1055.021,4518,ACTIVE_ROUND,9,3,5,92.000,,,MiniBoo,Team Heretics,raze,True,100,25,0,2,0,7,False,RieNs,Team Heretics,fade,True,100,25,2,1,1,1,False,Boo,Team Heretics,omen,True,100,25,2,1,1,1,False,benjyfishy,Team Heretics,deadlock,True,100,25,1,0,0,5,False,Wo0t,Team Heretics,chamber,True,10,50,1,7,0,4,False,grubinho,GIANTX,omen,True,100,50,2,1,1,2,False,ara,GIANTX,raze,True,100,50,1,1,1,5,False,Cloud,GIANTX,fade,True,100,50,2,1,0,5,False,Flickless,GIANTX,viper,True,100,50,1,1,0,0,False,westside,GIANTX,cypher,True,100,50,0,1,0,1,False
1055.254,4519,ACTIVE_ROUND,9,3,5,92.000,,,MiniBoo,Team Heretics,raze,True,100,25,0,2,0,7,False,RieNs,Team Heretics,fade,True,100,25,2,1,1,1,False,Boo,Team Heretics,omen,True,100,25,2,1,1,1,False,benjyfishy,Team Heretics,deadlock,True,100,25,1,0,0,5,False,Wo0t,Team Heretics,chamber,True,10,50,1,7,0,4,False,grubinho,GIANTX,omen,True,100,50,2,1,1,2,False,ara,GIANTX,raze,True,100,50,1,1,1,5,False,Cloud,GIANTX,fade,True,100,50,2,1,0,5,False,Flickless,GIANTX,viper,True,100,50,1,1,0,0,False,westside,GIANTX,cypher,True,100,50,0,1,0,1,False
1055.488,4520,ACTIVE_ROUND,9,3,5,92.000,,,MiniBoo,Team Heretics,raze,True,100,25,0,2,0,7,False,RieNs,Team Heretics,fade,True,100,25,2,1,1,1,False,Boo,Team Heretics,omen,True,100,25,2,1,1,1,False,benjyfishy,Team Heretics,deadlock,True,100,25,1,0,0,5,False,Wo0t,Team Heretics,chamber,True,10,50,1,7,0,4,False,grubinho,GIANTX,omen,True,100,50,2,1,1,2,False,ara,GIANTX,raze,True,100,50,1,1,1,5,False,Cloud,GIANTX,fade,True,100,50,2,1,0,5,False,Flickless,GIANTX,viper,True,100,50,1,1,0,0,False,westside,GIANTX,cypher,True,100,50,0,1,0,1,False
1055.721,4521,ACTIVE_ROUND,9,3,5,92.000,,,MiniBoo,Team Heretics,raze,True,100,25,0,2,0,7,False,RieNs,Team Heretics,fade,True,100,25,2,1,1,1,False,Boo,Team Heretics,omen,True,100,25,2,1,1,1,False,benjyfishy,Team Heretics,deadlock,True,100,25,1,0,0,5,False,Wo0t,Team Heretics,chamber,True,10,50,1,7,0,4,False,grubinho,GIANTX,omen,True,100,50,2,1,1,2,False,ara,GIANTX,raze,True,100,50,1,1,1,5,False,Cloud,GIANTX,fade,True,100,50,2,1,0,5,False,Flickless,GIANTX,viper,True,100,50,1,1,0,0,False,westside,GIANTX,cypher,True,100,50,0,1,0,1,False
1055.955,4522,ACTIVE_ROUND,9,3,5,92.000,,,MiniBoo,Team Heretics,raze,True,100,25,0,2,0,7,False,RieNs,Team Heretics,fade,True,100,25,2,1,1,1,False,Boo,Team Heretics,omen,True,100,25,2,1,1,1,False,benjyfishy,Team Heretics,deadlock,True,100,25,1,0,0,5,False,Wo0t,Team Heretics,chamber,True,10,50,1,7,0,4,False,grubinho,GIANTX,omen,True,100,50,2,1,1,2,False,ara,GIANTX,raze,True,100,50,1,1,1,5,False,Cloud,GIANTX,fade,True,100,50,2,1,0,5,False,Flickless,GIANTX,viper,True,100,50,1,1,0,0,False,westside,GIANTX,cypher,True,100,50,0,1,0,1,False
1056.188,4523,ACTIVE_ROUND,9,3,5,91.000,,,MiniBoo,Team Heretics,raze,True,100,25,0,2,0,7,False,RieNs,Team Heretics,fade,True,100,25,2,1,1,1,False,Boo,Team Heretics,omen,True,100,25,2,1,1,1,False,benjyfishy,Team Heretics,deadlock,True,100,25,1,0,0,5,False,Wo0t,Team Heretics,chamber,True,10,50,1,7,0,4,False,grubinho,GIANTX,omen,True,100,50,2,1,1,2,False,ara,GIANTX,raze,True,100,50,1,1,1,5,False,Cloud,GIANTX,fade,True,100,50,2,1,0,5,False,Flickless,GIANTX,viper,True,100,50,1,1,0,0,False,westside,GIANTX,cypher,True,100,50,0,1,0,1,False
1056.422,4524,ACTIVE_ROUND,9,3,5,91.000,,,MiniBoo,Team Heretics,raze,True,100,25,0,2,0,7,False,RieNs,Team Heretics,fade,True,100,25,2,1,1,1,False,Boo,Team Heretics,omen,True,100,25,2,1,1,1,False,benjyfishy,Team Heretics,deadlock,True,100,25,1,0,0,5,False,Wo0t,Team Heretics,chamber,True,10,50,1,7,0,4,False,grubinho,GIANTX,omen,True,100,50,2,1,1,2,False,ara,GIANTX,raze,True,100,50,1,1,1,5,False,Cloud,GIANTX,fade,True,100,50,2,1,0,5,False,Flickless,GIANTX,viper,True,100,50,1,1,0,0,False,westside,GIANTX,cypher,True,100,50,0,1,0,1,False
1056.656,4525,ACTIVE_ROUND,9,3,5,91.000,,,MiniBoo,Team Heretics,raze,True,100,25,0,2,0,7,False,RieNs,Team Heretics,fade,True,100,25,2,1,1,1,False,Boo,Team Heretics,omen,True,100,25,2,1,1,1,False,benjyfishy,Team Heretics,deadlock,True,100,25,1,0,0,5,False,Wo0t,Team Heretics,chamber,True,10,50,1,7,0,4,False,grubinho,GIANTX,omen,True,100,50,2,1,1,2,False,ara,GIANTX,raze,True,100,50,1,1,1,5,False,Cloud,GIANTX,fade,True,100,50,2,1,0,5,False,Flickless,GIANTX,viper,True,100,50,1,1,0,0,False,westside,GIANTX,cypher,True,100,50,0,1,0,1,False
1056.889,4526,ACTIVE_ROUND,9,3,5,91.000,,,MiniBoo,Team Heretics,raze,True,100,25,0,2,0,7,False,RieNs,Team Heretics,fade,True,100,25,2,1,1,1,False,Boo,Team Heretics,omen,True,100,25,2,1,1,1,False,benjyfishy,Team Heretics,deadlock,True,100,25,1,0,0,5,False,Wo0t,Team Heretics,chamber,True,10,50,1,7,0,4,False,grubinho,GIANTX,omen,True,100,50,2,1,1,2,False,ara,GIANTX,raze,True,100,50,1,1,1,5,False,Cloud,GIANTX,fade,True,100,50,2,1,0,5,False,Flickless,GIANTX,viper,True,100,50,1,1,0,0,False,westside,GIANTX,cypher,True,100,50,0,1,0,1,False
1057.123,4527,ACTIVE_ROUND,9,3,5,90.000,,,MiniBoo,Team Heretics,raze,True,100,25,0,2,0,7,False,RieNs,Team Heretics,fade,True,100,25,2,1,1,1,False,Boo,Team Heretics,omen,True,100,25,2,1,1,1,False,benjyfishy,Team Heretics,deadlock,True,100,25,1,0,0,5,False,Wo0t,Team Heretics,chamber,True,10,50,1,7,0,4,False,grubinho,GIANTX,omen,True,100,50,2,1,1,2,False,ara,GIANTX,raze,True,100,50,1,1,1,5,False,Cloud,GIANTX,fade,True,100,50,2,1,0,5,False,Flickless,GIANTX,viper,True,100,50,1,1,0,0,False,westside,GIANTX,cypher,True,100,50,0,1,0,1,False
1057.356,4528,ACTIVE_ROUND,9,3,5,90.000,,,MiniBoo,Team Heretics,raze,True,100,25,0,2,0,7,False,RieNs,Team Heretics,fade,True,100,25,2,1,1,1,False,Boo,Team Heretics,omen,True,100,25,2,1,1,1,False,benjyfishy,Team Heretics,deadlock,True,100,25,1,0,0,5,False,Wo0t,Team Heretics,chamber,True,10,50,1,7,0,4,False,grubinho,GIANTX,omen,True,100,50,2,1,1,2,False,ara,GIANTX,raze,True,100,50,1,1,1,5,False,Cloud,GIANTX,fade,True,100,50,2,1,0,5,False,Flickless,GIANTX,viper,True,100,50,1,1,0,0,False,westside,GIANTX,cypher,True,100,50,0,1,0,1,False
1057.590,4529,ACTIVE_ROUND,9,3,5,90.000,,,MiniBoo,Team Heretics,raze,True,100,25,0,2,0,7,False,RieNs,Team Heretics,fade,True,100,25,2,1,1,1,False,Boo,Team Heretics,omen,True,100,25,2,1,1,1,False,benjyfishy,Team Heretics,deadlock,True,100,25,1,0,0,5,False,Wo0t,Team Heretics,chamber,True,10,50,1,7,0,4,False,grubinho,GIANTX,omen,True,100,50,2,1,1,2,False,ara,GIANTX,raze,True,100,50,1,1,1,5,False,Cloud,GIANTX,fade,True,100,50,2,1,0,5,False,Flickless,GIANTX,viper,True,100,50,1,1,0,0,False,westside,GIANTX,cypher,True,100,50,0,1,0,1,False
1057.823,4530,ACTIVE_ROUND,9,3,5,90.000,,,MiniBoo,Team Heretics,raze,True,100,25,0,2,0,7,False,RieNs,Team Heretics,fade,True,100,25,2,1,1,1,False,Boo,Team Heretics,omen,True,100,25,2,1,1,1,False,benjyfishy,Team Heretics,deadlock,True,100,25,1,0,0,5,False,Wo0t,Team Heretics,chamber,True,10,50,1,7,0,4,False,grubinho,GIANTX,omen,True,100,50,2,1,1,2,False,ara,GIANTX,raze,True,100,50,1,1,1,5,False,Cloud,GIANTX,fade,True,100,50,2,1,0,5,False,Flickless,GIANTX,viper,True,100,50,1,1,0,0,False,westside,GIANTX,cypher,True,100,50,0,1,0,1,False
1058.057,4531,ACTIVE_ROUND,9,3,5,89.000,,,MiniBoo,Team Heretics,raze,True,100,25,0,2,0,7,False,RieNs,Team Heretics,fade,True,100,25,2,1,1,1,False,Boo,Team Heretics,omen,True,100,25,2,1,1,1,False,benjyfishy,Team Heretics,deadlock,True,100,25,1,0,0,5,False,Wo0t,Team Heretics,chamber,True,10,50,1,7,0,4,False,grubinho,GIANTX,omen,True,100,50,2,1,1,2,False,ara,GIANTX,raze,True,100,50,1,1,1,5,False,Cloud,GIANTX,fade,True,100,50,2,1,0,5,False,Flickless,GIANTX,viper,True,100,50,1,1,0,0,False,westside,GIANTX,cypher,True,100,50,0,1,0,1,False
1058.291,4532,ACTIVE_ROUND,9,3,5,89.000,,,MiniBoo,Team Heretics,raze,True,100,25,0,2,0,7,False,RieNs,Team Heretics,fade,True,100,25,2,1,1,1,False,Boo,Team Heretics,omen,True,100,25,2,1,1,1,False,benjyfishy,Team Heretics,deadlock,True,100,25,1,0,0,5,False,Wo0t,Team Heretics,chamber,True,10,50,1,7,0,4,False,grubinho,GIANTX,omen,True,100,50,2,1,1,2,False,ara,GIANTX,raze,True,100,50,1,1,1,5,False,Cloud,GIANTX,fade,True,100,50,2,1,0,5,False,Flickless,GIANTX,viper,True,100,50,1,1,0,0,False,westside,GIANTX,cypher,True,100,50,0,1,0,1,False
1058.524,4533,ACTIVE_ROUND,9,3,5,89.000,,,MiniBoo,Team Heretics,raze,True,100,25,0,2,0,7,False,RieNs,Team Heretics,fade,True,100,25,2,1,1,1,False,Boo,Team Heretics,omen,True,100,25,2,1,1,1,False,benjyfishy,Team Heretics,deadlock,True,100,25,1,0,0,5,False,Wo0t,Team Heretics,chamber,True,10,50,1,7,0,4,False,grubinho,GIANTX,omen,True,100,50,2,1,1,2,False,ara,GIANTX,raze,True,100,50,1,1,1,5,False,Cloud,GIANTX,fade,True,100,50,2,1,0,5,False,Flickless,GIANTX,viper,True,100,50,1,1,0,0,False,westside,GIANTX,cypher,True,100,50,0,1,0,1,False
1058.758,4534,ACTIVE_ROUND,9,3,5,89.000,,,MiniBoo,Team Heretics,raze,True,100,25,0,2,0,7,False,RieNs,Team Heretics,fade,True,100,25,2,1,1,1,False,Boo,Team Heretics,omen,True,100,25,2,1,1,1,False,benjyfishy,Team Heretics,deadlock,True,100,25,1,0,0,5,False,Wo0t,Team Heretics,chamber,True,10,50,1,7,0,4,False,grubinho,GIANTX,omen,True,100,50,2,1,1,2,False,ara,GIANTX,raze,True,100,50,1,1,1,5,False,Cloud,GIANTX,fade,True,100,50,2,1,0,5,False,Flickless,GIANTX,viper,True,100,50,1,1,0,0,False,westside,GIANTX,cypher,True,100,50,0,1,0,1,False
1058.991,4535,ACTIVE_ROUND,9,3,5,88.000,,,MiniBoo,Team Heretics,raze,True,100,25,0,2,0,7,False,RieNs,Team Heretics,fade,True,100,25,2,1,1,1,False,Boo,Team Heretics,omen,True,100,25,2,1,1,1,False,benjyfishy,Team Heretics,deadlock,True,100,25,1,0,0,5,False,Wo0t,Team Heretics,chamber,True,10,50,1,7,0,4,False,grubinho,GIANTX,omen,True,100,50,2,1,1,2,False,ara,GIANTX,raze,True,100,50,1,1,1,5,False,Cloud,GIANTX,fade,True,100,50,2,1,0,5,False,Flickless,GIANTX,viper,True,100,50,1,1,0,0,False,westside,GIANTX,cypher,True,100,50,0,1,0,1,False
1059.225,4536,ACTIVE_ROUND,9,3,5,88.000,,,MiniBoo,Team Heretics,raze,True,100,25,0,2,0,7,False,RieNs,Team Heretics,fade,True,100,25,2,1,1,1,False,Boo,Team Heretics,omen,True,100,25,2,1,1,1,False,benjyfishy,Team Heretics,deadlock,True,100,25,1,0,0,5,False,Wo0t,Team Heretics,chamber,True,10,50,1,7,0,4,False,grubinho,GIANTX,omen,True,100,50,2,1,1,2,False,ara,GIANTX,raze,True,100,50,1,1,1,5,False,Cloud,GIANTX,fade,True,100,50,2,1,0,5,False,Flickless,GIANTX,viper,True,100,50,1,1,0,0,False,westside,GIANTX,cypher,True,100,50,0,1,0,1,False
1059.458,4537,ACTIVE_ROUND,9,3,5,88.000,,,MiniBoo,Team Heretics,raze,True,100,25,0,2,0,7,False,RieNs,Team Heretics,fade,True,100,25,2,1,1,1,False,Boo,Team Heretics,omen,True,100,25,2,1,1,1,False,benjyfishy,Team Heretics,deadlock,True,100,25,1,0,0,5,False,Wo0t,Team Heretics,chamber,True,10,50,1,7,0,4,False,grubinho,GIANTX,omen,True,100,50,2,1,1,2,False,ara,GIANTX,raze,True,100,50,1,1,1,5,False,Cloud,GIANTX,fade,True,100,50,2,1,0,5,False,Flickless,GIANTX,viper,True,100,50,1,1,0,0,False,westside,GIANTX,cypher,True,100,50,0,1,0,1,False
1059.692,4538,ACTIVE_ROUND,9,3,5,88.000,,,MiniBoo,Team Heretics,raze,True,100,25,0,2,0,7,False,RieNs,Team Heretics,fade,True,100,25,2,1,1,1,False,Boo,Team Heretics,omen,True,100,25,2,1,1,1,False,benjyfishy,Team Heretics,deadlock,True,100,25,1,0,0,5,False,Wo0t,Team Heretics,chamber,True,10,50,1,7,0,4,False,grubinho,GIANTX,omen,True,100,50,2,1,1,2,False,ara,GIANTX,raze,True,100,50,1,1,1,5,False,Cloud,GIANTX,fade,True,100,50,2,1,0,5,False,Flickless,GIANTX,viper,True,100,50,1,1,0,0,False,westside,GIANTX,cypher,True,100,50,0,1,0,1,False
1059.926,4539,ACTIVE_ROUND,9,3,5,88.000,,,MiniBoo,Team Heretics,raze,True,100,25,0,2,0,7,False,RieNs,Team Heretics,fade,True,100,25,2,1,1,1,False,Boo,Team Heretics,omen,True,100,25,2,1,1,1,False,benjyfishy,Team Heretics,deadlock,True,100,25,1,0,0,5,False,Wo0t,Team Heretics,chamber,True,10,50,1,7,0,4,False,grubinho,GIANTX,omen,True,100,50,2,1,1,2,False,ara,GIANTX,raze,True,100,50,1,1,1,5,False,Cloud,GIANTX,fade,True,100,50,2,1,0,5,False,Flickless,GIANTX,viper,True,100,50,1,1,0,0,False,westside,GIANTX,cypher,True,100,50,0,1,0,1,False
1060.159,4540,ACTIVE_ROUND,9,3,5,87.000,,,MiniBoo,Team Heretics,raze,True,100,25,0,2,0,7,False,RieNs,Team Heretics,fade,True,100,25,2,1,1,1,False,Boo,Team Heretics,omen,True,100,25,2,1,1,1,False,benjyfishy,Team Heretics,deadlock,True,100,25,0,0,0,5,False,Wo0t,Team Heretics,chamber,True,10,50,1,7,0,4,False,grubinho,GIANTX,omen,True,100,50,2,1,1,2,False,ara,GIANTX,raze,True,100,50,1,1,1,5,False,Cloud,GIANTX,fade,True,100,50,2,1,0,5,False,Flickless,GIANTX,viper,True,100,50,1,1,0,0,False,westside,GIANTX,cypher,True,100,50,0,1,0,1,False
1060.393,4541,ACTIVE_ROUND,9,3,5,87.000,,,MiniBoo,Team Heretics,raze,True,100,25,0,2,0,7,False,RieNs,Team Heretics,fade,True,100,25,2,1,1,1,False,Boo,Team Heretics,omen,True,100,25,2,1,1,1,False,benjyfishy,Team Heretics,deadlock,True,100,25,0,0,0,5,False,Wo0t,Team Heretics,chamber,True,10,50,1,7,0,4,False,grubinho,GIANTX,omen,True,100,50,2,1,1,2,False,ara,GIANTX,raze,True,100,50,1,1,1,5,False,Cloud,GIANTX,fade,True,100,50,2,1,0,5,False,Flickless,GIANTX,viper,True,100,50,1,1,0,0,False,westside,GIANTX,cypher,True,100,50,0,1,0,1,False
1060.626,4542,ACTIVE_ROUND,9,3,5,87.000,,,MiniBoo,Team Heretics,raze,True,100,25,0,2,0,7,False,RieNs,Team Heretics,fade,True,100,25,2,1,1,1,False,Boo,Team Heretics,omen,True,100,25,2,1,1,1,False,benjyfishy,Team Heretics,deadlock,True,100,25,0,0,0,5,False,Wo0t,Team Heretics,chamber,True,10,50,1,7,0,4,False,grubinho,GIANTX,omen,True,100,50,2,1,1,2,False,ara,GIANTX,raze,True,100,50,1,1,1,5,False,Cloud,GIANTX,fade,True,100,50,2,1,0,5,False,Flickless,GIANTX,viper,True,100,50,1,1,0,0,False,westside,GIANTX,cypher,True,100,50,0,1,0,1,False
1060.860,4543,ACTIVE_ROUND,9,3,5,87.000,,,MiniBoo,Team Heretics,raze,True,100,25,0,2,0,7,False,RieNs,Team Heretics,fade,True,100,25,2,1,1,1,False,Boo,Team Heretics,omen,True,100,25,2,1,1,1,False,benjyfishy,Team Heretics,deadlock,True,100,25,0,0,0,5,False,Wo0t,Team Heretics,chamber,True,10,50,1,7,0,4,False,grubinho,GIANTX,omen,True,100,50,2,1,1,2,False,ara,GIANTX,raze,True,100,50,1,1,1,5,False,Cloud,GIANTX,fade,True,100,50,2,1,0,5,False,Flickless,GIANTX,viper,True,100,50,1,1,0,0,False,westside,GIANTX,cypher,True,100,50,0,1,0,1,False
1061.093,4544,ACTIVE_ROUND,9,3,5,86.000,,,MiniBoo,Team Heretics,raze,True,100,25,0,2,0,7,False,RieNs,Team Heretics,fade,True,100,25,2,1,1,1,False,Boo,Team Heretics,omen,True,100,25,2,1,1,1,False,benjyfishy,Team Heretics,deadlock,True,100,25,0,0,0,5,False,Wo0t,Team Heretics,chamber,True,10,50,1,7,0,4,False,grubinho,GIANTX,omen,True,100,50,2,1,1,2,False,ara,GIANTX,raze,True,100,50,1,1,1,5,False,Cloud,GIANTX,fade,True,100,50,2,1,0,5,False,Flickless,GIANTX,viper,True,100,50,1,1,0,0,False,westside,GIANTX,cypher,True,100,50,0,1,0,1,False
1061.327,4545,ACTIVE_ROUND,9,3,5,86.000,,,MiniBoo,Team Heretics,raze,True,100,25,0,2,0,7,False,RieNs,Team Heretics,fade,True,100,25,2,1,1,1,False,Boo,Team Heretics,omen,True,100,25,2,1,1,1,False,benjyfishy,Team Heretics,deadlock,True,100,25,0,0,0,5,False,Wo0t,Team Heretics,chamber,True,10,50,1,7,0,4,False,grubinho,GIANTX,omen,True,100,50,2,1,1,2,False,ara,GIANTX,raze,True,100,50,1,1,1,5,False,Cloud,GIANTX,fade,True,100,50,2,1,0,5,False,Flickless,GIANTX,viper,True,100,50,1,1,0,0,False,westside,GIANTX,cypher,True,100,50,0,1,0,1,False
1061.561,4546,ACTIVE_ROUND,9,3,5,86.000,,,MiniBoo,Team Heretics,raze,True,100,25,0,2,0,7,False,RieNs,Team Heretics,fade,True,100,25,2,1,1,1,False,Boo,Team Heretics,omen,True,100,25,2,1,1,1,False,benjyfishy,Team Heretics,deadlock,True,100,25,0,0,0,5,False,Wo0t,Team Heretics,chamber,True,10,50,1,7,0,4,False,grubinho,GIANTX,omen,True,100,50,2,1,1,2,False,ara,GIANTX,raze,True,100,50,1,1,1,5,False,Cloud,GIANTX,fade,True,100,50,2,1,0,5,False,Flickless,GIANTX,viper,True,100,50,1,1,0,0,False,westside,GIANTX,cypher,True,100,50,0,1,0,1,False
1061.794,4547,ACTIVE_ROUND,9,3,5,86.000,,,MiniBoo,Team Heretics,raze,True,100,25,0,2,0,7,False,RieNs,Team Heretics,fade,True,100,25,2,1,1,1,False,Boo,Team Heretics,omen,True,100,25,2,1,1,1,False,benjyfishy,Team Heretics,deadlock,True,100,25,0,0,0,5,False,Wo0t,Team Heretics,chamber,True,10,50,1,7,0,4,False,grubinho,GIANTX,omen,True,100,50,2,1,1,2,False,ara,GIANTX,raze,True,100,50,1,1,1,5,False,Cloud,GIANTX,fade,True,100,50,2,1,0,5,False,Flickless,GIANTX,viper,True,100,50,1,1,0,0,False,westside,GIANTX,cypher,True,100,50,0,1,0,1,False
1062.028,4548,ACTIVE_ROUND,9,3,5,85.000,,,MiniBoo,Team Heretics,raze,True,100,25,0,2,0,7,False,RieNs,Team Heretics,fade,True,100,25,2,1,1,1,False,Boo,Team Heretics,omen,True,100,25,2,1,1,1,False,benjyfishy,Team Heretics,deadlock,True,100,25,0,0,0,5,False,Wo0t,Team Heretics,chamber,True,10,50,1,7,0,4,False,grubinho,GIANTX,omen,True,100,50,2,1,1,2,False,ara,GIANTX,raze,True,100,50,1,1,1,5,False,Cloud,GIANTX,fade,True,100,50,2,1,0,5,False,Flickless,GIANTX,viper,True,100,50,1,1,0,0,False,westside,GIANTX,cypher,True,100,50,0,1,0,1,False
1062.261,4549,ACTIVE_ROUND,9,3,5,85.000,,,MiniBoo,Team Heretics,raze,True,100,25,0,2,0,7,False,RieNs,Team Heretics,fade,True,100,25,2,1,1,1,False,Boo,Team Heretics,omen,True,100,25,2,1,1,1,False,benjyfishy,Team Heretics,deadlock,True,100,25,0,0,0,5,False,Wo0t,Team Heretics,chamber,True,10,50,1,7,0,4,False,grubinho,GIANTX,omen,True,100,50,2,1,1,2,False,ara,GIANTX,raze,True,100,50,1,1,1,5,False,Cloud,GIANTX,fade,True,100,50,1,1,0,5,False,Flickless,GIANTX,viper,True,100,50,1,1,0,0,False,westside,GIANTX,cypher,True,100,50,0,1,0,1,False
1062.495,4550,ACTIVE_ROUND,9,3,5,85.000,,,MiniBoo,Team Heretics,raze,True,100,25,0,2,0,7,False,RieNs,Team Heretics,fade,True,100,25,2,1,1,1,False,Boo,Team Heretics,omen,True,100,25,2,1,1,1,False,benjyfishy,Team Heretics,deadlock,True,100,25,0,0,0,5,False,Wo0t,Team Heretics,chamber,True,10,50,1,7,0,4,False,grubinho,GIANTX,omen,True,100,50,2,1,1,2,False,ara,GIANTX,raze,True,100,50,1,1,1,5,False,Cloud,GIANTX,fade,True,100,50,1,1,0,5,False,Flickless,GIANTX,viper,True,100,50,1,1,0,0,False,westside,GIANTX,cypher,True,100,50,0,1,0,1,False
1062.728,4551,ACTIVE_ROUND,9,3,5,85.000,,,MiniBoo,Team Heretics,raze,True,100,25,0,2,0,7,False,RieNs,Team Heretics,fade,True,100,25,2,1,1,1,False,Boo,Team Heretics,omen,True,100,25,2,1,1,1,False,benjyfishy,Team Heretics,deadlock,True,100,25,0,0,0,5,False,Wo0t,Team Heretics,chamber,True,10,50,1,7,0,4,False,grubinho,GIANTX,omen,True,100,50,2,1,1,2,False,ara,GIANTX,raze,True,100,50,1,1,1,5,False,Cloud,GIANTX,fade,True,100,50,1,1,0,5,False,Flickless,GIANTX,viper,True,100,50,1,1,0,0,False,westside,GIANTX,cypher,True,100,50,0,1,0,1,False
1062.962,4552,ACTIVE_ROUND,9,3,5,85.000,,,MiniBoo,Team Heretics,raze,True,100,25,0,2,0,7,False,RieNs,Team Heretics,fade,True,100,25,2,1,1,1,False,Boo,Team Heretics,omen,True,100,25,2,1,1,1,False,benjyfishy,Team Heretics,deadlock,True,100,25,0,0,0,5,False,Wo0t,Team Heretics,chamber,True,10,50,1,7,0,4,False,grubinho,GIANTX,omen,True,100,50,2,1,1,2,False,ara,GIANTX,raze,True,100,50,1,1,1,5,False,Cloud,GIANTX,fade,True,100,50,1,1,0,5,False,Flickless,GIANTX,viper,True,100,50,1,1,0,0,False,westside,GIANTX,cypher,True,100,50,0,1,0,1,False
1063.195,4553,ACTIVE_ROUND,9,3,5,84.000,,,MiniBoo,Team Heretics,raze,True,100,25,0,2,0,7,False,RieNs,Team Heretics,fade,True,100,25,2,1,1,1,False,Boo,Team Heretics,omen,True,100,25,2,1,1,1,False,benjyfishy,Team Heretics,deadlock,True,100,25,0,0,0,5,False,Wo0t,Team Heretics,chamber,True,10,50,1,7,0,4,False,grubinho,GIANTX,omen,True,100,50,2,1,1,2,False,ara,GIANTX,raze,True,100,50,1,1,1,5,False,Cloud,GIANTX,fade,True,100,50,1,1,0,5,False,Flickless,GIANTX,viper,True,100,50,1,1,0,0,False,westside,GIANTX,cypher,True,100,8,0,1,0,1,False
1063.429,4554,ACTIVE_ROUND,9,3,5,84.000,,,MiniBoo,Team Heretics,raze,True,100,25,0,2,0,7,False,RieNs,Team Heretics,fade,True,100,25,2,1,1,1,False,Boo,Team Heretics,omen,True,100,25,2,1,1,1,False,benjyfishy,Team Heretics,deadlock,True,100,25,0,0,0,5,False,Wo0t,Team Heretics,chamber,True,10,50,1,7,0,4,False,grubinho,GIANTX,omen,True,100,50,2,1,1,2,False,ara,GIANTX,raze,True,100,50,1,1,1,5,False,Cloud,GIANTX,fade,True,100,50,1,1,0,5,False,Flickless,GIANTX,viper,True,100,50,1,1,0,0,False,westside,GIANTX,cypher,True,100,8,0,1,0,1,False
1063.663,4555,ACTIVE_ROUND,9,3,5,84.000,,,MiniBoo,Team Heretics,raze,True,100,25,0,2,0,7,False,RieNs,Team Heretics,fade,True,100,25,2,1,1,1,False,Boo,Team Heretics,omen,True,100,25,2,1,1,1,False,benjyfishy,Team Heretics,deadlock,True,100,25,0,0,0,5,False,Wo0t,Team Heretics,chamber,True,10,50,1,7,0,4,False,grubinho,GIANTX,omen,True,100,50,2,1,1,2,False,ara,GIANTX,raze,True,100,50,1,1,1,5,False,Cloud,GIANTX,fade,True,100,50,1,1,0,5,False,Flickless,GIANTX,viper,True,100,50,1,1,0,0,False,westside,GIANTX,cypher,True,100,8,0,1,0,1,False
1063.896,4556,ACTIVE_ROUND,9,3,5,84.000,,,MiniBoo,Team Heretics,raze,True,100,25,0,2,0,7,False,RieNs,Team Heretics,fade,True,100,25,2,1,1,1,False,Boo,Team Heretics,omen,True,100,25,2,1,1,1,False,benjyfishy,Team Heretics,deadlock,True,100,25,0,0,0,5,False,Wo0t,Team Heretics,chamber,True,10,50,1,7,0,4,False,grubinho,GIANTX,omen,True,100,50,2,1,1,2,False,ara,GIANTX,raze,True,100,50,1,1,1,5,False,Cloud,GIANTX,fade,True,100,50,1,1,0,5,False,Flickless,GIANTX,viper,True,100,50,1,1,0,0,False,westside,GIANTX,cypher,True,100,8,0,1,0,1,False
1064.130,4557,ACTIVE_ROUND,9,3,5,83.000,,,MiniBoo,Team Heretics,raze,True,100,25,0,2,0,7,False,RieNs,Team Heretics,fade,True,100,25,2,1,1,1,False,Boo,Team Heretics,omen,True,100,25,2,1,1,1,False,benjyfishy,Team Heretics,deadlock,True,100,25,0,0,0,5,False,Wo0t,Team Heretics,chamber,True,10,50,1,7,0,4,False,grubinho,GIANTX,omen,True,100,50,2,1,1,2,False,ara,GIANTX,raze,True,100,50,1,1,1,5,False,Cloud,GIANTX,fade,True,100,50,1,1,0,5,False,Flickless,GIANTX,viper,True,100,50,1,1,0,0,False,westside,GIANTX,cypher,True,100,8,0,1,0,1,False
1064.363,4558,ACTIVE_ROUND,9,3,5,83.000,,,MiniBoo,Team Heretics,raze,True,100,25,0,2,0,7,False,RieNs,Team Heretics,fade,True,100,25,2,1,1,1,False,Boo,Team Heretics,omen,True,100,25,2,1,1,1,False,benjyfishy,Team Heretics,deadlock,True,100,25,0,0,0,5,False,Wo0t,Team Heretics,chamber,True,10,50,1,7,0,4,False,grubinho,GIANTX,omen,True,100,50,2,1,1,2,False,ara,GIANTX,raze,True,100,50,1,1,1,5,False,Cloud,GIANTX,fade,True,100,50,1,1,0,5,False,Flickless,GIANTX,viper,True,100,50,1,1,0,0,False,westside,GIANTX,cypher,True,100,8,0,1,0,1,False
1064.597,4559,ACTIVE_ROUND,9,3,5,83.000,,,MiniBoo,Team Heretics,raze,True,100,25,0,2,0,7,False,RieNs,Team Heretics,fade,True,100,25,2,1,1,1,False,Boo,Team Heretics,omen,True,100,25,2,1,1,1,False,benjyfishy,Team Heretics,deadlock,True,100,25,0,0,0,5,False,Wo0t,Team Heretics,chamber,True,10,50,1,7,0,4,False,grubinho,GIANTX,omen,True,100,50,2,1,1,2,False,ara,GIANTX,raze,True,100,50,1,1,1,5,False,Cloud,GIANTX,fade,True,100,50,1,1,0,5,False,Flickless,GIANTX,viper,True,100,50,1,1,0,0,False,westside,GIANTX,cypher,True,100,8,0,1,0,1,False
1064.830,4560,ACTIVE_ROUND,9,3,5,83.000,,,MiniBoo,Team Heretics,raze,True,100,25,0,2,0,7,False,RieNs,Team Heretics,fade,True,100,25,2,1,1,1,False,Boo,Team Heretics,omen,True,100,25,2,1,1,1,False,benjyfishy,Team Heretics,deadlock,True,100,25,0,0,0,5,False,Wo0t,Team Heretics,chamber,True,10,50,1,7,0,4,False,grubinho,GIANTX,omen,True,100,50,2,1,1,2,False,ara,GIANTX,raze,True,100,50,1,1,1,5,False,Cloud,GIANTX,fade,True,100,50,1,1,0,5,False,Flickless,GIANTX,viper,True,100,50,1,1,0,0,False,westside,GIANTX,cypher,True,100,50,0,1,0,1,False
1065.064,4561,ACTIVE_ROUND,9,3,5,82.000,,,MiniBoo,Team Heretics,raze,True,100,25,0,2,0,7,False,RieNs,Team Heretics,fade,True,100,25,2,1,1,1,False,Boo,Team Heretics,omen,True,100,25,2,1,0,1,False,benjyfishy,Team Heretics,deadlock,True,100,25,0,0,0,5,False,Wo0t,Team Heretics,chamber,True,10,50,1,7,0,4,False,grubinho,GIANTX,omen,True,100,50,2,1,1,2,False,ara,GIANTX,raze,True,100,50,1,1,1,5,False,Cloud,GIANTX,fade,True,100,50,1,1,0,5,False,Flickless,GIANTX,viper,True,100,50,1,1,0,0,False,westside,GIANTX,cypher,True,100,50,0,1,0,1,False
1065.298,4562,ACTIVE_ROUND,9,3,5,82.000,,,MiniBoo,Team Heretics,raze,True,100,25,0,2,0,7,False,RieNs,Team Heretics,fade,True,100,25,2,1,1,1,False,Boo,Team Heretics,omen,True,100,25,2,1,0,1,False,benjyfishy,Team Heretics,deadlock,True,100,25,0,0,0,5,False,Wo0t,Team Heretics,chamber,True,10,50,1,7,0,4,False,grubinho,GIANTX,omen,True,100,50,2,1,1,2,False,ara,GIANTX,raze,True,100,50,1,1,1,5,False,Cloud,GIANTX,fade,True,100,50,1,1,0,5,False,Flickless,GIANTX,viper,True,100,50,1,1,0,0,False,westside,GIANTX,cypher,True,100,50,0,1,0,1,False
1065.531,4563,ACTIVE_ROUND,9,3,5,82.000,,,MiniBoo,Team Heretics,raze,True,100,25,0,2,0,7,False,RieNs,Team Heretics,fade,True,100,25,2,1,1,1,False,Boo,Team Heretics,omen,True,100,25,2,1,0,1,False,benjyfishy,Team Heretics,deadlock,True,100,25,0,0,0,5,False,Wo0t,Team Heretics,chamber,True,10,50,1,7,0,4,False,grubinho,GIANTX,omen,True,100,50,2,1,1,2,False,ara,GIANTX,raze,True,100,50,1,1,1,5,False,Cloud,GIANTX,fade,True,100,50,1,1,0,5,False,Flickless,GIANTX,viper,True,100,50,1,1,0,0,False,westside,GIANTX,cypher,True,100,50,0,1,0,1,False
1065.765,4564,ACTIVE_ROUND,9,3,5,82.000,,,MiniBoo,Team Heretics,raze,True,100,25,0,2,0,7,False,RieNs,Team Heretics,fade,True,100,25,2,1,1,1,False,Boo,Team Heretics,omen,True,100,25,2,1,0,1,False,benjyfishy,Team Heretics,deadlock,True,100,25,0,0,0,5,False,Wo0t,Team Heretics,chamber,True,10,50,1,7,0,4,False,grubinho,GIANTX,omen,True,100,50,2,1,1,2,False,ara,GIANTX,raze,True,100,50,1,1,1,5,False,Cloud,GIANTX,fade,True,100,50,1,1,0,5,False,Flickless,GIANTX,viper,True,100,50,1,1,0,0,False,westside,GIANTX,cypher,True,100,50,0,1,0,1,False
1065.998,4565,ACTIVE_ROUND,9,3,5,81.000,,,MiniBoo,Team Heretics,raze,True,100,25,0,2,0,7,False,RieNs,Team Heretics,fade,True,100,25,2,1,1,1,False,Boo,Team Heretics,omen,True,100,25,2,1,0,1,False,benjyfishy,Team Heretics,deadlock,True,100,25,0,0,0,5,False,Wo0t,Team Heretics,chamber,True,10,50,1,7,0,4,False,grubinho,GIANTX,omen,True,100,50,2,1,1,2,False,ara,GIANTX,raze,True,100,50,1,1,1,5,False,Cloud,GIANTX,fade,True,100,50,1,1,0,5,False,Flickless,GIANTX,viper,True,100,50,1,1,0,0,False,westside,GIANTX,cypher,True,100,50,0,1,0,1,False
1066.232,4566,ACTIVE_ROUND,9,3,5,81.000,,,MiniBoo,Team Heretics,raze,True,100,25,0,2,0,7,False,RieNs,Team Heretics,fade,True,100,25,2,1,1,1,False,Boo,Team Heretics,omen,True,100,25,2,1,0,1,False,benjyfishy,Team Heretics,deadlock,True,100,25,0,0,0,5,False,Wo0t,Team Heretics,chamber,True,10,50,1,7,0,4,False,grubinho,GIANTX,omen,True,100,50,2,1,1,2,False,ara,GIANTX,raze,True,100,50,1,1,1,5,False,Cloud,GIANTX,fade,True,100,50,1,1,0,5,False,Flickless,GIANTX,viper,True,100,50,1,1,0,0,False,westside,GIANTX,cypher,True,100,50,0,1,0,1,False
1066.465,4567,ACTIVE_ROUND,9,3,5,81.000,,,MiniBoo,Team Heretics,raze,True,100,25,0,2,0,7,False,RieNs,Team Heretics,fade,True,100,25,2,1,1,1,False,Boo,Team Heretics,omen,True,100,25,2,1,0,1,False,benjyfishy,Team Heretics,deadlock,True,100,25,0,0,0,5,False,Wo0t,Team Heretics,chamber,True,10,50,1,7,0,4,False,grubinho,GIANTX,omen,True,100,50,2,1,1,2,False,ara,GIANTX,raze,True,100,50,1,1,1,5,False,Cloud,GIANTX,fade,True,100,50,1,1,0,5,False,Flickless,GIANTX,viper,True,100,50,1,1,0,0,False,westside,GIANTX,cypher,True,100,50,0,1,0,1,False
1066.699,4568,ACTIVE_ROUND,9,3,5,81.000,,,MiniBoo,Team Heretics,raze,True,100,25,0,2,0,7,False,RieNs,Team Heretics,fade,True,100,25,2,1,1,1,False,Boo,Team Heretics,omen,True,100,25,2,1,0,1,False,benjyfishy,Team Heretics,deadlock,True,100,25,0,0,0,5,False,Wo0t,Team Heretics,chamber,True,10,50,1,7,0,4,False,grubinho,GIANTX,omen,True,100,50,2,1,1,2,False,ara,GIANTX,raze,True,100,50,1,1,1,5,False,Cloud,GIANTX,fade,True,100,50,1,1,0,5,False,Flickless,GIANTX,viper,True,100,50,1,1,0,0,False,westside,GIANTX,cypher,True,100,50,0,1,0,1,False
1066.933,4569,ACTIVE_ROUND,9,3,5,80.000,,,MiniBoo,Team Heretics,raze,True,100,25,0,2,0,7,False,RieNs,Team Heretics,fade,True,100,25,2,1,1,1,False,Boo,Team Heretics,omen,True,100,25,2,1,0,1,False,benjyfishy,Team Heretics,deadlock,True,100,25,0,0,0,5,False,Wo0t,Team Heretics,chamber,True,10,50,1,7,0,4,False,grubinho,GIANTX,omen,True,100,50,2,1,1,2,False,ara,GIANTX,raze,True,100,50,1,1,1,5,False,Cloud,GIANTX,fade,True,100,50,1,1,0,5,False,Flickless,GIANTX,viper,True,100,50,1,1,0,0,False,westside,GIANTX,cypher,True,100,50,0,1,0,1,False
1067.166,4570,ACTIVE_ROUND,9,3,5,80.000,,,MiniBoo,Team Heretics,raze,True,100,25,0,2,0,7,False,RieNs,Team Heretics,fade,True,100,25,2,1,1,1,False,Boo,Team Heretics,omen,True,100,25,2,1,0,1,False,benjyfishy,Team Heretics,deadlock,True,100,25,0,0,0,5,False,Wo0t,Team Heretics,chamber,True,10,50,1,7,0,4,False,grubinho,GIANTX,omen,True,100,50,2,1,1,2,False,ara,GIANTX,raze,True,100,50,1,1,1,5,False,Cloud,GIANTX,fade,True,100,50,1,1,0,5,False,Flickless,GIANTX,viper,True,100,50,1,1,0,0,False,westside,GIANTX,cypher,True,100,50,0,1,0,1,False
1067.400,4571,ACTIVE_ROUND,9,3,5,80.000,,,MiniBoo,Team Heretics,raze,True,100,25,0,2,0,7,False,RieNs,Team Heretics,fade,True,100,25,2,1,1,1,False,Boo,Team Heretics,omen,True,100,25,2,1,0,1,False,benjyfishy,Team Heretics,deadlock,True,100,25,0,0,0,5,False,Wo0t,Team Heretics,chamber,True,10,50,1,7,0,4,False,grubinho,GIANTX,omen,True,100,50,2,1,1,2,False,ara,GIANTX,raze,True,100,50,1,1,1,5,False,Cloud,GIANTX,fade,True,100,50,1,1,0,5,False,Flickless,GIANTX,viper,True,100,50,1,1,0,0,False,westside,GIANTX,cypher,True,100,50,0,1,0,1,False
1067.633,4572,ACTIVE_ROUND,9,3,5,80.000,,,MiniBoo,Team Heretics,raze,True,100,25,0,2,0,7,False,RieNs,Team Heretics,fade,True,100,25,2,1,1,1,False,Boo,Team Heretics,omen,True,100,25,2,1,0,1,False,benjyfishy,Team Heretics,deadlock,True,100,25,0,0,0,5,False,Wo0t,Team Heretics,chamber,True,10,50,1,7,0,4,False,grubinho,GIANTX,omen,True,100,50,2,1,1,2,False,ara,GIANTX,raze,True,100,50,1,1,1,5,False,Cloud,GIANTX,fade,True,100,50,1,1,0,5,False,Flickless,GIANTX,viper,True,100,50,1,1,0,0,False,westside,GIANTX,cypher,True,100,50,0,1,0,1,False
1067.867,4573,ACTIVE_ROUND,9,3,5,80.000,,,MiniBoo,Team Heretics,raze,True,100,25,0,2,0,7,False,RieNs,Team Heretics,fade,True,100,25,2,1,1,1,False,Boo,Team Heretics,omen,True,100,25,2,1,0,1,False,benjyfishy,Team Heretics,deadlock,True,100,25,0,0,0,5,False,Wo0t,Team Heretics,chamber,True,10,50,1,7,0,4,False,grubinho,GIANTX,omen,True,100,50,2,1,1,2,False,ara,GIANTX,raze,True,100,50,1,1,1,5,False,Cloud,GIANTX,fade,True,100,50,1,1,0,5,False,Flickless,GIANTX,viper,True,100,50,1,1,0,0,False,westside,GIANTX,cypher,True,100,50,0,1,0,1,False
1068.100,4574,ACTIVE_ROUND,9,3,5,79.000,,,MiniBoo,Team Heretics,raze,True,100,25,0,2,0,7,False,RieNs,Team Heretics,fade,True,100,25,2,1,1,1,False,Boo,Team Heretics,omen,True,100,25,2,1,0,1,False,benjyfishy,Team Heretics,deadlock,True,100,25,0,0,0,5,False,Wo0t,Team Heretics,chamber,True,10,50,1,7,0,4,False,grubinho,GIANTX,omen,True,100,50,2,1,1,2,False,ara,GIANTX,raze,True,100,50,1,1,1,5,False,Cloud,GIANTX,fade,True,100,50,1,1,0,6,False,Flickless,GIANTX,viper,True,100,50,1,1,0,0,False,westside,GIANTX,cypher,True,100,50,0,1,0,1,False
1068.334,4575,ACTIVE_ROUND,9,3,5,79.000,,,MiniBoo,Team Heretics,raze,True,100,25,0,2,0,7,False,RieNs,Team Heretics,fade,True,100,25,2,1,1,1,False,Boo,Team Heretics,omen,True,100,25,2,1,0,1,False,benjyfishy,Team Heretics,deadlock,True,100,25,0,0,0,5,False,Wo0t,Team Heretics,chamber,True,10,50,1,7,0,4,False,grubinho,GIANTX,omen,True,100,50,2,1,1,2,False,ara,GIANTX,raze,True,100,50,1,1,1,5,False,Cloud,GIANTX,fade,True,100,50,1,1,0,6,False,Flickless,GIANTX,viper,True,100,50,1,1,0,0,False,westside,GIANTX,cypher,True,100,50,0,1,0,1,False
1068.568,4576,ACTIVE_ROUND,9,3,5,79.000,,,MiniBoo,Team Heretics,raze,True,100,25,0,2,0,7,False,RieNs,Team Heretics,fade,True,100,25,2,1,1,1,False,Boo,Team Heretics,omen,True,100,25,2,1,0,1,False,benjyfishy,Team Heretics,deadlock,True,100,25,0,0,0,5,False,Wo0t,Team Heretics,chamber,True,10,50,1,7,0,4,False,grubinho,GIANTX,omen,True,100,50,2,1,1,2,False,ara,GIANTX,raze,True,100,50,1,1,1,5,False,Cloud,GIANTX,fade,True,100,50,1,1,0,6,False,Flickless,GIANTX,viper,True,100,50,1,1,0,0,False,westside,GIANTX,cypher,True,100,50,0,1,0,1,False
1068.801,4577,ACTIVE_ROUND,9,3,5,79.000,,,MiniBoo,Team Heretics,raze,True,100,25,0,2,0,7,False,RieNs,Team Heretics,fade,True,100,25,2,1,1,1,False,Boo,Team Heretics,omen,True,100,25,2,1,0,1,False,benjyfishy,Team Heretics,deadlock,True,100,25,0,0,0,5,False,Wo0t,Team Heretics,chamber,True,10,50,1,7,0,4,False,grubinho,GIANTX,omen,True,100,50,2,1,1,2,False,ara,GIANTX,raze,True,100,50,1,1,1,5,False,Cloud,GIANTX,fade,True,100,50,1,1,0,6,False,Flickless,GIANTX,viper,True,100,50,1,1,0,0,False,westside,GIANTX,cypher,True,100,50,0,1,0,1,False
1069.035,4578,ACTIVE_ROUND,9,3,5,78.000,,,MiniBoo,Team Heretics,raze,True,100,25,0,2,0,7,False,RieNs,Team Heretics,fade,True,100,25,2,1,1,1,False,Boo,Team Heretics,omen,True,100,25,2,1,0,1,False,benjyfishy,Team Heretics,deadlock,True,100,25,0,0,0,5,False,Wo0t,Team Heretics,chamber,True,10,50,1,7,0,4,False,grubinho,GIANTX,omen,True,100,50,2,1,1,2,False,ara,GIANTX,raze,True,100,50,1,1,1,5,False,Cloud,GIANTX,fade,True,100,50,1,1,0,6,False,Flickless,GIANTX,viper,True,100,50,1,1,0,0,False,westside,GIANTX,cypher,True,100,50,0,1,0,1,False
1069.268,4579,ACTIVE_ROUND,9,3,5,78.000,,,MiniBoo,Team Heretics,raze,True,100,25,0,2,0,7,False,RieNs,Team Heretics,fade,True,100,25,2,1,1,1,False,Boo,Team Heretics,omen,True,100,25,2,1,0,1,False,benjyfishy,Team Heretics,deadlock,True,100,25,0,0,0,6,False,Wo0t,Team Heretics,chamber,True,10,50,1,7,0,4,False,grubinho,GIANTX,omen,True,100,50,2,1,1,2,False,ara,GIANTX,raze,True,100,50,1,1,1,5,False,Cloud,GIANTX,fade,True,100,50,1,1,0,6,False,Flickless,GIANTX,viper,True,100,50,1,1,0,0,False,westside,GIANTX,cypher,True,100,50,0,1,0,1,False
1069.502,4580,ACTIVE_ROUND,9,3,5,78.000,,,MiniBoo,Team Heretics,raze,True,100,25,0,2,0,7,False,RieNs,Team Heretics,fade,True,100,25,2,1,1,1,False,Boo,Team Heretics,omen,True,100,25,2,1,0,1,False,benjyfishy,Team Heretics,deadlock,True,100,25,0,0,0,6,False,Wo0t,Team Heretics,chamber,True,10,50,1,7,0,4,False,grubinho,GIANTX,omen,True,100,50,2,1,1,2,False,ara,GIANTX,raze,True,100,50,1,1,1,5,False,Cloud,GIANTX,fade,True,100,50,1,1,0,6,False,Flickless,GIANTX,viper,True,100,50,1,1,0,0,False,westside,GIANTX,cypher,True,100,50,0,1,0,1,False
1069.735,4581,ACTIVE_ROUND,9,3,5,78.000,,,MiniBoo,Team Heretics,raze,True,100,25,0,2,0,7,False,RieNs,Team Heretics,fade,True,100,25,2,1,1,1,False,Boo,Team Heretics,omen,True,100,25,2,1,0,1,False,benjyfishy,Team Heretics,deadlock,True,100,25,0,0,0,6,False,Wo0t,Team Heretics,chamber,True,10,50,1,7,0,4,False,grubinho,GIANTX,omen,True,100,50,2,1,1,2,False,ara,GIANTX,raze,True,100,50,1,1,1,5,False,Cloud,GIANTX,fade,True,100,50,1,1,0,6,False,Flickless,GIANTX,viper,True,100,50,1,1,0,0,False,westside,GIANTX,cypher,True,100,50,0,1,0,1,False
1069.969,4582,ACTIVE_ROUND,9,3,5,77.000,,,MiniBoo,Team Heretics,raze,True,100,25,0,2,0,7,False,RieNs,Team Heretics,fade,True,100,25,2,1,1,1,False,Boo,Team Heretics,omen,True,100,25,2,1,0,1,False,benjyfishy,Team Heretics,deadlock,True,100,25,0,0,0,6,False,Wo0t,Team Heretics,chamber,True,10,50,1,7,0,4,False,grubinho,GIANTX,omen,True,100,50,2,1,1,2,False,ara,GIANTX,raze,True,100,50,1,1,1,5,False,Cloud,GIANTX,fade,True,100,50,1,1,0,6,False,Flickless,GIANTX,viper,True,100,50,1,1,0,0,False,westside,GIANTX,cypher,True,100,50,0,1,0,1,False
1070.202,4583,ACTIVE_ROUND,9,3,5,77.000,,,MiniBoo,Team Heretics,raze,True,100,25,0,2,0,7,False,RieNs,Team Heretics,fade,True,100,25,2,1,1,1,False,Boo,Team Heretics,omen,True,100,25,2,1,0,1,False,benjyfishy,Team Heretics,deadlock,True,100,25,0,0,0,6,False,Wo0t,Team Heretics,chamber,True,10,50,1,7,0,4,False,grubinho,GIANTX,omen,True,100,50,2,1,0,2,False,ara,GIANTX,raze,True,100,50,0,1,1,5,False,Cloud,GIANTX,fade,True,100,50,1,1,0,6,False,Flickless,GIANTX,viper,True,100,50,1,1,0,0,False,westside,GIANTX,cypher,True,100,50,0,1,0,1,False
1070.436,4584,ACTIVE_ROUND,9,3,5,77.000,,,MiniBoo,Team Heretics,raze,True,100,25,0,2,0,7,False,RieNs,Team Heretics,fade,True,100,25,2,1,1,1,False,Boo,Team Heretics,omen,True,100,25,2,1,0,1,False,benjyfishy,Team Heretics,deadlock,True,100,25,0,0,0,6,False,Wo0t,Team Heretics,chamber,True,10,50,1,7,0,4,False,grubinho,GIANTX,omen,True,100,50,2,1,0,2,False,ara,GIANTX,raze,True,100,50,0,1,1,5,False,Cloud,GIANTX,fade,True,100,50,1,1,0,6,False,Flickless,GIANTX,viper,True,100,50,1,1,0,0,False,westside,GIANTX,cypher,True,100,50,0,1,0,1,False
1070.670,4585,ACTIVE_ROUND,9,3,5,77.000,,,MiniBoo,Team Heretics,raze,True,100,25,0,2,0,7,False,RieNs,Team Heretics,fade,True,100,25,2,1,1,1,False,Boo,Team Heretics,omen,True,100,25,2,1,0,1,False,benjyfishy,Team Heretics,deadlock,True,100,25,0,0,0,6,False,Wo0t,Team Heretics,chamber,True,10,50,1,7,0,4,False,grubinho,GIANTX,omen,True,100,50,2,1,0,2,False,ara,GIANTX,raze,True,100,50,0,1,1,5,False,Cloud,GIANTX,fade,True,100,50,1,1,0,6,False,Flickless,GIANTX,viper,True,100,50,1,1,0,0,False,westside,GIANTX,cypher,True,100,50,0,1,0,1,False
1070.903,4586,ACTIVE_ROUND,9,3,5,77.000,,,MiniBoo,Team Heretics,raze,True,100,25,0,2,0,7,False,RieNs,Team Heretics,fade,True,100,25,2,1,1,1,False,Boo,Team Heretics,omen,True,100,25,2,1,0,1,False,benjyfishy,Team Heretics,deadlock,True,100,25,0,0,0,6,False,Wo0t,Team Heretics,chamber,True,10,50,1,7,0,4,False,grubinho,GIANTX,omen,True,100,50,2,1,0,2,False,ara,GIANTX,raze,True,100,50,0,1,1,5,False,Cloud,GIANTX,fade,True,100,50,1,1,0,6,False,Flickless,GIANTX,viper,True,100,50,1,1,0,0,False,westside,GIANTX,cypher,True,100,50,0,1,0,1,False
1071.137,4587,ACTIVE_ROUND,9,3,5,76.000,,,MiniBoo,Team Heretics,raze,True,100,25,0,2,0,7,False,RieNs,Team Heretics,fade,True,100,25,2,1,1,1,False,Boo,Team Heretics,omen,True,100,25,2,1,0,1,False,benjyfishy,Team Heretics,deadlock,True,100,25,0,0,0,6,False,Wo0t,Team Heretics,chamber,True,10,50,1,7,0,4,False,grubinho,GIANTX,omen,True,100,50,2,1,0,2,False,ara,GIANTX,raze,True,100,50,0,1,1,5,False,Cloud,GIANTX,fade,True,100,50,1,1,0,6,False,Flickless,GIANTX,viper,True,100,50,1,1,0,0,False,westside,GIANTX,cypher,True,100,50,0,1,0,1,False
1071.370,4588,ACTIVE_ROUND,9,3,5,76.000,,,MiniBoo,Team Heretics,raze,True,100,25,0,2,0,7,False,RieNs,Team Heretics,fade,True,100,25,2,1,1,1,False,Boo,Team Heretics,omen,True,100,25,2,1,0,1,False,benjyfishy,Team Heretics,deadlock,True,100,25,0,0,0,6,False,Wo0t,Team Heretics,chamber,True,10,50,1,7,0,4,False,grubinho,GIANTX,omen,True,100,50,2,1,0,2,False,ara,GIANTX,raze,True,100,50,0,1,1,5,False,Cloud,GIANTX,fade,True,100,50,1,1,0,6,False,Flickless,GIANTX,viper,True,100,50,1,1,0,0,False,westside,GIANTX,cypher,True,100,50,0,1,0,1,False
1071.604,4589,ACTIVE_ROUND,9,3,5,76.000,,,MiniBoo,Team Heretics,raze,True,100,25,0,2,0,7,False,RieNs,Team Heretics,fade,True,100,25,2,1,1,1,False,Boo,Team Heretics,omen,True,100,25,2,1,0,1,False,benjyfishy,Team Heretics,deadlock,True,100,25,0,0,0,6,False,Wo0t,Team Heretics,chamber,True,10,50,1,7,0,4,False,grubinho,GIANTX,omen,True,100,50,2,1,0,2,False,ara,GIANTX,raze,True,100,50,0,1,1,5,False,Cloud,GIANTX,fade,True,100,50,1,1,0,6,False,Flickless,GIANTX,viper,True,100,50,1,1,0,0,False,westside,GIANTX,cypher,True,100,50,0,1,0,1,False
1071.837,4590,ACTIVE_ROUND,9,3,5,76.000,,,MiniBoo,Team Heretics,raze,True,100,25,0,2,0,7,False,RieNs,Team Heretics,fade,True,100,25,2,1,1,1,False,Boo,Team Heretics,omen,True,100,25,2,1,0,1,False,benjyfishy,Team Heretics,deadlock,True,100,25,0,0,0,6,False,Wo0t,Team Heretics,chamber,True,10,50,1,7,0,4,False,grubinho,GIANTX,omen,True,100,50,2,1,0,2,False,ara,GIANTX,raze,True,100,50,0,1,1,5,False,Cloud,GIANTX,fade,True,100,50,1,1,0,6,False,Flickless,GIANTX,viper,True,100,50,1,1,0,0,False,westside,GIANTX,cypher,True,100,50,0,1,0,1,False
1072.071,4591,ACTIVE_ROUND,9,3,5,75.000,,,MiniBoo,Team Heretics,raze,True,100,25,0,2,0,7,False,RieNs,Team Heretics,fade,True,100,25,2,1,1,1,False,Boo,Team Heretics,omen,True,100,25,2,1,0,1,False,benjyfishy,Team Heretics,deadlock,True,100,25,0,0,0,6,False,Wo0t,Team Heretics,chamber,True,10,50,1,7,0,4,False,grubinho,GIANTX,omen,True,100,50,2,1,0,2,False,ara,GIANTX,raze,True,100,50,0,1,0,5,False,Cloud,GIANTX,fade,True,100,50,0,1,0,6,False,Flickless,GIANTX,viper,True,100,50,1,1,0,0,False,westside,GIANTX,cypher,True,100,50,0,1,0,1,False
1072.305,4592,ACTIVE_ROUND,9,3,5,75.000,,,MiniBoo,Team Heretics,raze,True,100,25,0,2,0,7,False,RieNs,Team Heretics,fade,True,100,25,2,1,1,1,False,Boo,Team Heretics,omen,True,100,25,2,1,0,1,False,benjyfishy,Team Heretics,deadlock,True,100,25,0,0,0,6,False,Wo0t,Team Heretics,chamber,True,10,50,1,7,0,4,False,grubinho,GIANTX,omen,True,100,50,2,1,0,2,False,ara,GIANTX,raze,True,100,50,0,1,0,5,False,Cloud,GIANTX,fade,True,100,50,0,1,0,6,False,Flickless,GIANTX,viper,True,100,50,1,1,0,0,False,westside,GIANTX,cypher,True,100,50,0,1,0,1,False
1072.538,4593,ACTIVE_ROUND,9,3,5,75.000,,,MiniBoo,Team Heretics,raze,True,100,25,0,2,0,7,False,RieNs,Team Heretics,fade,True,100,25,2,1,1,1,False,Boo,Team Heretics,omen,True,100,25,2,1,0,1,False,benjyfishy,Team Heretics,deadlock,True,100,25,0,0,0,6,False,Wo0t,Team Heretics,chamber,True,10,50,1,7,0,4,False,grubinho,GIANTX,omen,True,100,50,2,1,0,2,False,ara,GIANTX,raze,True,100,50,0,1,0,5,False,Cloud,GIANTX,fade,True,100,50,0,1,0,6,False,Flickless,GIANTX,viper,True,100,50,1,1,0,0,False,westside,GIANTX,cypher,True,100,50,0,1,0,1,False
1072.772,4594,ACTIVE_ROUND,9,3,5,75.000,,,MiniBoo,Team Heretics,raze,True,100,25,0,2,0,7,False,RieNs,Team Heretics,fade,True,100,25,2,1,1,1,False,Boo,Team Heretics,omen,True,100,25,2,1,0,1,False,benjyfishy,Team Heretics,deadlock,True,100,25,0,0,0,6,False,Wo0t,Team Heretics,chamber,True,10,50,1,7,0,4,False,grubinho,GIANTX,omen,True,100,50,2,1,0,2,False,ara,GIANTX,raze,True,100,50,0,1,0,5,False,Cloud,GIANTX,fade,True,100,50,0,1,0,6,False,Flickless,GIANTX,viper,True,100,50,1,1,0,0,False,westside,GIANTX,cypher,True,100,50,0,1,0,1,False
1073.005,4595,ACTIVE_ROUND,9,3,5,74.000,,,MiniBoo,Team Heretics,raze,True,100,25,0,2,0,7,False,RieNs,Team Heretics,fade,True,100,25,2,1,1,1,False,Boo,Team Heretics,omen,True,100,25,2,1,0,1,False,benjyfishy,Team Heretics,deadlock,True,100,25,0,0,0,6,False,Wo0t,Team Heretics,chamber,True,10,50,1,7,0,4,False,grubinho,GIANTX,omen,True,100,50,2,1,0,2,False,ara,GIANTX,raze,True,100,50,0,1,0,5,False,Cloud,GIANTX,fade,True,100,50,0,1,0,6,False,Flickless,GIANTX,viper,True,100,50,1,1,0,0,False,westside,GIANTX,cypher,True,100,50,0,1,0,1,False
1073.239,4596,ACTIVE_ROUND,9,3,5,74.000,,,MiniBoo,Team Heretics,raze,True,100,25,0,2,0,7,False,RieNs,Team Heretics,fade,True,100,25,2,1,1,1,False,Boo,Team Heretics,omen,True,100,25,2,1,0,1,False,benjyfishy,Team Heretics,deadlock,True,100,25,0,0,0,6,False,Wo0t,Team Heretics,chamber,True,10,50,1,7,0,4,False,grubinho,GIANTX,omen,True,100,50,2,0,0,2,False,ara,GIANTX,raze,True,100,50,0,0,0,5,False,Cloud,GIANTX,fade,True,100,50,0,1,0,6,False,Flickless,GIANTX,viper,True,100,50,1,1,0,0,False,westside,GIANTX,cypher,True,100,50,0,1,0,1,False
1073.472,4597,ACTIVE_ROUND,9,3,5,74.000,,,MiniBoo,Team Heretics,raze,True,100,25,0,2,0,7,False,RieNs,Team Heretics,fade,True,100,25,2,1,1,1,False,Boo,Team Heretics,omen,True,100,25,2,1,0,1,False,benjyfishy,Team Heretics,deadlock,True,100,25,0,0,0,6,False,Wo0t,Team Heretics,chamber,True,10,50,1,7,0,4,False,grubinho,GIANTX,omen,True,100,50,2,0,0,2,False,ara,GIANTX,raze,True,100,50,0,0,0,5,False,Cloud,GIANTX,fade,True,100,50,0,1,0,6,False,Flickless,GIANTX,viper,True,100,50,1,1,0,0,False,westside,GIANTX,cypher,True,100,50,0,1,0,1,False
1073.706,4598,ACTIVE_ROUND,9,3,5,74.000,,,MiniBoo,Team Heretics,raze,True,100,25,0,2,0,7,False,RieNs,Team Heretics,fade,True,100,25,2,1,1,1,False,Boo,Team Heretics,omen,True,100,25,2,1,0,1,False,benjyfishy,Team Heretics,deadlock,True,100,25,0,0,0,6,False,Wo0t,Team Heretics,chamber,True,10,50,1,7,0,4,False,grubinho,GIANTX,omen,True,100,50,2,0,0,2,False,ara,GIANTX,raze,True,100,50,0,0,0,5,False,Cloud,GIANTX,fade,True,100,50,0,1,0,6,False,Flickless,GIANTX,viper,True,100,50,1,1,0,0,False,westside,GIANTX,cypher,True,100,50,0,1,0,1,False
1073.940,4599,ACTIVE_ROUND,9,3,5,74.000,,,MiniBoo,Team Heretics,raze,True,100,25,0,2,0,7,False,RieNs,Team Heretics,fade,True,100,25,0,0,0,1,False,Boo,Team Heretics,omen,True,100,25,2,1,0,1,False,benjyfishy,Team Heretics,deadlock,True,100,25,0,0,0,6,False,Wo0t,Team Heretics,chamber,True,10,50,1,7,0,4,False,grubinho,GIANTX,omen,True,100,50,2,0,0,2,False,ara,GIANTX,raze,True,100,50,0,0,0,5,False,Cloud,GIANTX,fade,True,100,50,0,1,0,6,False,Flickless,GIANTX,viper,True,100,50,1,1,0,0,False,westside,GIANTX,cypher,True,100,50,0,1,0,1,False
1074.173,4600,ACTIVE_ROUND,9,3,5,73.000,,,MiniBoo,Team Heretics,raze,True,100,25,0,2,0,7,False,RieNs,Team Heretics,fade,False,,25,0,0,0,2,False,Boo,Team Heretics,omen,True,100,25,2,1,0,1,False,benjyfishy,Team Heretics,deadlock,True,100,25,0,0,0,6,False,Wo0t,Team Heretics,chamber,True,10,50,1,7,0,4,False,grubinho,GIANTX,omen,True,100,50,2,0,0,2,False,ara,GIANTX,raze,True,72,50,0,0,0,6,False,Cloud,GIANTX,fade,True,100,50,0,1,0,6,False,Flickless,GIANTX,viper,True,100,50,1,1,0,0,False,westside,GIANTX,cypher,True,100,50,0,1,0,1,False
1074.407,4601,ACTIVE_ROUND,9,3,5,73.000,,,MiniBoo,Team Heretics,raze,True,100,25,0,2,0,7,False,RieNs,Team Heretics,fade,False,,25,0,0,0,2,False,Boo,Team Heretics,omen,True,100,25,2,1,0,1,False,benjyfishy,Team Heretics,deadlock,True,100,25,0,0,0,6,False,Wo0t,Team Heretics,chamber,True,10,50,1,7,0,4,False,grubinho,GIANTX,omen,True,100,50,2,0,0,2,False,ara,GIANTX,raze,True,72,50,0,0,0,6,False,Cloud,GIANTX,fade,True,100,50,0,1,0,6,False,Flickless,GIANTX,viper,True,100,50,1,1,0,0,False,westside,GIANTX,cypher,True,100,50,0,1,0,1,False
1074.640,4602,ACTIVE_ROUND,9,3,5,73.000,,,MiniBoo,Team Heretics,raze,True,100,25,0,2,0,7,False,RieNs,Team Heretics,fade,False,,25,0,0,0,2,False,Boo,Team Heretics,omen,True,100,25,2,1,0,1,False,benjyfishy,Team Heretics,deadlock,True,100,25,0,0,0,6,False,Wo0t,Team Heretics,chamber,True,10,50,1,7,0,4,False,grubinho,GIANTX,omen,True,100,50,2,0,0,2,False,ara,GIANTX,raze,True,72,50,0,0,0,6,False,Cloud,GIANTX,fade,True,100,50,0,1,0,6,False,Flickless,GIANTX,viper,True,100,50,1,1,0,0,False,westside,GIANTX,cypher,True,100,50,0,1,0,1,False
1074.874,4603,ACTIVE_ROUND,9,3,5,73.000,,,MiniBoo,Team Heretics,raze,True,100,25,0,2,0,7,False,RieNs,Team Heretics,fade,False,,25,0,0,0,2,False,Boo,Team Heretics,omen,True,100,25,2,1,0,1,False,benjyfishy,Team Heretics,deadlock,True,100,25,0,0,0,6,False,Wo0t,Team Heretics,chamber,True,10,50,1,7,0,4,False,grubinho,GIANTX,omen,True,100,50,2,0,0,2,False,ara,GIANTX,raze,True,72,50,0,0,0,6,False,Cloud,GIANTX,fade,True,100,50,0,1,0,6,False,Flickless,GIANTX,viper,True,100,50,1,1,0,0,False,westside,GIANTX,cypher,True,100,50,0,1,0,1,False
1075.107,4604,ACTIVE_ROUND,9,3,5,72.000,,,MiniBoo,Team Heretics,raze,True,100,25,0,2,0,7,False,RieNs,Team Heretics,fade,False,,25,0,0,0,2,False,Boo,Team Heretics,omen,True,100,25,2,0,0,1,False,benjyfishy,Team Heretics,deadlock,True,100,25,0,0,0,6,False,Wo0t,Team Heretics,chamber,True,10,50,1,7,0,4,False,grubinho,GIANTX,omen,True,100,50,1,0,0,2,False,ara,GIANTX,raze,True,20,50,0,0,0,6,False,Cloud,GIANTX,fade,True,100,50,0,1,0,6,False,Flickless,GIANTX,viper,True,100,50,1,1,0,0,False,westside,GIANTX,cypher,True,100,50,0,1,0,1,False
1075.341,4605,ACTIVE_ROUND,9,3,5,72.000,,,MiniBoo,Team Heretics,raze,True,100,25,0,2,0,7,False,RieNs,Team Heretics,fade,False,,25,0,0,0,2,False,Boo,Team Heretics,omen,True,100,25,2,0,0,1,False,benjyfishy,Team Heretics,deadlock,True,100,25,0,0,0,6,False,Wo0t,Team Heretics,chamber,True,10,50,1,7,0,4,False,grubinho,GIANTX,omen,True,100,50,1,0,0,2,False,ara,GIANTX,raze,True,20,50,0,0,0,6,False,Cloud,GIANTX,fade,True,100,50,0,1,0,6,False,Flickless,GIANTX,viper,True,100,50,1,1,0,0,False,westside,GIANTX,cypher,True,100,50,0,1,0,1,False
1075.574,4606,ACTIVE_ROUND,9,3,5,72.000,,,MiniBoo,Team Heretics,raze,True,100,25,0,2,0,7,False,RieNs,Team Heretics,fade,False,,25,0,0,0,2,False,Boo,Team Heretics,omen,True,100,25,2,0,0,1,False,benjyfishy,Team Heretics,deadlock,True,100,25,0,0,0,6,False,Wo0t,Team Heretics,chamber,True,10,50,0,0,0,4,False,grubinho,GIANTX,omen,True,100,50,1,0,0,2,False,ara,GIANTX,raze,True,20,50,0,0,0,6,False,Cloud,GIANTX,fade,True,100,50,0,1,0,6,False,Flickless,GIANTX,viper,True,100,50,1,1,0,0,False,westside,GIANTX,cypher,True,100,50,0,1,0,1,False
1075.808,4607,ACTIVE_ROUND,9,3,5,72.000,,,MiniBoo,Team Heretics,raze,True,100,25,0,2,0,7,False,RieNs,Team Heretics,fade,False,,25,0,0,0,2,False,Boo,Team Heretics,omen,True,100,25,2,0,0,1,False,benjyfishy,Team Heretics,deadlock,True,100,25,0,0,0,6,False,Wo0t,Team Heretics,chamber,False,,50,0,0,0,4,False,grubinho,GIANTX,omen,True,100,50,1,0,0,2,False,ara,GIANTX,raze,True,20,50,0,0,0,6,False,Cloud,GIANTX,fade,True,100,50,0,1,0,6,False,Flickless,GIANTX,viper,True,100,50,1,1,0,0,False,westside,GIANTX,cypher,True,100,50,0,1,0,1,False
1076.042,4608,ACTIVE_ROUND,9,3,5,71.000,,,MiniBoo,Team Heretics,raze,True,100,25,0,2,0,7,False,RieNs,Team Heretics,fade,False,,25,0,0,0,2,False,Boo,Team Heretics,omen,True,100,25,2,0,0,1,False,benjyfishy,Team Heretics,deadlock,True,100,25,0,0,0,6,False,Wo0t,Team Heretics,chamber,False,,50,0,0,0,4,False,grubinho,GIANTX,omen,True,100,50,1,0,0,2,False,ara,GIANTX,raze,True,20,50,0,0,0,6,False,Cloud,GIANTX,fade,True,100,50,0,1,0,6,False,Flickless,GIANTX,viper,True,100,50,1,1,0,0,False,westside,GIANTX,cypher,True,100,50,0,1,0,1,False
1076.275,4609,ACTIVE_ROUND,9,3,5,71.000,,,MiniBoo,Team Heretics,raze,True,100,25,0,2,0,7,False,RieNs,Team Heretics,fade,False,,25,0,0,0,2,False,Boo,Team Heretics,omen,True,100,25,2,0,0,1,False,benjyfishy,Team Heretics,deadlock,True,100,25,0,0,0,6,False,Wo0t,Team Heretics,chamber,False,,50,0,0,0,4,False,grubinho,GIANTX,omen,True,100,50,1,0,0,2,False,ara,GIANTX,raze,True,20,50,0,0,0,6,False,Cloud,GIANTX,fade,True,100,50,0,1,0,6,False,Flickless,GIANTX,viper,True,100,50,1,1,0,0,False,westside,GIANTX,cypher,True,100,50,0,1,0,2,False
1076.509,4610,ACTIVE_ROUND,9,3,5,71.000,,,MiniBoo,Team Heretics,raze,True,100,25,0,2,0,7,False,RieNs,Team Heretics,fade,False,,25,0,0,0,2,False,Boo,Team Heretics,omen,True,100,25,2,0,0,1,False,benjyfishy,Team Heretics,deadlock,True,100,25,0,0,0,6,False,Wo0t,Team Heretics,chamber,False,,50,0,0,0,4,False,grubinho,GIANTX,omen,True,100,50,1,0,0,2,False,ara,GIANTX,raze,True,20,50,0,0,0,6,False,Cloud,GIANTX,fade,True,100,50,0,1,0,6,False,Flickless,GIANTX,viper,True,100,50,1,1,0,0,False,westside,GIANTX,cypher,True,100,50,0,1,0,2,False
1076.742,4611,ACTIVE_ROUND,9,3,5,71.000,,,MiniBoo,Team Heretics,raze,True,100,25,0,2,0,7,False,RieNs,Team Heretics,fade,False,,25,0,0,0,2,False,Boo,Team Heretics,omen,True,100,25,2,0,0,1,False,benjyfishy,Team Heretics,deadlock,True,100,25,0,0,0,6,False,Wo0t,Team Heretics,chamber,False,,50,0,0,0,4,False,grubinho,GIANTX,omen,True,100,50,1,0,0,2,False,ara,GIANTX,raze,True,20,50,0,0,0,6,False,Cloud,GIANTX,fade,True,100,50,0,1,0,6,False,Flickless,GIANTX,viper,True,100,50,1,1,0,0,False,westside,GIANTX,cypher,True,100,50,0,1,0,2,False
1076.976,4612,ACTIVE_ROUND,9,3,5,70.000,,,MiniBoo,Team Heretics,raze,True,100,25,0,2,0,7,False,RieNs,Team Heretics,fade,False,,25,0,0,0,2,False,Boo,Team Heretics,omen,True,100,25,2,0,0,1,False,benjyfishy,Team Heretics,deadlock,True,100,25,0,0,0,6,False,Wo0t,Team Heretics,chamber,False,,50,0,0,0,4,False,grubinho,GIANTX,omen,True,100,50,1,0,0,2,False,ara,GIANTX,raze,True,20,50,0,0,0,6,False,Cloud,GIANTX,fade,True,100,50,0,1,0,6,False,Flickless,GIANTX,viper,True,100,50,1,1,0,0,False,westside,GIANTX,cypher,True,100,50,0,1,0,2,False
1077.209,4613,ACTIVE_ROUND,9,3,5,70.000,,,MiniBoo,Team Heretics,raze,True,100,25,0,2,0,7,False,RieNs,Team Heretics,fade,False,,25,0,0,0,2,False,Boo,Team Heretics,omen,True,100,25,2,0,0,1,False,benjyfishy,Team Heretics,deadlock,True,100,25,0,0,0,6,False,Wo0t,Team Heretics,chamber,False,,50,0,0,0,4,False,grubinho,GIANTX,omen,True,100,50,1,0,0,2,False,ara,GIANTX,raze,True,20,50,0,0,0,6,False,Cloud,GIANTX,fade,True,100,50,0,0,0,6,False,Flickless,GIANTX,viper,True,100,50,1,1,0,0,False,westside,GIANTX,cypher,True,100,50,0,1,0,2,False
1077.443,4614,ACTIVE_ROUND,9,3,5,70.000,,,MiniBoo,Team Heretics,raze,True,100,25,0,2,0,7,False,RieNs,Team Heretics,fade,False,,25,0,0,0,2,False,Boo,Team Heretics,omen,True,100,25,2,0,0,1,False,benjyfishy,Team Heretics,deadlock,True,100,25,0,0,0,6,False,Wo0t,Team Heretics,chamber,False,,50,0,0,0,4,False,grubinho,GIANTX,omen,True,100,50,1,0,0,2,False,ara,GIANTX,raze,True,20,50,0,0,0,6,False,Cloud,GIANTX,fade,True,100,50,0,0,0,6,False,Flickless,GIANTX,viper,True,100,50,1,1,0,0,False,westside,GIANTX,cypher,True,100,50,0,1,0,2,False
1077.677,4615,ACTIVE_ROUND,9,3,5,70.000,,,MiniBoo,Team Heretics,raze,True,100,25,0,2,0,7,False,RieNs,Team Heretics,fade,False,,25,0,0,0,2,False,Boo,Team Heretics,omen,True,100,25,2,0,0,1,False,benjyfishy,Team Heretics,deadlock,True,100,25,0,0,0,6,False,Wo0t,Team Heretics,chamber,False,,50,0,0,0,4,False,grubinho,GIANTX,omen,True,100,50,1,0,0,2,False,ara,GIANTX,raze,True,20,50,0,0,0,6,False,Cloud,GIANTX,fade,True,100,50,0,0,0,6,False,Flickless,GIANTX,viper,True,100,50,1,1,0,0,False,westside,GIANTX,cypher,True,100,50,0,1,0,2,False
1077.910,4616,ACTIVE_ROUND,9,3,5,70.000,,,MiniBoo,Team Heretics,raze,True,100,25,0,2,0,7,False,RieNs,Team Heretics,fade,False,,25,0,0,0,2,False,Boo,Team Heretics,omen,True,100,25,0,0,0,1,False,benjyfishy,Team Heretics,deadlock,True,100,25,0,0,0,6,False,Wo0t,Team Heretics,chamber,False,,50,0,0,0,4,False,grubinho,GIANTX,omen,True,100,50,1,0,0,2,False,ara,GIANTX,raze,True,20,50,0,0,0,6,False,Cloud,GIANTX,fade,True,100,50,0,0,0,6,False,Flickless,GIANTX,viper,True,100,50,1,1,0,0,False,westside,GIANTX,cypher,True,100,50,0,1,0,2,False
1078.144,4617,ACTIVE_ROUND,9,3,5,69.000,,,MiniBoo,Team Heretics,raze,True,100,25,0,2,0,7,False,RieNs,Team Heretics,fade,False,,25,0,0,0,2,False,Boo,Team Heretics,omen,False,,25,0,0,0,2,False,benjyfishy,Team Heretics,deadlock,True,100,25,0,0,0,6,False,Wo0t,Team Heretics,chamber,False,,50,0,0,0,4,False,grubinho,GIANTX,omen,True,87,24,1,0,0,3,False,ara,GIANTX,raze,True,20,50,0,0,0,6,False,Cloud,GIANTX,fade,True,100,50,0,0,0,6,False,Flickless,GIANTX,viper,True,100,50,1,1,0,0,False,westside,GIANTX,cypher,True,100,50,0,0,0,2,False
1078.377,4618,ACTIVE_ROUND,9,3,5,69.000,,,MiniBoo,Team Heretics,raze,True,100,25,0,2,0,7,False,RieNs,Team Heretics,fade,False,,25,0,0,0,2,False,Boo,Team Heretics,omen,False,,25,0,0,0,2,False,benjyfishy,Team Heretics,deadlock,True,100,25,0,0,0,6,False,Wo0t,Team Heretics,chamber,False,,50,0,0,0,4,False,grubinho,GIANTX,omen,True,87,24,1,0,0,3,False,ara,GIANTX,raze,True,20,50,0,0,0,6,False,Cloud,GIANTX,fade,True,100,50,0,0,0,6,False,Flickless,GIANTX,viper,True,100,50,1,1,0,0,False,westside,GIANTX,cypher,True,100,50,0,0,0,2,False
1078.611,4619,ACTIVE_ROUND,9,3,5,69.000,,,MiniBoo,Team Heretics,raze,True,100,25,0,2,0,7,False,RieNs,Team Heretics,fade,False,,25,0,0,0,2,False,Boo,Team Heretics,omen,False,,25,0,0,0,2,False,benjyfishy,Team Heretics,deadlock,True,100,25,0,0,0,6,False,Wo0t,Team Heretics,chamber,False,,50,0,0,0,4,False,grubinho,GIANTX,omen,True,87,24,1,0,0,3,False,ara,GIANTX,raze,True,20,50,0,0,0,6,False,Cloud,GIANTX,fade,True,100,50,0,0,0,6,False,Flickless,GIANTX,viper,True,100,50,1,1,0,0,False,westside,GIANTX,cypher,True,100,50,0,0,0,2,False
1078.844,4620,ACTIVE_ROUND,9,3,5,69.000,,,MiniBoo,Team Heretics,raze,True,100,25,0,2,0,7,False,RieNs,Team Heretics,fade,False,,25,0,0,0,2,False,Boo,Team Heretics,omen,False,,25,0,0,0,2,False,benjyfishy,Team Heretics,deadlock,True,100,25,0,0,0,6,False,Wo0t,Team Heretics,chamber,False,,50,0,0,0,4,False,grubinho,GIANTX,omen,True,87,24,1,0,0,3,False,ara,GIANTX,raze,True,20,50,0,0,0,6,False,Cloud,GIANTX,fade,True,100,50,0,0,0,6,False,Flickless,GIANTX,viper,True,100,50,1,1,0,0,False,westside,GIANTX,cypher,True,100,50,0,0,0,2,False
1079.078,4621,ACTIVE_ROUND,9,3,5,68.000,,,MiniBoo,Team Heretics,raze,True,100,25,0,2,0,7,False,RieNs,Team Heretics,fade,False,,25,0,0,0,2,False,Boo,Team Heretics,omen,False,,25,0,0,0,2,False,benjyfishy,Team Heretics,deadlock,True,100,25,0,0,0,6,False,Wo0t,Team Heretics,chamber,False,,50,0,0,0,4,False,grubinho,GIANTX,omen,True,87,24,1,0,1,3,False,ara,GIANTX,raze,True,20,50,0,0,0,6,False,Cloud,GIANTX,fade,True,100,50,0,0,0,6,False,Flickless,GIANTX,viper,True,100,50,1,1,0,0,False,westside,GIANTX,cypher,True,100,50,0,0,0,2,False
1079.312,4622,ACTIVE_ROUND,9,3,5,68.000,,,MiniBoo,Team Heretics,raze,True,100,25,0,2,0,7,False,RieNs,Team Heretics,fade,False,,25,0,0,0,2,False,Boo,Team Heretics,omen,False,,25,0,0,0,2,False,benjyfishy,Team Heretics,deadlock,True,100,25,0,0,0,6,False,Wo0t,Team Heretics,chamber,False,,50,0,0,0,4,False,grubinho,GIANTX,omen,True,87,24,1,0,1,3,False,ara,GIANTX,raze,True,20,50,0,0,0,6,False,Cloud,GIANTX,fade,True,100,50,0,0,0,6,False,Flickless,GIANTX,viper,True,100,50,1,1,0,0,False,westside,GIANTX,cypher,True,100,50,0,0,0,2,False
1079.545,4623,ACTIVE_ROUND,9,3,5,68.000,,,MiniBoo,Team Heretics,raze,True,100,25,0,2,0,7,False,RieNs,Team Heretics,fade,False,,25,0,0,0,2,False,Boo,Team Heretics,omen,False,,25,0,0,0,2,False,benjyfishy,Team Heretics,deadlock,True,100,25,0,0,0,6,False,Wo0t,Team Heretics,chamber,False,,50,0,0,0,4,False,grubinho,GIANTX,omen,True,87,24,1,0,1,3,False,ara,GIANTX,raze,True,20,50,0,0,0,6,False,Cloud,GIANTX,fade,True,100,50,0,0,0,6,False,Flickless,GIANTX,viper,True,100,50,1,1,0,0,False,westside,GIANTX,cypher,True,100,50,0,0,0,2,False
1079.779,4624,ACTIVE_ROUND,9,3,5,68.000,,,MiniBoo,Team Heretics,raze,True,100,25,0,2,0,7,False,RieNs,Team Heretics,fade,False,,25,0,0,0,2,False,Boo,Team Heretics,omen,False,,25,0,0,0,2,False,benjyfishy,Team Heretics,deadlock,True,100,25,0,0,0,6,False,Wo0t,Team Heretics,chamber,False,,50,0,0,0,4,False,grubinho,GIANTX,omen,True,87,24,1,0,1,3,False,ara,GIANTX,raze,True,20,50,0,0,0,6,False,Cloud,GIANTX,fade,True,100,50,0,0,0,6,False,Flickless,GIANTX,viper,True,100,50,1,1,0,0,False,westside,GIANTX,cypher,True,100,50,0,0,0,2,False
1080.012,4625,ACTIVE_ROUND,9,3,5,67.000,,,MiniBoo,Team Heretics,raze,True,100,25,0,2,0,7,False,RieNs,Team Heretics,fade,False,,25,0,0,0,2,False,Boo,Team Heretics,omen,False,,25,0,0,0,2,False,benjyfishy,Team Heretics,deadlock,True,100,25,0,0,0,6,False,Wo0t,Team Heretics,chamber,False,,50,0,0,0,4,False,grubinho,GIANTX,omen,True,87,24,1,0,1,3,False,ara,GIANTX,raze,True,20,50,0,0,0,6,False,Cloud,GIANTX,fade,True,100,50,0,0,0,6,False,Flickless,GIANTX,viper,True,100,50,1,1,0,0,False,westside,GIANTX,cypher,True,100,50,0,0,0,2,False
1080.246,4626,ACTIVE_ROUND,9,3,5,67.000,,,MiniBoo,Team Heretics,raze,True,100,25,0,2,0,7,False,RieNs,Team Heretics,fade,False,,25,0,0,0,2,False,Boo,Team Heretics,omen,False,,25,0,0,0,2,False,benjyfishy,Team Heretics,deadlock,True,100,25,0,0,0,6,False,Wo0t,Team Heretics,chamber,False,,50,0,0,0,4,False,grubinho,GIANTX,omen,True,87,24,1,0,1,3,False,ara,GIANTX,raze,True,20,50,0,0,0,6,False,Cloud,GIANTX,fade,True,100,50,0,0,0,6,False,Flickless,GIANTX,viper,True,100,50,1,0,0,0,False,westside,GIANTX,cypher,True,100,50,0,0,0,2,False
1080.479,4627,ACTIVE_ROUND,9,3,5,67.000,,,MiniBoo,Team Heretics,raze,True,100,25,0,2,0,7,False,RieNs,Team Heretics,fade,False,,25,0,0,0,2,False,Boo,Team Heretics,omen,False,,25,0,0,0,2,False,benjyfishy,Team Heretics,deadlock,True,100,25,0,0,0,6,False,Wo0t,Team Heretics,chamber,False,,50,0,0,0,4,False,grubinho,GIANTX,omen,True,87,24,1,0,1,3,False,ara,GIANTX,raze,True,20,50,0,0,0,6,False,Cloud,GIANTX,fade,True,100,50,0,0,0,6,False,Flickless,GIANTX,viper,True,100,50,1,0,0,0,False,westside,GIANTX,cypher,True,100,50,0,0,0,2,False
1080.713,4628,ACTIVE_ROUND,9,3,5,67.000,,,MiniBoo,Team Heretics,raze,True,100,25,0,2,0,7,False,RieNs,Team Heretics,fade,False,,25,0,0,0,2,False,Boo,Team Heretics,omen,False,,25,0,0,0,2,False,benjyfishy,Team Heretics,deadlock,True,100,25,0,0,0,6,False,Wo0t,Team Heretics,chamber,False,,50,0,0,0,4,False,grubinho,GIANTX,omen,True,87,24,1,0,1,3,False,ara,GIANTX,raze,True,20,50,0,0,0,6,False,Cloud,GIANTX,fade,True,100,50,0,0,0,6,False,Flickless,GIANTX,viper,True,100,50,1,0,0,0,False,westside,GIANTX,cypher,True,100,50,0,0,0,2,False
1080.947,4629,ACTIVE_ROUND,9,3,5,67.000,,,MiniBoo,Team Heretics,raze,True,100,25,0,2,0,7,False,RieNs,Team Heretics,fade,False,,25,0,0,0,2,False,Boo,Team Heretics,omen,False,,25,0,0,0,2,False,benjyfishy,Team Heretics,deadlock,True,100,25,0,0,0,6,False,Wo0t,Team Heretics,chamber,False,,50,0,0,0,4,False,grubinho,GIANTX,omen,True,87,24,1,0,1,3,False,ara,GIANTX,raze,True,20,50,0,0,0,6,False,Cloud,GIANTX,fade,True,100,50,0,0,0,6,False,Flickless,GIANTX,viper,True,100,50,1,0,0,0,False,westside,GIANTX,cypher,True,100,50,0,0,0,2,False
1081.180,4630,ACTIVE_ROUND,9,3,5,66.000,,,MiniBoo,Team Heretics,raze,True,100,25,0,2,0,7,False,RieNs,Team Heretics,fade,False,,25,0,0,0,2,False,Boo,Team Heretics,omen,False,,25,0,0,0,2,False,benjyfishy,Team Heretics,deadlock,True,100,25,0,0,0,6,False,Wo0t,Team Heretics,chamber,False,,50,0,0,0,4,False,grubinho,GIANTX,omen,True,87,24,1,0,1,3,False,ara,GIANTX,raze,True,20,50,0,0,0,6,False,Cloud,GIANTX,fade,True,100,50,0,0,0,6,False,Flickless,GIANTX,viper,True,100,50,1,0,0,0,False,westside,GIANTX,cypher,True,100,50,0,0,0,2,False
1081.414,4631,ACTIVE_ROUND,9,3,5,66.000,,,MiniBoo,Team Heretics,raze,True,100,25,0,2,0,7,False,RieNs,Team Heretics,fade,False,,25,0,0,0,2,False,Boo,Team Heretics,omen,False,,25,0,0,0,2,False,benjyfishy,Team Heretics,deadlock,True,100,25,0,0,0,6,False,Wo0t,Team Heretics,chamber,False,,50,0,0,0,4,False,grubinho,GIANTX,omen,True,87,24,1,0,1,3,False,ara,GIANTX,raze,True,20,50,0,0,0,6,False,Cloud,GIANTX,fade,True,100,50,0,0,0,6,False,Flickless,GIANTX,viper,True,100,50,1,0,0,0,False,westside,GIANTX,cypher,True,100,50,0,0,0,2,False
1081.647,4632,ACTIVE_ROUND,9,3,5,66.000,,,MiniBoo,Team Heretics,raze,True,100,25,0,2,0,7,False,RieNs,Team Heretics,fade,False,,25,0,0,0,2,False,Boo,Team Heretics,omen,False,,25,0,0,0,2,False,benjyfishy,Team Heretics,deadlock,True,100,25,0,0,0,6,False,Wo0t,Team Heretics,chamber,False,,50,0,0,0,4,False,grubinho,GIANTX,omen,True,87,24,1,0,1,3,False,ara,GIANTX,raze,True,20,50,0,0,0,6,False,Cloud,GIANTX,fade,True,100,50,0,0,0,6,False,Flickless,GIANTX,viper,True,100,50,1,0,0,0,False,westside,GIANTX,cypher,True,100,50,0,0,0,2,False
1081.881,4633,ACTIVE_ROUND,9,3,5,66.000,,,MiniBoo,Team Heretics,raze,True,100,25,0,2,0,7,False,RieNs,Team Heretics,fade,False,,25,0,0,0,2,False,Boo,Team Heretics,omen,False,,25,0,0,0,2,False,benjyfishy,Team Heretics,deadlock,True,100,25,0,0,0,6,False,Wo0t,Team Heretics,chamber,False,,50,0,0,0,4,False,grubinho,GIANTX,omen,True,87,24,1,0,1,3,False,ara,GIANTX,raze,True,20,50,0,0,0,6,False,Cloud,GIANTX,fade,True,100,50,0,0,0,6,False,Flickless,GIANTX,viper,True,100,50,1,0,0,0,False,westside,GIANTX,cypher,True,100,50,0,0,0,2,False
1082.114,4634,ACTIVE_ROUND,9,3,5,65.000,,,MiniBoo,Team Heretics,raze,True,100,25,0,2,0,7,False,RieNs,Team Heretics,fade,False,,25,0,0,0,2,False,Boo,Team Heretics,omen,False,,25,0,0,0,2,False,benjyfishy,Team Heretics,deadlock,True,100,25,0,0,0,6,False,Wo0t,Team Heretics,chamber,False,,50,0,0,0,4,False,grubinho,GIANTX,omen,True,87,24,1,0,1,3,False,ara,GIANTX,raze,True,20,50,0,0,0,6,False,Cloud,GIANTX,fade,True,100,50,0,0,0,6,False,Flickless,GIANTX,viper,True,100,50,1,0,0,0,False,westside,GIANTX,cypher,True,100,50,0,0,0,2,False
1082.348,4635,ACTIVE_ROUND,9,3,5,65.000,,,MiniBoo,Team Heretics,raze,True,100,25,0,2,0,7,False,RieNs,Team Heretics,fade,False,,25,0,0,0,2,False,Boo,Team Heretics,omen,False,,25,0,0,0,2,False,benjyfishy,Team Heretics,deadlock,True,100,25,0,0,0,6,False,Wo0t,Team Heretics,chamber,False,,50,0,0,0,4,False,grubinho,GIANTX,omen,True,87,24,1,0,1,3,False,ara,GIANTX,raze,True,20,50,0,0,0,6,False,Cloud,GIANTX,fade,True,100,50,0,0,0,6,False,Flickless,GIANTX,viper,True,100,50,1,0,0,0,False,westside,GIANTX,cypher,True,100,50,0,0,0,2,False
1082.582,4636,ACTIVE_ROUND,9,3,5,65.000,,,MiniBoo,Team Heretics,raze,True,100,25,0,2,0,7,False,RieNs,Team Heretics,fade,False,,25,0,0,0,2,False,Boo,Team Heretics,omen,False,,25,0,0,0,2,False,benjyfishy,Team Heretics,deadlock,True,100,25,0,0,0,6,False,Wo0t,Team Heretics,chamber,False,,50,0,0,0,4,False,grubinho,GIANTX,omen,True,87,24,1,0,1,3,False,ara,GIANTX,raze,True,20,50,0,0,0,6,False,Cloud,GIANTX,fade,True,100,50,0,0,0,6,False,Flickless,GIANTX,viper,True,100,50,1,0,0,0,False,westside,GIANTX,cypher,True,100,50,0,0,0,2,False
1082.815,4637,ACTIVE_ROUND,9,3,5,65.000,,,MiniBoo,Team Heretics,raze,True,100,25,0,2,0,7,False,RieNs,Team Heretics,fade,False,,25,0,0,0,2,False,Boo,Team Heretics,omen,False,,25,0,0,0,2,False,benjyfishy,Team Heretics,deadlock,True,100,25,0,0,0,6,False,Wo0t,Team Heretics,chamber,False,,50,0,0,0,4,False,grubinho,GIANTX,omen,True,87,24,1,0,1,3,False,ara,GIANTX,raze,True,20,50,0,0,0,6,False,Cloud,GIANTX,fade,True,100,50,0,0,0,6,False,Flickless,GIANTX,viper,True,100,50,1,0,0,0,False,westside,GIANTX,cypher,True,100,50,0,0,0,2,False
1083.049,4638,ACTIVE_ROUND,9,3,5,64.000,,,MiniBoo,Team Heretics,raze,True,100,25,0,2,0,7,False,RieNs,Team Heretics,fade,False,,25,0,0,0,2,False,Boo,Team Heretics,omen,False,,25,0,0,0,2,False,benjyfishy,Team Heretics,deadlock,True,100,25,0,0,0,6,False,Wo0t,Team Heretics,chamber,False,,50,0,0,0,4,False,grubinho,GIANTX,omen,True,87,24,1,0,1,3,False,ara,GIANTX,raze,True,20,50,0,0,0,6,False,Cloud,GIANTX,fade,True,100,50,0,0,0,6,False,Flickless,GIANTX,viper,True,100,50,1,0,0,0,False,westside,GIANTX,cypher,True,100,50,0,0,0,2,False
1083.282,4639,ACTIVE_ROUND,9,3,5,64.000,,,MiniBoo,Team Heretics,raze,True,100,25,0,2,0,7,False,RieNs,Team Heretics,fade,False,,25,0,0,0,2,False,Boo,Team Heretics,omen,False,,25,0,0,0,2,False,benjyfishy,Team Heretics,deadlock,True,100,25,0,0,0,6,False,Wo0t,Team Heretics,chamber,False,,50,0,0,0,4,False,grubinho,GIANTX,omen,True,87,24,1,0,1,3,False,ara,GIANTX,raze,True,20,50,0,0,0,6,False,Cloud,GIANTX,fade,True,100,50,0,0,0,6,False,Flickless,GIANTX,viper,True,100,50,1,0,0,0,False,westside,GIANTX,cypher,True,100,50,0,0,0,2,False
1083.516,4640,ACTIVE_ROUND,9,3,5,64.000,,,MiniBoo,Team Heretics,raze,True,100,25,0,2,0,7,False,RieNs,Team Heretics,fade,False,,25,0,0,0,2,False,Boo,Team Heretics,omen,False,,25,0,0,0,2,False,benjyfishy,Team Heretics,deadlock,True,100,25,0,0,0,6,False,Wo0t,Team Heretics,chamber,False,,50,0,0,0,4,False,grubinho,GIANTX,omen,True,87,24,1,0,1,3,False,ara,GIANTX,raze,True,20,50,0,0,0,6,False,Cloud,GIANTX,fade,True,100,50,0,0,0,6,False,Flickless,GIANTX,viper,True,100,50,1,0,0,0,False,westside,GIANTX,cypher,True,100,50,0,0,0,2,False
1083.749,4641,ACTIVE_ROUND,9,3,5,64.000,,,MiniBoo,Team Heretics,raze,True,100,25,0,2,0,7,False,RieNs,Team Heretics,fade,False,,25,0,0,0,2,False,Boo,Team Heretics,omen,False,,25,0,0,0,2,False,benjyfishy,Team Heretics,deadlock,True,100,25,0,0,0,6,False,Wo0t,Team Heretics,chamber,False,,50,0,0,0,4,False,grubinho,GIANTX,omen,True,87,24,1,0,1,3,False,ara,GIANTX,raze,True,20,50,0,0,0,6,False,Cloud,GIANTX,fade,True,100,50,0,0,0,6,False,Flickless,GIANTX,viper,True,100,50,1,0,0,0,False,westside,GIANTX,cypher,True,100,50,0,0,0,2,False
1083.983,4642,ACTIVE_ROUND,9,3,5,63.000,,,MiniBoo,Team Heretics,raze,True,100,25,0,2,0,7,False,RieNs,Team Heretics,fade,False,,25,0,0,0,2,False,Boo,Team Heretics,omen,False,,25,0,0,0,2,False,benjyfishy,Team Heretics,deadlock,True,100,25,0,0,0,6,False,Wo0t,Team Heretics,chamber,False,,50,0,0,0,4,False,grubinho,GIANTX,omen,True,87,24,1,0,1,3,False,ara,GIANTX,raze,True,20,50,0,0,0,6,False,Cloud,GIANTX,fade,True,100,50,0,0,0,6,False,Flickless,GIANTX,viper,True,100,50,1,0,0,0,False,westside,GIANTX,cypher,True,100,50,0,0,0,2,False
1084.216,4643,ACTIVE_ROUND,9,3,5,63.000,,,MiniBoo,Team Heretics,raze,True,100,25,0,2,0,7,False,RieNs,Team Heretics,fade,False,,25,0,0,0,2,False,Boo,Team Heretics,omen,False,,25,0,0,0,2,False,benjyfishy,Team Heretics,deadlock,True,100,25,0,0,0,6,False,Wo0t,Team Heretics,chamber,False,,50,0,0,0,4,False,grubinho,GIANTX,omen,True,87,24,1,0,1,3,False,ara,GIANTX,raze,True,20,50,0,0,0,6,False,Cloud,GIANTX,fade,True,100,50,0,0,0,6,False,Flickless,GIANTX,viper,True,100,50,1,0,0,0,False,westside,GIANTX,cypher,True,100,50,0,0,0,2,False
1084.450,4644,ACTIVE_ROUND,9,3,5,63.000,,,MiniBoo,Team Heretics,raze,True,100,25,0,2,0,7,False,RieNs,Team Heretics,fade,False,,25,0,0,0,2,False,Boo,Team Heretics,omen,False,,25,0,0,0,2,False,benjyfishy,Team Heretics,deadlock,True,100,25,0,0,0,6,False,Wo0t,Team Heretics,chamber,False,,50,0,0,0,4,False,grubinho,GIANTX,omen,True,87,24,1,0,1,3,False,ara,GIANTX,raze,True,20,50,0,0,0,6,False,Cloud,GIANTX,fade,True,100,50,0,0,0,6,False,Flickless,GIANTX,viper,True,100,50,1,0,0,0,False,westside,GIANTX,cypher,True,100,50,0,0,0,2,False
1084.684,4645,ACTIVE_ROUND,9,3,5,63.000,,,MiniBoo,Team Heretics,raze,True,100,25,0,2,0,7,False,RieNs,Team Heretics,fade,False,,25,0,0,0,2,False,Boo,Team Heretics,omen,False,,25,0,0,0,2,False,benjyfishy,Team Heretics,deadlock,True,100,25,0,0,0,6,False,Wo0t,Team Heretics,chamber,False,,50,0,0,0,4,False,grubinho,GIANTX,omen,True,87,24,1,0,1,3,False,ara,GIANTX,raze,True,20,50,0,0,0,6,False,Cloud,GIANTX,fade,True,100,50,0,0,0,6,False,Flickless,GIANTX,viper,True,100,50,1,0,0,0,False,westside,GIANTX,cypher,True,100,50,0,0,0,2,False
1084.917,4646,ACTIVE_ROUND,9,3,5,62.000,,,MiniBoo,Team Heretics,raze,True,100,25,0,2,0,7,False,RieNs,Team Heretics,fade,False,,25,0,0,0,2,False,Boo,Team Heretics,omen,False,,25,0,0,0,2,False,benjyfishy,Team Heretics,deadlock,True,100,25,0,0,0,6,False,Wo0t,Team Heretics,chamber,False,,50,0,0,0,4,False,grubinho,GIANTX,omen,True,87,24,1,0,1,3,False,ara,GIANTX,raze,True,20,50,0,0,0,6,False,Cloud,GIANTX,fade,True,100,50,0,0,0,6,False,Flickless,GIANTX,viper,True,100,50,1,0,0,0,False,westside,GIANTX,cypher,True,100,50,0,0,0,2,False
1085.151,4647,ACTIVE_ROUND,9,3,5,62.000,,,MiniBoo,Team Heretics,raze,True,100,25,0,2,0,7,False,RieNs,Team Heretics,fade,False,,25,0,0,0,2,False,Boo,Team Heretics,omen,False,,25,0,0,0,2,False,benjyfishy,Team Heretics,deadlock,True,100,25,0,0,0,6,False,Wo0t,Team Heretics,chamber,False,,50,0,0,0,4,False,grubinho,GIANTX,omen,True,87,24,1,0,1,3,False,ara,GIANTX,raze,True,20,50,0,0,0,6,False,Cloud,GIANTX,fade,True,100,50,0,0,0,6,False,Flickless,GIANTX,viper,True,100,50,1,0,0,0,False,westside,GIANTX,cypher,True,100,50,0,0,0,2,False
1085.384,4648,ACTIVE_ROUND,9,3,5,62.000,,,MiniBoo,Team Heretics,raze,True,100,25,0,2,0,7,False,RieNs,Team Heretics,fade,False,,25,0,0,0,2,False,Boo,Team Heretics,omen,False,,25,0,0,0,2,False,benjyfishy,Team Heretics,deadlock,True,100,25,0,0,0,6,False,Wo0t,Team Heretics,chamber,False,,50,0,0,0,4,False,grubinho,GIANTX,omen,True,87,24,1,0,1,3,False,ara,GIANTX,raze,True,20,50,0,0,0,6,False,Cloud,GIANTX,fade,True,100,50,0,0,0,6,False,Flickless,GIANTX,viper,True,100,50,1,0,0,0,False,westside,GIANTX,cypher,True,100,50,0,0,0,2,False
1085.618,4649,ACTIVE_ROUND,9,3,5,62.000,,,MiniBoo,Team Heretics,raze,True,100,25,0,2,0,7,False,RieNs,Team Heretics,fade,False,,25,0,0,0,2,False,Boo,Team Heretics,omen,False,,25,0,0,0,2,False,benjyfishy,Team Heretics,deadlock,True,100,25,0,0,0,6,False,Wo0t,Team Heretics,chamber,False,,50,0,0,0,4,False,grubinho,GIANTX,omen,True,87,24,1,0,1,3,False,ara,GIANTX,raze,True,20,50,0,0,0,6,False,Cloud,GIANTX,fade,True,100,50,0,0,0,6,False,Flickless,GIANTX,viper,True,100,50,1,0,0,0,False,westside,GIANTX,cypher,True,100,50,0,0,0,2,False
1086.319,4652,ACTIVE_ROUND,9,3,5,,0.000,,MiniBoo,Team Heretics,raze,True,100,25,0,2,0,7,False,RieNs,Team Heretics,fade,False,,25,0,0,0,2,False,Boo,Team Heretics,omen,False,,25,0,0,0,2,False,benjyfishy,Team Heretics,deadlock,True,100,25,0,0,0,6,False,Wo0t,Team Heretics,chamber,False,,50,0,0,0,4,False,grubinho,GIANTX,omen,True,87,24,1,0,1,3,False,ara,GIANTX,raze,True,20,50,0,0,0,7,False,Cloud,GIANTX,fade,True,100,50,0,0,0,6,False,Flickless,GIANTX,viper,True,100,50,1,0,0,0,False,westside,GIANTX,cypher,True,100,50,0,0,0,2,False
1086.552,4653,ACTIVE_ROUND,9,3,5,,0.234,,MiniBoo,Team Heretics,raze,True,100,25,0,2,0,7,False,RieNs,Team Heretics,fade,False,,25,0,0,0,2,False,Boo,Team Heretics,omen,False,,25,0,0,0,2,False,benjyfishy,Team Heretics,deadlock,True,100,25,0,0,0,6,False,Wo0t,Team Heretics,chamber,False,,50,0,0,0,4,False,grubinho,GIANTX,omen,True,87,24,1,0,1,3,False,ara,GIANTX,raze,True,20,50,0,0,0,7,False,Cloud,GIANTX,fade,True,100,50,0,0,0,6,False,Flickless,GIANTX,viper,True,100,50,1,0,0,0,False,westside,GIANTX,cypher,True,100,50,0,0,0,2,False
1086.786,4654,ACTIVE_ROUND,9,3,5,,0.467,,MiniBoo,Team Heretics,raze,True,100,25,0,2,0,7,False,RieNs,Team Heretics,fade,False,,25,0,0,0,2,False,Boo,Team Heretics,omen,False,,25,0,0,0,2,False,benjyfishy,Team Heretics,deadlock,True,100,25,0,0,0,6,False,Wo0t,Team Heretics,chamber,False,,50,0,0,0,4,False,grubinho,GIANTX,omen,True,87,24,1,0,1,3,False,ara,GIANTX,raze,True,20,50,0,0,0,7,False,Cloud,GIANTX,fade,True,100,50,0,0,0,6,False,Flickless,GIANTX,viper,True,100,50,1,0,0,0,False,westside,GIANTX,cypher,True,100,50,0,0,0,2,False
1087.019,4655,ACTIVE_ROUND,9,3,5,,0.701,,MiniBoo,Team Heretics,raze,True,100,25,0,2,0,7,False,RieNs,Team Heretics,fade,False,,25,0,0,0,2,False,Boo,Team Heretics,omen,False,,25,0,0,0,2,False,benjyfishy,Team Heretics,deadlock,True,100,25,0,0,0,6,False,Wo0t,Team Heretics,chamber,False,,50,0,0,0,4,False,grubinho,GIANTX,omen,True,87,24,1,0,1,3,False,ara,GIANTX,raze,True,20,50,0,0,0,7,False,Cloud,GIANTX,fade,True,100,50,0,0,0,6,False,Flickless,GIANTX,viper,True,100,50,1,0,0,0,False,westside,GIANTX,cypher,True,100,50,0,0,0,2,False
1087.253,4656,ACTIVE_ROUND,9,3,5,,0.934,,MiniBoo,Team Heretics,raze,True,100,25,0,2,0,7,False,RieNs,Team Heretics,fade,False,,25,0,0,0,2,False,Boo,Team Heretics,omen,False,,25,0,0,0,2,False,benjyfishy,Team Heretics,deadlock,True,100,25,0,0,0,6,False,Wo0t,Team Heretics,chamber,False,,50,0,0,0,4,False,grubinho,GIANTX,omen,True,87,24,1,0,1,3,False,ara,GIANTX,raze,True,20,50,0,0,0,7,False,Cloud,GIANTX,fade,True,100,50,0,0,0,6,False,Flickless,GIANTX,viper,True,100,50,1,0,0,0,False,westside,GIANTX,cypher,True,100,50,0,0,0,2,False
1087.486,4657,ACTIVE_ROUND,9,3,5,,1.168,,MiniBoo,Team Heretics,raze,True,100,25,0,2,0,7,False,RieNs,Team Heretics,fade,False,,25,0,0,0,2,False,Boo,Team Heretics,omen,False,,25,0,0,0,2,False,benjyfishy,Team Heretics,deadlock,True,100,25,0,0,0,6,False,Wo0t,Team Heretics,chamber,False,,50,0,0,0,4,False,grubinho,GIANTX,omen,True,87,24,1,0,1,3,False,ara,GIANTX,raze,True,20,50,0,0,0,7,False,Cloud,GIANTX,fade,True,100,50,0,0,0,6,False,Flickless,GIANTX,viper,True,100,50,1,0,0,0,False,westside,GIANTX,cypher,True,100,50,0,0,0,2,False
1087.720,4658,ACTIVE_ROUND,9,3,5,,1.401,,MiniBoo,Team Heretics,raze,True,100,25,0,2,0,7,False,RieNs,Team Heretics,fade,False,,25,0,0,0,2,False,Boo,Team Heretics,omen,False,,25,0,0,0,2,False,benjyfishy,Team Heretics,deadlock,True,100,25,0,0,0,6,False,Wo0t,Team Heretics,chamber,False,,50,0,0,0,4,False,grubinho,GIANTX,omen,True,87,24,1,0,1,3,False,ara,GIANTX,raze,True,20,50,0,0,0,7,False,Cloud,GIANTX,fade,True,100,50,0,0,0,6,False,Flickless,GIANTX,viper,True,100,50,1,0,0,0,False,westside,GIANTX,cypher,True,100,50,0,0,0,2,False
1087.954,4659,ACTIVE_ROUND,9,3,5,,1.635,,MiniBoo,Team Heretics,raze,True,100,25,0,2,0,7,False,RieNs,Team Heretics,fade,False,,25,0,0,0,2,False,Boo,Team Heretics,omen,False,,25,0,0,0,2,False,benjyfishy,Team Heretics,deadlock,True,100,25,0,0,0,6,False,Wo0t,Team Heretics,chamber,False,,50,0,0,0,4,False,grubinho,GIANTX,omen,True,87,24,1,0,1,3,False,ara,GIANTX,raze,True,20,50,0,0,0,7,False,Cloud,GIANTX,fade,True,100,50,0,0,0,6,False,Flickless,GIANTX,viper,True,100,50,1,0,0,0,False,westside,GIANTX,cypher,True,100,50,0,0,0,2,False
1088.187,4660,ACTIVE_ROUND,9,3,5,,1.869,,MiniBoo,Team Heretics,raze,True,100,25,0,2,0,7,False,RieNs,Team Heretics,fade,False,,25,0,0,0,2,False,Boo,Team Heretics,omen,False,,25,0,0,0,2,False,benjyfishy,Team Heretics,deadlock,True,100,25,0,0,0,6,False,Wo0t,Team Heretics,chamber,False,,50,0,0,0,4,False,grubinho,GIANTX,omen,True,87,24,1,0,1,3,False,ara,GIANTX,raze,True,20,50,0,0,0,7,False,Cloud,GIANTX,fade,True,100,50,0,0,0,6,False,Flickless,GIANTX,viper,True,100,50,1,0,0,0,False,westside,GIANTX,cypher,True,100,50,0,0,0,2,False
1088.421,4661,ACTIVE_ROUND,9,3,5,,2.102,,MiniBoo,Team Heretics,raze,True,100,25,0,2,0,7,False,RieNs,Team Heretics,fade,False,,25,0,0,0,2,False,Boo,Team Heretics,omen,False,,25,0,0,0,2,False,benjyfishy,Team Heretics,deadlock,True,100,25,0,0,0,6,False,Wo0t,Team Heretics,chamber,False,,50,0,0,0,4,False,grubinho,GIANTX,omen,True,87,24,1,0,1,3,False,ara,GIANTX,raze,True,20,50,0,0,0,7,False,Cloud,GIANTX,fade,True,100,50,0,0,0,6,False,Flickless,GIANTX,viper,True,100,50,1,0,0,0,False,westside,GIANTX,cypher,True,100,50,0,0,0,2,False
1088.654,4662,ACTIVE_ROUND,9,3,5,,2.336,,MiniBoo,Team Heretics,raze,True,100,25,0,2,0,7,False,RieNs,Team Heretics,fade,False,,25,0,0,0,2,False,Boo,Team Heretics,omen,False,,25,0,0,0,2,False,benjyfishy,Team Heretics,deadlock,True,100,25,0,0,0,6,False,Wo0t,Team Heretics,chamber,False,,50,0,0,0,4,False,grubinho,GIANTX,omen,True,87,24,1,0,1,3,False,ara,GIANTX,raze,True,20,50,0,0,0,7,False,Cloud,GIANTX,fade,True,100,50,0,0,0,6,False,Flickless,GIANTX,viper,True,100,50,1,0,0,0,False,westside,GIANTX,cypher,True,100,50,0,0,0,2,False
1088.888,4663,ACTIVE_ROUND,9,3,5,,2.569,,MiniBoo,Team Heretics,raze,True,100,25,0,2,0,7,False,RieNs,Team Heretics,fade,False,,25,0,0,0,2,False,Boo,Team Heretics,omen,False,,25,0,0,0,2,False,benjyfishy,Team Heretics,deadlock,True,100,25,0,0,0,6,False,Wo0t,Team Heretics,chamber,False,,50,0,0,0,4,False,grubinho,GIANTX,omen,True,87,24,1,0,1,3,False,ara,GIANTX,raze,True,20,50,0,0,0,7,False,Cloud,GIANTX,fade,True,100,50,0,0,0,6,False,Flickless,GIANTX,viper,True,100,50,1,0,0,0,False,westside,GIANTX,cypher,True,100,50,0,0,0,2,False
1089.121,4664,ACTIVE_ROUND,9,3,5,,2.803,,MiniBoo,Team Heretics,raze,True,100,25,0,2,0,7,False,RieNs,Team Heretics,fade,False,,25,0,0,0,2,False,Boo,Team Heretics,omen,False,,25,0,0,0,2,False,benjyfishy,Team Heretics,deadlock,True,100,25,0,0,1,6,False,Wo0t,Team Heretics,chamber,False,,50,0,0,0,4,False,grubinho,GIANTX,omen,True,87,24,1,0,1,3,False,ara,GIANTX,raze,True,20,50,0,0,0,7,False,Cloud,GIANTX,fade,True,100,50,0,0,1,6,False,Flickless,GIANTX,viper,True,100,50,1,0,0,0,False,westside,GIANTX,cypher,True,100,50,0,0,0,2,False
1089.355,4665,ACTIVE_ROUND,9,3,5,,3.036,,MiniBoo,Team Heretics,raze,True,100,25,0,2,0,7,False,RieNs,Team Heretics,fade,False,,25,0,0,0,2,False,Boo,Team Heretics,omen,False,,25,0,0,0,2,False,benjyfishy,Team Heretics,deadlock,True,100,25,0,0,1,6,False,Wo0t,Team Heretics,chamber,False,,50,0,0,0,4,False,grubinho,GIANTX,omen,True,87,24,1,0,1,3,False,ara,GIANTX,raze,True,20,50,0,0,0,7,False,Cloud,GIANTX,fade,True,100,50,0,0,1,6,False,Flickless,GIANTX,viper,True,100,50,1,0,0,0,False,westside,GIANTX,cypher,True,100,50,0,0,0,2,False
1089.589,4666,ACTIVE_ROUND,9,3,5,,3.270,,MiniBoo,Team Heretics,raze,True,100,25,0,2,0,7,False,RieNs,Team Heretics,fade,False,,25,0,0,0,2,False,Boo,Team Heretics,omen,False,,25,0,0,0,2,False,benjyfishy,Team Heretics,deadlock,True,100,25,0,0,1,6,False,Wo0t,Team Heretics,chamber,False,,50,0,0,0,4,False,grubinho,GIANTX,omen,True,87,24,1,0,1,3,False,ara,GIANTX,raze,True,20,50,0,0,0,7,False,Cloud,GIANTX,fade,True,100,50,0,0,1,6,False,Flickless,GIANTX,viper,True,100,50,1,0,0,0,False,westside,GIANTX,cypher,True,100,50,0,0,0,2,False
1089.822,4667,ACTIVE_ROUND,9,3,5,,3.504,,MiniBoo,Team Heretics,raze,True,100,25,0,2,0,7,False,RieNs,Team Heretics,fade,False,,25,0,0,0,2,False,Boo,Team Heretics,omen,False,,25,0,0,0,2,False,benjyfishy,Team Heretics,deadlock,True,100,25,0,0,1,6,False,Wo0t,Team Heretics,chamber,False,,50,0,0,0,4,False,grubinho,GIANTX,omen,True,87,24,1,0,1,3,False,ara,GIANTX,raze,True,20,50,0,0,0,7,False,Cloud,GIANTX,fade,True,100,50,0,0,1,6,False,Flickless,GIANTX,viper,True,100,50,1,0,0,0,False,westside,GIANTX,cypher,True,100,50,0,0,0,2,False
1090.056,4668,ACTIVE_ROUND,9,3,5,,3.737,,MiniBoo,Team Heretics,raze,True,100,25,0,2,0,7,False,RieNs,Team Heretics,fade,False,,25,0,0,0,2,False,Boo,Team Heretics,omen,False,,25,0,0,0,2,False,benjyfishy,Team Heretics,deadlock,True,100,25,0,0,1,6,False,Wo0t,Team Heretics,chamber,False,,50,0,0,0,4,False,grubinho,GIANTX,omen,True,87,24,1,0,1,3,False,ara,GIANTX,raze,True,20,50,0,0,0,7,False,Cloud,GIANTX,fade,True,100,50,0,0,1,6,False,Flickless,GIANTX,viper,True,100,50,1,0,0,0,False,westside,GIANTX,cypher,True,100,50,0,0,0,2,False
1090.289,4669,ACTIVE_ROUND,9,3,5,,3.971,,MiniBoo,Team Heretics,raze,True,100,25,0,2,0,7,False,RieNs,Team Heretics,fade,False,,25,0,0,0,2,False,Boo,Team Heretics,omen,False,,25,0,0,0,2,False,benjyfishy,Team Heretics,deadlock,True,100,25,0,0,1,6,False,Wo0t,Team Heretics,chamber,False,,50,0,0,0,4,False,grubinho,GIANTX,omen,True,87,24,1,0,1,3,False,ara,GIANTX,raze,True,20,50,0,0,0,7,False,Cloud,GIANTX,fade,True,100,50,0,0,1,6,False,Flickless,GIANTX,viper,True,100,50,1,0,0,0,False,westside,GIANTX,cypher,True,100,50,0,0,0,2,False
1090.523,4670,ACTIVE_ROUND,9,3,5,,4.204,,MiniBoo,Team Heretics,raze,True,100,25,0,2,0,7,False,RieNs,Team Heretics,fade,False,,25,0,0,0,2,False,Boo,Team Heretics,omen,False,,25,0,0,0,2,False,benjyfishy,Team Heretics,deadlock,True,100,25,0,0,1,6,False,Wo0t,Team Heretics,chamber,False,,50,0,0,0,4,False,grubinho,GIANTX,omen,True,87,24,1,0,1,3,False,ara,GIANTX,raze,True,20,50,0,0,0,7,False,Cloud,GIANTX,fade,True,100,50,0,0,1,6,False,Flickless,GIANTX,viper,True,100,50,1,0,0,0,False,westside,GIANTX,cypher,True,100,50,0,0,0,2,False
1090.756,4671,ACTIVE_ROUND,9,3,5,,4.438,,MiniBoo,Team Heretics,raze,True,100,25,0,2,0,7,False,RieNs,Team Heretics,fade,False,,25,0,0,0,2,False,Boo,Team Heretics,omen,False,,25,0,0,0,2,False,benjyfishy,Team Heretics,deadlock,True,100,25,0,0,1,6,False,Wo0t,Team Heretics,chamber,False,,50,0,0,0,4,False,grubinho,GIANTX,omen,True,87,24,1,0,1,3,False,ara,GIANTX,raze,True,20,50,0,0,0,7,False,Cloud,GIANTX,fade,True,100,50,0,0,1,6,False,Flickless,GIANTX,viper,True,100,50,1,0,0,0,False,westside,GIANTX,cypher,True,100,50,0,0,0,2,False
1090.990,4672,ACTIVE_ROUND,9,3,5,,4.671,,MiniBoo,Team Heretics,raze,True,100,25,0,2,0,7,False,RieNs,Team Heretics,fade,False,,25,0,0,0,2,False,Boo,Team Heretics,omen,False,,25,0,0,0,2,False,benjyfishy,Team Heretics,deadlock,True,100,25,0,0,1,6,False,Wo0t,Team Heretics,chamber,False,,50,0,0,0,4,False,grubinho,GIANTX,omen,True,87,24,1,0,1,3,False,ara,GIANTX,raze,True,20,50,0,0,0,7,False,Cloud,GIANTX,fade,True,100,50,0,0,1,6,False,Flickless,GIANTX,viper,True,100,50,1,0,0,0,False,westside,GIANTX,cypher,True,100,50,0,0,0,2,False
1091.223,4673,ACTIVE_ROUND,9,3,5,,4.905,,MiniBoo,Team Heretics,raze,True,100,25,0,2,0,7,False,RieNs,Team Heretics,fade,False,,25,0,0,0,2,False,Boo,Team Heretics,omen,False,,25,0,0,0,2,False,benjyfishy,Team Heretics,deadlock,True,100,25,0,0,1,6,False,Wo0t,Team Heretics,chamber,False,,50,0,0,0,4,False,grubinho,GIANTX,omen,True,87,24,1,0,1,3,False,ara,GIANTX,raze,True,20,50,0,0,0,7,False,Cloud,GIANTX,fade,True,100,50,0,0,1,6,False,Flickless,GIANTX,viper,True,100,50,1,0,0,0,False,westside,GIANTX,cypher,True,100,50,0,0,0,2,False
1091.457,4674,ACTIVE_ROUND,9,3,5,,5.138,,MiniBoo,Team Heretics,raze,True,100,25,0,2,0,7,False,RieNs,Team Heretics,fade,False,,25,0,0,0,2,False,Boo,Team Heretics,omen,False,,25,0,0,0,2,False,benjyfishy,Team Heretics,deadlock,True,100,25,0,0,1,6,False,Wo0t,Team Heretics,chamber,False,,50,0,0,0,4,False,grubinho,GIANTX,omen,True,87,24,1,0,1,3,False,ara,GIANTX,raze,True,20,50,0,0,0,7,False,Cloud,GIANTX,fade,True,100,50,0,0,1,6,False,Flickless,GIANTX,viper,True,100,50,1,0,0,0,False,westside,GIANTX,cypher,True,100,50,0,0,0,2,False
1091.691,4675,ACTIVE_ROUND,9,3,5,,5.372,,MiniBoo,Team Heretics,raze,True,100,25,0,2,0,7,False,RieNs,Team Heretics,fade,False,,25,0,0,0,2,False,Boo,Team Heretics,omen,False,,25,0,0,0,2,False,benjyfishy,Team Heretics,deadlock,True,100,25,0,0,1,6,False,Wo0t,Team Heretics,chamber,False,,50,0,0,0,4,False,grubinho,GIANTX,omen,True,87,24,1,0,1,3,False,ara,GIANTX,raze,True,20,50,0,0,0,7,False,Cloud,GIANTX,fade,True,100,50,0,0,1,6,False,Flickless,GIANTX,viper,True,100,50,1,0,0,0,False,westside,GIANTX,cypher,True,100,50,0,0,0,2,False
1091.924,4676,ACTIVE_ROUND,9,3,5,,5.606,,MiniBoo,Team Heretics,raze,True,100,25,0,2,0,7,False,RieNs,Team Heretics,fade,False,,25,0,0,0,2,False,Boo,Team Heretics,omen,False,,25,0,0,0,2,False,benjyfishy,Team Heretics,deadlock,True,100,25,0,0,1,6,False,Wo0t,Team Heretics,chamber,False,,50,0,0,0,4,False,grubinho,GIANTX,omen,True,87,24,1,0,1,3,False,ara,GIANTX,raze,True,20,50,0,0,0,7,False,Cloud,GIANTX,fade,True,100,50,0,0,1,6,False,Flickless,GIANTX,viper,True,100,50,1,0,0,0,False,westside,GIANTX,cypher,True,100,50,0,0,0,2,False
1092.158,4677,ACTIVE_ROUND,9,3,5,,5.839,,MiniBoo,Team Heretics,raze,True,100,25,0,2,0,7,False,RieNs,Team Heretics,fade,False,,25,0,0,0,2,False,Boo,Team Heretics,omen,False,,25,0,0,0,2,False,benjyfishy,Team Heretics,deadlock,True,100,25,0,0,1,6,False,Wo0t,Team Heretics,chamber,False,,50,0,0,0,4,False,grubinho,GIANTX,omen,True,87,24,1,0,1,3,False,ara,GIANTX,raze,True,20,50,0,0,0,7,False,Cloud,GIANTX,fade,True,100,50,0,0,1,6,False,Flickless,GIANTX,viper,True,100,50,1,0,0,0,False,westside,GIANTX,cypher,True,100,50,0,0,0,2,False
1092.391,4678,ACTIVE_ROUND,9,3,5,,6.073,,MiniBoo,Team Heretics,raze,True,100,25,0,2,0,7,False,RieNs,Team Heretics,fade,False,,25,0,0,0,2,False,Boo,Team Heretics,omen,False,,25,0,0,0,2,False,benjyfishy,Team Heretics,deadlock,True,100,25,0,0,1,6,False,Wo0t,Team Heretics,chamber,False,,50,0,0,0,4,False,grubinho,GIANTX,omen,True,87,24,1,0,1,3,False,ara,GIANTX,raze,True,20,50,0,0,0,7,False,Cloud,GIANTX,fade,True,100,50,0,0,1,6,False,Flickless,GIANTX,viper,True,100,50,1,0,0,0,False,westside,GIANTX,cypher,True,100,50,0,0,0,2,False
1092.625,4679,ACTIVE_ROUND,9,3,5,,6.306,,MiniBoo,Team Heretics,raze,True,100,25,0,2,0,7,False,RieNs,Team Heretics,fade,False,,25,0,0,0,2,False,Boo,Team Heretics,omen,False,,25,0,0,0,2,False,benjyfishy,Team Heretics,deadlock,True,100,25,0,0,1,6,False,Wo0t,Team Heretics,chamber,False,,50,0,0,0,4,False,grubinho,GIANTX,omen,True,87,24,1,0,1,3,False,ara,GIANTX,raze,True,20,50,0,0,0,7,False,Cloud,GIANTX,fade,True,100,50,0,0,1,6,False,Flickless,GIANTX,viper,True,100,50,1,0,0,0,False,westside,GIANTX,cypher,True,100,50,0,0,0,2,False
1092.858,4680,ACTIVE_ROUND,9,3,5,,6.540,,MiniBoo,Team Heretics,raze,True,100,25,0,2,0,7,False,RieNs,Team Heretics,fade,False,,25,0,0,0,2,False,Boo,Team Heretics,omen,False,,25,0,0,0,2,False,benjyfishy,Team Heretics,deadlock,True,100,25,0,0,1,6,False,Wo0t,Team Heretics,chamber,False,,50,0,0,0,4,False,grubinho,GIANTX,omen,True,87,24,1,0,1,3,False,ara,GIANTX,raze,True,20,50,0,0,0,7,False,Cloud,GIANTX,fade,True,100,50,0,0,1,6,False,Flickless,GIANTX,viper,True,100,50,1,0,0,0,False,westside,GIANTX,cypher,True,100,50,0,0,0,2,False
1093.092,4681,ACTIVE_ROUND,9,3,5,,6.773,,MiniBoo,Team Heretics,raze,True,100,25,0,2,0,7,False,RieNs,Team Heretics,fade,False,,25,0,0,0,2,False,Boo,Team Heretics,omen,False,,25,0,0,0,2,False,benjyfishy,Team Heretics,deadlock,True,100,25,0,0,1,7,True,Wo0t,Team Heretics,chamber,False,,50,0,0,0,4,False,grubinho,GIANTX,omen,True,87,24,1,0,1,3,False,ara,GIANTX,raze,True,20,50,0,0,0,7,True,Cloud,GIANTX,fade,True,100,50,0,0,1,6,False,Flickless,GIANTX,viper,True,100,50,1,0,0,0,False,westside,GIANTX,cypher,True,100,50,0,0,0,2,False
1093.326,4682,ACTIVE_ROUND,9,3,5,,7.007,,MiniBoo,Team Heretics,raze,True,100,25,0,2,0,7,False,RieNs,Team Heretics,fade,False,,25,0,0,0,2,False,Boo,Team Heretics,omen,False,,25,0,0,0,2,False,benjyfishy,Team Heretics,deadlock,True,100,25,0,0,1,7,True,Wo0t,Team Heretics,chamber,False,,50,0,0,0,4,False,grubinho,GIANTX,omen,True,87,24,1,0,1,3,False,ara,GIANTX,raze,False,,50,0,0,0,7,True,Cloud,GIANTX,fade,True,100,50,0,0,1,6,False,Flickless,GIANTX,viper,True,100,50,1,0,0,0,False,westside,GIANTX,cypher,True,100,50,0,0,0,2,False
1093.559,4683,ACTIVE_ROUND,9,3,5,,7.241,,MiniBoo,Team Heretics,raze,True,100,25,0,2,0,7,False,RieNs,Team Heretics,fade,False,,25,0,0,0,2,False,Boo,Team Heretics,omen,False,,25,0,0,0,2,False,benjyfishy,Team Heretics,deadlock,True,100,25,0,0,1,7,True,Wo0t,Team Heretics,chamber,False,,50,0,0,0,4,False,grubinho,GIANTX,omen,True,87,24,1,0,1,3,False,ara,GIANTX,raze,False,,50,0,0,0,7,True,Cloud,GIANTX,fade,True,100,50,0,0,1,6,False,Flickless,GIANTX,viper,True,100,50,1,0,0,0,False,westside,GIANTX,cypher,True,100,50,0,0,0,2,False
1093.793,4684,ACTIVE_ROUND,9,3,5,,7.474,,MiniBoo,Team Heretics,raze,True,100,25,0,2,0,7,False,RieNs,Team Heretics,fade,False,,25,0,0,0,2,False,Boo,Team Heretics,omen,False,,25,0,0,0,2,False,benjyfishy,Team Heretics,deadlock,True,100,25,0,0,1,7,True,Wo0t,Team Heretics,chamber,False,,50,0,0,0,4,False,grubinho,GIANTX,omen,True,87,24,1,0,1,3,False,ara,GIANTX,raze,False,,50,0,0,0,7,True,Cloud,GIANTX,fade,True,100,50,0,0,1,6,False,Flickless,GIANTX,viper,True,100,50,1,0,0,0,False,westside,GIANTX,cypher,True,100,50,0,0,0,2,False
1094.026,4685,ACTIVE_ROUND,9,3,5,,7.708,,MiniBoo,Team Heretics,raze,True,100,25,0,3,0,7,False,RieNs,Team Heretics,fade,False,,25,0,0,0,2,False,Boo,Team Heretics,omen,False,,25,0,0,0,2,False,benjyfishy,Team Heretics,deadlock,True,100,25,0,0,1,7,True,Wo0t,Team Heretics,chamber,False,,50,0,0,0,4,False,grubinho,GIANTX,omen,True,87,24,1,0,1,3,False,ara,GIANTX,raze,False,,50,0,0,0,7,True,Cloud,GIANTX,fade,True,100,50,0,0,1,6,False,Flickless,GIANTX,viper,True,100,50,1,0,0,0,False,westside,GIANTX,cypher,True,100,50,0,0,0,2,False
1094.260,4686,ACTIVE_ROUND,9,3,5,,7.941,,MiniBoo,Team Heretics,raze,False,,25,0,3,0,7,True,RieNs,Team Heretics,fade,False,,25,0,0,0,2,False,Boo,Team Heretics,omen,False,,25,0,0,0,2,False,benjyfishy,Team Heretics,deadlock,True,100,25,0,0,1,7,True,Wo0t,Team Heretics,chamber,False,,50,0,0,0,4,False,grubinho,GIANTX,omen,True,87,24,1,0,1,3,False,ara,GIANTX,raze,False,,50,0,0,0,7,True,Cloud,GIANTX,fade,True,84,17,0,0,1,7,False,Flickless,GIANTX,viper,True,100,50,1,0,0,0,False,westside,GIANTX,cypher,True,100,50,0,0,0,2,False
1094.493,4687,ACTIVE_ROUND,9,3,5,,8.175,,MiniBoo,Team Heretics,raze,False,,25,0,3,0,7,True,RieNs,Team Heretics,fade,False,,25,0,0,0,2,False,Boo,Team Heretics,omen,False,,25,0,0,0,2,False,benjyfishy,Team Heretics,deadlock,True,100,25,0,0,1,7,True,Wo0t,Team Heretics,chamber,False,,50,0,0,0,4,False,grubinho,GIANTX,omen,True,87,24,1,0,1,3,False,ara,GIANTX,raze,False,,50,0,0,0,7,True,Cloud,GIANTX,fade,True,84,17,0,0,1,7,False,Flickless,GIANTX,viper,True,100,50,1,0,0,0,False,westside,GIANTX,cypher,True,100,50,0,0,0,2,False
1094.727,4688,ACTIVE_ROUND,9,3,5,,8.408,,MiniBoo,Team Heretics,raze,False,,25,0,3,0,7,True,RieNs,Team Heretics,fade,False,,25,0,0,0,2,False,Boo,Team Heretics,omen,False,,25,0,0,0,2,False,benjyfishy,Team Heretics,deadlock,True,100,25,0,0,1,7,True,Wo0t,Team Heretics,chamber,False,,50,0,0,0,4,False,grubinho,GIANTX,omen,True,87,24,1,0,1,3,False,ara,GIANTX,raze,False,,50,0,0,0,7,True,Cloud,GIANTX,fade,True,84,17,0,0,1,7,False,Flickless,GIANTX,viper,True,100,50,1,0,0,0,False,westside,GIANTX,cypher,True,100,50,0,0,0,2,False
1094.961,4689,ACTIVE_ROUND,9,3,5,,8.642,,MiniBoo,Team Heretics,raze,False,,25,0,3,0,7,True,RieNs,Team Heretics,fade,False,,25,0,0,0,2,False,Boo,Team Heretics,omen,False,,25,0,0,0,2,False,benjyfishy,Team Heretics,deadlock,True,100,25,0,0,1,7,True,Wo0t,Team Heretics,chamber,False,,50,0,0,0,4,False,grubinho,GIANTX,omen,True,87,24,1,0,1,3,False,ara,GIANTX,raze,False,,50,0,0,0,7,True,Cloud,GIANTX,fade,True,84,17,0,0,1,7,False,Flickless,GIANTX,viper,True,100,50,1,0,0,0,False,westside,GIANTX,cypher,True,100,50,0,0,0,2,False
1095.194,4690,ACTIVE_ROUND,9,3,5,,8.876,,MiniBoo,Team Heretics,raze,False,,25,0,3,0,7,True,RieNs,Team Heretics,fade,False,,25,0,0,0,2,False,Boo,Team Heretics,omen,False,,25,0,0,0,2,False,benjyfishy,Team Heretics,deadlock,True,100,25,0,0,1,7,True,Wo0t,Team Heretics,chamber,False,,50,0,0,0,4,False,grubinho,GIANTX,omen,True,87,24,1,0,1,3,False,ara,GIANTX,raze,False,,50,0,0,0,7,True,Cloud,GIANTX,fade,True,84,17,0,0,1,7,False,Flickless,GIANTX,viper,True,100,50,1,0,0,0,False,westside,GIANTX,cypher,True,100,50,0,0,1,2,False
1095.428,4691,ACTIVE_ROUND,9,3,5,,9.109,,MiniBoo,Team Heretics,raze,False,,25,0,3,0,7,True,RieNs,Team Heretics,fade,False,,25,0,0,0,2,False,Boo,Team Heretics,omen,False,,25,0,0,0,2,False,benjyfishy,Team Heretics,deadlock,True,100,25,0,0,1,7,True,Wo0t,Team Heretics,chamber,False,,50,0,0,0,4,False,grubinho,GIANTX,omen,True,87,24,1,0,1,3,False,ara,GIANTX,raze,False,,50,0,0,0,7,True,Cloud,GIANTX,fade,True,84,17,0,0,1,7,False,Flickless,GIANTX,viper,True,100,50,1,0,0,0,False,westside,GIANTX,cypher,True,100,50,0,0,1,2,False
1095.661,4692,ACTIVE_ROUND,9,3,5,,9.343,,MiniBoo,Team Heretics,raze,False,,25,0,3,0,7,True,RieNs,Team Heretics,fade,False,,25,0,0,0,2,False,Boo,Team Heretics,omen,False,,25,0,0,0,2,False,benjyfishy,Team Heretics,deadlock,True,100,25,0,0,1,7,True,Wo0t,Team Heretics,chamber,False,,50,0,0,0,4,False,grubinho,GIANTX,omen,True,87,24,1,0,1,3,False,ara,GIANTX,raze,False,,50,0,0,0,7,True,Cloud,GIANTX,fade,True,84,17,0,0,1,7,False,Flickless,GIANTX,viper,True,100,50,1,0,0,0,False,westside,GIANTX,cypher,True,100,50,0,0,1,2,False
1095.895,4693,ACTIVE_ROUND,9,3,5,,9.576,,MiniBoo,Team Heretics,raze,False,,25,0,3,0,7,True,RieNs,Team Heretics,fade,False,,25,0,0,0,2,False,Boo,Team Heretics,omen,False,,25,0,0,0,2,False,benjyfishy,Team Heretics,deadlock,True,100,25,0,0,1,7,True,Wo0t,Team Heretics,chamber,False,,50,0,0,0,4,False,grubinho,GIANTX,omen,True,87,24,1,0,1,3,False,ara,GIANTX,raze,False,,50,0,0,0,7,True,Cloud,GIANTX,fade,True,84,17,0,0,1,7,False,Flickless,GIANTX,viper,True,100,50,1,0,0,0,False,westside,GIANTX,cypher,True,100,50,0,0,1,2,False
1096.128,4694,ACTIVE_ROUND,9,3,5,,9.810,,MiniBoo,Team Heretics,raze,False,,25,0,3,0,7,True,RieNs,Team Heretics,fade,False,,25,0,0,0,2,False,Boo,Team Heretics,omen,False,,25,0,0,0,2,False,benjyfishy,Team Heretics,deadlock,True,100,25,0,0,1,7,True,Wo0t,Team Heretics,chamber,False,,50,0,0,0,4,False,grubinho,GIANTX,omen,True,87,24,1,0,1,3,False,ara,GIANTX,raze,False,,50,0,0,0,7,True,Cloud,GIANTX,fade,True,84,17,0,0,1,7,False,Flickless,GIANTX,viper,True,100,50,1,0,0,0,False,westside,GIANTX,cypher,True,100,50,0,0,1,2,False
1096.362,4695,ACTIVE_ROUND,9,3,5,,10.043,,MiniBoo,Team Heretics,raze,False,,25,0,3,0,7,True,RieNs,Team Heretics,fade,False,,25,0,0,0,2,False,Boo,Team Heretics,omen,False,,25,0,0,0,2,False,benjyfishy,Team Heretics,deadlock,True,100,25,0,0,1,7,True,Wo0t,Team Heretics,chamber,False,,50,0,0,0,4,False,grubinho,GIANTX,omen,True,87,24,1,0,1,3,False,ara,GIANTX,raze,False,,50,0,0,0,7,True,Cloud,GIANTX,fade,True,84,17,0,0,1,7,False,Flickless,GIANTX,viper,True,100,50,1,0,0,0,False,westside,GIANTX,cypher,True,100,50,0,0,1,2,False
1096.596,4696,ACTIVE_ROUND,9,3,5,,10.277,,MiniBoo,Team Heretics,raze,False,,25,0,3,0,7,True,RieNs,Team Heretics,fade,False,,25,0,0,0,2,False,Boo,Team Heretics,omen,False,,25,0,0,0,2,False,benjyfishy,Team Heretics,deadlock,True,100,25,0,0,1,7,True,Wo0t,Team Heretics,chamber,False,,50,0,0,0,4,False,grubinho,GIANTX,omen,True,87,24,1,0,1,3,False,ara,GIANTX,raze,False,,50,0,0,0,7,True,Cloud,GIANTX,fade,True,84,17,0,0,1,7,False,Flickless,GIANTX,viper,True,100,50,1,0,0,0,False,westside,GIANTX,cypher,True,100,50,0,0,1,2,False
1096.829,4697,ACTIVE_ROUND,9,3,5,,10.511,,MiniBoo,Team Heretics,raze,False,,25,0,3,0,7,True,RieNs,Team Heretics,fade,False,,25,0,0,0,2,False,Boo,Team Heretics,omen,False,,25,0,0,0,2,False,benjyfishy,Team Heretics,deadlock,True,100,25,0,0,1,7,True,Wo0t,Team Heretics,chamber,False,,50,0,0,0,4,False,grubinho,GIANTX,omen,True,87,24,1,0,1,3,False,ara,GIANTX,raze,False,,50,0,0,0,7,True,Cloud,GIANTX,fade,True,84,17,0,0,1,7,False,Flickless,GIANTX,viper,True,100,50,1,0,0,0,False,westside,GIANTX,cypher,True,100,50,0,0,1,2,False
1097.063,4698,ACTIVE_ROUND,9,3,5,,10.744,,MiniBoo,Team Heretics,raze,False,,25,0,3,0,7,True,RieNs,Team Heretics,fade,False,,25,0,0,0,2,False,Boo,Team Heretics,omen,False,,25,0,0,0,2,False,benjyfishy,Team Heretics,deadlock,True,100,25,0,0,1,7,True,Wo0t,Team Heretics,chamber,False,,50,0,0,0,4,False,grubinho,GIANTX,omen,True,87,24,1,0,1,3,False,ara,GIANTX,raze,False,,50,0,0,0,7,True,Cloud,GIANTX,fade,True,84,17,0,0,1,7,False,Flickless,GIANTX,viper,True,100,50,1,0,0,0,False,westside,GIANTX,cypher,True,100,50,0,0,1,2,False
1097.296,4699,POST_ROUND,9,3,6,,,0.000,MiniBoo,Team Heretics,raze,False,,25,0,3,0,7,True,RieNs,Team Heretics,fade,False,,25,0,0,0,2,False,Boo,Team Heretics,omen,False,,25,0,0,0,2,False,benjyfishy,Team Heretics,deadlock,True,100,25,0,0,0,7,True,Wo0t,Team Heretics,chamber,False,,50,0,0,0,4,False,grubinho,GIANTX,omen,True,87,24,1,0,1,3,False,ara,GIANTX,raze,False,,50,0,0,0,7,True,Cloud,GIANTX,fade,True,84,17,0,0,1,7,False,Flickless,GIANTX,viper,True,100,50,1,0,0,0,False,westside,GIANTX,cypher,True,100,50,0,0,1,3,False
1097.530,4700,POST_ROUND,9,3,6,,,0.234,MiniBoo,Team Heretics,raze,False,,25,0,3,0,7,True,RieNs,Team Heretics,fade,False,,25,0,0,0,2,False,Boo,Team Heretics,omen,False,,25,0,0,0,2,False,benjyfishy,Team Heretics,deadlock,False,,25,0,0,0,7,True,Wo0t,Team Heretics,chamber,False,,50,0,0,0,4,False,grubinho,GIANTX,omen,True,87,24,1,0,1,3,False,ara,GIANTX,raze,False,,50,0,0,0,7,True,Cloud,GIANTX,fade,True,84,17,0,0,1,7,False,Flickless,GIANTX,viper,True,100,50,1,0,0,0,False,westside,GIANTX,cypher,True,100,50,0,0,1,3,False
1097.763,4701,POST_ROUND,9,3,6,,,0.467,MiniBoo,Team Heretics,raze,False,,25,0,3,0,7,True,RieNs,Team Heretics,fade,False,,25,0,0,0,2,False,Boo,Team Heretics,omen,False,,25,0,0,0,2,False,benjyfishy,Team Heretics,deadlock,False,,25,0,0,0,7,True,Wo0t,Team Heretics,chamber,False,,50,0,0,0,4,False,grubinho,GIANTX,omen,True,87,24,1,0,1,3,False,ara,GIANTX,raze,False,,50,0,0,0,7,True,Cloud,GIANTX,fade,True,84,17,0,0,1,7,False,Flickless,GIANTX,viper,True,100,50,1,0,0,0,False,westside,GIANTX,cypher,True,100,50,0,0,1,3,False
1097.997,4702,POST_ROUND,9,3,6,,,0.701,MiniBoo,Team Heretics,raze,False,,25,0,3,0,7,True,RieNs,Team Heretics,fade,False,,25,0,0,0,2,False,Boo,Team Heretics,omen,False,,25,0,0,0,2,False,benjyfishy,Team Heretics,deadlock,False,,25,0,0,0,7,True,Wo0t,Team Heretics,chamber,False,,50,0,0,0,4,False,grubinho,GIANTX,omen,True,87,24,1,0,1,3,False,ara,GIANTX,raze,False,,50,0,0,0,7,True,Cloud,GIANTX,fade,True,84,17,0,0,1,7,False,Flickless,GIANTX,viper,True,100,50,1,0,0,0,False,westside,GIANTX,cypher,True,100,50,0,0,1,3,False
1098.230,4703,POST_ROUND,9,3,6,,,0.934,MiniBoo,Team Heretics,raze,False,,25,0,3,0,7,True,RieNs,Team Heretics,fade,False,,25,0,0,0,2,False,Boo,Team Heretics,omen,False,,25,0,0,0,2,False,benjyfishy,Team Heretics,deadlock,False,,25,0,0,0,7,True,Wo0t,Team Heretics,chamber,False,,50,0,0,0,4,False,grubinho,GIANTX,omen,True,87,24,1,0,1,3,False,ara,GIANTX,raze,False,,50,0,0,0,7,True,Cloud,GIANTX,fade,True,84,17,0,0,1,7,False,Flickless,GIANTX,viper,True,100,50,1,0,0,0,False,westside,GIANTX,cypher,True,100,50,0,0,1,3,False
1098.464,4704,POST_ROUND,9,3,6,,,1.168,MiniBoo,Team Heretics,raze,False,,25,0,3,0,7,True,RieNs,Team Heretics,fade,False,,25,0,0,0,2,False,Boo,Team Heretics,omen,False,,25,0,0,0,2,False,benjyfishy,Team Heretics,deadlock,False,,25,0,0,0,7,True,Wo0t,Team Heretics,chamber,False,,50,0,0,0,4,False,grubinho,GIANTX,omen,True,87,24,1,0,1,3,False,ara,GIANTX,raze,False,,50,0,0,0,7,True,Cloud,GIANTX,fade,True,84,17,0,0,1,7,False,Flickless,GIANTX,viper,True,100,50,1,0,0,0,False,westside,GIANTX,cypher,True,100,50,0,0,1,3,False
1098.698,4705,POST_ROUND,9,3,6,,,1.401,MiniBoo,Team Heretics,raze,False,,25,0,3,0,7,True,RieNs,Team Heretics,fade,False,,25,0,0,0,2,False,Boo,Team Heretics,omen,False,,25,0,0,0,2,False,benjyfishy,Team Heretics,deadlock,False,,25,0,0,0,7,True,Wo0t,Team Heretics,chamber,False,,50,0,0,0,4,False,grubinho,GIANTX,omen,True,87,24,1,0,1,3,False,ara,GIANTX,raze,False,,50,0,0,0,7,True,Cloud,GIANTX,fade,True,84,17,0,0,1,7,False,Flickless,GIANTX,viper,True,100,50,1,0,0,0,False,westside,GIANTX,cypher,True,100,50,0,0,1,3,False
1098.931,4706,POST_ROUND,9,3,6,,,1.635,MiniBoo,Team Heretics,raze,False,,25,0,3,0,7,True,RieNs,Team Heretics,fade,False,,25,0,0,0,2,False,Boo,Team Heretics,omen,False,,25,0,0,0,2,False,benjyfishy,Team Heretics,deadlock,False,,25,0,0,0,7,True,Wo0t,Team Heretics,chamber,False,,50,0,0,0,4,False,grubinho,GIANTX,omen,True,87,24,1,0,1,3,False,ara,GIANTX,raze,False,,50,0,0,0,7,True,Cloud,GIANTX,fade,True,84,17,0,0,1,7,False,Flickless,GIANTX,viper,True,100,50,1,0,0,0,False,westside,GIANTX,cypher,True,100,50,0,0,1,3,False
1099.165,4707,POST_ROUND,9,3,6,,,1.869,MiniBoo,Team Heretics,raze,False,,25,0,3,0,7,True,RieNs,Team Heretics,fade,False,,25,0,0,0,2,False,Boo,Team Heretics,omen,False,,25,0,0,0,2,False,benjyfishy,Team Heretics,deadlock,False,,25,0,0,0,7,True,Wo0t,Team Heretics,chamber,False,,50,0,0,0,4,False,grubinho,GIANTX,omen,True,87,24,1,0,1,3,False,ara,GIANTX,raze,False,,50,0,0,0,7,True,Cloud,GIANTX,fade,True,84,17,0,0,1,7,False,Flickless,GIANTX,viper,True,100,50,1,0,0,0,False,westside,GIANTX,cypher,True,100,50,0,0,1,3,False
1099.398,4708,POST_ROUND,9,3,6,,,2.102,MiniBoo,Team Heretics,raze,False,,25,0,3,0,7,True,RieNs,Team Heretics,fade,False,,25,0,0,0,2,False,Boo,Team Heretics,omen,False,,25,0,0,0,2,False,benjyfishy,Team Heretics,deadlock,False,,25,0,0,0,7,True,Wo0t,Team Heretics,chamber,False,,50,0,0,0,4,False,grubinho,GIANTX,omen,True,87,24,1,0,1,3,False,ara,GIANTX,raze,False,,50,0,0,0,7,True,Cloud,GIANTX,fade,True,84,17,0,0,1,7,False,Flickless,GIANTX,viper,True,100,50,1,0,0,0,False,westside,GIANTX,cypher,True,100,50,0,0,1,3,False
1099.632,4709,POST_ROUND,9,3,6,,,2.336,MiniBoo,Team Heretics,raze,False,,25,0,3,0,7,True,RieNs,Team Heretics,fade,False,,25,0,0,0,2,False,Boo,Team Heretics,omen,False,,25,0,0,0,2,False,benjyfishy,Team Heretics,deadlock,False,,25,0,0,0,7,True,Wo0t,Team Heretics,chamber,False,,50,0,0,0,4,False,grubinho,GIANTX,omen,True,87,24,1,0,1,3,False,ara,GIANTX,raze,False,,50,0,0,0,7,True,Cloud,GIANTX,fade,True,84,17,0,0,1,7,False,Flickless,GIANTX,viper,True,100,50,1,0,0,0,False,westside,GIANTX,cypher,True,100,50,0,0,1,3,False
1099.865,4710,POST_ROUND,9,3,6,,,2.569,MiniBoo,Team Heretics,raze,False,,25,0,3,0,7,True,RieNs,Team Heretics,fade,False,,25,0,0,0,2,False,Boo,Team Heretics,omen,False,,25,0,0,0,2,False,benjyfishy,Team Heretics,deadlock,False,,25,0,0,0,7,True,Wo0t,Team Heretics,chamber,False,,50,0,0,0,4,False,grubinho,GIANTX,omen,True,87,24,1,0,1,3,False,ara,GIANTX,raze,False,,50,0,0,0,7,True,Cloud,GIANTX,fade,True,84,17,0,0,1,7,False,Flickless,GIANTX,viper,True,100,50,1,0,0,0,False,westside,GIANTX,cypher,True,100,50,0,0,1,3,False
1100.099,4711,POST_ROUND,9,3,6,,,2.803,MiniBoo,Team Heretics,raze,False,,25,0,3,0,7,True,RieNs,Team Heretics,fade,False,,25,0,0,0,2,False,Boo,Team Heretics,omen,False,,25,0,0,0,2,False,benjyfishy,Team Heretics,deadlock,False,,25,0,0,0,7,True,Wo0t,Team Heretics,chamber,False,,50,0,0,0,4,False,grubinho,GIANTX,omen,True,87,24,1,0,1,3,False,ara,GIANTX,raze,False,,50,0,0,0,7,True,Cloud,GIANTX,fade,True,84,17,0,0,1,7,False,Flickless,GIANTX,viper,True,100,50,1,0,0,0,False,westside,GIANTX,cypher,True,100,50,0,0,1,3,False
1100.333,4712,POST_ROUND,9,3,6,,,3.036,MiniBoo,Team Heretics,raze,False,,25,0,3,0,7,True,RieNs,Team Heretics,fade,False,,25,0,0,0,2,False,Boo,Team Heretics,omen,False,,25,0,0,0,2,False,benjyfishy,Team Heretics,deadlock,False,,25,0,0,0,7,True,Wo0t,Team Heretics,chamber,False,,50,0,0,0,4,False,grubinho,GIANTX,omen,True,87,24,1,0,1,3,False,ara,GIANTX,raze,False,,50,0,0,0,7,True,Cloud,GIANTX,fade,True,84,17,0,0,1,7,False,Flickless,GIANTX,viper,True,100,50,1,0,0,0,False,westside,GIANTX,cypher,True,100,50,0,0,1,3,False
1100.566,4713,POST_ROUND,9,3,6,,,3.270,MiniBoo,Team Heretics,raze,False,,25,0,3,0,7,True,RieNs,Team Heretics,fade,False,,25,0,0,0,2,False,Boo,Team Heretics,omen,False,,25,0,0,0,2,False,benjyfishy,Team Heretics,deadlock,False,,25,0,0,0,7,True,Wo0t,Team Heretics,chamber,False,,50,0,0,0,4,False,grubinho,GIANTX,omen,True,87,24,1,0,1,3,False,ara,GIANTX,raze,False,,50,0,0,0,7,True,Cloud,GIANTX,fade,True,84,17,0,0,1,7,False,Flickless,GIANTX,viper,True,100,50,1,0,0,0,False,westside,GIANTX,cypher,True,100,50,0,0,1,3,False
1100.800,4714,POST_ROUND,9,3,6,,,3.504,MiniBoo,Team Heretics,raze,False,,25,0,3,0,7,True,RieNs,Team Heretics,fade,False,,25,0,0,0,2,False,Boo,Team Heretics,omen,False,,25,0,0,0,2,False,benjyfishy,Team Heretics,deadlock,False,,25,0,0,0,7,True,Wo0t,Team Heretics,chamber,False,,50,0,0,0,4,False,grubinho,GIANTX,omen,True,87,24,1,0,1,3,False,ara,GIANTX,raze,False,,50,0,0,0,7,True,Cloud,GIANTX,fade,True,84,17,0,0,1,7,False,Flickless,GIANTX,viper,True,100,50,1,0,0,0,False,westside,GIANTX,cypher,True,100,50,0,0,1,3,False
1101.033,4715,POST_ROUND,9,3,6,,,3.737,MiniBoo,Team Heretics,raze,False,,25,0,3,0,7,True,RieNs,Team Heretics,fade,False,,25,0,0,0,2,False,Boo,Team Heretics,omen,False,,25,0,0,0,2,False,benjyfishy,Team Heretics,deadlock,False,,25,0,0,0,7,True,Wo0t,Team Heretics,chamber,False,,50,0,0,0,4,False,grubinho,GIANTX,omen,True,87,24,1,0,1,3,False,ara,GIANTX,raze,False,,50,0,0,0,7,True,Cloud,GIANTX,fade,True,84,17,0,0,1,7,False,Flickless,GIANTX,viper,True,100,50,1,0,0,0,False,westside,GIANTX,cypher,True,100,50,0,0,1,3,False
1101.267,4716,POST_ROUND,9,3,6,,,3.971,MiniBoo,Team Heretics,raze,False,,25,0,3,0,7,True,RieNs,Team Heretics,fade,False,,25,0,0,0,2,False,Boo,Team Heretics,omen,False,,25,0,0,0,2,False,benjyfishy,Team Heretics,deadlock,False,,25,0,0,0,7,True,Wo0t,Team Heretics,chamber,False,,50,0,0,0,4,False,grubinho,GIANTX,omen,True,87,24,1,0,1,3,False,ara,GIANTX,raze,False,,50,0,0,0,7,True,Cloud,GIANTX,fade,True,84,17,0,0,1,7,False,Flickless,GIANTX,viper,True,100,50,1,0,0,0,False,westside,GIANTX,cypher,True,100,50,0,0,1,3,False
1101.500,4717,POST_ROUND,9,3,6,,,4.204,MiniBoo,Team Heretics,raze,False,,25,0,3,0,7,True,RieNs,Team Heretics,fade,False,,25,0,0,0,2,False,Boo,Team Heretics,omen,False,,25,0,0,0,2,False,benjyfishy,Team Heretics,deadlock,False,,25,0,0,0,7,True,Wo0t,Team Heretics,chamber,False,,50,0,0,0,4,False,grubinho,GIANTX,omen,True,87,24,1,0,1,3,False,ara,GIANTX,raze,False,,50,0,0,0,7,True,Cloud,GIANTX,fade,True,84,17,0,0,1,7,False,Flickless,GIANTX,viper,True,100,50,1,0,0,0,False,westside,GIANTX,cypher,True,100,50,0,0,1,3,False
1101.734,4718,POST_ROUND,9,3,6,,,4.438,MiniBoo,Team Heretics,raze,False,,25,0,3,0,7,True,RieNs,Team Heretics,fade,False,,25,0,0,0,2,False,Boo,Team Heretics,omen,False,,25,0,0,0,2,False,benjyfishy,Team Heretics,deadlock,False,,25,0,0,0,7,True,Wo0t,Team Heretics,chamber,False,,50,0,0,0,4,False,grubinho,GIANTX,omen,True,87,24,1,0,1,3,False,ara,GIANTX,raze,False,,50,0,0,0,7,True,Cloud,GIANTX,fade,True,84,17,0,0,1,7,False,Flickless,GIANTX,viper,True,100,50,1,0,0,0,False,westside,GIANTX,cypher,True,100,50,0,0,1,3,False
1101.968,4719,POST_ROUND,9,3,6,,,4.671,MiniBoo,Team Heretics,raze,False,,25,0,3,0,7,True,RieNs,Team Heretics,fade,False,,25,0,0,0,2,False,Boo,Team Heretics,omen,False,,25,0,0,0,2,False,benjyfishy,Team Heretics,deadlock,False,,25,0,0,0,7,True,Wo0t,Team Heretics,chamber,False,,50,0,0,0,4,False,grubinho,GIANTX,omen,True,87,24,1,0,1,3,False,ara,GIANTX,raze,False,,50,0,0,0,7,True,Cloud,GIANTX,fade,True,84,17,0,0,1,7,False,Flickless,GIANTX,viper,True,100,50,1,0,0,0,False,westside,GIANTX,cypher,True,100,50,0,0,1,3,False
1102.201,4720,POST_ROUND,9,3,6,,,4.905,MiniBoo,Team Heretics,raze,False,,25,0,3,0,7,True,RieNs,Team Heretics,fade,False,,25,0,0,0,2,False,Boo,Team Heretics,omen,False,,25,0,0,0,2,False,benjyfishy,Team Heretics,deadlock,False,,25,0,0,0,7,True,Wo0t,Team Heretics,chamber,False,,50,0,0,0,4,False,grubinho,GIANTX,omen,True,87,24,1,0,1,3,False,ara,GIANTX,raze,False,,50,0,0,0,7,True,Cloud,GIANTX,fade,True,84,17,0,0,1,7,False,Flickless,GIANTX,viper,True,100,50,1,0,0,0,False,westside,GIANTX,cypher,True,100,50,0,0,1,3,False
1102.435,4721,POST_ROUND,9,3,6,,,5.138,MiniBoo,Team Heretics,raze,False,,25,0,3,0,7,True,RieNs,Team Heretics,fade,False,,25,0,0,0,2,False,Boo,Team Heretics,omen,False,,25,0,0,0,2,False,benjyfishy,Team Heretics,deadlock,False,,25,0,0,0,7,True,Wo0t,Team Heretics,chamber,False,,50,0,0,0,4,False,grubinho,GIANTX,omen,True,87,24,1,0,1,3,False,ara,GIANTX,raze,False,,50,0,0,0,7,True,Cloud,GIANTX,fade,True,84,17,0,0,1,7,False,Flickless,GIANTX,viper,True,100,50,1,0,0,0,False,westside,GIANTX,cypher,True,100,50,0,0,1,3,False
1102.668,4722,POST_ROUND,9,3,6,,,5.372,MiniBoo,Team Heretics,raze,False,,25,0,3,0,7,True,RieNs,Team Heretics,fade,False,,25,0,0,0,2,False,Boo,Team Heretics,omen,False,,25,0,0,0,2,False,benjyfishy,Team Heretics,deadlock,False,,25,0,0,0,7,True,Wo0t,Team Heretics,chamber,False,,50,0,0,0,4,False,grubinho,GIANTX,omen,True,87,24,1,0,1,3,False,ara,GIANTX,raze,False,,50,0,0,0,7,True,Cloud,GIANTX,fade,True,84,17,0,0,1,7,False,Flickless,GIANTX,viper,True,100,50,1,0,0,0,False,westside,GIANTX,cypher,True,100,50,0,0,1,3,False
1102.902,4723,POST_ROUND,9,3,6,,,5.606,MiniBoo,Team Heretics,raze,False,,25,0,3,0,7,True,RieNs,Team Heretics,fade,False,,25,0,0,0,2,False,Boo,Team Heretics,omen,False,,25,0,0,0,2,False,benjyfishy,Team Heretics,deadlock,False,,25,0,0,0,7,True,Wo0t,Team Heretics,chamber,False,,50,0,0,0,4,False,grubinho,GIANTX,omen,True,87,24,1,0,1,3,False,ara,GIANTX,raze,False,,50,0,0,0,7,True,Cloud,GIANTX,fade,True,84,17,0,0,1,7,False,Flickless,GIANTX,viper,True,100,50,1,0,0,0,False,westside,GIANTX,cypher,True,100,50,0,0,1,3,False
1103.135,4724,POST_ROUND,9,3,6,,,5.839,MiniBoo,Team Heretics,raze,False,,25,0,3,0,7,True,RieNs,Team Heretics,fade,False,,25,0,0,0,2,False,Boo,Team Heretics,omen,False,,25,0,0,0,2,False,benjyfishy,Team Heretics,deadlock,False,,25,0,0,0,7,True,Wo0t,Team Heretics,chamber,False,,50,0,0,0,4,False,grubinho,GIANTX,omen,True,87,24,1,0,1,3,False,ara,GIANTX,raze,False,,50,0,0,0,7,True,Cloud,GIANTX,fade,True,84,17,0,0,1,7,False,Flickless,GIANTX,viper,True,100,50,1,0,0,0,False,westside,GIANTX,cypher,True,100,50,0,0,1,3,False
1121.821,4804,PREROUND,10,3,6,,,,MiniBoo,Team Heretics,raze,True,,,1,2,1,7,True,RieNs,Team Heretics,fade,True,,,2,1,1,2,False,Boo,Team Heretics,omen,True,,,2,1,2,2,False,benjyfishy,Team Heretics,deadlock,True,,,1,1,1,7,True,Wo0t,Team Heretics,chamber,True,,,0,6,1,5,False,grubinho,GIANTX,omen,True,,,2,1,2,3,False,ara,GIANTX,raze,True,,,1,2,1,7,True,Cloud,GIANTX,fade,True,,,2,1,1,7,False,Flickless,GIANTX,viper,True,,,1,1,0,0,False,westside,GIANTX,cypher,True,,,0,2,1,3,False
1122.054,4805,PREROUND,10,3,6,,,,MiniBoo,Team Heretics,raze,True,,,1,2,1,7,True,RieNs,Team Heretics,fade,True,,,2,1,1,2,False,Boo,Team Heretics,omen,True,,,2,1,2,2,False,benjyfishy,Team Heretics,deadlock,True,,,1,1,1,7,True,Wo0t,Team Heretics,chamber,True,,,0,6,1,5,False,grubinho,GIANTX,omen,True,,,2,1,2,3,False,ara,GIANTX,raze,True,,,1,2,1,7,True,Cloud,GIANTX,fade,True,,,2,1,1,7,False,Flickless,GIANTX,viper,True,,,1,1,0,0,False,westside,GIANTX,cypher,True,,,0,2,1,3,False
1122.288,4806,PREROUND,10,3,6,,,,MiniBoo,Team Heretics,raze,True,,,1,2,1,7,True,RieNs,Team Heretics,fade,True,,,2,1,1,2,False,Boo,Team Heretics,omen,True,,,2,1,2,2,False,benjyfishy,Team Heretics,deadlock,True,,,1,1,1,7,True,Wo0t,Team Heretics,chamber,True,,,0,6,1,5,False,grubinho,GIANTX,omen,True,,,2,1,2,3,False,ara,GIANTX,raze,True,,,1,2,1,7,True,Cloud,GIANTX,fade,True,,,2,1,1,7,False,Flickless,GIANTX,viper,True,,,1,1,0,0,False,westside,GIANTX,cypher,True,,,0,2,1,3,False
1122.521,4807,PREROUND,10,3,6,,,,MiniBoo,Team Heretics,raze,True,,,1,2,1,7,True,RieNs,Team Heretics,fade,True,,,2,1,1,2,False,Boo,Team Heretics,omen,True,,,2,1,2,2,False,benjyfishy,Team Heretics,deadlock,True,,,1,1,1,7,True,Wo0t,Team Heretics,chamber,True,,,0,6,1,5,False,grubinho,GIANTX,omen,True,,,2,1,2,3,False,ara,GIANTX,raze,True,,,1,2,1,7,True,Cloud,GIANTX,fade,True,,,2,1,1,7,False,Flickless,GIANTX,viper,True,,,1,1,0,0,False,westside,GIANTX,cypher,True,,,0,2,1,3,False
1122.755,4808,PREROUND,10,3,6,,,,MiniBoo,Team Heretics,raze,True,,,1,2,1,7,True,RieNs,Team Heretics,fade,True,,,2,1,1,2,False,Boo,Team Heretics,omen,True,,,2,1,2,2,False,benjyfishy,Team Heretics,deadlock,True,,,1,1,1,7,True,Wo0t,Team Heretics,chamber,True,,,0,6,1,5,False,grubinho,GIANTX,omen,True,,,2,1,2,3,False,ara,GIANTX,raze,True,,,1,2,1,7,True,Cloud,GIANTX,fade,True,,,2,1,1,7,False,Flickless,GIANTX,viper,True,,,1,1,0,0,False,westside,GIANTX,cypher,True,,,0,2,1,3,False
1122.989,4809,PREROUND,10,3,6,,,,MiniBoo,Team Heretics,raze,True,,,1,2,1,7,True,RieNs,Team Heretics,fade,True,,,2,1,1,2,False,Boo,Team Heretics,omen,True,,,2,1,2,2,False,benjyfishy,Team Heretics,deadlock,True,,,1,1,1,7,True,Wo0t,Team Heretics,chamber,True,,,0,6,1,5,False,grubinho,GIANTX,omen,True,,,2,1,2,3,False,ara,GIANTX,raze,True,,,1,2,1,7,True,Cloud,GIANTX,fade,True,,,2,1,1,7,False,Flickless,GIANTX,viper,True,,,1,1,0,0,False,westside,GIANTX,cypher,True,,,0,2,1,3,False
1123.222,4810,PREROUND,10,3,6,,,,MiniBoo,Team Heretics,raze,True,,,1,2,1,7,True,RieNs,Team Heretics,fade,True,,,2,1,1,2,False,Boo,Team Heretics,omen,True,,,2,1,2,2,False,benjyfishy,Team Heretics,deadlock,True,,,1,1,1,7,True,Wo0t,Team Heretics,chamber,True,,,0,6,1,5,False,grubinho,GIANTX,omen,True,,,2,1,2,3,False,ara,GIANTX,raze,True,,,1,2,1,7,True,Cloud,GIANTX,fade,True,,,2,1,1,7,False,Flickless,GIANTX,viper,True,,,1,1,0,0,False,westside,GIANTX,cypher,True,,,0,2,1,3,False
1123.456,4811,PREROUND,10,3,6,,,,MiniBoo,Team Heretics,raze,True,,,1,2,1,7,True,RieNs,Team Heretics,fade,True,,,2,1,1,2,False,Boo,Team Heretics,omen,True,,,2,1,2,2,False,benjyfishy,Team Heretics,deadlock,True,,,1,1,1,7,True,Wo0t,Team Heretics,chamber,True,,,0,6,1,5,False,grubinho,GIANTX,omen,True,,,2,1,2,3,False,ara,GIANTX,raze,True,,,1,2,1,7,True,Cloud,GIANTX,fade,True,,,2,1,1,7,False,Flickless,GIANTX,viper,True,,,1,1,0,0,False,westside,GIANTX,cypher,True,,,0,2,1,3,False
1123.689,4812,PREROUND,10,3,6,,,,MiniBoo,Team Heretics,raze,True,,,1,2,1,7,True,RieNs,Team Heretics,fade,True,,,2,1,1,2,False,Boo,Team Heretics,omen,True,,,2,1,2,2,False,benjyfishy,Team Heretics,deadlock,True,,,1,1,1,7,True,Wo0t,Team Heretics,chamber,True,,,0,6,1,5,False,grubinho,GIANTX,omen,True,,,2,1,2,3,False,ara,GIANTX,raze,True,,,1,2,1,7,True,Cloud,GIANTX,fade,True,,,2,1,1,7,False,Flickless,GIANTX,viper,True,,,1,1,0,0,False,westside,GIANTX,cypher,True,,,0,2,1,3,False
1123.923,4813,PREROUND,10,3,6,,,,MiniBoo,Team Heretics,raze,True,,,1,2,1,7,True,RieNs,Team Heretics,fade,True,,,2,1,1,2,False,Boo,Team Heretics,omen,True,,,2,1,2,2,False,benjyfishy,Team Heretics,deadlock,True,,,1,1,1,7,True,Wo0t,Team Heretics,chamber,True,,,0,6,1,5,False,grubinho,GIANTX,omen,True,,,2,1,2,3,False,ara,GIANTX,raze,True,,,1,2,1,7,True,Cloud,GIANTX,fade,True,,,2,1,1,7,False,Flickless,GIANTX,viper,True,,,1,1,0,0,False,westside,GIANTX,cypher,True,,,0,2,1,3,False
1124.156,4814,PREROUND,10,3,6,,,,MiniBoo,Team Heretics,raze,True,,,1,2,1,7,True,RieNs,Team Heretics,fade,True,,,2,1,1,2,False,Boo,Team Heretics,omen,True,,,2,1,2,2,False,benjyfishy,Team Heretics,deadlock,True,,,1,1,1,7,True,Wo0t,Team Heretics,chamber,True,,,0,6,1,5,False,grubinho,GIANTX,omen,True,,,2,1,2,3,False,ara,GIANTX,raze,True,,,1,2,1,7,True,Cloud,GIANTX,fade,True,,,2,1,1,7,False,Flickless,GIANTX,viper,True,,,1,1,0,0,False,westside,GIANTX,cypher,True,,,0,2,1,3,False
1124.390,4815,PREROUND,10,3,6,,,,MiniBoo,Team Heretics,raze,True,,,1,2,1,7,True,RieNs,Team Heretics,fade,True,,,2,1,1,2,False,Boo,Team Heretics,omen,True,,,2,1,2,2,False,benjyfishy,Team Heretics,deadlock,True,,,1,1,1,7,True,Wo0t,Team Heretics,chamber,True,,,0,6,1,5,False,grubinho,GIANTX,omen,True,,,2,1,2,3,False,ara,GIANTX,raze,True,,,1,2,1,7,True,Cloud,GIANTX,fade,True,,,2,1,1,7,False,Flickless,GIANTX,viper,True,,,1,1,0,0,False,westside,GIANTX,cypher,True,,,0,2,1,3,False
1124.623,4816,PREROUND,10,3,6,,,,MiniBoo,Team Heretics,raze,True,,,1,2,1,7,True,RieNs,Team Heretics,fade,True,,,2,1,1,2,False,Boo,Team Heretics,omen,True,,,2,1,2,2,False,benjyfishy,Team Heretics,deadlock,True,,,1,1,1,7,True,Wo0t,Team Heretics,chamber,True,,,0,6,1,5,False,grubinho,GIANTX,omen,True,,,2,1,2,3,False,ara,GIANTX,raze,True,,,1,2,1,7,True,Cloud,GIANTX,fade,True,,,2,1,1,7,False,Flickless,GIANTX,viper,True,,,1,1,0,0,False,westside,GIANTX,cypher,True,,,0,2,1,3,False
1124.857,4817,PREROUND,10,3,6,,,,MiniBoo,Team Heretics,raze,True,,,1,2,1,7,True,RieNs,Team Heretics,fade,True,,,2,1,1,2,False,Boo,Team Heretics,omen,True,,,2,1,2,2,False,benjyfishy,Team Heretics,deadlock,True,,,1,1,1,7,True,Wo0t,Team Heretics,chamber,True,,,0,6,1,5,False,grubinho,GIANTX,omen,True,,,2,1,2,3,False,ara,GIANTX,raze,True,,,1,2,1,7,True,Cloud,GIANTX,fade,True,,,2,1,1,7,False,Flickless,GIANTX,viper,True,,,1,1,0,0,False,westside,GIANTX,cypher,True,,,0,2,1,3,False
1125.091,4818,PREROUND,10,3,6,,,,MiniBoo,Team Heretics,raze,True,,,1,2,1,7,True,RieNs,Team Heretics,fade,True,,,2,1,1,2,False,Boo,Team Heretics,omen,True,,,2,1,2,2,False,benjyfishy,Team Heretics,deadlock,True,,,1,1,1,7,True,Wo0t,Team Heretics,chamber,True,,,0,6,1,5,False,grubinho,GIANTX,omen,True,,,2,1,2,3,False,ara,GIANTX,raze,True,,,1,2,1,7,True,Cloud,GIANTX,fade,True,,,2,1,1,7,False,Flickless,GIANTX,viper,True,,,1,1,0,0,False,westside,GIANTX,cypher,True,,,0,2,1,3,False
1125.324,4819,PREROUND,10,3,6,,,,MiniBoo,Team Heretics,raze,True,,,1,2,1,7,True,RieNs,Team Heretics,fade,True,,,2,1,1,2,False,Boo,Team Heretics,omen,True,,,2,1,2,2,False,benjyfishy,Team Heretics,deadlock,True,,,1,1,1,7,True,Wo0t,Team Heretics,chamber,True,,,0,6,1,5,False,grubinho,GIANTX,omen,True,,,2,1,2,3,False,ara,GIANTX,raze,True,,,1,2,1,7,True,Cloud,GIANTX,fade,True,,,2,1,1,7,False,Flickless,GIANTX,viper,True,,,1,1,0,0,False,westside,GIANTX,cypher,True,,,0,2,1,3,False
1125.558,4820,PREROUND,10,3,6,,,,MiniBoo,Team Heretics,raze,True,,,1,2,1,7,True,RieNs,Team Heretics,fade,True,,,2,1,1,2,False,Boo,Team Heretics,omen,True,,,2,1,2,2,False,benjyfishy,Team Heretics,deadlock,True,,,1,1,1,7,True,Wo0t,Team Heretics,chamber,True,,,0,6,1,5,False,grubinho,GIANTX,omen,True,,,2,1,2,3,False,ara,GIANTX,raze,True,,,1,2,1,7,True,Cloud,GIANTX,fade,True,,,2,1,1,7,False,Flickless,GIANTX,viper,True,,,1,1,0,0,False,westside,GIANTX,cypher,True,,,0,2,1,3,False
1125.791,4821,PREROUND,10,3,6,,,,MiniBoo,Team Heretics,raze,True,,,1,2,1,7,True,RieNs,Team Heretics,fade,True,,,2,1,1,2,False,Boo,Team Heretics,omen,True,,,2,1,2,2,False,benjyfishy,Team Heretics,deadlock,True,,,1,1,1,7,True,Wo0t,Team Heretics,chamber,True,,,0,6,1,5,False,grubinho,GIANTX,omen,True,,,2,1,2,3,False,ara,GIANTX,raze,True,,,1,2,1,7,True,Cloud,GIANTX,fade,True,,,2,1,1,7,False,Flickless,GIANTX,viper,True,,,1,1,0,0,False,westside,GIANTX,cypher,True,,,0,2,1,3,False
1126.025,4822,PREROUND,10,3,6,,,,MiniBoo,Team Heretics,raze,True,,,1,2,1,7,True,RieNs,Team Heretics,fade,True,,,2,1,1,2,False,Boo,Team Heretics,omen,True,,,2,1,2,2,False,benjyfishy,Team Heretics,deadlock,True,,,1,1,1,7,True,Wo0t,Team Heretics,chamber,True,,,0,6,1,5,False,grubinho,GIANTX,omen,True,,,2,1,2,3,False,ara,GIANTX,raze,True,,,1,2,1,7,True,Cloud,GIANTX,fade,True,,,2,1,1,7,False,Flickless,GIANTX,viper,True,,,1,1,0,0,False,westside,GIANTX,cypher,True,,,0,2,1,3,False
1126.258,4823,PREROUND,10,3,6,,,,MiniBoo,Team Heretics,raze,True,,,1,2,1,7,True,RieNs,Team Heretics,fade,True,,,2,1,1,2,False,Boo,Team Heretics,omen,True,,,2,1,2,2,False,benjyfishy,Team Heretics,deadlock,True,,,1,1,1,7,True,Wo0t,Team Heretics,chamber,True,,,0,6,1,5,False,grubinho,GIANTX,omen,True,,,2,1,2,3,False,ara,GIANTX,raze,True,,,1,2,1,7,True,Cloud,GIANTX,fade,True,,,2,1,1,7,False,Flickless,GIANTX,viper,True,,,1,1,0,0,False,westside,GIANTX,cypher,True,,,0,2,1,3,False
1126.492,4824,PREROUND,10,3,6,,,,MiniBoo,Team Heretics,raze,True,,,1,2,1,7,True,RieNs,Team Heretics,fade,True,,,2,1,1,2,False,Boo,Team Heretics,omen,True,,,2,1,2,2,False,benjyfishy,Team Heretics,deadlock,True,,,1,1,1,7,True,Wo0t,Team Heretics,chamber,True,,,0,6,1,5,False,grubinho,GIANTX,omen,True,,,2,1,2,3,False,ara,GIANTX,raze,True,,,1,2,1,7,True,Cloud,GIANTX,fade,True,,,2,1,1,7,False,Flickless,GIANTX,viper,True,,,1,1,0,0,False,westside,GIANTX,cypher,True,,,0,2,1,3,False
1126.726,4825,PREROUND,10,3,6,,,,MiniBoo,Team Heretics,raze,True,,,1,2,1,7,True,RieNs,Team Heretics,fade,True,,,2,1,1,2,False,Boo,Team Heretics,omen,True,,,2,1,2,2,False,benjyfishy,Team Heretics,deadlock,True,,,1,1,1,7,True,Wo0t,Team Heretics,chamber,True,,,0,6,1,5,False,grubinho,GIANTX,omen,True,,,2,1,2,3,False,ara,GIANTX,raze,True,,,1,2,1,7,True,Cloud,GIANTX,fade,True,,,2,1,1,7,False,Flickless,GIANTX,viper,True,,,1,1,0,0,False,westside,GIANTX,cypher,True,,,0,2,1,3,False
1126.959,4826,PREROUND,10,3,6,,,,MiniBoo,Team Heretics,raze,True,,,1,2,1,7,True,RieNs,Team Heretics,fade,True,,,2,1,1,2,False,Boo,Team Heretics,omen,True,,,2,1,2,2,False,benjyfishy,Team Heretics,deadlock,True,,,1,1,1,7,True,Wo0t,Team Heretics,chamber,True,,,0,6,1,5,False,grubinho,GIANTX,omen,True,,,2,1,2,3,False,ara,GIANTX,raze,True,,,1,2,1,7,True,Cloud,GIANTX,fade,True,,,2,1,1,7,False,Flickless,GIANTX,viper,True,,,1,1,0,0,False,westside,GIANTX,cypher,True,,,0,2,1,3,False
1127.193,4827,PREROUND,10,3,6,,,,MiniBoo,Team Heretics,raze,True,,,1,2,1,7,True,RieNs,Team Heretics,fade,True,,,2,1,1,2,False,Boo,Team Heretics,omen,True,,,2,1,2,2,False,benjyfishy,Team Heretics,deadlock,True,,,1,1,1,7,True,Wo0t,Team Heretics,chamber,True,,,0,6,1,5,False,grubinho,GIANTX,omen,True,,,2,1,2,3,False,ara,GIANTX,raze,True,,,1,2,1,7,True,Cloud,GIANTX,fade,True,,,2,1,1,7,False,Flickless,GIANTX,viper,True,,,1,1,0,0,False,westside,GIANTX,cypher,True,,,0,2,1,3,False
1127.426,4828,PREROUND,10,3,6,,,,MiniBoo,Team Heretics,raze,True,,,1,2,1,7,True,RieNs,Team Heretics,fade,True,,,2,1,1,2,False,Boo,Team Heretics,omen,True,,,2,1,2,2,False,benjyfishy,Team Heretics,deadlock,True,,,1,1,1,7,True,Wo0t,Team Heretics,chamber,True,,,0,6,1,5,False,grubinho,GIANTX,omen,True,,,2,1,2,3,False,ara,GIANTX,raze,True,,,1,2,1,7,True,Cloud,GIANTX,fade,True,,,2,1,1,7,False,Flickless,GIANTX,viper,True,,,1,1,0,0,False,westside,GIANTX,cypher,True,,,0,2,1,3,False
1127.660,4829,PREROUND,10,3,6,,,,MiniBoo,Team Heretics,raze,True,,,1,2,1,7,True,RieNs,Team Heretics,fade,True,,,2,1,1,2,False,Boo,Team Heretics,omen,True,,,2,1,2,2,False,benjyfishy,Team Heretics,deadlock,True,,,1,1,1,7,True,Wo0t,Team Heretics,chamber,True,,,0,6,1,5,False,grubinho,GIANTX,omen,True,,,2,1,2,3,False,ara,GIANTX,raze,True,,,1,2,1,7,True,Cloud,GIANTX,fade,True,,,2,1,1,7,False,Flickless,GIANTX,viper,True,,,1,1,0,0,False,westside,GIANTX,cypher,True,,,0,2,1,3,False
1127.893,4830,PREROUND,10,3,6,,,,MiniBoo,Team Heretics,raze,True,,,1,2,1,7,True,RieNs,Team Heretics,fade,True,,,2,1,1,2,False,Boo,Team Heretics,omen,True,,,2,1,2,2,False,benjyfishy,Team Heretics,deadlock,True,,,1,1,1,7,True,Wo0t,Team Heretics,chamber,True,,,0,6,1,5,False,grubinho,GIANTX,omen,True,,,2,1,2,3,False,ara,GIANTX,raze,True,,,1,2,1,7,True,Cloud,GIANTX,fade,True,,,2,1,1,7,False,Flickless,GIANTX,viper,True,,,1,1,0,0,False,westside,GIANTX,cypher,True,,,0,2,1,3,False
1128.127,4831,PREROUND,10,3,6,,,,MiniBoo,Team Heretics,raze,True,,,1,2,1,7,True,RieNs,Team Heretics,fade,True,,,2,1,1,2,False,Boo,Team Heretics,omen,True,,,2,1,2,2,False,benjyfishy,Team Heretics,deadlock,True,,,1,1,1,7,True,Wo0t,Team Heretics,chamber,True,,,0,6,1,5,False,grubinho,GIANTX,omen,True,,,2,1,2,3,False,ara,GIANTX,raze,True,,,1,2,1,7,True,Cloud,GIANTX,fade,True,,,2,1,1,7,False,Flickless,GIANTX,viper,True,,,1,1,0,0,False,westside,GIANTX,cypher,True,,,0,2,1,3,False
1128.361,4832,PREROUND,10,3,6,,,,MiniBoo,Team Heretics,raze,True,,,1,2,1,7,True,RieNs,Team Heretics,fade,True,,,2,1,1,2,False,Boo,Team Heretics,omen,True,,,2,1,2,2,False,benjyfishy,Team Heretics,deadlock,True,,,1,1,1,7,True,Wo0t,Team Heretics,chamber,True,,,0,6,1,5,False,grubinho,GIANTX,omen,True,,,2,1,2,3,False,ara,GIANTX,raze,True,,,1,2,1,7,True,Cloud,GIANTX,fade,True,,,2,1,1,7,False,Flickless,GIANTX,viper,True,,,1,1,0,0,False,westside,GIANTX,cypher,True,,,0,2,1,3,False
1128.594,4833,PREROUND,10,3,6,,,,MiniBoo,Team Heretics,raze,True,,,1,2,1,7,True,RieNs,Team Heretics,fade,True,,,2,1,1,2,False,Boo,Team Heretics,omen,True,,,2,1,2,2,False,benjyfishy,Team Heretics,deadlock,True,,,1,1,1,7,True,Wo0t,Team Heretics,chamber,True,,,0,6,1,5,False,grubinho,GIANTX,omen,True,,,2,1,2,3,False,ara,GIANTX,raze,True,,,1,2,1,7,True,Cloud,GIANTX,fade,True,,,2,1,1,7,False,Flickless,GIANTX,viper,True,,,1,1,0,0,False,westside,GIANTX,cypher,True,,,0,2,1,3,False
1128.828,4834,PREROUND,10,3,6,,,,MiniBoo,Team Heretics,raze,True,,,1,2,1,7,True,RieNs,Team Heretics,fade,True,,,2,1,1,2,False,Boo,Team Heretics,omen,True,,,2,1,2,2,False,benjyfishy,Team Heretics,deadlock,True,,,1,1,1,7,True,Wo0t,Team Heretics,chamber,True,,,0,6,1,5,False,grubinho,GIANTX,omen,True,,,2,1,2,3,False,ara,GIANTX,raze,True,,,1,2,1,7,True,Cloud,GIANTX,fade,True,,,2,1,1,7,False,Flickless,GIANTX,viper,True,,,1,1,0,0,False,westside,GIANTX,cypher,True,,,0,2,1,3,False
1129.061,4835,PREROUND,10,3,6,,,,MiniBoo,Team Heretics,raze,True,,,1,2,1,7,True,RieNs,Team Heretics,fade,True,,,2,1,1,2,False,Boo,Team Heretics,omen,True,,,2,1,2,2,False,benjyfishy,Team Heretics,deadlock,True,,,1,1,1,7,True,Wo0t,Team Heretics,chamber,True,,,0,6,1,5,False,grubinho,GIANTX,omen,True,,,2,1,2,3,False,ara,GIANTX,raze,True,,,1,2,1,7,True,Cloud,GIANTX,fade,True,,,2,1,1,7,False,Flickless,GIANTX,viper,True,,,1,1,0,0,False,westside,GIANTX,cypher,True,,,0,2,1,3,False
1129.295,4836,PREROUND,10,3,6,,,,MiniBoo,Team Heretics,raze,True,,,1,2,1,7,True,RieNs,Team Heretics,fade,True,,,2,1,1,2,False,Boo,Team Heretics,omen,True,,,2,1,2,2,False,benjyfishy,Team Heretics,deadlock,True,,,1,1,1,7,True,Wo0t,Team Heretics,chamber,True,,,0,6,1,5,False,grubinho,GIANTX,omen,True,,,2,1,2,3,False,ara,GIANTX,raze,True,,,1,2,1,7,True,Cloud,GIANTX,fade,True,,,2,1,1,7,False,Flickless,GIANTX,viper,True,,,1,1,0,0,False,westside,GIANTX,cypher,True,,,0,2,1,3,False
1129.528,4837,PREROUND,10,3,6,,,,MiniBoo,Team Heretics,raze,True,,,1,2,1,7,True,RieNs,Team Heretics,fade,True,,,2,1,1,2,False,Boo,Team Heretics,omen,True,,,2,1,2,2,False,benjyfishy,Team Heretics,deadlock,True,,,1,1,1,7,True,Wo0t,Team Heretics,chamber,True,,,0,6,1,5,False,grubinho,GIANTX,omen,True,,,2,1,2,3,False,ara,GIANTX,raze,True,,,1,2,1,7,True,Cloud,GIANTX,fade,True,,,2,1,1,7,False,Flickless,GIANTX,viper,True,,,1,1,0,0,False,westside,GIANTX,cypher,True,,,0,2,1,3,False
1129.762,4838,PREROUND,10,3,6,,,,MiniBoo,Team Heretics,raze,True,,,1,2,1,7,True,RieNs,Team Heretics,fade,True,,,2,1,1,2,False,Boo,Team Heretics,omen,True,,,2,1,2,2,False,benjyfishy,Team Heretics,deadlock,True,,,1,1,1,7,True,Wo0t,Team Heretics,chamber,True,,,0,6,1,5,False,grubinho,GIANTX,omen,True,,,2,1,2,3,False,ara,GIANTX,raze,True,,,1,2,1,7,True,Cloud,GIANTX,fade,True,,,2,1,1,7,False,Flickless,GIANTX,viper,True,,,1,1,0,0,False,westside,GIANTX,cypher,True,,,0,2,1,3,False
1129.996,4839,PREROUND,10,3,6,,,,MiniBoo,Team Heretics,raze,True,,,1,2,1,7,True,RieNs,Team Heretics,fade,True,,,2,1,1,2,False,Boo,Team Heretics,omen,True,,,2,1,2,2,False,benjyfishy,Team Heretics,deadlock,True,,,1,1,1,7,True,Wo0t,Team Heretics,chamber,True,,,0,6,1,5,False,grubinho,GIANTX,omen,True,,,2,1,2,3,False,ara,GIANTX,raze,True,,,1,2,1,7,True,Cloud,GIANTX,fade,True,,,2,1,1,7,False,Flickless,GIANTX,viper,True,,,1,1,0,0,False,westside,GIANTX,cypher,True,,,0,2,1,3,False
1130.229,4840,PREROUND,10,3,6,,,,MiniBoo,Team Heretics,raze,True,,,1,2,1,7,True,RieNs,Team Heretics,fade,True,,,2,1,1,2,False,Boo,Team Heretics,omen,True,,,2,1,2,2,False,benjyfishy,Team Heretics,deadlock,True,,,1,1,1,7,True,Wo0t,Team Heretics,chamber,True,,,0,6,1,5,False,grubinho,GIANTX,omen,True,,,2,1,2,3,False,ara,GIANTX,raze,True,,,1,2,1,7,True,Cloud,GIANTX,fade,True,,,2,1,1,7,False,Flickless,GIANTX,viper,True,,,1,1,0,0,False,westside,GIANTX,cypher,True,,,0,2,1,3,False
1130.463,4841,PREROUND,10,3,6,,,,MiniBoo,Team Heretics,raze,True,,,1,2,1,7,True,RieNs,Team Heretics,fade,True,,,2,1,1,2,False,Boo,Team Heretics,omen,True,,,2,1,2,2,False,benjyfishy,Team Heretics,deadlock,True,,,1,1,1,7,True,Wo0t,Team Heretics,chamber,True,,,0,6,1,5,False,grubinho,GIANTX,omen,True,,,2,1,2,3,False,ara,GIANTX,raze,True,,,1,2,1,7,True,Cloud,GIANTX,fade,True,,,2,1,1,7,False,Flickless,GIANTX,viper,True,,,1,1,0,0,False,westside,GIANTX,cypher,True,,,0,2,1,3,False
1130.696,4842,PREROUND,10,3,6,,,,MiniBoo,Team Heretics,raze,True,,,1,2,1,7,True,RieNs,Team Heretics,fade,True,,,2,1,1,2,False,Boo,Team Heretics,omen,True,,,2,1,2,2,False,benjyfishy,Team Heretics,deadlock,True,,,1,1,1,7,True,Wo0t,Team Heretics,chamber,True,,,0,6,1,5,False,grubinho,GIANTX,omen,True,,,2,1,2,3,False,ara,GIANTX,raze,True,,,1,2,1,7,True,Cloud,GIANTX,fade,True,,,2,1,1,7,False,Flickless,GIANTX,viper,True,,,1,1,0,0,False,westside,GIANTX,cypher,True,,,0,2,1,3,False
1130.930,4843,PREROUND,10,3,6,,,,MiniBoo,Team Heretics,raze,True,,,1,2,1,7,True,RieNs,Team Heretics,fade,True,,,2,1,1,2,False,Boo,Team Heretics,omen,True,,,2,1,2,2,False,benjyfishy,Team Heretics,deadlock,True,,,1,1,1,7,True,Wo0t,Team Heretics,chamber,True,,,0,6,1,5,False,grubinho,GIANTX,omen,True,,,2,1,2,3,False,ara,GIANTX,raze,True,,,1,2,1,7,True,Cloud,GIANTX,fade,True,,,2,1,1,7,False,Flickless,GIANTX,viper,True,,,1,1,0,0,False,westside,GIANTX,cypher,True,,,0,2,1,3,False
1131.163,4844,PREROUND,10,3,6,,,,MiniBoo,Team Heretics,raze,True,,,1,2,1,7,True,RieNs,Team Heretics,fade,True,,,2,1,1,2,False,Boo,Team Heretics,omen,True,,,2,1,2,2,False,benjyfishy,Team Heretics,deadlock,True,,,1,1,1,7,True,Wo0t,Team Heretics,chamber,True,,,0,6,1,5,False,grubinho,GIANTX,omen,True,,,2,1,2,3,False,ara,GIANTX,raze,True,,,1,2,1,7,True,Cloud,GIANTX,fade,True,,,2,1,1,7,False,Flickless,GIANTX,viper,True,,,1,1,0,0,False,westside,GIANTX,cypher,True,,,0,2,1,3,False
1131.397,4845,PREROUND,10,3,6,,,,MiniBoo,Team Heretics,raze,True,,,1,2,1,7,True,RieNs,Team Heretics,fade,True,,,2,1,1,2,False,Boo,Team Heretics,omen,True,,,2,1,2,2,False,benjyfishy,Team Heretics,deadlock,True,,,1,1,1,7,True,Wo0t,Team Heretics,chamber,True,,,0,6,1,5,False,grubinho,GIANTX,omen,True,,,2,1,2,3,False,ara,GIANTX,raze,True,,,1,2,1,7,True,Cloud,GIANTX,fade,True,,,2,1,1,7,False,Flickless,GIANTX,viper,True,,,1,1,0,0,False,westside,GIANTX,cypher,True,,,0,2,1,3,False
1131.630,4846,PREROUND,10,3,6,,,,MiniBoo,Team Heretics,raze,True,,,1,2,1,7,True,RieNs,Team Heretics,fade,True,,,2,1,1,2,False,Boo,Team Heretics,omen,True,,,2,1,2,2,False,benjyfishy,Team Heretics,deadlock,True,,,1,1,1,7,True,Wo0t,Team Heretics,chamber,True,,,0,6,1,5,False,grubinho,GIANTX,omen,True,,,2,1,2,3,False,ara,GIANTX,raze,True,,,1,2,1,7,True,Cloud,GIANTX,fade,True,,,2,1,1,7,False,Flickless,GIANTX,viper,True,,,1,1,0,0,False,westside,GIANTX,cypher,True,,,0,2,1,3,False
1131.864,4847,PREROUND,10,3,6,,,,MiniBoo,Team Heretics,raze,True,,,1,2,1,7,True,RieNs,Team Heretics,fade,True,,,2,1,1,2,False,Boo,Team Heretics,omen,True,,,2,1,2,2,False,benjyfishy,Team Heretics,deadlock,True,,,1,1,1,7,True,Wo0t,Team Heretics,chamber,True,,,0,6,1,5,False,grubinho,GIANTX,omen,True,,,2,1,2,3,False,ara,GIANTX,raze,True,,,1,2,1,7,True,Cloud,GIANTX,fade,True,,,2,1,1,7,False,Flickless,GIANTX,viper,True,,,1,1,0,0,False,westside,GIANTX,cypher,True,,,0,2,1,3,False
1132.098,4848,PREROUND,10,3,6,,,,MiniBoo,Team Heretics,raze,True,,,1,2,1,7,True,RieNs,Team Heretics,fade,True,,,2,1,1,2,False,Boo,Team Heretics,omen,True,,,2,1,2,2,False,benjyfishy,Team Heretics,deadlock,True,,,1,1,1,7,True,Wo0t,Team Heretics,chamber,True,,,0,6,1,5,False,grubinho,GIANTX,omen,True,,,2,1,2,3,False,ara,GIANTX,raze,True,,,1,2,1,7,True,Cloud,GIANTX,fade,True,,,2,1,1,7,False,Flickless,GIANTX,viper,True,,,1,1,0,0,False,westside,GIANTX,cypher,True,,,0,2,1,3,False
1132.331,4849,PREROUND,10,3,6,,,,MiniBoo,Team Heretics,raze,True,,,1,2,1,7,True,RieNs,Team Heretics,fade,True,,,2,1,1,2,False,Boo,Team Heretics,omen,True,,,2,1,2,2,False,benjyfishy,Team Heretics,deadlock,True,,,1,1,1,7,True,Wo0t,Team Heretics,chamber,True,,,0,6,1,5,False,grubinho,GIANTX,omen,True,,,2,1,2,3,False,ara,GIANTX,raze,True,,,1,2,1,7,True,Cloud,GIANTX,fade,True,,,2,1,1,7,False,Flickless,GIANTX,viper,True,,,1,1,0,0,False,westside,GIANTX,cypher,True,,,0,2,1,3,False
1132.565,4850,PREROUND,10,3,6,,,,MiniBoo,Team Heretics,raze,True,,,1,2,1,7,True,RieNs,Team Heretics,fade,True,,,2,1,1,2,False,Boo,Team Heretics,omen,True,,,2,1,2,2,False,benjyfishy,Team Heretics,deadlock,True,,,1,1,1,7,True,Wo0t,Team Heretics,chamber,True,,,0,6,1,5,False,grubinho,GIANTX,omen,True,,,2,1,2,3,False,ara,GIANTX,raze,True,,,1,2,1,7,True,Cloud,GIANTX,fade,True,,,2,1,1,7,False,Flickless,GIANTX,viper,True,,,1,1,0,0,False,westside,GIANTX,cypher,True,,,0,2,1,3,False
1132.798,4851,PREROUND,10,3,6,,,,MiniBoo,Team Heretics,raze,True,,,1,2,1,7,True,RieNs,Team Heretics,fade,True,,,2,1,1,2,False,Boo,Team Heretics,omen,True,,,2,1,2,2,False,benjyfishy,Team Heretics,deadlock,True,,,1,1,1,7,True,Wo0t,Team Heretics,chamber,True,,,0,6,1,5,False,grubinho,GIANTX,omen,True,,,2,1,2,3,False,ara,GIANTX,raze,True,,,1,2,1,7,True,Cloud,GIANTX,fade,True,,,2,1,1,7,False,Flickless,GIANTX,viper,True,,,1,1,0,0,False,westside,GIANTX,cypher,True,,,0,2,1,3,False
1133.032,4852,PREROUND,10,3,6,,,,MiniBoo,Team Heretics,raze,True,,,1,2,1,7,True,RieNs,Team Heretics,fade,True,,,2,1,1,2,False,Boo,Team Heretics,omen,True,,,2,1,2,2,False,benjyfishy,Team Heretics,deadlock,True,,,1,1,1,7,True,Wo0t,Team Heretics,chamber,True,,,0,6,1,5,False,grubinho,GIANTX,omen,True,,,2,1,2,3,False,ara,GIANTX,raze,True,,,1,2,1,7,True,Cloud,GIANTX,fade,True,,,2,1,1,7,False,Flickless,GIANTX,viper,True,,,1,1,0,0,False,westside,GIANTX,cypher,True,,,0,2,1,3,False
1133.265,4853,PREROUND,10,3,6,,,,MiniBoo,Team Heretics,raze,True,,,1,2,1,7,True,RieNs,Team Heretics,fade,True,,,2,1,1,2,False,Boo,Team Heretics,omen,True,,,2,1,2,2,False,benjyfishy,Team Heretics,deadlock,True,,,1,1,1,7,True,Wo0t,Team Heretics,chamber,True,,,0,6,1,5,False,grubinho,GIANTX,omen,True,,,2,1,2,3,False,ara,GIANTX,raze,True,,,1,2,1,7,True,Cloud,GIANTX,fade,True,,,2,1,1,7,False,Flickless,GIANTX,viper,True,,,1,1,0,0,False,westside,GIANTX,cypher,True,,,0,2,1,3,False
1133.499,4854,PREROUND,10,3,6,,,,MiniBoo,Team Heretics,raze,True,,,1,2,1,7,True,RieNs,Team Heretics,fade,True,,,2,1,1,2,False,Boo,Team Heretics,omen,True,,,2,1,2,2,False,benjyfishy,Team Heretics,deadlock,True,,,1,1,1,7,True,Wo0t,Team Heretics,chamber,True,,,0,6,1,5,False,grubinho,GIANTX,omen,True,,,2,1,2,3,False,ara,GIANTX,raze,True,,,1,2,1,7,True,Cloud,GIANTX,fade,True,,,2,1,1,7,False,Flickless,GIANTX,viper,True,,,1,1,0,0,False,westside,GIANTX,cypher,True,,,0,2,1,3,False
1133.733,4855,PREROUND,10,3,6,,,,MiniBoo,Team Heretics,raze,True,,,1,2,1,7,True,RieNs,Team Heretics,fade,True,,,2,1,1,2,False,Boo,Team Heretics,omen,True,,,2,1,2,2,False,benjyfishy,Team Heretics,deadlock,True,,,1,1,1,7,True,Wo0t,Team Heretics,chamber,True,,,0,6,1,5,False,grubinho,GIANTX,omen,True,,,2,1,2,3,False,ara,GIANTX,raze,True,,,1,2,1,7,True,Cloud,GIANTX,fade,True,,,2,1,1,7,False,Flickless,GIANTX,viper,True,,,1,1,0,0,False,westside,GIANTX,cypher,True,,,0,2,1,3,False
1134.200,4857,ACTIVE_ROUND,10,3,6,99.000,,,MiniBoo,Team Heretics,raze,True,,,1,2,1,7,True,RieNs,Team Heretics,fade,True,,,2,1,1,2,False,Boo,Team Heretics,omen,True,,,2,1,2,2,False,benjyfishy,Team Heretics,deadlock,True,,,1,1,1,7,True,Wo0t,Team Heretics,chamber,True,,,0,6,1,5,False,grubinho,GIANTX,omen,True,,,2,1,2,3,False,ara,GIANTX,raze,True,,,1,2,1,7,True,Cloud,GIANTX,fade,True,,,2,1,1,7,False,Flickless,GIANTX,viper,True,,,1,1,0,0,False,westside,GIANTX,cypher,True,,,0,2,1,3,False
1134.433,4858,ACTIVE_ROUND,10,3,6,99.000,,,MiniBoo,Team Heretics,raze,True,100,50,1,2,1,7,True,RieNs,Team Heretics,fade,True,100,50,2,1,1,2,False,Boo,Team Heretics,omen,True,100,25,2,1,2,2,False,benjyfishy,Team Heretics,deadlock,True,100,25,1,1,1,7,True,Wo0t,Team Heretics,chamber,True,100,25,0,6,1,5,False,grubinho,GIANTX,omen,True,100,50,2,1,2,3,False,ara,GIANTX,raze,True,100,50,1,2,1,7,True,Cloud,GIANTX,fade,True,100,50,2,1,1,7,False,Flickless,GIANTX,viper,True,100,50,1,1,0,0,False,westside,GIANTX,cypher,True,100,50,0,2,1,3,False
1134.667,4859,ACTIVE_ROUND,10,3,6,99.000,,,MiniBoo,Team Heretics,raze,True,100,50,1,2,1,7,True,RieNs,Team Heretics,fade,True,100,50,2,1,1,2,False,Boo,Team Heretics,omen,True,100,25,2,1,2,2,False,benjyfishy,Team Heretics,deadlock,True,100,25,1,1,1,7,True,Wo0t,Team Heretics,chamber,True,100,25,0,6,1,5,False,grubinho,GIANTX,omen,True,100,50,2,1,2,3,False,ara,GIANTX,raze,True,100,50,1,2,1,7,True,Cloud,GIANTX,fade,True,100,50,2,1,1,7,False,Flickless,GIANTX,viper,True,100,50,1,1,0,0,False,westside,GIANTX,cypher,True,100,50,0,2,1,3,False
1134.900,4860,ACTIVE_ROUND,10,3,6,99.000,,,MiniBoo,Team Heretics,raze,True,100,50,1,2,1,7,True,RieNs,Team Heretics,fade,True,100,50,2,1,1,2,False,Boo,Team Heretics,omen,True,100,25,2,1,2,2,False,benjyfishy,Team Heretics,deadlock,True,100,25,1,1,1,7,True,Wo0t,Team Heretics,chamber,True,100,25,0,6,1,5,False,grubinho,GIANTX,omen,True,100,50,2,1,2,3,False,ara,GIANTX,raze,True,100,50,1,2,1,7,True,Cloud,GIANTX,fade,True,100,50,2,1,1,7,False,Flickless,GIANTX,viper,True,100,50,1,1,0,0,False,westside,GIANTX,cypher,True,100,50,0,2,1,3,False
1135.134,4861,ACTIVE_ROUND,10,3,6,98.000,,,MiniBoo,Team Heretics,raze,True,100,50,1,2,1,7,True,RieNs,Team Heretics,fade,True,100,50,2,1,0,2,False,Boo,Team Heretics,omen,True,100,25,2,1,2,2,False,benjyfishy,Team Heretics,deadlock,True,100,25,1,1,0,7,True,Wo0t,Team Heretics,chamber,True,100,25,0,6,1,5,False,grubinho,GIANTX,omen,True,100,50,2,1,1,3,False,ara,GIANTX,raze,True,100,50,1,2,1,7,True,Cloud,GIANTX,fade,True,100,50,2,1,1,7,False,Flickless,GIANTX,viper,True,100,50,1,1,0,0,False,westside,GIANTX,cypher,True,100,50,0,2,1,3,False
1135.368,4862,ACTIVE_ROUND,10,3,6,98.000,,,MiniBoo,Team Heretics,raze,True,100,50,1,2,1,7,True,RieNs,Team Heretics,fade,True,100,50,2,1,0,2,False,Boo,Team Heretics,omen,True,100,25,2,1,2,2,False,benjyfishy,Team Heretics,deadlock,True,100,25,1,1,0,7,True,Wo0t,Team Heretics,chamber,True,100,25,0,6,1,5,False,grubinho,GIANTX,omen,True,100,50,2,1,1,3,False,ara,GIANTX,raze,True,100,50,1,2,1,7,True,Cloud,GIANTX,fade,True,100,50,2,1,1,7,False,Flickless,GIANTX,viper,True,100,50,1,1,0,0,False,westside,GIANTX,cypher,True,100,50,0,2,1,3,False
1135.601,4863,ACTIVE_ROUND,10,3,6,98.000,,,MiniBoo,Team Heretics,raze,True,100,50,1,2,1,7,True,RieNs,Team Heretics,fade,True,100,50,2,1,0,2,False,Boo,Team Heretics,omen,True,100,25,2,1,2,2,False,benjyfishy,Team Heretics,deadlock,True,100,25,1,1,0,7,True,Wo0t,Team Heretics,chamber,True,100,25,0,6,1,5,False,grubinho,GIANTX,omen,True,100,50,2,1,1,3,False,ara,GIANTX,raze,True,100,50,1,2,1,7,True,Cloud,GIANTX,fade,True,100,50,2,1,1,7,False,Flickless,GIANTX,viper,True,100,50,1,1,0,0,False,westside,GIANTX,cypher,True,100,50,0,2,1,3,False
1135.835,4864,ACTIVE_ROUND,10,3,6,98.000,,,MiniBoo,Team Heretics,raze,True,100,50,1,2,1,7,True,RieNs,Team Heretics,fade,True,100,50,2,1,0,2,False,Boo,Team Heretics,omen,True,100,25,2,1,2,2,False,benjyfishy,Team Heretics,deadlock,True,100,25,1,1,0,7,True,Wo0t,Team Heretics,chamber,True,100,25,0,6,1,5,False,grubinho,GIANTX,omen,True,100,50,2,1,1,3,False,ara,GIANTX,raze,True,100,50,1,2,1,7,True,Cloud,GIANTX,fade,True,100,50,2,1,1,7,False,Flickless,GIANTX,viper,True,100,50,1,1,0,0,False,westside,GIANTX,cypher,True,100,50,0,2,1,3,False
1136.068,4865,ACTIVE_ROUND,10,3,6,97.000,,,MiniBoo,Team Heretics,raze,True,100,50,1,2,1,7,True,RieNs,Team Heretics,fade,True,100,50,2,1,0,2,False,Boo,Team Heretics,omen,True,100,25,2,1,2,2,False,benjyfishy,Team Heretics,deadlock,True,100,25,1,1,0,7,True,Wo0t,Team Heretics,chamber,True,100,25,0,6,1,5,False,grubinho,GIANTX,omen,True,100,50,2,1,1,3,False,ara,GIANTX,raze,True,100,50,1,2,1,7,True,Cloud,GIANTX,fade,True,100,50,2,1,1,7,False,Flickless,GIANTX,viper,True,100,50,1,1,0,0,False,westside,GIANTX,cypher,True,100,50,0,2,1,3,False
1136.302,4866,ACTIVE_ROUND,10,3,6,97.000,,,MiniBoo,Team Heretics,raze,True,100,50,1,2,1,7,True,RieNs,Team Heretics,fade,True,100,50,2,1,0,2,False,Boo,Team Heretics,omen,True,100,25,2,1,2,2,False,benjyfishy,Team Heretics,deadlock,True,100,25,1,1,0,7,True,Wo0t,Team Heretics,chamber,True,100,25,0,6,1,5,False,grubinho,GIANTX,omen,True,100,50,2,1,1,3,False,ara,GIANTX,raze,True,100,50,1,2,1,7,True,Cloud,GIANTX,fade,True,100,50,2,1,1,7,False,Flickless,GIANTX,viper,True,100,50,1,1,0,0,False,westside,GIANTX,cypher,True,100,50,0,2,1,3,False
1136.535,4867,ACTIVE_ROUND,10,3,6,97.000,,,MiniBoo,Team Heretics,raze,True,100,50,1,2,1,7,True,RieNs,Team Heretics,fade,True,100,50,2,1,0,2,False,Boo,Team Heretics,omen,True,100,25,2,1,2,2,False,benjyfishy,Team Heretics,deadlock,True,100,25,1,1,0,7,True,Wo0t,Team Heretics,chamber,True,100,25,0,6,1,5,False,grubinho,GIANTX,omen,True,100,50,2,1,1,3,False,ara,GIANTX,raze,True,100,50,1,2,1,7,True,Cloud,GIANTX,fade,True,100,50,2,1,1,7,False,Flickless,GIANTX,viper,True,100,50,1,1,0,0,False,westside,GIANTX,cypher,True,100,50,0,2,1,3,False
1136.769,4868,ACTIVE_ROUND,10,3,6,97.000,,,MiniBoo,Team Heretics,raze,True,100,50,1,2,1,7,True,RieNs,Team Heretics,fade,True,100,50,2,1,0,2,False,Boo,Team Heretics,omen,True,100,25,2,1,2,2,False,benjyfishy,Team Heretics,deadlock,True,100,25,1,1,0,7,True,Wo0t,Team Heretics,chamber,True,100,25,0,6,1,5,False,grubinho,GIANTX,omen,True,100,50,2,1,1,3,False,ara,GIANTX,raze,True,100,50,1,2,1,7,True,Cloud,GIANTX,fade,True,100,50,2,1,1,7,False,Flickless,GIANTX,viper,True,100,50,1,1,0,0,False,westside,GIANTX,cypher,True,100,50,0,2,1,3,False
1137.003,4869,ACTIVE_ROUND,10,3,6,96.000,,,MiniBoo,Team Heretics,raze,True,100,50,1,2,1,7,True,RieNs,Team Heretics,fade,True,100,50,2,1,0,2,False,Boo,Team Heretics,omen,True,100,25,2,1,2,2,False,benjyfishy,Team Heretics,deadlock,True,100,25,1,1,0,7,True,Wo0t,Team Heretics,chamber,True,100,25,0,6,1,5,False,grubinho,GIANTX,omen,True,100,50,2,1,1,3,False,ara,GIANTX,raze,True,100,50,1,2,1,7,True,Cloud,GIANTX,fade,True,100,50,2,1,1,7,False,Flickless,GIANTX,viper,True,100,50,1,1,0,0,False,westside,GIANTX,cypher,True,100,50,0,2,1,3,False
1137.236,4870,ACTIVE_ROUND,10,3,6,96.000,,,MiniBoo,Team Heretics,raze,True,100,50,1,2,1,7,True,RieNs,Team Heretics,fade,True,100,50,2,1,0,2,False,Boo,Team Heretics,omen,True,100,25,2,1,2,2,False,benjyfishy,Team Heretics,deadlock,True,100,25,1,1,0,7,True,Wo0t,Team Heretics,chamber,True,100,25,0,6,1,5,False,grubinho,GIANTX,omen,True,100,50,1,1,1,3,False,ara,GIANTX,raze,True,100,50,0,2,1,7,True,Cloud,GIANTX,fade,True,100,50,1,1,1,7,False,Flickless,GIANTX,viper,True,100,50,1,1,0,0,False,westside,GIANTX,cypher,True,100,50,0,2,1,3,False
1137.470,4871,ACTIVE_ROUND,10,3,6,96.000,,,MiniBoo,Team Heretics,raze,True,100,50,1,2,1,7,True,RieNs,Team Heretics,fade,True,100,50,2,1,0,2,False,Boo,Team Heretics,omen,True,100,25,2,1,2,2,False,benjyfishy,Team Heretics,deadlock,True,100,25,1,1,0,7,True,Wo0t,Team Heretics,chamber,True,100,25,0,6,1,5,False,grubinho,GIANTX,omen,True,100,50,1,1,1,3,False,ara,GIANTX,raze,True,100,50,0,2,1,7,True,Cloud,GIANTX,fade,True,100,50,1,1,1,7,False,Flickless,GIANTX,viper,True,100,50,1,1,0,0,False,westside,GIANTX,cypher,True,100,50,0,2,1,3,False
1137.703,4872,ACTIVE_ROUND,10,3,6,96.000,,,MiniBoo,Team Heretics,raze,True,100,50,1,2,1,7,True,RieNs,Team Heretics,fade,True,100,50,2,1,0,2,False,Boo,Team Heretics,omen,True,100,25,2,1,2,2,False,benjyfishy,Team Heretics,deadlock,True,100,25,1,1,0,7,True,Wo0t,Team Heretics,chamber,True,100,25,0,6,1,5,False,grubinho,GIANTX,omen,True,100,50,1,1,1,3,False,ara,GIANTX,raze,True,100,50,0,2,1,7,True,Cloud,GIANTX,fade,True,100,50,1,1,1,7,False,Flickless,GIANTX,viper,True,100,50,1,1,0,0,False,westside,GIANTX,cypher,True,100,50,0,2,1,3,False
1137.937,4873,ACTIVE_ROUND,10,3,6,95.000,,,MiniBoo,Team Heretics,raze,True,100,50,1,2,1,7,True,RieNs,Team Heretics,fade,True,100,50,2,1,0,2,False,Boo,Team Heretics,omen,True,100,25,2,1,2,2,False,benjyfishy,Team Heretics,deadlock,True,100,25,1,1,0,7,True,Wo0t,Team Heretics,chamber,True,100,25,0,6,1,5,False,grubinho,GIANTX,omen,True,100,50,1,1,1,3,False,ara,GIANTX,raze,True,100,50,0,2,1,7,True,Cloud,GIANTX,fade,True,100,50,1,1,1,7,False,Flickless,GIANTX,viper,True,100,50,1,1,0,0,False,westside,GIANTX,cypher,True,100,50,0,2,1,3,False
1138.170,4874,ACTIVE_ROUND,10,3,6,95.000,,,MiniBoo,Team Heretics,raze,True,100,50,1,2,1,7,True,RieNs,Team Heretics,fade,True,100,50,2,1,0,2,False,Boo,Team Heretics,omen,True,100,25,2,1,2,2,False,benjyfishy,Team Heretics,deadlock,True,69,25,1,1,0,7,True,Wo0t,Team Heretics,chamber,True,100,25,0,6,1,5,False,grubinho,GIANTX,omen,True,100,50,1,1,1,3,False,ara,GIANTX,raze,True,100,50,0,2,1,7,True,Cloud,GIANTX,fade,True,100,50,1,1,1,7,False,Flickless,GIANTX,viper,True,100,50,1,1,0,0,False,westside,GIANTX,cypher,True,100,50,0,2,1,3,False
1138.404,4875,ACTIVE_ROUND,10,3,6,95.000,,,MiniBoo,Team Heretics,raze,True,100,50,1,2,1,7,True,RieNs,Team Heretics,fade,True,100,50,2,1,0,2,False,Boo,Team Heretics,omen,True,100,25,2,1,2,2,False,benjyfishy,Team Heretics,deadlock,True,69,25,1,1,0,7,True,Wo0t,Team Heretics,chamber,True,100,25,0,6,1,5,False,grubinho,GIANTX,omen,True,100,50,1,1,1,3,False,ara,GIANTX,raze,True,100,50,0,2,1,7,True,Cloud,GIANTX,fade,True,100,50,1,1,1,7,False,Flickless,GIANTX,viper,True,100,50,1,1,0,0,False,westside,GIANTX,cypher,True,100,50,0,2,1,3,False
1138.638,4876,ACTIVE_ROUND,10,3,6,95.000,,,MiniBoo,Team Heretics,raze,True,100,50,1,2,1,7,True,RieNs,Team Heretics,fade,True,100,50,2,1,0,2,False,Boo,Team Heretics,omen,True,100,25,2,1,2,2,False,benjyfishy,Team Heretics,deadlock,True,69,25,1,1,0,7,True,Wo0t,Team Heretics,chamber,True,100,25,0,6,1,5,False,grubinho,GIANTX,omen,True,100,50,1,1,1,3,False,ara,GIANTX,raze,True,100,50,0,2,1,7,True,Cloud,GIANTX,fade,True,100,50,1,1,1,7,False,Flickless,GIANTX,viper,True,100,50,1,1,0,0,False,westside,GIANTX,cypher,True,100,50,0,2,1,3,False
1138.871,4877,ACTIVE_ROUND,10,3,6,95.000,,,MiniBoo,Team Heretics,raze,True,100,50,1,2,1,7,True,RieNs,Team Heretics,fade,True,100,50,2,1,0,2,False,Boo,Team Heretics,omen,True,100,25,2,1,2,2,False,benjyfishy,Team Heretics,deadlock,True,69,25,1,1,0,7,True,Wo0t,Team Heretics,chamber,True,100,25,0,6,1,5,False,grubinho,GIANTX,omen,True,100,50,1,1,1,3,False,ara,GIANTX,raze,True,100,50,0,2,1,7,True,Cloud,GIANTX,fade,True,100,50,1,1,1,7,False,Flickless,GIANTX,viper,True,100,50,1,1,0,0,False,westside,GIANTX,cypher,True,100,50,0,2,1,3,False
1139.105,4878,ACTIVE_ROUND,10,3,6,94.000,,,MiniBoo,Team Heretics,raze,True,100,50,1,2,1,7,True,RieNs,Team Heretics,fade,True,100,50,2,1,0,2,False,Boo,Team Heretics,omen,True,100,25,2,1,2,2,False,benjyfishy,Team Heretics,deadlock,True,69,25,0,1,0,7,True,Wo0t,Team Heretics,chamber,True,100,25,0,6,1,5,False,grubinho,GIANTX,omen,True,100,50,1,1,1,3,False,ara,GIANTX,raze,True,100,50,0,2,1,7,True,Cloud,GIANTX,fade,True,100,50,1,1,1,7,False,Flickless,GIANTX,viper,True,100,50,1,1,0,0,False,westside,GIANTX,cypher,True,100,50,0,2,1,3,False
1139.338,4879,ACTIVE_ROUND,10,3,6,94.000,,,MiniBoo,Team Heretics,raze,True,100,50,1,2,1,7,True,RieNs,Team Heretics,fade,True,100,50,2,1,0,2,False,Boo,Team Heretics,omen,True,100,25,2,1,2,2,False,benjyfishy,Team Heretics,deadlock,True,69,25,0,1,0,7,True,Wo0t,Team Heretics,chamber,True,100,25,0,6,1,5,False,grubinho,GIANTX,omen,True,100,50,1,1,1,3,False,ara,GIANTX,raze,True,100,50,0,2,1,7,True,Cloud,GIANTX,fade,True,100,50,1,1,1,7,False,Flickless,GIANTX,viper,True,100,50,1,1,0,0,False,westside,GIANTX,cypher,True,100,50,0,2,1,3,False
1139.572,4880,ACTIVE_ROUND,10,3,6,94.000,,,MiniBoo,Team Heretics,raze,True,100,50,1,2,1,7,True,RieNs,Team Heretics,fade,True,100,50,2,1,0,2,False,Boo,Team Heretics,omen,True,100,25,2,1,2,2,False,benjyfishy,Team Heretics,deadlock,True,69,25,0,1,0,7,True,Wo0t,Team Heretics,chamber,True,100,25,0,6,1,5,False,grubinho,GIANTX,omen,True,100,50,1,1,1,3,False,ara,GIANTX,raze,True,100,50,0,2,1,7,True,Cloud,GIANTX,fade,True,100,50,1,1,1,7,False,Flickless,GIANTX,viper,True,100,50,1,1,0,0,False,westside,GIANTX,cypher,True,100,50,0,2,1,3,False
1139.805,4881,ACTIVE_ROUND,10,3,6,94.000,,,MiniBoo,Team Heretics,raze,True,100,50,1,2,1,7,True,RieNs,Team Heretics,fade,True,100,50,2,1,0,2,False,Boo,Team Heretics,omen,True,100,25,2,1,2,2,False,benjyfishy,Team Heretics,deadlock,True,69,25,0,1,0,7,True,Wo0t,Team Heretics,chamber,True,100,25,0,6,1,5,False,grubinho,GIANTX,omen,True,100,50,1,1,1,3,False,ara,GIANTX,raze,True,100,50,0,2,1,7,True,Cloud,GIANTX,fade,True,100,50,1,1,1,7,False,Flickless,GIANTX,viper,True,100,50,1,1,0,0,False,westside,GIANTX,cypher,True,100,50,0,2,1,3,False
1140.039,4882,ACTIVE_ROUND,10,3,6,93.000,,,MiniBoo,Team Heretics,raze,True,100,50,1,2,1,7,True,RieNs,Team Heretics,fade,True,100,50,2,1,0,2,False,Boo,Team Heretics,omen,True,100,25,2,1,2,2,False,benjyfishy,Team Heretics,deadlock,True,69,25,0,1,0,7,True,Wo0t,Team Heretics,chamber,True,100,25,0,6,1,5,False,grubinho,GIANTX,omen,True,100,50,1,1,1,3,False,ara,GIANTX,raze,True,100,50,0,2,1,7,True,Cloud,GIANTX,fade,True,100,50,1,1,1,7,False,Flickless,GIANTX,viper,True,100,50,1,1,0,0,False,westside,GIANTX,cypher,True,100,50,0,2,1,3,False
1140.272,4883,ACTIVE_ROUND,10,3,6,93.000,,,MiniBoo,Team Heretics,raze,True,100,50,1,2,1,7,True,RieNs,Team Heretics,fade,True,100,50,2,1,0,2,False,Boo,Team Heretics,omen,True,100,25,2,1,1,2,False,benjyfishy,Team Heretics,deadlock,True,69,25,0,1,0,7,True,Wo0t,Team Heretics,chamber,True,100,25,0,6,1,5,False,grubinho,GIANTX,omen,True,100,50,1,1,1,3,False,ara,GIANTX,raze,True,100,50,0,2,1,7,True,Cloud,GIANTX,fade,True,100,50,1,1,1,7,False,Flickless,GIANTX,viper,True,100,50,1,1,0,0,False,westside,GIANTX,cypher,True,100,50,0,2,1,3,False
1140.506,4884,ACTIVE_ROUND,10,3,6,93.000,,,MiniBoo,Team Heretics,raze,True,100,50,1,2,1,7,True,RieNs,Team Heretics,fade,True,100,50,2,1,0,2,False,Boo,Team Heretics,omen,True,100,25,2,1,1,2,False,benjyfishy,Team Heretics,deadlock,True,69,25,0,1,0,7,True,Wo0t,Team Heretics,chamber,True,100,25,0,6,1,5,False,grubinho,GIANTX,omen,True,100,50,1,1,1,3,False,ara,GIANTX,raze,True,100,50,0,2,1,7,True,Cloud,GIANTX,fade,True,100,50,1,1,1,7,False,Flickless,GIANTX,viper,True,100,50,1,1,0,0,False,westside,GIANTX,cypher,True,100,50,0,2,1,3,False
1140.740,4885,ACTIVE_ROUND,10,3,6,93.000,,,MiniBoo,Team Heretics,raze,True,100,50,1,2,1,7,True,RieNs,Team Heretics,fade,True,100,50,2,1,0,2,False,Boo,Team Heretics,omen,True,100,25,2,1,1,2,False,benjyfishy,Team Heretics,deadlock,True,69,25,0,1,0,7,True,Wo0t,Team Heretics,chamber,True,100,25,0,6,1,5,False,grubinho,GIANTX,omen,True,100,50,1,1,1,3,False,ara,GIANTX,raze,True,100,50,0,2,1,7,True,Cloud,GIANTX,fade,True,100,50,1,1,1,7,False,Flickless,GIANTX,viper,True,100,50,1,1,0,0,False,westside,GIANTX,cypher,True,100,50,0,2,1,3,False
1140.973,4886,ACTIVE_ROUND,10,3,6,92.000,,,MiniBoo,Team Heretics,raze,True,100,50,1,2,1,7,True,RieNs,Team Heretics,fade,True,100,50,2,1,0,2,False,Boo,Team Heretics,omen,True,100,25,2,1,1,2,False,benjyfishy,Team Heretics,deadlock,True,69,25,0,1,0,7,True,Wo0t,Team Heretics,chamber,True,100,25,0,6,1,5,False,grubinho,GIANTX,omen,True,100,50,1,1,1,3,False,ara,GIANTX,raze,True,100,50,0,2,1,7,True,Cloud,GIANTX,fade,True,100,50,1,1,1,7,False,Flickless,GIANTX,viper,True,100,50,1,1,0,0,False,westside,GIANTX,cypher,True,100,50,0,2,1,3,False
1141.207,4887,ACTIVE_ROUND,10,3,6,92.000,,,MiniBoo,Team Heretics,raze,True,100,50,1,2,1,7,True,RieNs,Team Heretics,fade,True,100,50,2,1,0,2,False,Boo,Team Heretics,omen,True,100,25,2,1,1,2,False,benjyfishy,Team Heretics,deadlock,True,73,25,0,1,0,7,True,Wo0t,Team Heretics,chamber,True,100,25,0,6,1,5,False,grubinho,GIANTX,omen,True,100,50,1,1,1,3,False,ara,GIANTX,raze,True,100,50,0,2,1,7,True,Cloud,GIANTX,fade,True,100,50,1,1,1,7,False,Flickless,GIANTX,viper,True,100,50,1,1,0,0,False,westside,GIANTX,cypher,True,100,50,0,2,1,3,False
1141.440,4888,ACTIVE_ROUND,10,3,6,92.000,,,MiniBoo,Team Heretics,raze,True,100,50,1,2,1,7,True,RieNs,Team Heretics,fade,True,100,50,2,1,0,2,False,Boo,Team Heretics,omen,True,100,25,2,1,1,2,False,benjyfishy,Team Heretics,deadlock,True,73,25,0,1,0,7,True,Wo0t,Team Heretics,chamber,True,100,25,0,6,1,5,False,grubinho,GIANTX,omen,True,100,50,1,1,1,3,False,ara,GIANTX,raze,True,100,50,0,2,1,7,True,Cloud,GIANTX,fade,True,100,50,1,1,1,7,False,Flickless,GIANTX,viper,True,100,50,1,1,0,0,False,westside,GIANTX,cypher,True,100,50,0,2,1,3,False
1141.674,4889,ACTIVE_ROUND,10,3,6,92.000,,,MiniBoo,Team Heretics,raze,True,100,50,1,2,1,7,True,RieNs,Team Heretics,fade,True,100,50,2,1,0,2,False,Boo,Team Heretics,omen,True,100,25,2,1,1,2,False,benjyfishy,Team Heretics,deadlock,True,73,25,0,1,0,7,True,Wo0t,Team Heretics,chamber,True,100,25,0,6,1,5,False,grubinho,GIANTX,omen,True,100,50,1,1,1,3,False,ara,GIANTX,raze,True,100,50,0,2,1,7,True,Cloud,GIANTX,fade,True,100,50,1,1,1,7,False,Flickless,GIANTX,viper,True,100,50,1,1,0,0,False,westside,GIANTX,cypher,True,100,50,0,2,1,3,False
1141.907,4890,ACTIVE_ROUND,10,3,6,92.000,,,MiniBoo,Team Heretics,raze,True,100,50,1,2,1,7,True,RieNs,Team Heretics,fade,True,100,50,2,1,0,2,False,Boo,Team Heretics,omen,True,100,25,2,1,1,2,False,benjyfishy,Team Heretics,deadlock,True,73,25,0,1,0,7,True,Wo0t,Team Heretics,chamber,True,100,25,0,6,1,5,False,grubinho,GIANTX,omen,True,100,50,1,1,1,3,False,ara,GIANTX,raze,True,100,50,0,2,1,7,True,Cloud,GIANTX,fade,True,100,50,1,1,1,7,False,Flickless,GIANTX,viper,True,100,50,1,1,0,0,False,westside,GIANTX,cypher,True,100,50,0,2,1,3,False
1142.141,4891,ACTIVE_ROUND,10,3,6,91.000,,,MiniBoo,Team Heretics,raze,True,100,50,1,2,1,7,True,RieNs,Team Heretics,fade,True,100,50,2,1,0,2,False,Boo,Team Heretics,omen,True,100,25,2,1,1,2,False,benjyfishy,Team Heretics,deadlock,True,97,25,0,1,0,7,True,Wo0t,Team Heretics,chamber,True,100,25,0,6,1,5,False,grubinho,GIANTX,omen,True,100,50,1,1,0,3,False,ara,GIANTX,raze,True,100,50,0,2,1,7,True,Cloud,GIANTX,fade,True,100,50,1,1,1,7,False,Flickless,GIANTX,viper,True,100,50,1,1,0,0,False,westside,GIANTX,cypher,True,100,50,0,2,1,3,False
1142.375,4892,ACTIVE_ROUND,10,3,6,91.000,,,MiniBoo,Team Heretics,raze,True,100,50,1,2,1,7,True,RieNs,Team Heretics,fade,True,100,50,2,1,0,2,False,Boo,Team Heretics,omen,True,100,25,2,1,1,2,False,benjyfishy,Team Heretics,deadlock,True,97,25,0,1,0,7,True,Wo0t,Team Heretics,chamber,True,100,25,0,6,1,5,False,grubinho,GIANTX,omen,True,100,50,1,1,0,3,False,ara,GIANTX,raze,True,100,50,0,2,1,7,True,Cloud,GIANTX,fade,True,100,50,1,1,1,7,False,Flickless,GIANTX,viper,True,100,50,1,1,0,0,False,westside,GIANTX,cypher,True,100,50,0,2,1,3,False
1142.608,4893,ACTIVE_ROUND,10,3,6,91.000,,,MiniBoo,Team Heretics,raze,True,100,50,1,2,1,7,True,RieNs,Team Heretics,fade,True,100,50,2,1,0,2,False,Boo,Team Heretics,omen,True,100,25,2,1,1,2,False,benjyfishy,Team Heretics,deadlock,True,97,25,0,1,0,7,True,Wo0t,Team Heretics,chamber,True,100,25,0,6,1,5,False,grubinho,GIANTX,omen,True,100,50,1,1,0,3,False,ara,GIANTX,raze,True,100,50,0,2,1,7,True,Cloud,GIANTX,fade,True,100,50,1,1,1,7,False,Flickless,GIANTX,viper,True,100,50,1,1,0,0,False,westside,GIANTX,cypher,True,100,50,0,2,1,3,False
1142.842,4894,ACTIVE_ROUND,10,3,6,91.000,,,MiniBoo,Team Heretics,raze,True,100,50,1,2,1,7,True,RieNs,Team Heretics,fade,True,100,50,2,1,0,2,False,Boo,Team Heretics,omen,True,100,25,2,1,1,2,False,benjyfishy,Team Heretics,deadlock,True,97,25,0,1,0,7,True,Wo0t,Team Heretics,chamber,True,100,25,0,6,1,5,False,grubinho,GIANTX,omen,True,100,50,1,1,0,3,False,ara,GIANTX,raze,True,100,50,0,2,1,7,True,Cloud,GIANTX,fade,True,100,50,1,1,1,7,False,Flickless,GIANTX,viper,True,100,50,1,1,0,0,False,westside,GIANTX,cypher,True,100,50,0,2,1,3,False
1143.075,4895,ACTIVE_ROUND,10,3,6,90.000,,,MiniBoo,Team Heretics,raze,True,100,50,1,2,1,7,True,RieNs,Team Heretics,fade,True,100,50,2,1,0,2,False,Boo,Team Heretics,omen,True,100,25,2,1,1,2,False,benjyfishy,Team Heretics,deadlock,True,100,25,0,1,0,7,True,Wo0t,Team Heretics,chamber,True,100,25,0,6,1,5,False,grubinho,GIANTX,omen,True,100,50,1,1,0,3,False,ara,GIANTX,raze,True,100,50,0,2,1,7,True,Cloud,GIANTX,fade,True,100,50,0,1,1,7,False,Flickless,GIANTX,viper,True,100,50,1,1,0,0,False,westside,GIANTX,cypher,True,100,50,0,2,1,3,False
1143.309,4896,ACTIVE_ROUND,10,3,6,90.000,,,MiniBoo,Team Heretics,raze,True,100,50,1,2,1,7,True,RieNs,Team Heretics,fade,True,100,50,2,1,0,2,False,Boo,Team Heretics,omen,True,100,25,2,1,1,2,False,benjyfishy,Team Heretics,deadlock,True,100,25,0,1,0,7,True,Wo0t,Team Heretics,chamber,True,100,25,0,6,1,5,False,grubinho,GIANTX,omen,True,100,50,1,1,0,3,False,ara,GIANTX,raze,True,100,50,0,2,1,7,True,Cloud,GIANTX,fade,True,100,50,0,1,1,7,False,Flickless,GIANTX,viper,True,100,50,1,1,0,0,False,westside,GIANTX,cypher,True,100,50,0,2,1,3,False
1143.542,4897,ACTIVE_ROUND,10,3,6,90.000,,,MiniBoo,Team Heretics,raze,True,100,50,1,2,1,7,True,RieNs,Team Heretics,fade,True,100,50,2,1,0,2,False,Boo,Team Heretics,omen,True,100,25,2,1,1,2,False,benjyfishy,Team Heretics,deadlock,True,100,25,0,1,0,7,True,Wo0t,Team Heretics,chamber,True,100,25,0,6,1,5,False,grubinho,GIANTX,omen,True,100,50,1,1,0,3,False,ara,GIANTX,raze,True,100,50,0,2,1,7,True,Cloud,GIANTX,fade,True,100,50,0,1,1,7,False,Flickless,GIANTX,viper,True,100,50,1,1,0,0,False,westside,GIANTX,cypher,True,100,50,0,2,1,3,False
1143.776,4898,ACTIVE_ROUND,10,3,6,90.000,,,MiniBoo,Team Heretics,raze,True,100,50,1,2,1,7,True,RieNs,Team Heretics,fade,True,100,50,2,1,0,2,False,Boo,Team Heretics,omen,True,100,25,2,1,1,2,False,benjyfishy,Team Heretics,deadlock,True,100,25,0,1,0,7,True,Wo0t,Team Heretics,chamber,True,100,25,0,6,1,5,False,grubinho,GIANTX,omen,True,100,50,1,1,0,3,False,ara,GIANTX,raze,True,100,50,0,2,1,7,True,Cloud,GIANTX,fade,True,100,50,0,1,1,7,False,Flickless,GIANTX,viper,True,100,50,1,1,0,0,False,westside,GIANTX,cypher,True,100,50,0,2,1,3,False
1144.010,4899,ACTIVE_ROUND,10,3,6,89.000,,,MiniBoo,Team Heretics,raze,True,100,50,1,2,1,7,True,RieNs,Team Heretics,fade,True,100,50,2,1,0,2,False,Boo,Team Heretics,omen,True,100,25,2,1,1,2,False,benjyfishy,Team Heretics,deadlock,True,100,25,0,1,0,7,True,Wo0t,Team Heretics,chamber,True,100,25,0,6,1,5,False,grubinho,GIANTX,omen,True,100,50,1,1,0,3,False,ara,GIANTX,raze,True,100,50,0,2,1,7,True,Cloud,GIANTX,fade,True,100,50,0,1,1,7,False,Flickless,GIANTX,viper,True,100,50,1,1,0,0,False,westside,GIANTX,cypher,True,100,50,0,2,1,3,False
1144.243,4900,ACTIVE_ROUND,10,3,6,89.000,,,MiniBoo,Team Heretics,raze,True,100,50,1,2,1,7,True,RieNs,Team Heretics,fade,True,100,50,2,1,0,2,False,Boo,Team Heretics,omen,True,100,25,2,1,1,2,False,benjyfishy,Team Heretics,deadlock,True,100,25,0,1,0,7,True,Wo0t,Team Heretics,chamber,True,100,25,0,6,1,5,False,grubinho,GIANTX,omen,True,100,50,1,0,0,3,False,ara,GIANTX,raze,True,100,50,0,1,1,0,False,Cloud,GIANTX,fade,True,100,50,0,1,1,7,False,Flickless,GIANTX,viper,True,100,50,1,1,0,0,False,westside,GIANTX,cypher,True,100,50,0,2,1,3,False
1144.477,4901,ACTIVE_ROUND,10,3,6,89.000,,,MiniBoo,Team Heretics,raze,True,100,50,1,2,1,7,True,RieNs,Team Heretics,fade,True,100,50,2,1,0,2,False,Boo,Team Heretics,omen,True,100,25,2,1,1,2,False,benjyfishy,Team Heretics,deadlock,True,100,25,0,1,0,7,True,Wo0t,Team Heretics,chamber,True,100,25,0,6,1,5,False,grubinho,GIANTX,omen,True,100,50,1,0,0,3,False,ara,GIANTX,raze,True,100,50,0,1,1,0,False,Cloud,GIANTX,fade,True,100,50,0,1,1,7,False,Flickless,GIANTX,viper,True,100,50,1,1,0,0,False,westside,GIANTX,cypher,True,100,50,0,2,1,3,False
1144.710,4902,ACTIVE_ROUND,10,3,6,89.000,,,MiniBoo,Team Heretics,raze,True,100,50,1,2,1,7,True,RieNs,Team Heretics,fade,True,100,50,2,1,0,2,False,Boo,Team Heretics,omen,True,100,25,2,1,1,2,False,benjyfishy,Team Heretics,deadlock,True,100,25,0,1,0,7,True,Wo0t,Team Heretics,chamber,True,100,25,0,6,1,5,False,grubinho,GIANTX,omen,True,100,50,1,0,0,3,False,ara,GIANTX,raze,True,100,50,0,1,1,0,False,Cloud,GIANTX,fade,True,100,50,0,1,1,7,False,Flickless,GIANTX,viper,True,100,50,1,1,0,0,False,westside,GIANTX,cypher,True,100,50,0,2,1,3,False
1144.944,4903,ACTIVE_ROUND,10,3,6,88.000,,,MiniBoo,Team Heretics,raze,True,100,50,1,2,1,7,True,RieNs,Team Heretics,fade,True,100,50,2,1,0,2,False,Boo,Team Heretics,omen,True,100,25,2,1,1,2,False,benjyfishy,Team Heretics,deadlock,True,100,25,0,1,0,7,True,Wo0t,Team Heretics,chamber,True,100,25,0,6,1,5,False,grubinho,GIANTX,omen,True,100,50,1,0,0,3,False,ara,GIANTX,raze,True,100,50,0,1,1,0,False,Cloud,GIANTX,fade,True,100,50,0,1,1,7,False,Flickless,GIANTX,viper,True,100,50,1,1,0,0,False,westside,GIANTX,cypher,True,100,50,0,2,1,3,False
1145.177,4904,ACTIVE_ROUND,10,3,6,88.000,,,MiniBoo,Team Heretics,raze,True,100,50,1,2,1,7,True,RieNs,Team Heretics,fade,True,100,50,1,1,0,2,False,Boo,Team Heretics,omen,True,100,25,2,1,1,2,False,benjyfishy,Team Heretics,deadlock,True,100,25,0,1,0,7,True,Wo0t,Team Heretics,chamber,True,100,25,0,6,1,5,False,grubinho,GIANTX,omen,True,100,50,1,0,0,3,False,ara,GIANTX,raze,True,100,50,0,0,1,0,False,Cloud,GIANTX,fade,True,100,50,0,1,1,7,False,Flickless,GIANTX,viper,True,100,50,1,1,0,0,False,westside,GIANTX,cypher,True,100,50,0,2,1,3,False
1145.411,4905,ACTIVE_ROUND,10,3,6,88.000,,,MiniBoo,Team Heretics,raze,True,100,50,1,2,1,7,True,RieNs,Team Heretics,fade,True,100,50,1,1,0,2,False,Boo,Team Heretics,omen,True,100,25,2,1,1,2,False,benjyfishy,Team Heretics,deadlock,True,100,25,0,1,0,7,True,Wo0t,Team Heretics,chamber,True,100,25,0,6,1,5,False,grubinho,GIANTX,omen,True,100,50,1,0,0,3,False,ara,GIANTX,raze,True,100,50,0,0,1,0,False,Cloud,GIANTX,fade,True,100,50,0,1,1,7,False,Flickless,GIANTX,viper,True,100,50,1,1,0,0,False,westside,GIANTX,cypher,True,100,50,0,2,1,3,False
1145.645,4906,ACTIVE_ROUND,10,3,6,88.000,,,MiniBoo,Team Heretics,raze,True,100,50,1,2,1,7,True,RieNs,Team Heretics,fade,True,100,50,1,1,0,2,False,Boo,Team Heretics,omen,True,100,25,2,1,1,2,False,benjyfishy,Team Heretics,deadlock,True,100,25,0,1,0,7,True,Wo0t,Team Heretics,chamber,True,100,25,0,6,1,5,False,grubinho,GIANTX,omen,True,100,50,1,0,0,3,False,ara,GIANTX,raze,True,100,50,0,0,1,0,False,Cloud,GIANTX,fade,True,100,50,0,1,1,7,False,Flickless,GIANTX,viper,True,100,50,1,1,0,0,False,westside,GIANTX,cypher,True,100,50,0,2,1,3,False
1145.878,4907,ACTIVE_ROUND,10,3,6,88.000,,,MiniBoo,Team Heretics,raze,True,100,50,1,2,1,7,True,RieNs,Team Heretics,fade,True,100,50,1,1,0,2,False,Boo,Team Heretics,omen,True,100,25,2,1,1,2,False,benjyfishy,Team Heretics,deadlock,True,100,25,0,1,0,7,True,Wo0t,Team Heretics,chamber,True,100,25,0,6,1,5,False,grubinho,GIANTX,omen,True,100,50,1,0,0,3,False,ara,GIANTX,raze,True,100,50,0,0,1,0,False,Cloud,GIANTX,fade,True,100,50,0,1,1,7,False,Flickless,GIANTX,viper,True,100,50,1,1,0,0,False,westside,GIANTX,cypher,True,100,50,0,2,1,3,False
1146.112,4908,ACTIVE_ROUND,10,3,6,87.000,,,MiniBoo,Team Heretics,raze,True,100,50,0,2,1,7,True,RieNs,Team Heretics,fade,True,100,50,1,1,0,2,False,Boo,Team Heretics,omen,True,100,25,1,1,1,2,False,benjyfishy,Team Heretics,deadlock,True,100,25,0,1,0,7,True,Wo0t,Team Heretics,chamber,True,100,25,0,6,1,5,False,grubinho,GIANTX,omen,True,100,50,1,0,0,3,False,ara,GIANTX,raze,True,100,50,0,0,1,0,False,Cloud,GIANTX,fade,True,100,50,0,1,1,7,False,Flickless,GIANTX,viper,True,100,50,1,1,0,0,False,westside,GIANTX,cypher,True,100,50,0,1,1,3,False
1146.345,4909,ACTIVE_ROUND,10,3,6,87.000,,,MiniBoo,Team Heretics,raze,True,100,50,0,2,1,7,True,RieNs,Team Heretics,fade,True,100,50,1,1,0,2,False,Boo,Team Heretics,omen,True,100,25,1,1,1,2,False,benjyfishy,Team Heretics,deadlock,True,100,25,0,1,0,7,True,Wo0t,Team Heretics,chamber,True,100,25,0,6,1,5,False,grubinho,GIANTX,omen,True,100,50,1,0,0,3,False,ara,GIANTX,raze,True,100,50,0,0,1,0,False,Cloud,GIANTX,fade,True,100,50,0,1,1,7,False,Flickless,GIANTX,viper,True,100,50,1,1,0,0,False,westside,GIANTX,cypher,True,100,50,0,1,1,3,False
1146.579,4910,ACTIVE_ROUND,10,3,6,87.000,,,MiniBoo,Team Heretics,raze,True,100,50,0,2,1,7,True,RieNs,Team Heretics,fade,True,100,50,1,1,0,2,False,Boo,Team Heretics,omen,True,100,25,1,1,1,2,False,benjyfishy,Team Heretics,deadlock,True,100,25,0,1,0,7,True,Wo0t,Team Heretics,chamber,True,100,25,0,6,1,5,False,grubinho,GIANTX,omen,True,100,50,1,0,0,3,False,ara,GIANTX,raze,True,100,50,0,0,1,0,False,Cloud,GIANTX,fade,True,100,50,0,1,1,7,False,Flickless,GIANTX,viper,True,100,50,1,1,0,0,False,westside,GIANTX,cypher,True,100,50,0,1,1,3,False
1146.812,4911,ACTIVE_ROUND,10,3,6,87.000,,,MiniBoo,Team Heretics,raze,True,100,50,0,2,1,7,True,RieNs,Team Heretics,fade,True,100,50,1,1,0,2,False,Boo,Team Heretics,omen,True,100,25,1,1,1,2,False,benjyfishy,Team Heretics,deadlock,True,100,25,0,1,0,7,True,Wo0t,Team Heretics,chamber,True,100,25,0,6,1,5,False,grubinho,GIANTX,omen,True,100,50,1,0,0,3,False,ara,GIANTX,raze,True,100,50,0,0,1,0,False,Cloud,GIANTX,fade,True,100,50,0,1,1,7,False,Flickless,GIANTX,viper,True,100,50,1,1,0,0,False,westside,GIANTX,cypher,True,100,50,0,1,1,3,False
1147.046,4912,ACTIVE_ROUND,10,3,6,86.000,,,MiniBoo,Team Heretics,raze,True,100,50,0,2,1,7,True,RieNs,Team Heretics,fade,True,100,50,1,1,0,2,False,Boo,Team Heretics,omen,True,100,25,1,1,1,2,False,benjyfishy,Team Heretics,deadlock,True,100,25,0,1,0,7,True,Wo0t,Team Heretics,chamber,True,100,25,0,6,1,5,False,grubinho,GIANTX,omen,True,100,50,1,0,0,3,False,ara,GIANTX,raze,True,100,50,0,0,1,0,False,Cloud,GIANTX,fade,True,100,50,0,1,1,7,False,Flickless,GIANTX,viper,True,100,50,1,1,0,0,False,westside,GIANTX,cypher,True,100,50,0,1,1,3,False
1147.279,4913,ACTIVE_ROUND,10,3,6,86.000,,,MiniBoo,Team Heretics,raze,True,100,50,0,1,1,0,False,RieNs,Team Heretics,fade,True,100,50,1,1,0,2,False,Boo,Team Heretics,omen,True,100,25,1,1,1,2,False,benjyfishy,Team Heretics,deadlock,True,100,25,0,1,0,7,True,Wo0t,Team Heretics,chamber,True,100,25,0,6,1,5,False,grubinho,GIANTX,omen,True,100,50,1,0,0,3,False,ara,GIANTX,raze,True,100,50,0,0,1,0,False,Cloud,GIANTX,fade,True,100,50,0,1,1,7,False,Flickless,GIANTX,viper,True,100,50,1,1,0,0,False,westside,GIANTX,cypher,True,100,50,0,1,1,3,False
1147.513,4914,ACTIVE_ROUND,10,3,6,86.000,,,MiniBoo,Team Heretics,raze,True,100,50,0,1,1,0,False,RieNs,Team Heretics,fade,True,100,50,1,1,0,2,False,Boo,Team Heretics,omen,True,100,25,1,1,1,2,False,benjyfishy,Team Heretics,deadlock,True,100,25,0,1,0,7,True,Wo0t,Team Heretics,chamber,True,100,25,0,6,1,5,False,grubinho,GIANTX,omen,True,100,50,1,0,0,3,False,ara,GIANTX,raze,True,100,50,0,0,1,0,False,Cloud,GIANTX,fade,True,100,50,0,1,1,7,False,Flickless,GIANTX,viper,True,100,50,1,1,0,0,False,westside,GIANTX,cypher,True,100,50,0,1,1,3,False
1147.747,4915,ACTIVE_ROUND,10,3,6,86.000,,,MiniBoo,Team Heretics,raze,True,100,50,0,1,1,0,False,RieNs,Team Heretics,fade,True,100,50,1,1,0,2,False,Boo,Team Heretics,omen,True,100,25,0,0,0,2,False,benjyfishy,Team Heretics,deadlock,True,100,25,0,1,0,7,True,Wo0t,Team Heretics,chamber,True,100,25,0,6,1,5,False,grubinho,GIANTX,omen,True,100,50,1,0,0,3,False,ara,GIANTX,raze,True,100,50,0,0,1,0,False,Cloud,GIANTX,fade,True,100,50,0,1,1,7,False,Flickless,GIANTX,viper,True,100,50,1,1,0,0,False,westside,GIANTX,cypher,True,100,50,0,1,1,3,False
1147.980,4916,ACTIVE_ROUND,10,3,6,85.000,,,MiniBoo,Team Heretics,raze,True,100,50,0,1,1,0,False,RieNs,Team Heretics,fade,True,100,50,1,1,0,2,False,Boo,Team Heretics,omen,False,,25,0,0,0,2,False,benjyfishy,Team Heretics,deadlock,True,100,25,0,1,0,7,True,Wo0t,Team Heretics,chamber,True,100,25,0,6,1,5,False,grubinho,GIANTX,omen,True,100,50,1,0,0,3,False,ara,GIANTX,raze,True,100,50,0,0,1,0,False,Cloud,GIANTX,fade,True,100,50,0,1,1,7,False,Flickless,GIANTX,viper,True,100,50,1,1,0,0,False,westside,GIANTX,cypher,True,100,50,0,1,1,3,False
1148.214,4917,ACTIVE_ROUND,10,3,6,85.000,,,MiniBoo,Team Heretics,raze,True,100,50,0,1,1,0,False,RieNs,Team Heretics,fade,True,100,50,1,1,0,2,False,Boo,Team Heretics,omen,False,,25,0,0,0,2,False,benjyfishy,Team Heretics,deadlock,True,100,25,0,1,0,7,True,Wo0t,Team Heretics,chamber,True,100,25,0,6,1,5,False,grubinho,GIANTX,omen,True,100,50,1,0,0,3,False,ara,GIANTX,raze,True,100,50,0,0,1,0,False,Cloud,GIANTX,fade,True,100,50,0,1,1,7,False,Flickless,GIANTX,viper,True,72,50,1,1,0,0,False,westside,GIANTX,cypher,True,100,50,0,1,1,3,False
1148.447,4918,ACTIVE_ROUND,10,3,6,85.000,,,MiniBoo,Team Heretics,raze,True,100,50,0,1,1,0,False,RieNs,Team Heretics,fade,True,100,50,1,1,0,2,False,Boo,Team Heretics,omen,False,,25,0,0,0,2,False,benjyfishy,Team Heretics,deadlock,True,100,25,0,1,0,7,True,Wo0t,Team Heretics,chamber,True,100,25,0,6,1,5,False,grubinho,GIANTX,omen,True,100,50,1,0,0,3,False,ara,GIANTX,raze,True,100,50,0,0,1,0,False,Cloud,GIANTX,fade,True,100,50,0,1,1,7,False,Flickless,GIANTX,viper,True,72,50,1,1,0,0,False,westside,GIANTX,cypher,True,100,50,0,1,1,3,False
1148.681,4919,ACTIVE_ROUND,10,3,6,85.000,,,MiniBoo,Team Heretics,raze,True,100,50,0,1,1,0,False,RieNs,Team Heretics,fade,True,100,50,1,1,0,2,False,Boo,Team Heretics,omen,False,,25,0,0,0,2,False,benjyfishy,Team Heretics,deadlock,True,100,25,0,1,0,7,True,Wo0t,Team Heretics,chamber,True,100,25,0,6,1,5,False,grubinho,GIANTX,omen,True,100,50,1,0,0,3,False,ara,GIANTX,raze,True,100,50,0,0,1,0,False,Cloud,GIANTX,fade,True,100,50,0,1,1,7,False,Flickless,GIANTX,viper,True,72,50,0,0,0,0,False,westside,GIANTX,cypher,True,100,50,0,1,1,3,False
1148.914,4920,ACTIVE_ROUND,10,3,6,85.000,,,MiniBoo,Team Heretics,raze,True,100,50,0,1,1,0,False,RieNs,Team Heretics,fade,True,100,50,1,1,0,2,False,Boo,Team Heretics,omen,False,,25,0,0,0,2,False,benjyfishy,Team Heretics,deadlock,True,100,25,0,1,0,7,True,Wo0t,Team Heretics,chamber,True,100,25,0,6,1,5,False,grubinho,GIANTX,omen,True,100,50,1,0,0,3,False,ara,GIANTX,raze,True,100,50,0,0,1,0,False,Cloud,GIANTX,fade,True,100,50,0,1,1,7,False,Flickless,GIANTX,viper,False,,50,0,0,0,0,False,westside,GIANTX,cypher,True,100,50,0,1,1,3,False
1149.148,4921,ACTIVE_ROUND,10,3,6,84.000,,,MiniBoo,Team Heretics,raze,True,60,50,0,1,1,0,False,RieNs,Team Heretics,fade,True,100,50,1,1,0,2,False,Boo,Team Heretics,omen,False,,25,0,0,0,2,False,benjyfishy,Team Heretics,deadlock,True,100,25,0,1,0,7,True,Wo0t,Team Heretics,chamber,True,100,25,0,6,1,5,False,grubinho,GIANTX,omen,True,100,50,1,0,0,3,False,ara,GIANTX,raze,True,100,50,0,0,1,0,False,Cloud,GIANTX,fade,True,100,50,0,1,1,7,False,Flickless,GIANTX,viper,False,,50,0,0,0,0,False,westside,GIANTX,cypher,True,100,50,0,1,1,3,False
1149.382,4922,ACTIVE_ROUND,10,3,6,84.000,,,MiniBoo,Team Heretics,raze,True,60,50,0,1,1,0,False,RieNs,Team Heretics,fade,True,100,50,1,1,0,2,False,Boo,Team Heretics,omen,False,,25,0,0,0,2,False,benjyfishy,Team Heretics,deadlock,True,100,25,0,1,0,7,True,Wo0t,Team Heretics,chamber,True,100,25,0,6,1,5,False,grubinho,GIANTX,omen,True,100,50,1,0,0,3,False,ara,GIANTX,raze,True,100,50,0,0,1,0,False,Cloud,GIANTX,fade,True,100,50,0,1,1,7,False,Flickless,GIANTX,viper,False,,50,0,0,0,0,False,westside,GIANTX,cypher,True,100,50,0,1,1,3,False
1149.615,4923,ACTIVE_ROUND,10,3,6,84.000,,,MiniBoo,Team Heretics,raze,True,60,50,0,0,0,0,False,RieNs,Team Heretics,fade,True,100,50,1,1,0,2,False,Boo,Team Heretics,omen,False,,25,0,0,0,2,False,benjyfishy,Team Heretics,deadlock,True,100,25,0,1,0,7,True,Wo0t,Team Heretics,chamber,True,100,25,0,6,1,5,False,grubinho,GIANTX,omen,True,100,50,1,0,0,3,False,ara,GIANTX,raze,True,100,50,0,0,1,0,False,Cloud,GIANTX,fade,True,100,50,0,1,1,7,False,Flickless,GIANTX,viper,False,,50,0,0,0,0,False,westside,GIANTX,cypher,True,100,50,0,1,1,3,False
1149.849,4924,ACTIVE_ROUND,10,3,6,84.000,,,MiniBoo,Team Heretics,raze,False,,50,0,0,0,0,False,RieNs,Team Heretics,fade,True,100,50,1,1,0,2,False,Boo,Team Heretics,omen,False,,25,0,0,0,2,False,benjyfishy,Team Heretics,deadlock,True,100,25,0,1,0,7,True,Wo0t,Team Heretics,chamber,True,100,25,0,6,1,5,False,grubinho,GIANTX,omen,True,100,50,1,0,0,3,False,ara,GIANTX,raze,True,100,50,0,0,1,0,False,Cloud,GIANTX,fade,True,100,50,0,1,1,7,False,Flickless,GIANTX,viper,False,,50,0,0,0,0,False,westside,GIANTX,cypher,True,100,50,0,1,1,3,False
1150.082,4925,ACTIVE_ROUND,10,3,6,83.000,,,MiniBoo,Team Heretics,raze,False,,50,0,0,0,0,False,RieNs,Team Heretics,fade,True,100,50,1,1,0,2,False,Boo,Team Heretics,omen,False,,25,0,0,0,2,False,benjyfishy,Team Heretics,deadlock,True,100,25,0,1,0,0,False,Wo0t,Team Heretics,chamber,True,100,25,0,6,1,5,False,grubinho,GIANTX,omen,True,100,50,1,0,0,3,False,ara,GIANTX,raze,True,100,50,0,0,1,0,False,Cloud,GIANTX,fade,True,100,50,0,1,1,7,False,Flickless,GIANTX,viper,False,,50,0,0,0,0,False,westside,GIANTX,cypher,True,70,50,0,1,1,4,False
1150.316,4926,ACTIVE_ROUND,10,3,6,83.000,,,MiniBoo,Team Heretics,raze,False,,50,0,0,0,0,False,RieNs,Team Heretics,fade,True,100,50,1,1,0,2,False,Boo,Team Heretics,omen,False,,25,0,0,0,2,False,benjyfishy,Team Heretics,deadlock,True,100,25,0,1,0,0,False,Wo0t,Team Heretics,chamber,True,100,25,0,6,1,5,False,grubinho,GIANTX,omen,True,100,50,1,0,0,3,False,ara,GIANTX,raze,True,100,50,0,0,1,0,False,Cloud,GIANTX,fade,True,100,50,0,1,1,7,False,Flickless,GIANTX,viper,False,,50,0,0,0,0,False,westside,GIANTX,cypher,True,70,50,0,1,1,4,False
1150.549,4927,ACTIVE_ROUND,10,3,6,83.000,,,MiniBoo,Team Heretics,raze,False,,50,0,0,0,0,False,RieNs,Team Heretics,fade,True,100,50,1,1,0,2,False,Boo,Team Heretics,omen,False,,25,0,0,0,2,False,benjyfishy,Team Heretics,deadlock,True,100,25,0,1,0,0,False,Wo0t,Team Heretics,chamber,True,100,25,0,6,1,5,False,grubinho,GIANTX,omen,True,100,50,1,0,0,3,False,ara,GIANTX,raze,True,100,50,0,0,1,0,False,Cloud,GIANTX,fade,True,100,50,0,1,1,7,False,Flickless,GIANTX,viper,False,,50,0,0,0,0,False,westside,GIANTX,cypher,True,70,50,0,1,1,4,False
1150.783,4928,ACTIVE_ROUND,10,3,6,83.000,,,MiniBoo,Team Heretics,raze,False,,50,0,0,0,0,False,RieNs,Team Heretics,fade,True,100,50,1,1,0,2,False,Boo,Team Heretics,omen,False,,25,0,0,0,2,False,benjyfishy,Team Heretics,deadlock,True,100,25,0,1,0,0,False,Wo0t,Team Heretics,chamber,True,100,25,0,6,1,5,False,grubinho,GIANTX,omen,True,100,50,1,0,0,3,False,ara,GIANTX,raze,True,100,50,0,0,1,0,False,Cloud,GIANTX,fade,True,100,50,0,1,1,7,False,Flickless,GIANTX,viper,False,,50,0,0,0,0,False,westside,GIANTX,cypher,True,70,50,0,1,1,4,False
1151.017,4929,ACTIVE_ROUND,10,3,6,82.000,,,MiniBoo,Team Heretics,raze,False,,50,0,0,0,0,False,RieNs,Team Heretics,fade,True,100,50,1,1,0,2,False,Boo,Team Heretics,omen,False,,25,0,0,0,2,False,benjyfishy,Team Heretics,deadlock,True,100,25,0,1,0,0,False,Wo0t,Team Heretics,chamber,True,100,25,0,6,1,5,False,grubinho,GIANTX,omen,True,100,50,1,0,0,3,False,ara,GIANTX,raze,True,100,50,0,0,1,0,False,Cloud,GIANTX,fade,True,100,50,0,1,1,7,False,Flickless,GIANTX,viper,False,,50,0,0,0,0,False,westside,GIANTX,cypher,True,70,50,0,1,1,4,False
1151.250,4930,ACTIVE_ROUND,10,3,6,82.000,,,MiniBoo,Team Heretics,raze,False,,50,0,0,0,0,False,RieNs,Team Heretics,fade,True,100,50,1,1,0,2,False,Boo,Team Heretics,omen,False,,25,0,0,0,2,False,benjyfishy,Team Heretics,deadlock,True,85,25,0,1,0,0,False,Wo0t,Team Heretics,chamber,True,100,25,0,6,1,5,False,grubinho,GIANTX,omen,True,100,50,1,0,0,3,False,ara,GIANTX,raze,True,100,50,0,0,0,0,False,Cloud,GIANTX,fade,True,100,50,0,1,1,7,False,Flickless,GIANTX,viper,False,,50,0,0,0,0,False,westside,GIANTX,cypher,True,70,50,0,1,1,4,False
1151.484,4931,ACTIVE_ROUND,10,3,6,82.000,,,MiniBoo,Team Heretics,raze,False,,50,0,0,0,0,False,RieNs,Team Heretics,fade,True,100,50,1,1,0,2,False,Boo,Team Heretics,omen,False,,25,0,0,0,2,False,benjyfishy,Team Heretics,deadlock,True,85,25,0,1,0,0,False,Wo0t,Team Heretics,chamber,True,100,25,0,6,1,5,False,grubinho,GIANTX,omen,True,100,50,1,0,0,3,False,ara,GIANTX,raze,True,100,50,0,0,0,0,False,Cloud,GIANTX,fade,True,100,50,0,1,1,7,False,Flickless,GIANTX,viper,False,,50,0,0,0,0,False,westside,GIANTX,cypher,True,70,50,0,1,1,4,False
1151.717,4932,ACTIVE_ROUND,10,3,6,82.000,,,MiniBoo,Team Heretics,raze,False,,50,0,0,0,0,False,RieNs,Team Heretics,fade,True,100,50,1,1,0,2,False,Boo,Team Heretics,omen,False,,25,0,0,0,2,False,benjyfishy,Team Heretics,deadlock,True,85,25,0,1,0,0,False,Wo0t,Team Heretics,chamber,True,100,25,0,6,1,5,False,grubinho,GIANTX,omen,True,100,50,1,0,0,3,False,ara,GIANTX,raze,True,100,50,0,0,0,0,False,Cloud,GIANTX,fade,True,100,50,0,1,1,7,False,Flickless,GIANTX,viper,False,,50,0,0,0,0,False,westside,GIANTX,cypher,True,70,50,0,1,1,4,False
1151.951,4933,ACTIVE_ROUND,10,3,6,81.000,,,MiniBoo,Team Heretics,raze,False,,50,0,0,0,0,False,RieNs,Team Heretics,fade,True,100,50,1,1,0,2,False,Boo,Team Heretics,omen,False,,25,0,0,0,2,False,benjyfishy,Team Heretics,deadlock,True,85,25,0,1,0,0,False,Wo0t,Team Heretics,chamber,True,100,25,0,6,1,5,False,grubinho,GIANTX,omen,True,100,50,1,0,0,3,False,ara,GIANTX,raze,True,100,50,0,0,0,0,False,Cloud,GIANTX,fade,True,100,50,0,1,1,7,False,Flickless,GIANTX,viper,False,,50,0,0,0,0,False,westside,GIANTX,cypher,True,70,50,0,1,1,4,False
1152.184,4934,ACTIVE_ROUND,10,3,6,81.000,,,MiniBoo,Team Heretics,raze,False,,50,0,0,0,0,False,RieNs,Team Heretics,fade,True,100,50,1,1,0,2,False,Boo,Team Heretics,omen,False,,25,0,0,0,2,False,benjyfishy,Team Heretics,deadlock,True,85,25,0,1,0,0,False,Wo0t,Team Heretics,chamber,True,100,25,0,6,0,5,False,grubinho,GIANTX,omen,True,100,50,1,0,0,3,False,ara,GIANTX,raze,True,100,50,0,0,0,0,False,Cloud,GIANTX,fade,True,100,50,0,1,1,7,False,Flickless,GIANTX,viper,False,,50,0,0,0,0,False,westside,GIANTX,cypher,True,70,50,0,1,1,4,False
1152.418,4935,ACTIVE_ROUND,10,3,6,81.000,,,MiniBoo,Team Heretics,raze,False,,50,0,0,0,0,False,RieNs,Team Heretics,fade,True,100,50,1,1,0,2,False,Boo,Team Heretics,omen,False,,25,0,0,0,2,False,benjyfishy,Team Heretics,deadlock,True,85,25,0,1,0,0,False,Wo0t,Team Heretics,chamber,True,100,25,0,6,0,5,False,grubinho,GIANTX,omen,True,100,50,1,0,0,3,False,ara,GIANTX,raze,True,100,50,0,0,0,0,False,Cloud,GIANTX,fade,True,100,50,0,1,1,7,False,Flickless,GIANTX,viper,False,,50,0,0,0,0,False,westside,GIANTX,cypher,True,70,50,0,1,1,4,False
1152.651,4936,ACTIVE_ROUND,10,3,6,81.000,,,MiniBoo,Team Heretics,raze,False,,50,0,0,0,0,False,RieNs,Team Heretics,fade,True,100,50,1,1,0,2,False,Boo,Team Heretics,omen,False,,25,0,0,0,2,False,benjyfishy,Team Heretics,deadlock,True,85,25,0,1,0,0,False,Wo0t,Team Heretics,chamber,True,100,25,0,6,0,5,False,grubinho,GIANTX,omen,True,100,50,1,0,0,3,False,ara,GIANTX,raze,True,100,50,0,0,0,0,False,Cloud,GIANTX,fade,True,100,50,0,1,1,7,False,Flickless,GIANTX,viper,False,,50,0,0,0,0,False,westside,GIANTX,cypher,True,70,50,0,1,1,4,False
1152.885,4937,ACTIVE_ROUND,10,3,6,81.000,,,MiniBoo,Team Heretics,raze,False,,50,0,0,0,0,False,RieNs,Team Heretics,fade,True,100,50,1,1,0,2,False,Boo,Team Heretics,omen,False,,25,0,0,0,2,False,benjyfishy,Team Heretics,deadlock,True,85,25,0,1,0,0,False,Wo0t,Team Heretics,chamber,True,100,25,0,6,0,5,False,grubinho,GIANTX,omen,True,100,50,1,0,0,3,False,ara,GIANTX,raze,True,100,50,0,0,0,0,False,Cloud,GIANTX,fade,True,100,50,0,1,1,7,False,Flickless,GIANTX,viper,False,,50,0,0,0,0,False,westside,GIANTX,cypher,True,70,50,0,1,1,4,False
1153.119,4938,ACTIVE_ROUND,10,3,6,80.000,,,MiniBoo,Team Heretics,raze,False,,50,0,0,0,0,False,RieNs,Team Heretics,fade,True,100,50,1,1,0,2,False,Boo,Team Heretics,omen,False,,25,0,0,0,2,False,benjyfishy,Team Heretics,deadlock,True,85,25,0,1,0,0,False,Wo0t,Team Heretics,chamber,True,100,25,0,6,0,5,False,grubinho,GIANTX,omen,True,100,50,1,0,0,3,False,ara,GIANTX,raze,True,100,50,0,0,0,0,False,Cloud,GIANTX,fade,True,100,50,0,1,1,7,False,Flickless,GIANTX,viper,False,,50,0,0,0,0,False,westside,GIANTX,cypher,True,70,50,0,1,1,4,False
1153.352,4939,ACTIVE_ROUND,10,3,6,80.000,,,MiniBoo,Team Heretics,raze,False,,50,0,0,0,0,False,RieNs,Team Heretics,fade,True,100,50,1,1,0,2,False,Boo,Team Heretics,omen,False,,25,0,0,0,2,False,benjyfishy,Team Heretics,deadlock,True,85,25,0,1,0,0,False,Wo0t,Team Heretics,chamber,True,100,25,0,6,0,5,False,grubinho,GIANTX,omen,True,100,50,1,0,0,3,False,ara,GIANTX,raze,True,100,50,0,0,0,0,False,Cloud,GIANTX,fade,True,100,50,0,1,1,7,False,Flickless,GIANTX,viper,False,,50,0,0,0,0,False,westside,GIANTX,cypher,True,70,50,0,1,1,4,False
1153.586,4940,ACTIVE_ROUND,10,3,6,80.000,,,MiniBoo,Team Heretics,raze,False,,50,0,0,0,0,False,RieNs,Team Heretics,fade,True,100,50,1,1,0,2,False,Boo,Team Heretics,omen,False,,25,0,0,0,2,False,benjyfishy,Team Heretics,deadlock,True,85,25,0,1,0,0,False,Wo0t,Team Heretics,chamber,True,100,25,0,6,0,5,False,grubinho,GIANTX,omen,True,100,50,1,0,0,3,False,ara,GIANTX,raze,True,100,50,0,0,0,0,False,Cloud,GIANTX,fade,True,100,50,0,1,1,7,False,Flickless,GIANTX,viper,False,,50,0,0,0,0,False,westside,GIANTX,cypher,True,70,50,0,1,1,4,False
1153.819,4941,ACTIVE_ROUND,10,3,6,80.000,,,MiniBoo,Team Heretics,raze,False,,50,0,0,0,0,False,RieNs,Team Heretics,fade,True,100,50,1,1,0,2,False,Boo,Team Heretics,omen,False,,25,0,0,0,2,False,benjyfishy,Team Heretics,deadlock,True,85,25,0,1,0,0,False,Wo0t,Team Heretics,chamber,True,100,25,0,6,0,5,False,grubinho,GIANTX,omen,True,100,50,1,0,0,3,False,ara,GIANTX,raze,True,100,50,0,0,0,0,False,Cloud,GIANTX,fade,True,100,50,0,1,1,7,False,Flickless,GIANTX,viper,False,,50,0,0,0,0,False,westside,GIANTX,cypher,True,70,50,0,1,1,4,False
1154.053,4942,ACTIVE_ROUND,10,3,6,79.000,,,MiniBoo,Team Heretics,raze,False,,50,0,0,0,0,False,RieNs,Team Heretics,fade,True,100,50,1,1,0,2,False,Boo,Team Heretics,omen,False,,25,0,0,0,2,False,benjyfishy,Team Heretics,deadlock,True,85,25,0,1,0,0,False,Wo0t,Team Heretics,chamber,True,100,25,0,6,0,5,False,grubinho,GIANTX,omen,True,100,50,1,0,0,3,False,ara,GIANTX,raze,True,100,50,0,0,0,0,False,Cloud,GIANTX,fade,True,100,50,0,1,1,7,False,Flickless,GIANTX,viper,False,,50,0,0,0,0,False,westside,GIANTX,cypher,True,70,50,0,1,1,4,False
1154.286,4943,ACTIVE_ROUND,10,3,6,79.000,,,MiniBoo,Team Heretics,raze,False,,50,0,0,0,0,False,RieNs,Team Heretics,fade,True,100,50,1,1,0,2,False,Boo,Team Heretics,omen,False,,25,0,0,0,2,False,benjyfishy,Team Heretics,deadlock,True,85,8,0,1,0,0,False,Wo0t,Team Heretics,chamber,True,100,25,0,6,0,5,False,grubinho,GIANTX,omen,True,100,50,1,0,0,3,False,ara,GIANTX,raze,True,100,50,0,0,0,0,False,Cloud,GIANTX,fade,True,100,50,0,1,1,7,False,Flickless,GIANTX,viper,False,,50,0,0,0,0,False,westside,GIANTX,cypher,True,70,50,0,1,1,4,False
1154.520,4944,ACTIVE_ROUND,10,3,6,79.000,,,MiniBoo,Team Heretics,raze,False,,50,0,0,0,0,False,RieNs,Team Heretics,fade,True,100,50,1,1,0,2,False,Boo,Team Heretics,omen,False,,25,0,0,0,2,False,benjyfishy,Team Heretics,deadlock,True,85,8,0,1,0,0,False,Wo0t,Team Heretics,chamber,True,100,25,0,6,0,5,False,grubinho,GIANTX,omen,True,100,50,1,0,0,3,False,ara,GIANTX,raze,True,100,50,0,0,0,0,False,Cloud,GIANTX,fade,True,100,50,0,1,1,7,False,Flickless,GIANTX,viper,False,,50,0,0,0,0,False,westside,GIANTX,cypher,True,70,50,0,1,1,4,False
1154.754,4945,ACTIVE_ROUND,10,3,6,79.000,,,MiniBoo,Team Heretics,raze,False,,50,0,0,0,0,False,RieNs,Team Heretics,fade,True,100,50,1,1,0,2,False,Boo,Team Heretics,omen,False,,25,0,0,0,2,False,benjyfishy,Team Heretics,deadlock,True,85,8,0,1,0,0,False,Wo0t,Team Heretics,chamber,True,100,25,0,6,0,5,False,grubinho,GIANTX,omen,True,100,50,1,0,0,3,False,ara,GIANTX,raze,True,100,50,0,0,0,0,False,Cloud,GIANTX,fade,True,100,50,0,1,1,7,False,Flickless,GIANTX,viper,False,,50,0,0,0,0,False,westside,GIANTX,cypher,True,70,50,0,1,1,4,False
1154.987,4946,ACTIVE_ROUND,10,3,6,78.000,,,MiniBoo,Team Heretics,raze,False,,50,0,0,0,0,False,RieNs,Team Heretics,fade,True,100,50,1,1,0,2,False,Boo,Team Heretics,omen,False,,25,0,0,0,2,False,benjyfishy,Team Heretics,deadlock,True,85,8,0,1,0,0,False,Wo0t,Team Heretics,chamber,True,100,25,0,6,0,5,False,grubinho,GIANTX,omen,True,100,50,1,0,0,3,False,ara,GIANTX,raze,True,100,50,0,0,0,0,False,Cloud,GIANTX,fade,True,100,50,0,1,1,7,False,Flickless,GIANTX,viper,False,,50,0,0,0,0,False,westside,GIANTX,cypher,True,70,50,0,1,1,4,False
1155.221,4947,ACTIVE_ROUND,10,3,6,78.000,,,MiniBoo,Team Heretics,raze,False,,50,0,0,0,0,False,RieNs,Team Heretics,fade,True,100,50,1,1,0,2,False,Boo,Team Heretics,omen,False,,25,0,0,0,2,False,benjyfishy,Team Heretics,deadlock,True,85,18,0,2,0,0,False,Wo0t,Team Heretics,chamber,True,100,25,0,6,0,5,False,grubinho,GIANTX,omen,True,100,50,1,0,0,3,False,ara,GIANTX,raze,True,100,50,0,0,0,0,False,Cloud,GIANTX,fade,True,100,50,0,1,1,7,False,Flickless,GIANTX,viper,False,,50,0,0,0,0,False,westside,GIANTX,cypher,True,70,50,0,1,1,4,False
1155.454,4948,ACTIVE_ROUND,10,3,6,78.000,,,MiniBoo,Team Heretics,raze,False,,50,0,0,0,0,False,RieNs,Team Heretics,fade,True,100,50,1,1,0,2,False,Boo,Team Heretics,omen,False,,25,0,0,0,2,False,benjyfishy,Team Heretics,deadlock,True,85,18,0,2,0,0,False,Wo0t,Team Heretics,chamber,True,100,25,0,6,0,5,False,grubinho,GIANTX,omen,True,100,50,1,0,0,3,False,ara,GIANTX,raze,True,100,50,0,0,0,0,False,Cloud,GIANTX,fade,True,100,50,0,1,1,7,False,Flickless,GIANTX,viper,False,,50,0,0,0,0,False,westside,GIANTX,cypher,True,70,50,0,1,1,4,False
1155.688,4949,ACTIVE_ROUND,10,3,6,78.000,,,MiniBoo,Team Heretics,raze,False,,50,0,0,0,0,False,RieNs,Team Heretics,fade,True,100,50,1,1,0,2,False,Boo,Team Heretics,omen,False,,25,0,0,0,2,False,benjyfishy,Team Heretics,deadlock,True,85,18,0,2,0,0,False,Wo0t,Team Heretics,chamber,True,100,25,0,6,0,5,False,grubinho,GIANTX,omen,True,100,50,1,0,0,3,False,ara,GIANTX,raze,True,100,50,0,0,0,0,False,Cloud,GIANTX,fade,True,100,50,0,1,1,7,False,Flickless,GIANTX,viper,False,,50,0,0,0,0,False,westside,GIANTX,cypher,True,70,50,0,1,1,4,False
1155.921,4950,ACTIVE_ROUND,10,3,6,77.000,,,MiniBoo,Team Heretics,raze,False,,50,0,0,0,0,False,RieNs,Team Heretics,fade,True,100,50,1,1,0,2,False,Boo,Team Heretics,omen,False,,25,0,0,0,2,False,benjyfishy,Team Heretics,deadlock,True,85,18,0,2,0,0,False,Wo0t,Team Heretics,chamber,True,100,25,0,6,0,5,False,grubinho,GIANTX,omen,True,100,50,1,0,0,3,False,ara,GIANTX,raze,True,100,50,0,0,0,0,False,Cloud,GIANTX,fade,True,100,50,0,1,1,7,False,Flickless,GIANTX,viper,False,,50,0,0,0,0,False,westside,GIANTX,cypher,True,70,50,0,1,1,4,False
1156.155,4951,ACTIVE_ROUND,10,3,6,77.000,,,MiniBoo,Team Heretics,raze,False,,50,0,0,0,0,False,RieNs,Team Heretics,fade,True,100,50,1,1,0,2,False,Boo,Team Heretics,omen,False,,25,0,0,0,2,False,benjyfishy,Team Heretics,deadlock,True,85,25,0,2,0,0,False,Wo0t,Team Heretics,chamber,True,100,25,0,6,0,5,False,grubinho,GIANTX,omen,True,100,50,1,0,0,3,False,ara,GIANTX,raze,True,100,50,0,0,0,0,False,Cloud,GIANTX,fade,True,100,50,0,1,1,7,False,Flickless,GIANTX,viper,False,,50,0,0,0,0,False,westside,GIANTX,cypher,True,70,50,0,1,1,4,False
1156.389,4952,ACTIVE_ROUND,10,3,6,77.000,,,MiniBoo,Team Heretics,raze,False,,50,0,0,0,0,False,RieNs,Team Heretics,fade,True,100,50,1,1,0,2,False,Boo,Team Heretics,omen,False,,25,0,0,0,2,False,benjyfishy,Team Heretics,deadlock,True,85,25,0,2,0,0,False,Wo0t,Team Heretics,chamber,True,100,25,0,6,0,5,False,grubinho,GIANTX,omen,True,100,50,1,0,0,3,False,ara,GIANTX,raze,True,100,50,0,0,0,0,False,Cloud,GIANTX,fade,True,100,50,0,1,1,7,False,Flickless,GIANTX,viper,False,,50,0,0,0,0,False,westside,GIANTX,cypher,True,70,50,0,1,1,4,False
1156.622,4953,ACTIVE_ROUND,10,3,6,77.000,,,MiniBoo,Team Heretics,raze,False,,50,0,0,0,0,False,RieNs,Team Heretics,fade,True,100,50,1,1,0,2,False,Boo,Team Heretics,omen,False,,25,0,0,0,2,False,benjyfishy,Team Heretics,deadlock,True,85,25,0,2,0,0,False,Wo0t,Team Heretics,chamber,True,100,25,0,6,0,5,False,grubinho,GIANTX,omen,True,100,50,1,0,0,3,False,ara,GIANTX,raze,True,100,50,0,0,0,0,False,Cloud,GIANTX,fade,True,100,50,0,1,1,7,False,Flickless,GIANTX,viper,False,,50,0,0,0,0,False,westside,GIANTX,cypher,True,70,50,0,1,1,4,False
1156.856,4954,ACTIVE_ROUND,10,3,6,77.000,,,MiniBoo,Team Heretics,raze,False,,50,0,0,0,0,False,RieNs,Team Heretics,fade,True,100,50,1,1,0,2,False,Boo,Team Heretics,omen,False,,25,0,0,0,2,False,benjyfishy,Team Heretics,deadlock,True,85,25,0,2,0,0,False,Wo0t,Team Heretics,chamber,True,100,25,0,6,0,5,False,grubinho,GIANTX,omen,True,100,50,1,0,0,3,False,ara,GIANTX,raze,True,100,50,0,0,0,0,False,Cloud,GIANTX,fade,True,100,50,0,1,1,7,False,Flickless,GIANTX,viper,False,,50,0,0,0,0,False,westside,GIANTX,cypher,True,70,50,0,1,1,4,False
1157.089,4955,ACTIVE_ROUND,10,3,6,76.000,,,MiniBoo,Team Heretics,raze,False,,50,0,0,0,0,False,RieNs,Team Heretics,fade,True,100,50,1,1,0,2,False,Boo,Team Heretics,omen,False,,25,0,0,0,2,False,benjyfishy,Team Heretics,deadlock,True,85,25,0,2,0,0,False,Wo0t,Team Heretics,chamber,True,100,25,0,6,0,5,False,grubinho,GIANTX,omen,True,100,50,1,0,0,3,False,ara,GIANTX,raze,True,100,50,0,0,0,0,False,Cloud,GIANTX,fade,True,100,50,0,1,1,7,False,Flickless,GIANTX,viper,False,,50,0,0,0,0,False,westside,GIANTX,cypher,True,70,50,0,1,1,4,False
1157.323,4956,ACTIVE_ROUND,10,3,6,76.000,,,MiniBoo,Team Heretics,raze,False,,50,0,0,0,0,False,RieNs,Team Heretics,fade,True,100,50,1,1,0,2,False,Boo,Team Heretics,omen,False,,25,0,0,0,2,False,benjyfishy,Team Heretics,deadlock,True,85,25,0,2,0,0,False,Wo0t,Team Heretics,chamber,True,100,25,0,6,0,5,False,grubinho,GIANTX,omen,True,100,50,1,0,0,3,False,ara,GIANTX,raze,True,100,50,0,0,0,0,False,Cloud,GIANTX,fade,True,100,50,0,1,1,7,False,Flickless,GIANTX,viper,False,,50,0,0,0,0,False,westside,GIANTX,cypher,True,70,50,0,1,1,4,False
1157.556,4957,ACTIVE_ROUND,10,3,6,76.000,,,MiniBoo,Team Heretics,raze,False,,50,0,0,0,0,False,RieNs,Team Heretics,fade,True,100,50,1,1,0,2,False,Boo,Team Heretics,omen,False,,25,0,0,0,2,False,benjyfishy,Team Heretics,deadlock,True,85,25,0,2,0,0,False,Wo0t,Team Heretics,chamber,True,100,25,0,6,0,5,False,grubinho,GIANTX,omen,True,100,50,1,0,0,3,False,ara,GIANTX,raze,True,100,50,0,0,0,0,False,Cloud,GIANTX,fade,True,100,50,0,1,1,7,False,Flickless,GIANTX,viper,False,,50,0,0,0,0,False,westside,GIANTX,cypher,True,70,50,0,1,1,4,False
1157.790,4958,ACTIVE_ROUND,10,3,6,76.000,,,MiniBoo,Team Heretics,raze,False,,50,0,0,0,0,False,RieNs,Team Heretics,fade,True,100,50,1,1,0,2,False,Boo,Team Heretics,omen,False,,25,0,0,0,2,False,benjyfishy,Team Heretics,deadlock,True,85,25,0,2,0,0,False,Wo0t,Team Heretics,chamber,True,100,25,0,6,0,5,False,grubinho,GIANTX,omen,True,100,50,1,0,0,3,False,ara,GIANTX,raze,True,100,50,0,0,0,0,False,Cloud,GIANTX,fade,True,100,50,0,1,1,7,False,Flickless,GIANTX,viper,False,,50,0,0,0,0,False,westside,GIANTX,cypher,True,70,50,0,1,1,4,False
1158.024,4959,ACTIVE_ROUND,10,3,6,75.000,,,MiniBoo,Team Heretics,raze,False,,50,0,0,0,0,False,RieNs,Team Heretics,fade,True,100,50,1,1,0,2,False,Boo,Team Heretics,omen,False,,25,0,0,0,2,False,benjyfishy,Team Heretics,deadlock,True,85,25,0,2,0,0,False,Wo0t,Team Heretics,chamber,True,100,25,0,6,0,5,False,grubinho,GIANTX,omen,True,100,50,1,0,0,3,False,ara,GIANTX,raze,True,100,50,0,0,0,0,False,Cloud,GIANTX,fade,True,100,50,0,1,1,7,False,Flickless,GIANTX,viper,False,,50,0,0,0,0,False,westside,GIANTX,cypher,True,70,50,0,1,1,4,False
1158.257,4960,ACTIVE_ROUND,10,3,6,75.000,,,MiniBoo,Team Heretics,raze,False,,50,0,0,0,0,False,RieNs,Team Heretics,fade,True,100,50,1,1,0,2,False,Boo,Team Heretics,omen,False,,25,0,0,0,2,False,benjyfishy,Team Heretics,deadlock,True,85,25,0,2,0,0,False,Wo0t,Team Heretics,chamber,True,100,25,0,6,0,5,False,grubinho,GIANTX,omen,True,100,50,1,0,0,3,False,ara,GIANTX,raze,True,100,50,0,0,0,0,False,Cloud,GIANTX,fade,True,100,50,0,1,1,7,False,Flickless,GIANTX,viper,False,,50,0,0,0,0,False,westside,GIANTX,cypher,True,70,50,0,1,1,4,False
1158.491,4961,ACTIVE_ROUND,10,3,6,75.000,,,MiniBoo,Team Heretics,raze,False,,50,0,0,0,0,False,RieNs,Team Heretics,fade,True,100,50,1,1,0,2,False,Boo,Team Heretics,omen,False,,25,0,0,0,2,False,benjyfishy,Team Heretics,deadlock,True,85,25,0,2,0,0,False,Wo0t,Team Heretics,chamber,True,100,25,0,6,0,5,False,grubinho,GIANTX,omen,True,100,50,1,0,0,3,False,ara,GIANTX,raze,True,100,50,0,0,0,0,False,Cloud,GIANTX,fade,True,100,50,0,1,1,7,False,Flickless,GIANTX,viper,False,,50,0,0,0,0,False,westside,GIANTX,cypher,True,70,50,0,0,0,4,False
1158.724,4962,ACTIVE_ROUND,10,3,6,75.000,,,MiniBoo,Team Heretics,raze,False,,50,0,0,0,0,False,RieNs,Team Heretics,fade,True,100,50,1,1,0,2,False,Boo,Team Heretics,omen,False,,25,0,0,0,2,False,benjyfishy,Team Heretics,deadlock,True,85,25,0,2,0,0,False,Wo0t,Team Heretics,chamber,True,100,25,0,6,0,5,False,grubinho,GIANTX,omen,True,100,50,1,0,0,3,False,ara,GIANTX,raze,True,100,50,0,0,0,0,False,Cloud,GIANTX,fade,True,100,50,0,1,1,7,False,Flickless,GIANTX,viper,False,,50,0,0,0,0,False,westside,GIANTX,cypher,False,,50,0,0,0,4,False
1159.425,4965,ACTIVE_ROUND,10,3,6,,0.000,,MiniBoo,Team Heretics,raze,False,,50,0,0,0,0,False,RieNs,Team Heretics,fade,True,100,50,1,1,0,2,False,Boo,Team Heretics,omen,False,,25,0,0,0,2,False,benjyfishy,Team Heretics,deadlock,True,85,25,0,2,0,0,False,Wo0t,Team Heretics,chamber,True,100,25,0,6,0,5,False,grubinho,GIANTX,omen,True,100,50,1,0,0,3,False,ara,GIANTX,raze,True,100,50,0,0,0,0,False,Cloud,GIANTX,fade,True,100,50,0,1,1,7,True,Flickless,GIANTX,viper,False,,50,0,0,0,0,False,westside,GIANTX,cypher,False,,50,0,0,0,4,False
1159.659,4966,ACTIVE_ROUND,10,3,6,,0.234,,MiniBoo,Team Heretics,raze,False,,50,0,0,0,0,False,RieNs,Team Heretics,fade,True,100,50,1,1,0,2,False,Boo,Team Heretics,omen,False,,25,0,0,0,2,False,benjyfishy,Team Heretics,deadlock,True,85,25,0,2,0,0,False,Wo0t,Team Heretics,chamber,True,100,25,0,6,0,5,False,grubinho,GIANTX,omen,True,100,50,1,0,0,3,False,ara,GIANTX,raze,True,100,50,0,0,0,0,False,Cloud,GIANTX,fade,True,100,50,0,1,1,7,True,Flickless,GIANTX,viper,False,,50,0,0,0,0,False,westside,GIANTX,cypher,False,,50,0,0,0,4,False
1159.892,4967,ACTIVE_ROUND,10,3,6,,0.467,,MiniBoo,Team Heretics,raze,False,,50,0,0,0,0,False,RieNs,Team Heretics,fade,True,100,50,1,1,0,2,False,Boo,Team Heretics,omen,False,,25,0,0,0,2,False,benjyfishy,Team Heretics,deadlock,True,85,25,0,2,0,0,False,Wo0t,Team Heretics,chamber,True,100,25,0,6,0,5,False,grubinho,GIANTX,omen,True,100,50,1,0,0,3,False,ara,GIANTX,raze,True,100,50,0,0,0,0,False,Cloud,GIANTX,fade,True,100,50,0,1,1,7,True,Flickless,GIANTX,viper,False,,50,0,0,0,0,False,westside,GIANTX,cypher,False,,50,0,0,0,4,False
1160.126,4968,ACTIVE_ROUND,10,3,6,,0.701,,MiniBoo,Team Heretics,raze,False,,50,0,0,0,0,False,RieNs,Team Heretics,fade,True,100,50,0,1,0,2,False,Boo,Team Heretics,omen,False,,25,0,0,0,2,False,benjyfishy,Team Heretics,deadlock,True,85,25,0,2,0,0,False,Wo0t,Team Heretics,chamber,True,100,25,0,6,0,5,False,grubinho,GIANTX,omen,True,100,50,1,0,0,3,False,ara,GIANTX,raze,True,100,50,0,0,0,0,False,Cloud,GIANTX,fade,True,100,50,0,1,0,7,True,Flickless,GIANTX,viper,False,,50,0,0,0,0,False,westside,GIANTX,cypher,False,,50,0,0,0,4,False
1160.359,4969,ACTIVE_ROUND,10,3,6,,0.934,,MiniBoo,Team Heretics,raze,False,,50,0,0,0,0,False,RieNs,Team Heretics,fade,True,100,50,0,1,0,2,False,Boo,Team Heretics,omen,False,,25,0,0,0,2,False,benjyfishy,Team Heretics,deadlock,True,85,25,0,2,0,0,False,Wo0t,Team Heretics,chamber,True,100,25,0,6,0,5,False,grubinho,GIANTX,omen,True,100,50,1,0,0,3,False,ara,GIANTX,raze,True,100,50,0,0,0,0,False,Cloud,GIANTX,fade,True,100,50,0,1,0,7,True,Flickless,GIANTX,viper,False,,50,0,0,0,0,False,westside,GIANTX,cypher,False,,50,0,0,0,4,False
1160.593,4970,ACTIVE_ROUND,10,3,6,,1.168,,MiniBoo,Team Heretics,raze,False,,50,0,0,0,0,False,RieNs,Team Heretics,fade,True,100,50,0,1,0,2,False,Boo,Team Heretics,omen,False,,25,0,0,0,2,False,benjyfishy,Team Heretics,deadlock,True,85,25,0,2,0,0,False,Wo0t,Team Heretics,chamber,True,100,25,0,6,0,5,False,grubinho,GIANTX,omen,True,100,50,1,0,0,3,False,ara,GIANTX,raze,True,100,50,0,0,0,0,False,Cloud,GIANTX,fade,True,100,50,0,1,0,7,True,Flickless,GIANTX,viper,False,,50,0,0,0,0,False,westside,GIANTX,cypher,False,,50,0,0,0,4,False
1160.826,4971,ACTIVE_ROUND,10,3,6,,1.401,,MiniBoo,Team Heretics,raze,False,,50,0,0,0,0,False,RieNs,Team Heretics,fade,True,100,50,0,1,0,2,False,Boo,Team Heretics,omen,False,,25,0,0,0,2,False,benjyfishy,Team Heretics,deadlock,True,85,25,0,2,0,0,False,Wo0t,Team Heretics,chamber,True,100,25,0,6,0,5,False,grubinho,GIANTX,omen,True,100,50,1,0,0,3,False,ara,GIANTX,raze,True,100,50,0,0,0,0,False,Cloud,GIANTX,fade,True,100,50,0,1,0,7,True,Flickless,GIANTX,viper,False,,50,0,0,0,0,False,westside,GIANTX,cypher,False,,50,0,0,0,4,False
1161.060,4972,ACTIVE_ROUND,10,3,6,,1.635,,MiniBoo,Team Heretics,raze,False,,50,0,0,0,0,False,RieNs,Team Heretics,fade,True,100,50,0,1,0,2,False,Boo,Team Heretics,omen,False,,25,0,0,0,2,False,benjyfishy,Team Heretics,deadlock,True,85,25,0,2,0,0,False,Wo0t,Team Heretics,chamber,True,100,25,0,6,0,5,False,grubinho,GIANTX,omen,True,100,50,1,0,0,3,False,ara,GIANTX,raze,True,100,50,0,0,0,0,False,Cloud,GIANTX,fade,True,100,50,0,1,0,7,True,Flickless,GIANTX,viper,False,,50,0,0,0,0,False,westside,GIANTX,cypher,False,,50,0,0,0,4,False
1161.293,4973,ACTIVE_ROUND,10,3,6,,1.869,,MiniBoo,Team Heretics,raze,False,,50,0,0,0,0,False,RieNs,Team Heretics,fade,True,100,50,0,1,0,2,False,Boo,Team Heretics,omen,False,,25,0,0,0,2,False,benjyfishy,Team Heretics,deadlock,True,85,25,0,2,0,0,False,Wo0t,Team Heretics,chamber,True,100,25,0,6,0,5,False,grubinho,GIANTX,omen,True,100,50,1,0,0,3,False,ara,GIANTX,raze,True,100,50,0,0,0,0,False,Cloud,GIANTX,fade,True,100,50,0,1,0,7,True,Flickless,GIANTX,viper,False,,50,0,0,0,0,False,westside,GIANTX,cypher,False,,50,0,0,0,4,False
1161.527,4974,ACTIVE_ROUND,10,3,6,,2.102,,MiniBoo,Team Heretics,raze,False,,50,0,0,0,0,False,RieNs,Team Heretics,fade,True,100,50,0,1,0,2,False,Boo,Team Heretics,omen,False,,25,0,0,0,2,False,benjyfishy,Team Heretics,deadlock,True,85,25,0,2,0,0,False,Wo0t,Team Heretics,chamber,True,100,25,0,6,0,5,False,grubinho,GIANTX,omen,True,100,50,1,0,0,3,False,ara,GIANTX,raze,True,100,50,0,0,0,0,False,Cloud,GIANTX,fade,True,100,50,0,1,0,7,True,Flickless,GIANTX,viper,False,,50,0,0,0,0,False,westside,GIANTX,cypher,False,,50,0,0,0,4,False
1161.761,4975,ACTIVE_ROUND,10,3,6,,2.336,,MiniBoo,Team Heretics,raze,False,,50,0,0,0,0,False,RieNs,Team Heretics,fade,True,100,50,0,1,0,2,False,Boo,Team Heretics,omen,False,,25,0,0,0,2,False,benjyfishy,Team Heretics,deadlock,True,85,25,0,2,0,0,False,Wo0t,Team Heretics,chamber,True,100,25,0,6,0,5,False,grubinho,GIANTX,omen,True,100,50,1,0,0,3,False,ara,GIANTX,raze,True,100,50,0,0,0,0,False,Cloud,GIANTX,fade,True,100,50,0,1,0,7,True,Flickless,GIANTX,viper,False,,50,0,0,0,0,False,westside,GIANTX,cypher,False,,50,0,0,0,4,False
1161.994,4976,ACTIVE_ROUND,10,3,6,,2.569,,MiniBoo,Team Heretics,raze,False,,50,0,0,0,0,False,RieNs,Team Heretics,fade,True,100,50,0,1,0,2,False,Boo,Team Heretics,omen,False,,25,0,0,0,2,False,benjyfishy,Team Heretics,deadlock,True,85,25,0,2,0,0,False,Wo0t,Team Heretics,chamber,True,100,25,0,6,0,5,False,grubinho,GIANTX,omen,True,100,50,1,0,0,3,False,ara,GIANTX,raze,True,100,50,0,0,0,0,False,Cloud,GIANTX,fade,True,100,50,0,1,0,7,True,Flickless,GIANTX,viper,False,,50,0,0,0,0,False,westside,GIANTX,cypher,False,,50,0,0,0,4,False
1162.228,4977,ACTIVE_ROUND,10,3,6,,2.803,,MiniBoo,Team Heretics,raze,False,,50,0,0,0,0,False,RieNs,Team Heretics,fade,True,100,50,0,1,0,2,False,Boo,Team Heretics,omen,False,,25,0,0,0,2,False,benjyfishy,Team Heretics,deadlock,True,85,25,0,2,0,0,False,Wo0t,Team Heretics,chamber,True,100,25,0,6,0,5,False,grubinho,GIANTX,omen,True,100,50,1,0,0,3,False,ara,GIANTX,raze,True,100,50,0,0,0,0,False,Cloud,GIANTX,fade,True,100,50,0,1,0,7,True,Flickless,GIANTX,viper,False,,50,0,0,0,0,False,westside,GIANTX,cypher,False,,50,0,0,0,4,False
1162.461,4978,ACTIVE_ROUND,10,3,6,,3.036,,MiniBoo,Team Heretics,raze,False,,50,0,0,0,0,False,RieNs,Team Heretics,fade,True,100,50,0,1,0,2,False,Boo,Team Heretics,omen,False,,25,0,0,0,2,False,benjyfishy,Team Heretics,deadlock,True,85,25,0,2,0,0,False,Wo0t,Team Heretics,chamber,True,100,25,0,6,0,5,False,grubinho,GIANTX,omen,True,100,50,1,0,0,3,False,ara,GIANTX,raze,True,100,50,0,0,0,0,False,Cloud,GIANTX,fade,True,100,50,0,1,0,7,True,Flickless,GIANTX,viper,False,,50,0,0,0,0,False,westside,GIANTX,cypher,False,,50,0,0,0,4,False
1162.695,4979,ACTIVE_ROUND,10,3,6,,3.270,,MiniBoo,Team Heretics,raze,False,,50,0,0,0,0,False,RieNs,Team Heretics,fade,True,100,50,0,1,0,2,False,Boo,Team Heretics,omen,False,,25,0,0,0,2,False,benjyfishy,Team Heretics,deadlock,True,85,25,0,2,0,0,False,Wo0t,Team Heretics,chamber,True,100,25,0,6,0,5,False,grubinho,GIANTX,omen,True,100,50,1,0,0,3,False,ara,GIANTX,raze,True,100,50,0,0,0,0,False,Cloud,GIANTX,fade,True,100,50,0,1,0,7,True,Flickless,GIANTX,viper,False,,50,0,0,0,0,False,westside,GIANTX,cypher,False,,50,0,0,0,4,False
1162.928,4980,ACTIVE_ROUND,10,3,6,,3.503,,MiniBoo,Team Heretics,raze,False,,50,0,0,0,0,False,RieNs,Team Heretics,fade,True,100,50,0,1,0,2,False,Boo,Team Heretics,omen,False,,25,0,0,0,2,False,benjyfishy,Team Heretics,deadlock,True,85,25,0,2,0,0,False,Wo0t,Team Heretics,chamber,True,100,25,0,6,0,5,False,grubinho,GIANTX,omen,True,100,50,1,0,0,3,False,ara,GIANTX,raze,True,100,50,0,0,0,0,False,Cloud,GIANTX,fade,True,100,50,0,1,0,7,True,Flickless,GIANTX,viper,False,,50,0,0,0,0,False,westside,GIANTX,cypher,False,,50,0,0,0,4,False
1163.162,4981,ACTIVE_ROUND,10,3,6,,3.737,,MiniBoo,Team Heretics,raze,False,,50,0,0,0,0,False,RieNs,Team Heretics,fade,True,100,50,0,1,0,2,False,Boo,Team Heretics,omen,False,,25,0,0,0,2,False,benjyfishy,Team Heretics,deadlock,True,85,25,0,2,0,0,False,Wo0t,Team Heretics,chamber,True,100,25,0,6,0,5,False,grubinho,GIANTX,omen,True,100,50,1,0,0,3,False,ara,GIANTX,raze,True,100,50,0,0,0,0,False,Cloud,GIANTX,fade,True,100,50,0,1,0,7,True,Flickless,GIANTX,viper,False,,50,0,0,0,0,False,westside,GIANTX,cypher,False,,50,0,0,0,4,False
1163.396,4982,ACTIVE_ROUND,10,3,6,,3.971,,MiniBoo,Team Heretics,raze,False,,50,0,0,0,0,False,RieNs,Team Heretics,fade,True,100,50,0,1,0,2,False,Boo,Team Heretics,omen,False,,25,0,0,0,2,False,benjyfishy,Team Heretics,deadlock,True,85,25,0,2,0,0,False,Wo0t,Team Heretics,chamber,True,100,25,0,6,0,5,False,grubinho,GIANTX,omen,True,100,50,1,0,0,3,False,ara,GIANTX,raze,True,100,50,0,0,0,0,False,Cloud,GIANTX,fade,True,100,50,0,1,0,7,True,Flickless,GIANTX,viper,False,,50,0,0,0,0,False,westside,GIANTX,cypher,False,,50,0,0,0,4,False
1163.629,4983,ACTIVE_ROUND,10,3,6,,4.204,,MiniBoo,Team Heretics,raze,False,,50,0,0,0,0,False,RieNs,Team Heretics,fade,True,100,50,0,1,0,2,False,Boo,Team Heretics,omen,False,,25,0,0,0,2,False,benjyfishy,Team Heretics,deadlock,True,85,25,0,2,0,0,False,Wo0t,Team Heretics,chamber,True,100,25,0,6,0,5,False,grubinho,GIANTX,omen,True,100,50,1,0,0,3,False,ara,GIANTX,raze,True,100,50,0,0,0,0,False,Cloud,GIANTX,fade,True,100,50,0,1,0,7,True,Flickless,GIANTX,viper,False,,50,0,0,0,0,False,westside,GIANTX,cypher,False,,50,0,0,0,4,False
1163.863,4984,ACTIVE_ROUND,10,3,6,,4.438,,MiniBoo,Team Heretics,raze,False,,50,0,0,0,0,False,RieNs,Team Heretics,fade,True,100,50,0,1,0,2,False,Boo,Team Heretics,omen,False,,25,0,0,0,2,False,benjyfishy,Team Heretics,deadlock,True,85,25,0,2,0,0,False,Wo0t,Team Heretics,chamber,True,100,25,0,6,0,5,False,grubinho,GIANTX,omen,True,100,50,1,0,0,3,False,ara,GIANTX,raze,True,100,50,0,0,0,0,False,Cloud,GIANTX,fade,True,100,50,0,1,0,7,True,Flickless,GIANTX,viper,False,,50,0,0,0,0,False,westside,GIANTX,cypher,False,,50,0,0,0,4,False
1164.096,4985,ACTIVE_ROUND,10,3,6,,4.671,,MiniBoo,Team Heretics,raze,False,,50,0,0,0,0,False,RieNs,Team Heretics,fade,True,100,50,0,1,0,2,False,Boo,Team Heretics,omen,False,,25,0,0,0,2,False,benjyfishy,Team Heretics,deadlock,True,85,25,0,2,0,0,False,Wo0t,Team Heretics,chamber,True,100,25,0,6,0,5,False,grubinho,GIANTX,omen,True,100,50,1,0,0,3,False,ara,GIANTX,raze,True,100,50,0,0,0,0,False,Cloud,GIANTX,fade,True,100,50,0,1,0,7,True,Flickless,GIANTX,viper,False,,50,0,0,0,0,False,westside,GIANTX,cypher,False,,50,0,0,0,4,False
1164.330,4986,ACTIVE_ROUND,10,3,6,,4.905,,MiniBoo,Team Heretics,raze,False,,50,0,0,0,0,False,RieNs,Team Heretics,fade,True,100,50,0,1,0,2,False,Boo,Team Heretics,omen,False,,25,0,0,0,2,False,benjyfishy,Team Heretics,deadlock,True,85,25,0,2,0,0,False,Wo0t,Team Heretics,chamber,True,100,25,0,6,0,5,False,grubinho,GIANTX,omen,True,100,50,1,0,0,3,False,ara,GIANTX,raze,True,100,50,0,0,0,0,False,Cloud,GIANTX,fade,True,100,50,0,1,0,7,True,Flickless,GIANTX,viper,False,,50,0,0,0,0,False,westside,GIANTX,cypher,False,,50,0,0,0,4,False
1164.563,4987,ACTIVE_ROUND,10,3,6,,5.138,,MiniBoo,Team Heretics,raze,False,,50,0,0,0,0,False,RieNs,Team Heretics,fade,True,100,50,0,1,0,2,False,Boo,Team Heretics,omen,False,,25,0,0,0,2,False,benjyfishy,Team Heretics,deadlock,True,85,25,0,2,0,0,False,Wo0t,Team Heretics,chamber,True,100,25,0,6,0,5,False,grubinho,GIANTX,omen,True,100,50,1,0,0,3,False,ara,GIANTX,raze,True,100,50,0,0,0,0,False,Cloud,GIANTX,fade,True,100,50,0,1,0,7,True,Flickless,GIANTX,viper,False,,50,0,0,0,0,False,westside,GIANTX,cypher,False,,50,0,0,0,4,False
1164.797,4988,ACTIVE_ROUND,10,3,6,,5.372,,MiniBoo,Team Heretics,raze,False,,50,0,0,0,0,False,RieNs,Team Heretics,fade,True,100,50,0,1,0,2,False,Boo,Team Heretics,omen,False,,25,0,0,0,2,False,benjyfishy,Team Heretics,deadlock,True,85,25,0,2,0,0,False,Wo0t,Team Heretics,chamber,True,100,25,0,6,0,5,False,grubinho,GIANTX,omen,True,100,50,1,0,0,3,False,ara,GIANTX,raze,True,100,50,0,0,0,0,False,Cloud,GIANTX,fade,True,100,50,0,1,0,7,True,Flickless,GIANTX,viper,False,,50,0,0,0,0,False,westside,GIANTX,cypher,False,,50,0,0,0,4,False
1165.031,4989,ACTIVE_ROUND,10,3,6,,5.606,,MiniBoo,Team Heretics,raze,False,,50,0,0,0,0,False,RieNs,Team Heretics,fade,True,100,50,0,1,0,2,False,Boo,Team Heretics,omen,False,,25,0,0,0,2,False,benjyfishy,Team Heretics,deadlock,True,85,25,0,2,0,0,False,Wo0t,Team Heretics,chamber,True,100,25,0,6,0,5,False,grubinho,GIANTX,omen,True,100,50,1,0,0,3,False,ara,GIANTX,raze,True,100,50,0,0,0,0,False,Cloud,GIANTX,fade,True,100,50,0,1,0,7,True,Flickless,GIANTX,viper,False,,50,0,0,0,0,False,westside,GIANTX,cypher,False,,50,0,0,0,4,False
1165.264,4990,ACTIVE_ROUND,10,3,6,,5.839,,MiniBoo,Team Heretics,raze,False,,50,0,0,0,0,False,RieNs,Team Heretics,fade,True,100,50,0,1,0,2,False,Boo,Team Heretics,omen,False,,25,0,0,0,2,False,benjyfishy,Team Heretics,deadlock,True,85,25,0,2,0,0,False,Wo0t,Team Heretics,chamber,True,100,25,0,6,0,5,False,grubinho,GIANTX,omen,True,100,50,1,0,1,3,False,ara,GIANTX,raze,True,100,50,0,0,0,0,False,Cloud,GIANTX,fade,True,100,50,0,1,0,7,True,Flickless,GIANTX,viper,False,,50,0,0,0,0,False,westside,GIANTX,cypher,False,,50,0,0,0,4,False
1165.498,4991,ACTIVE_ROUND,10,3,6,,6.073,,MiniBoo,Team Heretics,raze,False,,50,0,0,0,0,False,RieNs,Team Heretics,fade,True,100,50,0,1,0,2,False,Boo,Team Heretics,omen,False,,25,0,0,0,2,False,benjyfishy,Team Heretics,deadlock,True,85,25,0,2,0,0,False,Wo0t,Team Heretics,chamber,True,100,25,0,6,0,5,False,grubinho,GIANTX,omen,True,100,50,1,0,1,3,False,ara,GIANTX,raze,True,100,50,0,0,0,0,False,Cloud,GIANTX,fade,True,100,50,0,1,0,7,True,Flickless,GIANTX,viper,False,,50,0,0,0,0,False,westside,GIANTX,cypher,False,,50,0,0,0,4,False
1165.731,4992,ACTIVE_ROUND,10,3,6,,6.306,,MiniBoo,Team Heretics,raze,False,,50,0,0,0,0,False,RieNs,Team Heretics,fade,True,100,50,0,1,0,2,False,Boo,Team Heretics,omen,False,,25,0,0,0,2,False,benjyfishy,Team Heretics,deadlock,True,85,25,0,2,0,0,False,Wo0t,Team Heretics,chamber,True,100,25,0,6,0,5,False,grubinho,GIANTX,omen,True,100,50,1,0,1,3,False,ara,GIANTX,raze,True,100,50,0,0,0,0,False,Cloud,GIANTX,fade,True,100,50,0,1,0,7,True,Flickless,GIANTX,viper,False,,50,0,0,0,0,False,westside,GIANTX,cypher,False,,50,0,0,0,4,False
1165.965,4993,ACTIVE_ROUND,10,3,6,,6.540,,MiniBoo,Team Heretics,raze,False,,50,0,0,0,0,False,RieNs,Team Heretics,fade,True,100,50,0,1,0,2,False,Boo,Team Heretics,omen,False,,25,0,0,0,2,False,benjyfishy,Team Heretics,deadlock,True,85,25,0,2,0,0,False,Wo0t,Team Heretics,chamber,True,100,25,0,6,0,5,False,grubinho,GIANTX,omen,True,100,50,1,0,1,3,False,ara,GIANTX,raze,True,100,50,0,0,0,0,False,Cloud,GIANTX,fade,True,100,50,0,1,0,7,True,Flickless,GIANTX,viper,False,,50,0,0,0,0,False,westside,GIANTX,cypher,False,,50,0,0,0,4,False
1166.198,4994,ACTIVE_ROUND,10,3,6,,6.773,,MiniBoo,Team Heretics,raze,False,,50,0,0,0,0,False,RieNs,Team Heretics,fade,True,100,50,0,1,0,2,False,Boo,Team Heretics,omen,False,,25,0,0,0,2,False,benjyfishy,Team Heretics,deadlock,True,85,25,0,2,0,0,False,Wo0t,Team Heretics,chamber,True,100,25,0,6,0,5,False,grubinho,GIANTX,omen,True,100,50,1,0,0,3,False,ara,GIANTX,raze,True,100,50,0,0,0,0,False,Cloud,GIANTX,fade,True,100,50,0,1,0,7,True,Flickless,GIANTX,viper,False,,50,0,0,0,0,False,westside,GIANTX,cypher,False,,50,0,0,0,4,False
1166.432,4995,ACTIVE_ROUND,10,3,6,,7.007,,MiniBoo,Team Heretics,raze,False,,50,0,0,0,0,False,RieNs,Team Heretics,fade,True,100,50,0,1,0,2,False,Boo,Team Heretics,omen,False,,25,0,0,0,2,False,benjyfishy,Team Heretics,deadlock,True,85,25,0,2,0,0,False,Wo0t,Team Heretics,chamber,True,100,25,0,6,0,5,False,grubinho,GIANTX,omen,True,100,50,1,0,0,3,False,ara,GIANTX,raze,True,100,50,0,0,0,0,False,Cloud,GIANTX,fade,True,100,50,0,1,0,7,True,Flickless,GIANTX,viper,False,,50,0,0,0,0,False,westside,GIANTX,cypher,False,,50,0,0,0,4,False
1166.666,4996,ACTIVE_ROUND,10,3,6,,7.241,,MiniBoo,Team Heretics,raze,False,,50,0,0,0,0,False,RieNs,Team Heretics,fade,True,100,50,0,1,0,2,False,Boo,Team Heretics,omen,False,,25,0,0,0,2,False,benjyfishy,Team Heretics,deadlock,True,85,25,0,2,0,0,False,Wo0t,Team Heretics,chamber,True,100,25,0,6,0,5,False,grubinho,GIANTX,omen,True,100,50,1,0,0,3,False,ara,GIANTX,raze,True,100,50,0,0,0,0,False,Cloud,GIANTX,fade,True,100,50,0,1,0,7,True,Flickless,GIANTX,viper,False,,50,0,0,0,0,False,westside,GIANTX,cypher,False,,50,0,0,0,4,False
1166.899,4997,ACTIVE_ROUND,10,3,6,,7.474,,MiniBoo,Team Heretics,raze,False,,50,0,0,0,0,False,RieNs,Team Heretics,fade,True,100,50,0,1,0,2,False,Boo,Team Heretics,omen,False,,25,0,0,0,2,False,benjyfishy,Team Heretics,deadlock,True,85,25,0,2,0,0,False,Wo0t,Team Heretics,chamber,True,100,25,0,6,0,5,False,grubinho,GIANTX,omen,True,100,50,1,0,0,3,False,ara,GIANTX,raze,True,100,50,0,0,0,0,False,Cloud,GIANTX,fade,True,100,50,0,1,0,7,True,Flickless,GIANTX,viper,False,,50,0,0,0,0,False,westside,GIANTX,cypher,False,,50,0,0,0,4,False
1167.133,4998,ACTIVE_ROUND,10,3,6,,7.708,,MiniBoo,Team Heretics,raze,False,,50,0,0,0,0,False,RieNs,Team Heretics,fade,True,100,50,0,1,0,2,False,Boo,Team Heretics,omen,False,,25,0,0,0,2,False,benjyfishy,Team Heretics,deadlock,True,85,25,0,2,0,0,False,Wo0t,Team Heretics,chamber,True,100,25,0,6,0,5,False,grubinho,GIANTX,omen,True,100,50,1,0,0,3,False,ara,GIANTX,raze,True,100,50,0,0,0,0,False,Cloud,GIANTX,fade,True,100,50,0,1,0,7,True,Flickless,GIANTX,viper,False,,50,0,0,0,0,False,westside,GIANTX,cypher,False,,50,0,0,0,4,False
1167.366,4999,ACTIVE_ROUND,10,3,6,,7.941,,MiniBoo,Team Heretics,raze,False,,50,0,0,0,0,False,RieNs,Team Heretics,fade,True,100,50,0,1,0,2,False,Boo,Team Heretics,omen,False,,25,0,0,0,2,False,benjyfishy,Team Heretics,deadlock,True,85,25,0,2,0,0,False,Wo0t,Team Heretics,chamber,True,100,25,0,6,0,5,False,grubinho,GIANTX,omen,True,100,50,1,0,0,3,False,ara,GIANTX,raze,True,100,50,0,0,0,0,False,Cloud,GIANTX,fade,True,100,50,0,1,0,7,True,Flickless,GIANTX,viper,False,,50,0,0,0,0,False,westside,GIANTX,cypher,False,,50,0,0,0,4,False
1167.600,5000,ACTIVE_ROUND,10,3,6,,8.175,,MiniBoo,Team Heretics,raze,False,,50,0,0,0,0,False,RieNs,Team Heretics,fade,True,100,50,0,1,0,2,False,Boo,Team Heretics,omen,False,,25,0,0,0,2,False,benjyfishy,Team Heretics,deadlock,True,85,25,0,2,0,0,False,Wo0t,Team Heretics,chamber,True,100,25,0,6,0,5,False,grubinho,GIANTX,omen,True,100,50,1,0,0,3,False,ara,GIANTX,raze,True,100,50,0,0,0,0,False,Cloud,GIANTX,fade,True,100,50,0,1,0,7,True,Flickless,GIANTX,viper,False,,50,0,0,0,0,False,westside,GIANTX,cypher,False,,50,0,0,0,4,False
1167.833,5001,ACTIVE_ROUND,10,3,6,,8.408,,MiniBoo,Team Heretics,raze,False,,50,0,0,0,0,False,RieNs,Team Heretics,fade,True,100,50,0,1,0,2,False,Boo,Team Heretics,omen,False,,25,0,0,0,2,False,benjyfishy,Team Heretics,deadlock,True,85,25,0,2,0,0,False,Wo0t,Team Heretics,chamber,True,100,25,0,6,0,5,False,grubinho,GIANTX,omen,True,100,50,1,0,0,3,False,ara,GIANTX,raze,True,100,50,0,0,0,0,False,Cloud,GIANTX,fade,True,100,50,0,1,0,7,True,Flickless,GIANTX,viper,False,,50,0,0,0,0,False,westside,GIANTX,cypher,False,,50,0,0,0,4,False
1168.067,5002,ACTIVE_ROUND,10,3,6,,8.642,,MiniBoo,Team Heretics,raze,False,,50,0,0,0,0,False,RieNs,Team Heretics,fade,True,100,50,0,1,0,2,False,Boo,Team Heretics,omen,False,,25,0,0,0,2,False,benjyfishy,Team Heretics,deadlock,True,85,25,0,2,0,0,False,Wo0t,Team Heretics,chamber,True,100,25,0,6,0,5,False,grubinho,GIANTX,omen,True,100,50,1,0,0,3,False,ara,GIANTX,raze,True,100,50,0,0,0,0,False,Cloud,GIANTX,fade,True,100,50,0,1,0,7,True,Flickless,GIANTX,viper,False,,50,0,0,0,0,False,westside,GIANTX,cypher,False,,50,0,0,0,4,False
1168.300,5003,ACTIVE_ROUND,10,3,6,,8.876,,MiniBoo,Team Heretics,raze,False,,50,0,0,0,0,False,RieNs,Team Heretics,fade,True,100,50,0,1,0,2,False,Boo,Team Heretics,omen,False,,25,0,0,0,2,False,benjyfishy,Team Heretics,deadlock,True,85,25,0,2,0,0,False,Wo0t,Team Heretics,chamber,True,100,25,0,6,0,5,False,grubinho,GIANTX,omen,True,100,50,1,0,0,3,False,ara,GIANTX,raze,True,100,50,0,0,0,0,False,Cloud,GIANTX,fade,True,100,50,0,1,0,7,True,Flickless,GIANTX,viper,False,,50,0,0,0,0,False,westside,GIANTX,cypher,False,,50,0,0,0,4,False
1168.534,5004,ACTIVE_ROUND,10,3,6,,9.109,,MiniBoo,Team Heretics,raze,False,,50,0,0,0,0,False,RieNs,Team Heretics,fade,True,100,50,0,1,0,2,False,Boo,Team Heretics,omen,False,,25,0,0,0,2,False,benjyfishy,Team Heretics,deadlock,True,85,25,0,2,0,0,False,Wo0t,Team Heretics,chamber,True,100,25,0,6,0,5,False,grubinho,GIANTX,omen,True,100,50,1,0,0,3,False,ara,GIANTX,raze,True,100,50,0,0,0,0,False,Cloud,GIANTX,fade,True,100,50,0,1,0,7,True,Flickless,GIANTX,viper,False,,50,0,0,0,0,False,westside,GIANTX,cypher,False,,50,0,0,0,4,False
1168.768,5005,ACTIVE_ROUND,10,3,6,,9.343,,MiniBoo,Team Heretics,raze,False,,50,0,0,0,0,False,RieNs,Team Heretics,fade,True,100,50,0,1,0,2,False,Boo,Team Heretics,omen,False,,25,0,0,0,2,False,benjyfishy,Team Heretics,deadlock,True,85,25,0,2,0,0,False,Wo0t,Team Heretics,chamber,True,100,25,0,6,0,5,False,grubinho,GIANTX,omen,True,100,50,1,0,0,3,False,ara,GIANTX,raze,True,100,50,0,0,0,0,False,Cloud,GIANTX,fade,True,100,50,0,1,0,7,True,Flickless,GIANTX,viper,False,,50,0,0,0,0,False,westside,GIANTX,cypher,False,,50,0,0,0,4,False
1169.001,5006,ACTIVE_ROUND,10,3,6,,9.576,,MiniBoo,Team Heretics,raze,False,,50,0,0,0,0,False,RieNs,Team Heretics,fade,True,100,50,0,1,0,2,False,Boo,Team Heretics,omen,False,,25,0,0,0,2,False,benjyfishy,Team Heretics,deadlock,True,85,25,0,2,0,0,False,Wo0t,Team Heretics,chamber,True,100,25,0,6,0,5,False,grubinho,GIANTX,omen,True,100,50,1,0,0,3,False,ara,GIANTX,raze,True,100,50,0,0,0,0,False,Cloud,GIANTX,fade,True,100,50,0,1,0,7,True,Flickless,GIANTX,viper,False,,50,0,0,0,0,False,westside,GIANTX,cypher,False,,50,0,0,0,4,False
1169.235,5007,ACTIVE_ROUND,10,3,6,,9.810,,MiniBoo,Team Heretics,raze,False,,50,0,0,0,0,False,RieNs,Team Heretics,fade,True,100,50,0,1,0,2,False,Boo,Team Heretics,omen,False,,25,0,0,0,2,False,benjyfishy,Team Heretics,deadlock,True,85,25,0,2,0,0,False,Wo0t,Team Heretics,chamber,True,100,25,0,6,0,5,False,grubinho,GIANTX,omen,True,100,50,1,0,0,3,False,ara,GIANTX,raze,True,100,50,0,0,0,0,False,Cloud,GIANTX,fade,True,100,50,0,1,0,7,True,Flickless,GIANTX,viper,False,,50,0,0,0,0,False,westside,GIANTX,cypher,False,,50,0,0,0,4,False
1169.468,5008,ACTIVE_ROUND,10,3,6,,10.043,,MiniBoo,Team Heretics,raze,False,,50,0,0,0,0,False,RieNs,Team Heretics,fade,True,100,50,0,1,0,2,False,Boo,Team Heretics,omen,False,,25,0,0,0,2,False,benjyfishy,Team Heretics,deadlock,True,85,25,0,2,0,0,False,Wo0t,Team Heretics,chamber,True,100,25,0,6,0,5,False,grubinho,GIANTX,omen,True,100,50,1,0,0,3,False,ara,GIANTX,raze,True,100,50,0,0,0,0,False,Cloud,GIANTX,fade,True,100,50,0,1,0,7,True,Flickless,GIANTX,viper,False,,50,0,0,0,0,False,westside,GIANTX,cypher,False,,50,0,0,0,4,False
1169.702,5009,ACTIVE_ROUND,10,3,6,,10.277,,MiniBoo,Team Heretics,raze,False,,50,0,0,0,0,False,RieNs,Team Heretics,fade,True,100,50,0,1,0,2,False,Boo,Team Heretics,omen,False,,25,0,0,0,2,False,benjyfishy,Team Heretics,deadlock,True,85,25,0,2,0,0,False,Wo0t,Team Heretics,chamber,True,100,25,0,6,0,5,False,grubinho,GIANTX,omen,True,100,50,1,0,0,3,False,ara,GIANTX,raze,True,100,50,0,0,0,0,False,Cloud,GIANTX,fade,True,100,50,0,1,0,7,True,Flickless,GIANTX,viper,False,,50,0,0,0,0,False,westside,GIANTX,cypher,False,,50,0,0,0,4,False
1169.935,5010,ACTIVE_ROUND,10,3,6,,10.510,,MiniBoo,Team Heretics,raze,False,,50,0,0,0,0,False,RieNs,Team Heretics,fade,True,100,50,0,1,0,2,False,Boo,Team Heretics,omen,False,,25,0,0,0,2,False,benjyfishy,Team Heretics,deadlock,True,85,25,0,2,0,0,False,Wo0t,Team Heretics,chamber,True,100,25,0,6,0,5,False,grubinho,GIANTX,omen,True,100,50,1,0,0,3,False,ara,GIANTX,raze,True,100,50,0,0,0,0,False,Cloud,GIANTX,fade,True,100,50,0,1,0,7,True,Flickless,GIANTX,viper,False,,50,0,0,0,0,False,westside,GIANTX,cypher,False,,50,0,0,0,4,False
1170.169,5011,ACTIVE_ROUND,10,3,6,,10.744,,MiniBoo,Team Heretics,raze,False,,50,0,0,0,0,False,RieNs,Team Heretics,fade,True,100,50,0,1,0,2,False,Boo,Team Heretics,omen,False,,25,0,0,0,2,False,benjyfishy,Team Heretics,deadlock,True,85,25,0,2,0,0,False,Wo0t,Team Heretics,chamber,True,100,25,0,6,0,5,False,grubinho,GIANTX,omen,True,100,50,1,0,0,3,False,ara,GIANTX,raze,True,100,50,0,0,0,0,False,Cloud,GIANTX,fade,True,100,50,0,1,0,7,True,Flickless,GIANTX,viper,False,,50,0,0,0,0,False,westside,GIANTX,cypher,False,,50,0,0,0,4,False
1170.403,5012,ACTIVE_ROUND,10,3,6,,10.978,,MiniBoo,Team Heretics,raze,False,,50,0,0,0,0,False,RieNs,Team Heretics,fade,True,100,50,0,1,0,2,False,Boo,Team Heretics,omen,False,,25,0,0,0,2,False,benjyfishy,Team Heretics,deadlock,True,85,25,0,2,0,0,False,Wo0t,Team Heretics,chamber,True,100,25,0,6,0,5,False,grubinho,GIANTX,omen,True,100,50,1,0,0,3,False,ara,GIANTX,raze,True,100,50,0,0,0,0,False,Cloud,GIANTX,fade,True,100,50,0,1,0,7,True,Flickless,GIANTX,viper,False,,50,0,0,0,0,False,westside,GIANTX,cypher,False,,50,0,0,0,4,False
1170.636,5013,ACTIVE_ROUND,10,3,6,,11.211,,MiniBoo,Team Heretics,raze,False,,50,0,0,0,0,False,RieNs,Team Heretics,fade,True,100,50,0,1,0,2,False,Boo,Team Heretics,omen,False,,25,0,0,0,2,False,benjyfishy,Team Heretics,deadlock,True,85,25,0,2,0,0,False,Wo0t,Team Heretics,chamber,True,100,25,0,6,0,5,False,grubinho,GIANTX,omen,True,100,50,1,0,0,3,False,ara,GIANTX,raze,True,100,50,0,0,0,0,False,Cloud,GIANTX,fade,True,100,50,0,1,0,7,True,Flickless,GIANTX,viper,False,,50,0,0,0,0,False,westside,GIANTX,cypher,False,,50,0,0,0,4,False
1170.870,5014,ACTIVE_ROUND,10,3,6,,11.445,,MiniBoo,Team Heretics,raze,False,,50,0,0,0,0,False,RieNs,Team Heretics,fade,True,100,50,0,1,0,2,False,Boo,Team Heretics,omen,False,,25,0,0,0,2,False,benjyfishy,Team Heretics,deadlock,True,85,25,0,2,0,0,False,Wo0t,Team Heretics,chamber,True,100,25,0,6,0,5,False,grubinho,GIANTX,omen,True,100,50,1,0,0,3,False,ara,GIANTX,raze,True,100,50,0,0,0,0,False,Cloud,GIANTX,fade,True,100,50,0,1,0,7,True,Flickless,GIANTX,viper,False,,50,0,0,0,0,False,westside,GIANTX,cypher,False,,50,0,0,0,4,False
1171.103,5015,ACTIVE_ROUND,10,3,6,,11.678,,MiniBoo,Team Heretics,raze,False,,50,0,0,0,0,False,RieNs,Team Heretics,fade,True,100,50,0,1,0,2,False,Boo,Team Heretics,omen,False,,25,0,0,0,2,False,benjyfishy,Team Heretics,deadlock,True,85,25,0,2,0,0,False,Wo0t,Team Heretics,chamber,True,100,25,0,6,0,5,False,grubinho,GIANTX,omen,True,100,50,1,0,0,3,False,ara,GIANTX,raze,True,96,41,0,0,0,0,False,Cloud,GIANTX,fade,True,100,50,0,1,0,7,True,Flickless,GIANTX,viper,False,,50,0,0,0,0,False,westside,GIANTX,cypher,False,,50,0,0,0,4,False
1171.337,5016,ACTIVE_ROUND,10,3,6,,11.912,,MiniBoo,Team Heretics,raze,False,,50,0,0,0,0,False,RieNs,Team Heretics,fade,True,100,50,0,1,0,2,False,Boo,Team Heretics,omen,False,,25,0,0,0,2,False,benjyfishy,Team Heretics,deadlock,True,85,25,0,2,0,0,False,Wo0t,Team Heretics,chamber,True,100,25,0,6,0,5,False,grubinho,GIANTX,omen,True,100,50,1,0,0,3,False,ara,GIANTX,raze,True,96,41,0,0,0,0,False,Cloud,GIANTX,fade,True,100,50,0,1,0,7,True,Flickless,GIANTX,viper,False,,50,0,0,0,0,False,westside,GIANTX,cypher,False,,50,0,0,0,4,False
1171.570,5017,ACTIVE_ROUND,10,3,6,,12.145,,MiniBoo,Team Heretics,raze,False,,50,0,0,0,0,False,RieNs,Team Heretics,fade,True,100,50,0,1,0,2,False,Boo,Team Heretics,omen,False,,25,0,0,0,2,False,benjyfishy,Team Heretics,deadlock,True,85,25,0,2,0,0,False,Wo0t,Team Heretics,chamber,True,100,25,0,6,0,5,False,grubinho,GIANTX,omen,True,100,50,1,0,0,3,False,ara,GIANTX,raze,True,96,41,0,0,0,0,False,Cloud,GIANTX,fade,True,100,50,0,1,0,7,True,Flickless,GIANTX,viper,False,,50,0,0,0,0,False,westside,GIANTX,cypher,False,,50,0,0,0,4,False
1171.804,5018,ACTIVE_ROUND,10,3,6,,12.379,,MiniBoo,Team Heretics,raze,False,,50,0,0,0,0,False,RieNs,Team Heretics,fade,True,100,50,0,1,0,2,False,Boo,Team Heretics,omen,False,,25,0,0,0,2,False,benjyfishy,Team Heretics,deadlock,True,85,25,0,2,0,0,False,Wo0t,Team Heretics,chamber,True,100,25,0,6,0,5,False,grubinho,GIANTX,omen,True,100,50,1,0,0,3,False,ara,GIANTX,raze,True,96,41,0,0,0,0,False,Cloud,GIANTX,fade,True,100,50,0,1,0,7,True,Flickless,GIANTX,viper,False,,50,0,0,0,0,False,westside,GIANTX,cypher,False,,50,0,0,0,4,False
1172.038,5019,ACTIVE_ROUND,10,3,6,,12.613,,MiniBoo,Team Heretics,raze,False,,50,0,0,0,0,False,RieNs,Team Heretics,fade,True,100,50,0,1,0,2,False,Boo,Team Heretics,omen,False,,25,0,0,0,2,False,benjyfishy,Team Heretics,deadlock,True,85,25,0,2,0,0,False,Wo0t,Team Heretics,chamber,True,100,25,0,6,0,5,False,grubinho,GIANTX,omen,True,100,50,1,0,0,3,False,ara,GIANTX,raze,True,96,41,0,0,0,0,False,Cloud,GIANTX,fade,True,100,50,0,1,0,7,True,Flickless,GIANTX,viper,False,,50,0,0,0,0,False,westside,GIANTX,cypher,False,,50,0,0,0,4,False
1172.271,5020,ACTIVE_ROUND,10,3,6,,12.846,,MiniBoo,Team Heretics,raze,False,,50,0,0,0,0,False,RieNs,Team Heretics,fade,True,100,50,0,1,0,2,False,Boo,Team Heretics,omen,False,,25,0,0,0,2,False,benjyfishy,Team Heretics,deadlock,True,85,25,0,2,0,0,False,Wo0t,Team Heretics,chamber,True,100,25,0,6,0,5,False,grubinho,GIANTX,omen,True,100,50,1,0,0,3,False,ara,GIANTX,raze,True,96,41,0,0,0,0,False,Cloud,GIANTX,fade,True,100,50,0,1,0,7,True,Flickless,GIANTX,viper,False,,50,0,0,0,0,False,westside,GIANTX,cypher,False,,50,0,0,0,4,False
1172.505,5021,ACTIVE_ROUND,10,3,6,,13.080,,MiniBoo,Team Heretics,raze,False,,50,0,0,0,0,False,RieNs,Team Heretics,fade,True,100,50,0,1,0,2,False,Boo,Team Heretics,omen,False,,25,0,0,0,2,False,benjyfishy,Team Heretics,deadlock,True,85,25,0,2,0,0,False,Wo0t,Team Heretics,chamber,True,100,25,0,6,0,5,False,grubinho,GIANTX,omen,True,100,50,1,0,0,3,False,ara,GIANTX,raze,True,96,41,0,0,0,0,False,Cloud,GIANTX,fade,True,100,50,0,1,0,7,True,Flickless,GIANTX,viper,False,,50,0,0,0,0,False,westside,GIANTX,cypher,False,,50,0,0,0,4,False
1172.738,5022,ACTIVE_ROUND,10,3,6,,13.313,,MiniBoo,Team Heretics,raze,False,,50,0,0,0,0,False,RieNs,Team Heretics,fade,True,100,50,0,1,0,2,False,Boo,Team Heretics,omen,False,,25,0,0,0,2,False,benjyfishy,Team Heretics,deadlock,True,85,25,0,2,0,0,False,Wo0t,Team Heretics,chamber,True,100,25,0,6,0,5,False,grubinho,GIANTX,omen,True,100,50,1,0,0,3,False,ara,GIANTX,raze,True,96,41,0,0,0,0,False,Cloud,GIANTX,fade,True,100,50,0,1,0,7,True,Flickless,GIANTX,viper,False,,50,0,0,0,0,False,westside,GIANTX,cypher,False,,50,0,0,0,4,False
1172.972,5023,ACTIVE_ROUND,10,3,6,,13.547,,MiniBoo,Team Heretics,raze,False,,50,0,0,0,0,False,RieNs,Team Heretics,fade,True,100,50,0,1,0,2,False,Boo,Team Heretics,omen,False,,25,0,0,0,2,False,benjyfishy,Team Heretics,deadlock,True,85,25,0,2,0,0,False,Wo0t,Team Heretics,chamber,True,100,25,0,6,0,5,False,grubinho,GIANTX,omen,True,100,50,1,0,0,3,False,ara,GIANTX,raze,True,96,41,0,0,0,0,False,Cloud,GIANTX,fade,True,100,50,0,1,0,7,True,Flickless,GIANTX,viper,False,,50,0,0,0,0,False,westside,GIANTX,cypher,False,,50,0,0,0,4,False
1173.205,5024,ACTIVE_ROUND,10,3,6,,13.780,,MiniBoo,Team Heretics,raze,False,,50,0,0,0,0,False,RieNs,Team Heretics,fade,True,100,50,0,0,0,2,False,Boo,Team Heretics,omen,False,,25,0,0,0,2,False,benjyfishy,Team Heretics,deadlock,True,85,25,0,2,0,0,False,Wo0t,Team Heretics,chamber,True,100,25,0,6,0,5,False,grubinho,GIANTX,omen,True,100,50,1,0,0,3,False,ara,GIANTX,raze,True,96,41,0,0,0,0,False,Cloud,GIANTX,fade,True,100,50,0,1,0,0,False,Flickless,GIANTX,viper,False,,50,0,0,0,0,False,westside,GIANTX,cypher,False,,50,0,0,0,4,False
1173.439,5025,ACTIVE_ROUND,10,3,6,,14.014,,MiniBoo,Team Heretics,raze,False,,50,0,0,0,0,False,RieNs,Team Heretics,fade,True,100,50,0,0,0,2,False,Boo,Team Heretics,omen,False,,25,0,0,0,2,False,benjyfishy,Team Heretics,deadlock,True,85,25,0,2,0,0,False,Wo0t,Team Heretics,chamber,True,100,25,0,6,0,5,False,grubinho,GIANTX,omen,True,100,50,1,0,0,3,False,ara,GIANTX,raze,True,96,41,0,0,0,0,False,Cloud,GIANTX,fade,True,100,50,0,1,0,0,False,Flickless,GIANTX,viper,False,,50,0,0,0,0,False,westside,GIANTX,cypher,False,,50,0,0,0,4,False
1173.673,5026,ACTIVE_ROUND,10,3,6,,14.248,,MiniBoo,Team Heretics,raze,False,,50,0,0,0,0,False,RieNs,Team Heretics,fade,True,100,50,0,0,0,2,False,Boo,Team Heretics,omen,False,,25,0,0,0,2,False,benjyfishy,Team Heretics,deadlock,True,85,25,0,2,0,0,False,Wo0t,Team Heretics,chamber,True,100,25,0,6,0,5,False,grubinho,GIANTX,omen,True,100,50,1,0,0,3,False,ara,GIANTX,raze,True,96,41,0,0,0,0,False,Cloud,GIANTX,fade,True,100,50,0,1,0,0,False,Flickless,GIANTX,viper,False,,50,0,0,0,0,False,westside,GIANTX,cypher,False,,50,0,0,0,4,False
1173.906,5027,ACTIVE_ROUND,10,3,6,,14.481,,MiniBoo,Team Heretics,raze,False,,50,0,0,0,0,False,RieNs,Team Heretics,fade,True,100,50,0,0,0,2,False,Boo,Team Heretics,omen,False,,25,0,0,0,2,False,benjyfishy,Team Heretics,deadlock,True,85,25,0,2,0,0,False,Wo0t,Team Heretics,chamber,True,100,25,0,6,0,5,False,grubinho,GIANTX,omen,True,100,50,1,0,0,3,False,ara,GIANTX,raze,True,96,41,0,0,0,0,False,Cloud,GIANTX,fade,True,100,50,0,1,0,0,False,Flickless,GIANTX,viper,False,,50,0,0,0,0,False,westside,GIANTX,cypher,False,,50,0,0,0,4,False
1174.140,5028,ACTIVE_ROUND,10,3,6,,14.715,,MiniBoo,Team Heretics,raze,False,,50,0,0,0,0,False,RieNs,Team Heretics,fade,True,100,50,0,0,0,2,False,Boo,Team Heretics,omen,False,,25,0,0,0,2,False,benjyfishy,Team Heretics,deadlock,True,85,25,0,2,0,0,False,Wo0t,Team Heretics,chamber,True,100,25,0,6,0,5,False,grubinho,GIANTX,omen,True,100,50,1,0,0,3,False,ara,GIANTX,raze,True,96,41,0,0,0,0,False,Cloud,GIANTX,fade,True,100,50,0,1,0,0,False,Flickless,GIANTX,viper,False,,50,0,0,0,0,False,westside,GIANTX,cypher,False,,50,0,0,0,4,False
1174.373,5029,ACTIVE_ROUND,10,3,6,,14.948,,MiniBoo,Team Heretics,raze,False,,50,0,0,0,0,False,RieNs,Team Heretics,fade,True,100,50,0,0,0,2,False,Boo,Team Heretics,omen,False,,25,0,0,0,2,False,benjyfishy,Team Heretics,deadlock,True,85,25,0,2,0,0,False,Wo0t,Team Heretics,chamber,True,100,25,0,6,0,5,False,grubinho,GIANTX,omen,True,100,50,1,0,0,3,False,ara,GIANTX,raze,True,96,41,0,0,0,0,False,Cloud,GIANTX,fade,True,100,50,0,1,0,0,False,Flickless,GIANTX,viper,False,,50,0,0,0,0,False,westside,GIANTX,cypher,False,,50,0,0,0,4,False
1174.607,5030,ACTIVE_ROUND,10,3,6,,15.182,,MiniBoo,Team Heretics,raze,False,,50,0,0,0,0,False,RieNs,Team Heretics,fade,True,100,50,0,0,0,2,False,Boo,Team Heretics,omen,False,,25,0,0,0,2,False,benjyfishy,Team Heretics,deadlock,True,85,25,0,2,0,0,False,Wo0t,Team Heretics,chamber,True,100,25,0,6,0,5,False,grubinho,GIANTX,omen,True,100,50,1,0,0,3,False,ara,GIANTX,raze,True,96,41,0,0,0,0,False,Cloud,GIANTX,fade,True,100,50,0,1,0,0,False,Flickless,GIANTX,viper,False,,50,0,0,0,0,False,westside,GIANTX,cypher,False,,50,0,0,0,4,False
1174.840,5031,ACTIVE_ROUND,10,3,6,,15.415,,MiniBoo,Team Heretics,raze,False,,50,0,0,0,0,False,RieNs,Team Heretics,fade,True,100,50,0,0,0,2,False,Boo,Team Heretics,omen,False,,25,0,0,0,2,False,benjyfishy,Team Heretics,deadlock,True,85,25,0,2,0,0,False,Wo0t,Team Heretics,chamber,True,100,25,0,6,0,5,False,grubinho,GIANTX,omen,True,100,50,1,0,0,3,False,ara,GIANTX,raze,True,96,41,0,0,0,0,False,Cloud,GIANTX,fade,True,100,50,0,1,0,0,False,Flickless,GIANTX,viper,False,,50,0,0,0,0,False,westside,GIANTX,cypher,False,,50,0,0,0,4,False
1175.074,5032,ACTIVE_ROUND,10,3,6,,15.649,,MiniBoo,Team Heretics,raze,False,,50,0,0,0,0,False,RieNs,Team Heretics,fade,True,100,50,0,0,0,2,False,Boo,Team Heretics,omen,False,,25,0,0,0,2,False,benjyfishy,Team Heretics,deadlock,True,85,25,0,2,0,0,False,Wo0t,Team Heretics,chamber,True,100,25,0,6,0,5,False,grubinho,GIANTX,omen,True,100,50,1,0,0,3,False,ara,GIANTX,raze,True,96,41,0,0,0,0,False,Cloud,GIANTX,fade,True,100,50,0,1,0,0,False,Flickless,GIANTX,viper,False,,50,0,0,0,0,False,westside,GIANTX,cypher,False,,50,0,0,0,4,False
1175.307,5033,ACTIVE_ROUND,10,3,6,,15.883,,MiniBoo,Team Heretics,raze,False,,50,0,0,0,0,False,RieNs,Team Heretics,fade,True,100,50,0,0,1,2,False,Boo,Team Heretics,omen,False,,25,0,0,0,2,False,benjyfishy,Team Heretics,deadlock,True,16,25,0,2,1,0,False,Wo0t,Team Heretics,chamber,True,55,1,0,6,0,5,False,grubinho,GIANTX,omen,True,100,50,1,0,0,3,False,ara,GIANTX,raze,True,96,41,0,0,0,0,False,Cloud,GIANTX,fade,True,87,24,0,1,0,0,False,Flickless,GIANTX,viper,False,,50,0,0,0,0,False,westside,GIANTX,cypher,False,,50,0,0,0,4,False
1175.541,5034,ACTIVE_ROUND,10,3,6,,16.116,,MiniBoo,Team Heretics,raze,False,,50,0,0,0,0,False,RieNs,Team Heretics,fade,True,100,50,0,0,1,2,False,Boo,Team Heretics,omen,False,,25,0,0,0,2,False,benjyfishy,Team Heretics,deadlock,True,16,25,0,2,1,0,False,Wo0t,Team Heretics,chamber,True,55,1,0,6,0,5,False,grubinho,GIANTX,omen,True,100,50,1,0,0,3,False,ara,GIANTX,raze,True,96,41,0,0,0,0,False,Cloud,GIANTX,fade,True,87,24,0,1,0,0,False,Flickless,GIANTX,viper,False,,50,0,0,0,0,False,westside,GIANTX,cypher,False,,50,0,0,0,4,False
1175.775,5035,ACTIVE_ROUND,10,3,6,,16.350,,MiniBoo,Team Heretics,raze,False,,50,0,0,0,0,False,RieNs,Team Heretics,fade,True,100,50,0,0,1,2,False,Boo,Team Heretics,omen,False,,25,0,0,0,2,False,benjyfishy,Team Heretics,deadlock,True,16,25,0,2,1,0,False,Wo0t,Team Heretics,chamber,True,55,1,0,6,0,5,False,grubinho,GIANTX,omen,True,100,50,1,0,0,3,False,ara,GIANTX,raze,True,96,41,0,0,0,0,False,Cloud,GIANTX,fade,True,87,24,0,1,0,0,False,Flickless,GIANTX,viper,False,,50,0,0,0,0,False,westside,GIANTX,cypher,False,,50,0,0,0,4,False
1176.008,5036,ACTIVE_ROUND,10,3,6,,16.583,,MiniBoo,Team Heretics,raze,False,,50,0,0,0,0,False,RieNs,Team Heretics,fade,True,100,50,0,0,1,2,False,Boo,Team Heretics,omen,False,,25,0,0,0,2,False,benjyfishy,Team Heretics,deadlock,True,16,25,0,2,1,0,False,Wo0t,Team Heretics,chamber,True,55,1,0,6,0,5,False,grubinho,GIANTX,omen,True,100,50,1,0,0,3,False,ara,GIANTX,raze,True,96,41,0,0,0,0,False,Cloud,GIANTX,fade,True,87,24,0,1,0,0,False,Flickless,GIANTX,viper,False,,50,0,0,0,0,False,westside,GIANTX,cypher,False,,50,0,0,0,4,False
1176.242,5037,ACTIVE_ROUND,10,3,6,,16.817,,MiniBoo,Team Heretics,raze,False,,50,0,0,0,0,False,RieNs,Team Heretics,fade,True,100,50,0,0,1,2,False,Boo,Team Heretics,omen,False,,25,0,0,0,2,False,benjyfishy,Team Heretics,deadlock,True,23,25,0,2,1,0,False,Wo0t,Team Heretics,chamber,True,62,1,0,6,0,5,False,grubinho,GIANTX,omen,True,100,50,1,0,0,3,False,ara,GIANTX,raze,True,96,41,0,0,0,0,False,Cloud,GIANTX,fade,True,87,24,0,1,0,0,False,Flickless,GIANTX,viper,False,,50,0,0,0,0,False,westside,GIANTX,cypher,False,,50,0,0,0,4,False
1176.475,5038,ACTIVE_ROUND,10,3,6,,17.050,,MiniBoo,Team Heretics,raze,False,,50,0,0,0,0,False,RieNs,Team Heretics,fade,True,100,50,0,0,1,2,False,Boo,Team Heretics,omen,False,,25,0,0,0,2,False,benjyfishy,Team Heretics,deadlock,True,23,25,0,2,1,0,False,Wo0t,Team Heretics,chamber,True,62,1,0,6,0,5,False,grubinho,GIANTX,omen,True,100,50,1,0,0,3,False,ara,GIANTX,raze,True,96,41,0,0,0,0,False,Cloud,GIANTX,fade,True,87,24,0,1,0,0,False,Flickless,GIANTX,viper,False,,50,0,0,0,0,False,westside,GIANTX,cypher,False,,50,0,0,0,4,False
1176.709,5039,ACTIVE_ROUND,10,3,6,,17.284,,MiniBoo,Team Heretics,raze,False,,50,0,0,0,0,False,RieNs,Team Heretics,fade,True,100,50,0,0,1,2,False,Boo,Team Heretics,omen,False,,25,0,0,0,2,False,benjyfishy,Team Heretics,deadlock,True,23,25,0,2,1,0,False,Wo0t,Team Heretics,chamber,True,62,1,0,6,0,5,False,grubinho,GIANTX,omen,True,100,50,1,0,0,3,False,ara,GIANTX,raze,True,96,41,0,0,0,0,False,Cloud,GIANTX,fade,True,87,24,0,1,0,0,False,Flickless,GIANTX,viper,False,,50,0,0,0,0,False,westside,GIANTX,cypher,False,,50,0,0,0,4,False
1176.942,5040,ACTIVE_ROUND,10,3,6,,17.517,,MiniBoo,Team Heretics,raze,False,,50,0,0,0,0,False,RieNs,Team Heretics,fade,True,100,50,0,0,1,2,False,Boo,Team Heretics,omen,False,,25,0,0,0,2,False,benjyfishy,Team Heretics,deadlock,True,23,25,0,2,1,0,False,Wo0t,Team Heretics,chamber,True,62,1,0,6,0,5,False,grubinho,GIANTX,omen,True,100,50,1,0,0,3,False,ara,GIANTX,raze,True,96,41,0,0,0,0,False,Cloud,GIANTX,fade,True,87,24,0,1,0,0,False,Flickless,GIANTX,viper,False,,50,0,0,0,0,False,westside,GIANTX,cypher,False,,50,0,0,0,4,False
1177.176,5041,ACTIVE_ROUND,10,3,6,,17.751,,MiniBoo,Team Heretics,raze,False,,50,0,0,0,0,False,RieNs,Team Heretics,fade,True,100,50,0,0,1,2,False,Boo,Team Heretics,omen,False,,25,0,0,0,2,False,benjyfishy,Team Heretics,deadlock,True,29,25,0,2,1,0,False,Wo0t,Team Heretics,chamber,True,68,1,0,6,0,5,False,grubinho,GIANTX,omen,True,100,50,1,0,0,3,False,ara,GIANTX,raze,True,96,41,0,0,0,0,False,Cloud,GIANTX,fade,True,87,24,0,1,0,0,False,Flickless,GIANTX,viper,False,,50,0,0,0,0,False,westside,GIANTX,cypher,False,,50,0,0,0,4,False
1177.410,5042,ACTIVE_ROUND,10,3,6,,17.985,,MiniBoo,Team Heretics,raze,False,,50,0,0,0,0,False,RieNs,Team Heretics,fade,True,100,50,0,0,1,2,False,Boo,Team Heretics,omen,False,,25,0,0,0,2,False,benjyfishy,Team Heretics,deadlock,True,29,25,0,2,1,0,False,Wo0t,Team Heretics,chamber,True,68,1,0,6,0,5,False,grubinho,GIANTX,omen,True,100,50,1,0,0,3,False,ara,GIANTX,raze,True,96,41,0,0,0,0,False,Cloud,GIANTX,fade,True,87,24,0,1,0,0,False,Flickless,GIANTX,viper,False,,50,0,0,0,0,False,westside,GIANTX,cypher,False,,50,0,0,0,4,False
1177.643,5043,ACTIVE_ROUND,10,3,6,,18.218,,MiniBoo,Team Heretics,raze,False,,50,0,0,0,0,False,RieNs,Team Heretics,fade,True,100,50,0,0,1,2,False,Boo,Team Heretics,omen,False,,25,0,0,0,2,False,benjyfishy,Team Heretics,deadlock,True,29,25,0,2,1,0,False,Wo0t,Team Heretics,chamber,True,68,1,0,6,0,5,False,grubinho,GIANTX,omen,True,100,50,1,0,0,3,False,ara,GIANTX,raze,True,96,41,0,0,0,0,False,Cloud,GIANTX,fade,True,87,24,0,1,0,0,False,Flickless,GIANTX,viper,False,,50,0,0,0,0,False,westside,GIANTX,cypher,False,,50,0,0,0,4,False
1177.877,5044,ACTIVE_ROUND,10,3,6,,18.452,,MiniBoo,Team Heretics,raze,False,,50,0,0,0,0,False,RieNs,Team Heretics,fade,True,100,50,0,0,1,2,False,Boo,Team Heretics,omen,False,,25,0,0,0,2,False,benjyfishy,Team Heretics,deadlock,True,29,25,0,2,1,0,False,Wo0t,Team Heretics,chamber,True,68,1,0,6,0,5,False,grubinho,GIANTX,omen,True,100,50,1,0,0,3,False,ara,GIANTX,raze,True,96,41,0,0,0,0,False,Cloud,GIANTX,fade,True,87,24,0,1,0,0,False,Flickless,GIANTX,viper,False,,50,0,0,0,0,False,westside,GIANTX,cypher,False,,50,0,0,0,4,False
1178.110,5045,ACTIVE_ROUND,10,3,6,,18.685,,MiniBoo,Team Heretics,raze,False,,50,0,0,0,0,False,RieNs,Team Heretics,fade,True,30,50,0,0,1,2,False,Boo,Team Heretics,omen,False,,25,0,0,0,2,False,benjyfishy,Team Heretics,deadlock,True,35,25,0,2,1,0,False,Wo0t,Team Heretics,chamber,True,74,1,0,6,0,5,False,grubinho,GIANTX,omen,True,88,24,1,0,0,3,False,ara,GIANTX,raze,True,96,41,0,0,0,0,False,Cloud,GIANTX,fade,True,87,24,0,1,0,0,False,Flickless,GIANTX,viper,False,,50,0,0,0,0,False,westside,GIANTX,cypher,False,,50,0,0,0,4,False
1178.344,5046,ACTIVE_ROUND,10,3,6,,18.919,,MiniBoo,Team Heretics,raze,False,,50,0,0,0,0,False,RieNs,Team Heretics,fade,True,30,50,0,0,1,2,False,Boo,Team Heretics,omen,False,,25,0,0,0,2,False,benjyfishy,Team Heretics,deadlock,True,35,25,0,2,1,0,False,Wo0t,Team Heretics,chamber,True,74,1,0,6,0,5,False,grubinho,GIANTX,omen,True,88,24,1,0,0,3,False,ara,GIANTX,raze,True,96,41,0,0,0,0,False,Cloud,GIANTX,fade,True,87,24,0,1,0,0,False,Flickless,GIANTX,viper,False,,50,0,0,0,0,False,westside,GIANTX,cypher,False,,50,0,0,0,4,False
1178.577,5047,ACTIVE_ROUND,10,3,6,,19.152,,MiniBoo,Team Heretics,raze,False,,50,0,0,0,0,False,RieNs,Team Heretics,fade,True,30,50,0,0,1,2,False,Boo,Team Heretics,omen,False,,25,0,0,0,2,False,benjyfishy,Team Heretics,deadlock,True,35,25,0,2,1,0,False,Wo0t,Team Heretics,chamber,True,74,1,0,6,0,5,False,grubinho,GIANTX,omen,True,88,24,1,0,0,3,False,ara,GIANTX,raze,True,96,41,0,0,0,0,False,Cloud,GIANTX,fade,True,87,24,0,1,0,0,False,Flickless,GIANTX,viper,False,,50,0,0,0,0,False,westside,GIANTX,cypher,False,,50,0,0,0,4,False
1178.811,5048,ACTIVE_ROUND,10,3,6,,19.386,,MiniBoo,Team Heretics,raze,False,,50,0,0,0,0,False,RieNs,Team Heretics,fade,True,30,50,0,0,1,2,False,Boo,Team Heretics,omen,False,,25,0,0,0,2,False,benjyfishy,Team Heretics,deadlock,True,35,25,0,2,1,0,False,Wo0t,Team Heretics,chamber,True,74,1,0,6,0,5,False,grubinho,GIANTX,omen,True,88,24,1,0,0,3,False,ara,GIANTX,raze,True,96,41,0,0,0,0,False,Cloud,GIANTX,fade,True,87,24,0,1,0,0,False,Flickless,GIANTX,viper,False,,50,0,0,0,0,False,westside,GIANTX,cypher,False,,50,0,0,0,4,False
1179.045,5049,ACTIVE_ROUND,10,3,6,,19.620,,MiniBoo,Team Heretics,raze,False,,50,0,0,0,0,False,RieNs,Team Heretics,fade,True,30,50,0,0,1,2,False,Boo,Team Heretics,omen,False,,25,0,0,0,2,False,benjyfishy,Team Heretics,deadlock,True,35,25,0,2,1,0,False,Wo0t,Team Heretics,chamber,True,74,1,0,6,0,5,False,grubinho,GIANTX,omen,True,88,24,1,0,0,3,False,ara,GIANTX,raze,True,96,41,0,0,0,0,False,Cloud,GIANTX,fade,True,87,24,0,1,0,0,False,Flickless,GIANTX,viper,False,,50,0,0,0,0,False,westside,GIANTX,cypher,False,,50,0,0,0,4,False
1179.278,5050,ACTIVE_ROUND,10,3,6,,19.853,,MiniBoo,Team Heretics,raze,False,,50,0,0,0,0,False,RieNs,Team Heretics,fade,True,30,50,0,0,1,2,False,Boo,Team Heretics,omen,False,,25,0,0,0,2,False,benjyfishy,Team Heretics,deadlock,True,41,25,0,2,1,0,False,Wo0t,Team Heretics,chamber,True,80,1,0,6,0,5,False,grubinho,GIANTX,omen,True,88,24,1,0,0,3,False,ara,GIANTX,raze,True,96,41,0,0,0,0,False,Cloud,GIANTX,fade,True,87,24,0,1,0,0,False,Flickless,GIANTX,viper,False,,50,0,0,0,0,False,westside,GIANTX,cypher,False,,50,0,0,0,4,False
1179.512,5051,ACTIVE_ROUND,10,3,6,,20.087,,MiniBoo,Team Heretics,raze,False,,50,0,0,0,0,False,RieNs,Team Heretics,fade,True,30,50,0,0,1,2,False,Boo,Team Heretics,omen,False,,25,0,0,0,2,False,benjyfishy,Team Heretics,deadlock,True,41,25,0,2,1,0,False,Wo0t,Team Heretics,chamber,True,80,1,0,6,0,5,False,grubinho,GIANTX,omen,True,88,24,1,0,0,3,False,ara,GIANTX,raze,True,96,41,0,0,0,0,False,Cloud,GIANTX,fade,True,87,24,0,1,0,0,False,Flickless,GIANTX,viper,False,,50,0,0,0,0,False,westside,GIANTX,cypher,False,,50,0,0,0,4,False
1179.745,5052,ACTIVE_ROUND,10,3,6,,20.320,,MiniBoo,Team Heretics,raze,False,,50,0,0,0,0,False,RieNs,Team Heretics,fade,True,30,50,0,0,1,2,False,Boo,Team Heretics,omen,False,,25,0,0,0,2,False,benjyfishy,Team Heretics,deadlock,True,41,25,0,2,1,0,False,Wo0t,Team Heretics,chamber,True,80,1,0,6,0,5,False,grubinho,GIANTX,omen,True,88,24,1,0,0,3,False,ara,GIANTX,raze,True,96,41,0,0,0,0,False,Cloud,GIANTX,fade,True,87,24,0,1,0,0,False,Flickless,GIANTX,viper,False,,50,0,0,0,0,False,westside,GIANTX,cypher,False,,50,0,0,0,4,False
1179.979,5053,ACTIVE_ROUND,10,3,6,,20.554,,MiniBoo,Team Heretics,raze,False,,50,0,0,0,0,False,RieNs,Team Heretics,fade,True,30,50,0,0,1,2,False,Boo,Team Heretics,omen,False,,25,0,0,0,2,False,benjyfishy,Team Heretics,deadlock,True,41,25,0,2,1,0,False,Wo0t,Team Heretics,chamber,True,80,1,0,6,0,5,False,grubinho,GIANTX,omen,True,88,24,1,0,0,3,False,ara,GIANTX,raze,True,96,41,0,0,0,0,False,Cloud,GIANTX,fade,True,87,24,0,1,0,0,False,Flickless,GIANTX,viper,False,,50,0,0,0,0,False,westside,GIANTX,cypher,False,,50,0,0,0,4,False
1180.212,5054,ACTIVE_ROUND,10,3,6,,20.787,,MiniBoo,Team Heretics,raze,False,,50,0,0,0,0,False,RieNs,Team Heretics,fade,True,30,50,0,0,1,2,False,Boo,Team Heretics,omen,False,,25,0,0,0,2,False,benjyfishy,Team Heretics,deadlock,True,48,25,0,2,1,0,False,Wo0t,Team Heretics,chamber,True,87,1,0,6,0,5,False,grubinho,GIANTX,omen,True,88,24,1,0,0,3,False,ara,GIANTX,raze,True,96,41,0,0,0,0,False,Cloud,GIANTX,fade,True,87,24,0,1,0,0,False,Flickless,GIANTX,viper,False,,50,0,0,0,0,False,westside,GIANTX,cypher,False,,50,0,0,0,4,False
1180.446,5055,ACTIVE_ROUND,10,3,6,,21.021,,MiniBoo,Team Heretics,raze,False,,50,0,0,0,0,False,RieNs,Team Heretics,fade,True,30,50,0,0,1,2,False,Boo,Team Heretics,omen,False,,25,0,0,0,2,False,benjyfishy,Team Heretics,deadlock,True,48,25,0,2,1,0,False,Wo0t,Team Heretics,chamber,True,87,1,0,6,0,5,False,grubinho,GIANTX,omen,True,88,24,1,0,0,3,False,ara,GIANTX,raze,True,96,41,0,0,0,0,False,Cloud,GIANTX,fade,True,87,24,0,1,0,0,False,Flickless,GIANTX,viper,False,,50,0,0,0,0,False,westside,GIANTX,cypher,False,,50,0,0,0,4,False
1180.679,5056,ACTIVE_ROUND,10,3,6,,21.255,,MiniBoo,Team Heretics,raze,False,,50,0,0,0,0,False,RieNs,Team Heretics,fade,True,30,50,0,0,1,2,False,Boo,Team Heretics,omen,False,,25,0,0,0,2,False,benjyfishy,Team Heretics,deadlock,True,48,25,0,2,1,0,False,Wo0t,Team Heretics,chamber,True,87,1,0,6,0,5,False,grubinho,GIANTX,omen,True,88,24,1,0,0,3,False,ara,GIANTX,raze,True,96,41,0,0,0,0,False,Cloud,GIANTX,fade,True,87,24,0,1,0,0,False,Flickless,GIANTX,viper,False,,50,0,0,0,0,False,westside,GIANTX,cypher,False,,50,0,0,0,4,False
1180.913,5057,ACTIVE_ROUND,10,3,6,,21.488,,MiniBoo,Team Heretics,raze,False,,50,0,0,0,0,False,RieNs,Team Heretics,fade,True,30,50,0,0,1,2,False,Boo,Team Heretics,omen,False,,25,0,0,0,2,False,benjyfishy,Team Heretics,deadlock,True,48,25,0,2,1,0,False,Wo0t,Team Heretics,chamber,True,87,1,0,6,0,5,False,grubinho,GIANTX,omen,True,88,24,1,0,0,3,False,ara,GIANTX,raze,True,96,41,0,0,0,0,False,Cloud,GIANTX,fade,True,87,24,0,1,0,0,False,Flickless,GIANTX,viper,False,,50,0,0,0,0,False,westside,GIANTX,cypher,False,,50,0,0,0,4,False
1181.147,5058,ACTIVE_ROUND,10,3,6,,21.722,,MiniBoo,Team Heretics,raze,False,,50,0,0,0,0,False,RieNs,Team Heretics,fade,True,30,50,0,0,0,2,False,Boo,Team Heretics,omen,False,,25,0,0,0,2,False,benjyfishy,Team Heretics,deadlock,True,54,25,0,2,1,0,False,Wo0t,Team Heretics,chamber,True,93,1,0,6,0,5,False,grubinho,GIANTX,omen,True,88,24,1,0,0,3,False,ara,GIANTX,raze,True,96,41,0,0,0,0,False,Cloud,GIANTX,fade,True,87,24,0,1,0,0,False,Flickless,GIANTX,viper,False,,50,0,0,0,0,False,westside,GIANTX,cypher,False,,50,0,0,0,4,False
1181.380,5059,ACTIVE_ROUND,10,3,6,,21.955,,MiniBoo,Team Heretics,raze,False,,50,0,0,0,0,False,RieNs,Team Heretics,fade,False,,50,0,0,0,2,False,Boo,Team Heretics,omen,False,,25,0,0,0,2,False,benjyfishy,Team Heretics,deadlock,True,54,25,0,2,1,0,False,Wo0t,Team Heretics,chamber,True,93,1,0,6,0,5,False,grubinho,GIANTX,omen,True,88,24,1,0,0,3,False,ara,GIANTX,raze,True,96,41,0,0,0,0,False,Cloud,GIANTX,fade,True,87,24,0,1,0,0,False,Flickless,GIANTX,viper,False,,50,0,0,0,0,False,westside,GIANTX,cypher,False,,50,0,0,0,4,False
1181.614,5060,ACTIVE_ROUND,10,3,6,,22.189,,MiniBoo,Team Heretics,raze,False,,50,0,0,0,0,False,RieNs,Team Heretics,fade,False,,50,0,0,0,2,False,Boo,Team Heretics,omen,False,,25,0,0,0,2,False,benjyfishy,Team Heretics,deadlock,True,54,25,0,2,1,0,False,Wo0t,Team Heretics,chamber,True,93,1,0,6,0,5,False,grubinho,GIANTX,omen,True,88,24,1,0,0,3,False,ara,GIANTX,raze,True,96,41,0,0,0,0,False,Cloud,GIANTX,fade,True,87,24,0,1,0,0,False,Flickless,GIANTX,viper,False,,50,0,0,0,0,False,westside,GIANTX,cypher,False,,50,0,0,0,4,False
1181.847,5061,ACTIVE_ROUND,10,3,6,,22.422,,MiniBoo,Team Heretics,raze,False,,50,0,0,0,0,False,RieNs,Team Heretics,fade,False,,50,0,0,0,2,False,Boo,Team Heretics,omen,False,,25,0,0,0,2,False,benjyfishy,Team Heretics,deadlock,True,54,25,0,2,1,0,False,Wo0t,Team Heretics,chamber,True,93,1,0,6,0,5,False,grubinho,GIANTX,omen,True,88,24,1,0,0,3,False,ara,GIANTX,raze,True,96,41,0,0,0,0,False,Cloud,GIANTX,fade,True,87,24,0,1,0,0,False,Flickless,GIANTX,viper,False,,50,0,0,0,0,False,westside,GIANTX,cypher,False,,50,0,0,0,4,False
1182.081,5062,ACTIVE_ROUND,10,3,6,,22.656,,MiniBoo,Team Heretics,raze,False,,50,0,0,0,0,False,RieNs,Team Heretics,fade,False,,50,0,0,0,2,False,Boo,Team Heretics,omen,False,,25,0,0,0,2,False,benjyfishy,Team Heretics,deadlock,True,60,25,0,2,1,0,False,Wo0t,Team Heretics,chamber,True,99,1,0,6,1,5,False,grubinho,GIANTX,omen,True,88,24,1,0,0,3,False,ara,GIANTX,raze,True,96,41,0,0,0,1,False,Cloud,GIANTX,fade,True,87,24,0,1,0,0,False,Flickless,GIANTX,viper,False,,50,0,0,0,0,False,westside,GIANTX,cypher,False,,50,0,0,0,4,False
1182.314,5063,ACTIVE_ROUND,10,3,6,,22.890,,MiniBoo,Team Heretics,raze,False,,50,0,0,0,0,False,RieNs,Team Heretics,fade,False,,50,0,0,0,2,False,Boo,Team Heretics,omen,False,,25,0,0,0,2,False,benjyfishy,Team Heretics,deadlock,True,60,25,0,2,1,0,False,Wo0t,Team Heretics,chamber,True,99,1,0,6,1,5,False,grubinho,GIANTX,omen,True,88,24,1,0,0,3,False,ara,GIANTX,raze,True,96,41,0,0,0,1,False,Cloud,GIANTX,fade,True,87,24,0,1,0,0,False,Flickless,GIANTX,viper,False,,50,0,0,0,0,False,westside,GIANTX,cypher,False,,50,0,0,0,4,False
1182.548,5064,ACTIVE_ROUND,10,3,6,,23.123,,MiniBoo,Team Heretics,raze,False,,50,0,0,0,0,False,RieNs,Team Heretics,fade,False,,50,0,0,0,2,False,Boo,Team Heretics,omen,False,,25,0,0,0,2,False,benjyfishy,Team Heretics,deadlock,True,60,25,0,2,1,0,False,Wo0t,Team Heretics,chamber,True,99,1,0,6,1,5,False,grubinho,GIANTX,omen,True,88,24,1,0,0,3,False,ara,GIANTX,raze,True,96,41,0,0,0,1,False,Cloud,GIANTX,fade,True,87,24,0,1,0,0,False,Flickless,GIANTX,viper,False,,50,0,0,0,0,False,westside,GIANTX,cypher,False,,50,0,0,0,4,False
1182.782,5065,ACTIVE_ROUND,10,3,6,,23.357,,MiniBoo,Team Heretics,raze,False,,50,0,0,0,0,False,RieNs,Team Heretics,fade,False,,50,0,0,0,2,False,Boo,Team Heretics,omen,False,,25,0,0,0,2,False,benjyfishy,Team Heretics,deadlock,True,60,25,0,2,1,0,False,Wo0t,Team Heretics,chamber,True,99,1,0,6,1,5,False,grubinho,GIANTX,omen,True,88,24,1,0,0,3,False,ara,GIANTX,raze,True,96,41,0,0,0,1,False,Cloud,GIANTX,fade,True,87,24,0,1,0,0,False,Flickless,GIANTX,viper,False,,50,0,0,0,0,False,westside,GIANTX,cypher,False,,50,0,0,0,4,False
1183.015,5066,ACTIVE_ROUND,10,3,6,,23.590,,MiniBoo,Team Heretics,raze,False,,50,0,0,0,0,False,RieNs,Team Heretics,fade,False,,50,0,0,0,2,False,Boo,Team Heretics,omen,False,,25,0,0,0,2,False,benjyfishy,Team Heretics,deadlock,True,60,25,0,2,1,0,False,Wo0t,Team Heretics,chamber,True,99,1,0,6,1,5,False,grubinho,GIANTX,omen,True,88,24,1,0,0,3,False,ara,GIANTX,raze,True,96,41,0,0,0,1,False,Cloud,GIANTX,fade,True,87,24,0,1,0,0,False,Flickless,GIANTX,viper,False,,50,0,0,0,0,False,westside,GIANTX,cypher,False,,50,0,0,0,4,False
1183.249,5067,ACTIVE_ROUND,10,3,6,,23.824,,MiniBoo,Team Heretics,raze,False,,50,0,0,0,0,False,RieNs,Team Heretics,fade,False,,50,0,0,0,2,False,Boo,Team Heretics,omen,False,,25,0,0,0,2,False,benjyfishy,Team Heretics,deadlock,True,66,25,0,2,0,0,False,Wo0t,Team Heretics,chamber,True,100,6,0,6,1,5,False,grubinho,GIANTX,omen,True,88,24,1,0,0,3,False,ara,GIANTX,raze,True,96,41,0,0,0,1,False,Cloud,GIANTX,fade,True,87,24,0,1,0,0,False,Flickless,GIANTX,viper,False,,50,0,0,0,0,False,westside,GIANTX,cypher,False,,50,0,0,0,4,False
1183.482,5068,ACTIVE_ROUND,10,3,6,,24.057,,MiniBoo,Team Heretics,raze,False,,50,0,0,0,0,False,RieNs,Team Heretics,fade,False,,50,0,0,0,2,False,Boo,Team Heretics,omen,False,,25,0,0,0,2,False,benjyfishy,Team Heretics,deadlock,True,66,25,0,2,0,0,False,Wo0t,Team Heretics,chamber,True,100,6,0,6,1,5,False,grubinho,GIANTX,omen,True,88,24,1,0,0,3,False,ara,GIANTX,raze,True,96,41,0,0,0,1,False,Cloud,GIANTX,fade,True,87,24,0,1,0,0,False,Flickless,GIANTX,viper,False,,50,0,0,0,0,False,westside,GIANTX,cypher,False,,50,0,0,0,4,False
1183.716,5069,ACTIVE_ROUND,10,3,6,,24.291,,MiniBoo,Team Heretics,raze,False,,50,0,0,0,0,False,RieNs,Team Heretics,fade,False,,50,0,0,0,2,False,Boo,Team Heretics,omen,False,,25,0,0,0,2,False,benjyfishy,Team Heretics,deadlock,True,66,25,0,2,0,0,False,Wo0t,Team Heretics,chamber,True,100,6,0,6,1,5,False,grubinho,GIANTX,omen,True,88,24,1,0,0,3,False,ara,GIANTX,raze,True,96,41,0,0,0,1,False,Cloud,GIANTX,fade,True,87,24,0,1,0,0,False,Flickless,GIANTX,viper,False,,50,0,0,0,0,False,westside,GIANTX,cypher,False,,50,0,0,0,4,False
1183.949,5070,ACTIVE_ROUND,10,3,6,,24.524,,MiniBoo,Team Heretics,raze,False,,50,0,0,0,0,False,RieNs,Team Heretics,fade,False,,50,0,0,0,2,False,Boo,Team Heretics,omen,False,,25,0,0,0,2,False,benjyfishy,Team Heretics,deadlock,True,66,25,0,2,0,0,False,Wo0t,Team Heretics,chamber,True,100,6,0,6,1,5,False,grubinho,GIANTX,omen,True,88,24,1,0,0,3,False,ara,GIANTX,raze,True,96,41,0,0,0,1,False,Cloud,GIANTX,fade,True,87,24,0,1,0,0,False,Flickless,GIANTX,viper,False,,50,0,0,0,0,False,westside,GIANTX,cypher,False,,50,0,0,0,4,False
1184.183,5071,ACTIVE_ROUND,10,3,6,,24.758,,MiniBoo,Team Heretics,raze,False,,50,0,0,0,0,False,RieNs,Team Heretics,fade,False,,50,0,0,0,2,False,Boo,Team Heretics,omen,False,,25,0,0,0,2,False,benjyfishy,Team Heretics,deadlock,True,73,25,0,2,0,0,False,Wo0t,Team Heretics,chamber,True,100,13,0,6,1,5,False,grubinho,GIANTX,omen,True,88,24,1,0,0,3,False,ara,GIANTX,raze,True,96,41,0,0,0,1,False,Cloud,GIANTX,fade,True,81,12,0,1,0,0,False,Flickless,GIANTX,viper,False,,50,0,0,0,0,False,westside,GIANTX,cypher,False,,50,0,0,0,4,False
1184.417,5072,ACTIVE_ROUND,10,3,6,,24.992,,MiniBoo,Team Heretics,raze,False,,50,0,0,0,0,False,RieNs,Team Heretics,fade,False,,50,0,0,0,2,False,Boo,Team Heretics,omen,False,,25,0,0,0,2,False,benjyfishy,Team Heretics,deadlock,True,73,25,0,2,0,0,False,Wo0t,Team Heretics,chamber,True,100,13,0,6,1,5,False,grubinho,GIANTX,omen,True,88,24,1,0,0,3,False,ara,GIANTX,raze,True,96,41,0,0,0,1,False,Cloud,GIANTX,fade,True,81,12,0,1,0,0,False,Flickless,GIANTX,viper,False,,50,0,0,0,0,False,westside,GIANTX,cypher,False,,50,0,0,0,4,False
1184.650,5073,ACTIVE_ROUND,10,3,6,,25.225,,MiniBoo,Team Heretics,raze,False,,50,0,0,0,0,False,RieNs,Team Heretics,fade,False,,50,0,0,0,2,False,Boo,Team Heretics,omen,False,,25,0,0,0,2,False,benjyfishy,Team Heretics,deadlock,True,73,25,0,2,0,0,False,Wo0t,Team Heretics,chamber,True,100,13,0,6,1,5,False,grubinho,GIANTX,omen,True,88,24,1,0,0,3,False,ara,GIANTX,raze,True,96,41,0,0,0,1,False,Cloud,GIANTX,fade,True,81,12,0,1,0,0,False,Flickless,GIANTX,viper,False,,50,0,0,0,0,False,westside,GIANTX,cypher,False,,50,0,0,0,4,False
1184.884,5074,ACTIVE_ROUND,10,3,6,,25.459,,MiniBoo,Team Heretics,raze,False,,50,0,0,0,0,False,RieNs,Team Heretics,fade,False,,50,0,0,0,2,False,Boo,Team Heretics,omen,False,,25,0,0,0,2,False,benjyfishy,Team Heretics,deadlock,True,73,25,0,2,0,0,False,Wo0t,Team Heretics,chamber,True,100,13,0,6,1,5,False,grubinho,GIANTX,omen,True,88,24,1,0,0,3,False,ara,GIANTX,raze,True,96,41,0,0,0,1,False,Cloud,GIANTX,fade,True,81,12,0,1,0,0,False,Flickless,GIANTX,viper,False,,50,0,0,0,0,False,westside,GIANTX,cypher,False,,50,0,0,0,4,False
1185.117,5075,ACTIVE_ROUND,10,3,6,,25.692,,MiniBoo,Team Heretics,raze,False,,50,0,0,0,0,False,RieNs,Team Heretics,fade,False,,50,0,0,0,2,False,Boo,Team Heretics,omen,False,,25,0,0,0,2,False,benjyfishy,Team Heretics,deadlock,True,79,25,0,2,0,0,False,Wo0t,Team Heretics,chamber,True,100,19,0,6,1,5,False,grubinho,GIANTX,omen,True,88,24,1,0,0,3,False,ara,GIANTX,raze,True,96,41,0,0,0,1,False,Cloud,GIANTX,fade,True,81,12,0,1,0,0,False,Flickless,GIANTX,viper,False,,50,0,0,0,0,False,westside,GIANTX,cypher,False,,50,0,0,0,4,False
1185.351,5076,ACTIVE_ROUND,10,3,6,,25.926,,MiniBoo,Team Heretics,raze,False,,50,0,0,0,0,False,RieNs,Team Heretics,fade,False,,50,0,0,0,2,False,Boo,Team Heretics,omen,False,,25,0,0,0,2,False,benjyfishy,Team Heretics,deadlock,True,79,25,0,2,0,0,False,Wo0t,Team Heretics,chamber,True,100,19,0,6,1,5,False,grubinho,GIANTX,omen,True,88,24,1,0,0,3,False,ara,GIANTX,raze,True,96,41,0,0,0,1,False,Cloud,GIANTX,fade,True,81,12,0,1,0,0,False,Flickless,GIANTX,viper,False,,50,0,0,0,0,False,westside,GIANTX,cypher,False,,50,0,0,0,4,False
1185.584,5077,ACTIVE_ROUND,10,3,6,,26.159,,MiniBoo,Team Heretics,raze,False,,50,0,0,0,0,False,RieNs,Team Heretics,fade,False,,50,0,0,0,2,False,Boo,Team Heretics,omen,False,,25,0,0,0,2,False,benjyfishy,Team Heretics,deadlock,True,79,25,0,2,0,0,False,Wo0t,Team Heretics,chamber,True,100,19,0,6,1,5,False,grubinho,GIANTX,omen,True,88,24,1,0,0,3,False,ara,GIANTX,raze,True,96,41,0,0,0,1,False,Cloud,GIANTX,fade,True,81,12,0,1,0,0,False,Flickless,GIANTX,viper,False,,50,0,0,0,0,False,westside,GIANTX,cypher,False,,50,0,0,0,4,False
1185.818,5078,ACTIVE_ROUND,10,3,6,,26.393,,MiniBoo,Team Heretics,raze,False,,50,0,0,0,0,False,RieNs,Team Heretics,fade,False,,50,0,0,0,2,False,Boo,Team Heretics,omen,False,,25,0,0,0,2,False,benjyfishy,Team Heretics,deadlock,True,79,25,0,2,0,0,False,Wo0t,Team Heretics,chamber,True,100,19,0,6,1,5,False,grubinho,GIANTX,omen,True,88,24,1,0,0,3,False,ara,GIANTX,raze,True,96,41,0,0,0,1,False,Cloud,GIANTX,fade,True,81,12,0,1,0,0,False,Flickless,GIANTX,viper,False,,50,0,0,0,0,False,westside,GIANTX,cypher,False,,50,0,0,0,4,False
1186.052,5079,ACTIVE_ROUND,10,3,6,,26.627,,MiniBoo,Team Heretics,raze,False,,50,0,0,0,0,False,RieNs,Team Heretics,fade,False,,50,0,0,0,2,False,Boo,Team Heretics,omen,False,,25,0,0,0,2,False,benjyfishy,Team Heretics,deadlock,True,79,25,0,2,0,0,False,Wo0t,Team Heretics,chamber,True,100,19,0,6,1,5,False,grubinho,GIANTX,omen,True,88,24,1,0,0,3,False,ara,GIANTX,raze,True,96,41,0,0,0,1,False,Cloud,GIANTX,fade,True,81,12,0,1,0,0,False,Flickless,GIANTX,viper,False,,50,0,0,0,0,False,westside,GIANTX,cypher,False,,50,0,0,0,4,False
1186.285,5080,ACTIVE_ROUND,10,3,6,,26.860,,MiniBoo,Team Heretics,raze,False,,50,0,0,0,0,False,RieNs,Team Heretics,fade,False,,50,0,0,0,2,False,Boo,Team Heretics,omen,False,,25,0,0,0,2,False,benjyfishy,Team Heretics,deadlock,True,85,25,0,2,0,0,False,Wo0t,Team Heretics,chamber,True,100,25,0,6,1,5,False,grubinho,GIANTX,omen,True,88,24,1,0,0,3,False,ara,GIANTX,raze,True,96,41,0,0,0,1,False,Cloud,GIANTX,fade,True,81,12,0,1,0,0,False,Flickless,GIANTX,viper,False,,50,0,0,0,0,False,westside,GIANTX,cypher,False,,50,0,0,0,4,False
1186.519,5081,ACTIVE_ROUND,10,3,6,,27.094,,MiniBoo,Team Heretics,raze,False,,50,0,0,0,0,False,RieNs,Team Heretics,fade,False,,50,0,0,0,2,False,Boo,Team Heretics,omen,False,,25,0,0,0,2,False,benjyfishy,Team Heretics,deadlock,True,85,25,0,2,0,0,False,Wo0t,Team Heretics,chamber,True,100,25,0,6,1,5,False,grubinho,GIANTX,omen,True,88,24,1,0,0,3,False,ara,GIANTX,raze,True,96,41,0,0,0,1,False,Cloud,GIANTX,fade,True,81,12,0,1,0,0,False,Flickless,GIANTX,viper,False,,50,0,0,0,0,False,westside,GIANTX,cypher,False,,50,0,0,0,4,False
1186.752,5082,ACTIVE_ROUND,10,3,6,,27.327,,MiniBoo,Team Heretics,raze,False,,50,0,0,0,0,False,RieNs,Team Heretics,fade,False,,50,0,0,0,2,False,Boo,Team Heretics,omen,False,,25,0,0,0,2,False,benjyfishy,Team Heretics,deadlock,True,85,25,0,2,0,0,False,Wo0t,Team Heretics,chamber,True,100,25,0,6,1,5,False,grubinho,GIANTX,omen,True,88,24,1,0,0,3,False,ara,GIANTX,raze,True,96,41,0,0,0,1,False,Cloud,GIANTX,fade,True,81,12,0,1,0,0,False,Flickless,GIANTX,viper,False,,50,0,0,0,0,False,westside,GIANTX,cypher,False,,50,0,0,0,4,False
1186.986,5083,ACTIVE_ROUND,10,3,6,,27.561,,MiniBoo,Team Heretics,raze,False,,50,0,0,0,0,False,RieNs,Team Heretics,fade,False,,50,0,0,0,2,False,Boo,Team Heretics,omen,False,,25,0,0,0,2,False,benjyfishy,Team Heretics,deadlock,True,85,25,0,2,0,0,False,Wo0t,Team Heretics,chamber,True,100,25,0,6,1,5,False,grubinho,GIANTX,omen,True,88,24,1,0,0,3,False,ara,GIANTX,raze,True,96,41,0,0,0,1,False,Cloud,GIANTX,fade,True,81,12,0,1,0,0,False,Flickless,GIANTX,viper,False,,50,0,0,0,0,False,westside,GIANTX,cypher,False,,50,0,0,0,4,False
1187.219,5084,ACTIVE_ROUND,10,3,6,,27.794,,MiniBoo,Team Heretics,raze,False,,50,0,0,0,0,False,RieNs,Team Heretics,fade,False,,50,0,0,0,2,False,Boo,Team Heretics,omen,False,,25,0,0,0,2,False,benjyfishy,Team Heretics,deadlock,True,85,25,0,2,0,0,False,Wo0t,Team Heretics,chamber,True,100,25,0,6,1,5,False,grubinho,GIANTX,omen,True,88,24,1,0,0,3,False,ara,GIANTX,raze,True,96,41,0,0,0,1,False,Cloud,GIANTX,fade,True,81,12,0,1,0,0,False,Flickless,GIANTX,viper,False,,50,0,0,0,0,False,westside,GIANTX,cypher,False,,50,0,0,0,4,False
1187.453,5085,ACTIVE_ROUND,10,3,6,,28.028,,MiniBoo,Team Heretics,raze,False,,50,0,0,0,0,False,RieNs,Team Heretics,fade,False,,50,0,0,0,2,False,Boo,Team Heretics,omen,False,,25,0,0,0,2,False,benjyfishy,Team Heretics,deadlock,True,85,25,0,2,0,0,False,Wo0t,Team Heretics,chamber,True,100,25,0,6,1,5,False,grubinho,GIANTX,omen,True,88,24,1,0,0,3,False,ara,GIANTX,raze,True,96,41,0,0,0,1,False,Cloud,GIANTX,fade,True,81,12,0,1,0,0,False,Flickless,GIANTX,viper,False,,50,0,0,0,0,False,westside,GIANTX,cypher,False,,50,0,0,0,4,False
1187.687,5086,ACTIVE_ROUND,10,3,6,,28.262,,MiniBoo,Team Heretics,raze,False,,50,0,0,0,0,False,RieNs,Team Heretics,fade,False,,50,0,0,0,2,False,Boo,Team Heretics,omen,False,,25,0,0,0,2,False,benjyfishy,Team Heretics,deadlock,True,85,25,0,2,0,0,False,Wo0t,Team Heretics,chamber,True,100,25,0,6,1,5,False,grubinho,GIANTX,omen,True,88,24,1,0,0,3,False,ara,GIANTX,raze,True,96,41,0,0,0,1,False,Cloud,GIANTX,fade,True,81,12,0,1,0,0,False,Flickless,GIANTX,viper,False,,50,0,0,0,0,False,westside,GIANTX,cypher,False,,50,0,0,0,4,False
1187.920,5087,ACTIVE_ROUND,10,3,6,,28.495,,MiniBoo,Team Heretics,raze,False,,50,0,0,0,0,False,RieNs,Team Heretics,fade,False,,50,0,0,0,2,False,Boo,Team Heretics,omen,False,,25,0,0,0,2,False,benjyfishy,Team Heretics,deadlock,True,85,25,0,2,0,0,False,Wo0t,Team Heretics,chamber,True,100,25,0,6,1,5,False,grubinho,GIANTX,omen,True,88,24,1,0,0,3,False,ara,GIANTX,raze,True,96,41,0,0,0,1,False,Cloud,GIANTX,fade,True,81,12,0,1,0,0,False,Flickless,GIANTX,viper,False,,50,0,0,0,0,False,westside,GIANTX,cypher,False,,50,0,0,0,4,False
1188.154,5088,ACTIVE_ROUND,10,3,6,,28.729,,MiniBoo,Team Heretics,raze,False,,50,0,0,0,0,False,RieNs,Team Heretics,fade,False,,50,0,0,0,2,False,Boo,Team Heretics,omen,False,,25,0,0,0,2,False,benjyfishy,Team Heretics,deadlock,True,85,25,0,2,0,0,False,Wo0t,Team Heretics,chamber,True,100,25,0,6,1,5,False,grubinho,GIANTX,omen,True,88,24,1,0,0,3,False,ara,GIANTX,raze,True,96,41,0,0,0,1,False,Cloud,GIANTX,fade,True,81,12,0,0,0,0,False,Flickless,GIANTX,viper,False,,50,0,0,0,0,False,westside,GIANTX,cypher,False,,50,0,0,0,4,False
1188.387,5089,ACTIVE_ROUND,10,3,6,,28.962,,MiniBoo,Team Heretics,raze,False,,50,0,0,0,0,False,RieNs,Team Heretics,fade,False,,50,0,0,0,2,False,Boo,Team Heretics,omen,False,,25,0,0,0,2,False,benjyfishy,Team Heretics,deadlock,True,85,25,0,2,0,0,False,Wo0t,Team Heretics,chamber,True,100,25,0,6,1,5,False,grubinho,GIANTX,omen,True,88,24,1,0,0,3,False,ara,GIANTX,raze,True,96,41,0,0,0,1,False,Cloud,GIANTX,fade,True,81,12,0,0,0,0,False,Flickless,GIANTX,viper,False,,50,0,0,0,0,False,westside,GIANTX,cypher,False,,50,0,0,0,4,False
1188.621,5090,ACTIVE_ROUND,10,3,6,,29.196,,MiniBoo,Team Heretics,raze,False,,50,0,0,0,0,False,RieNs,Team Heretics,fade,False,,50,0,0,0,2,False,Boo,Team Heretics,omen,False,,25,0,0,0,2,False,benjyfishy,Team Heretics,deadlock,True,85,25,0,2,0,0,False,Wo0t,Team Heretics,chamber,True,100,25,0,6,1,5,False,grubinho,GIANTX,omen,True,88,24,1,0,0,3,False,ara,GIANTX,raze,True,96,41,0,0,0,1,False,Cloud,GIANTX,fade,True,81,12,0,0,0,0,False,Flickless,GIANTX,viper,False,,50,0,0,0,0,False,westside,GIANTX,cypher,False,,50,0,0,0,4,False
1188.854,5091,ACTIVE_ROUND,10,3,6,,29.429,,MiniBoo,Team Heretics,raze,False,,50,0,0,0,0,False,RieNs,Team Heretics,fade,False,,50,0,0,0,2,False,Boo,Team Heretics,omen,False,,25,0,0,0,2,False,benjyfishy,Team Heretics,deadlock,True,85,25,0,2,0,0,False,Wo0t,Team Heretics,chamber,True,100,25,0,6,1,5,False,grubinho,GIANTX,omen,True,88,24,1,0,0,3,False,ara,GIANTX,raze,True,96,41,0,0,0,1,False,Cloud,GIANTX,fade,True,81,12,0,0,0,0,False,Flickless,GIANTX,viper,False,,50,0,0,0,0,False,westside,GIANTX,cypher,False,,50,0,0,0,4,False
1189.088,5092,ACTIVE_ROUND,10,3,6,,29.663,,MiniBoo,Team Heretics,raze,False,,50,0,0,0,0,False,RieNs,Team Heretics,fade,False,,50,0,0,0,2,False,Boo,Team Heretics,omen,False,,25,0,0,0,2,False,benjyfishy,Team Heretics,deadlock,True,85,25,0,2,0,0,False,Wo0t,Team Heretics,chamber,True,100,25,0,6,1,5,False,grubinho,GIANTX,omen,True,88,24,1,0,0,3,False,ara,GIANTX,raze,True,96,41,0,0,0,1,False,Cloud,GIANTX,fade,True,81,12,0,0,0,0,False,Flickless,GIANTX,viper,False,,50,0,0,0,0,False,westside,GIANTX,cypher,False,,50,0,0,0,4,False
1189.321,5093,ACTIVE_ROUND,10,3,6,,29.897,,MiniBoo,Team Heretics,raze,False,,50,0,0,0,0,False,RieNs,Team Heretics,fade,False,,50,0,0,0,2,False,Boo,Team Heretics,omen,False,,25,0,0,0,2,False,benjyfishy,Team Heretics,deadlock,True,85,25,0,0,0,0,False,Wo0t,Team Heretics,chamber,True,100,25,0,6,1,5,False,grubinho,GIANTX,omen,True,88,24,1,0,0,3,False,ara,GIANTX,raze,True,96,41,0,0,0,1,False,Cloud,GIANTX,fade,True,81,12,0,0,0,0,False,Flickless,GIANTX,viper,False,,50,0,0,0,0,False,westside,GIANTX,cypher,False,,50,0,0,0,4,False
1189.555,5094,ACTIVE_ROUND,10,3,6,,30.130,,MiniBoo,Team Heretics,raze,False,,50,0,0,0,0,False,RieNs,Team Heretics,fade,False,,50,0,0,0,2,False,Boo,Team Heretics,omen,False,,25,0,0,0,2,False,benjyfishy,Team Heretics,deadlock,False,,25,0,0,0,0,False,Wo0t,Team Heretics,chamber,True,100,25,0,6,1,5,False,grubinho,GIANTX,omen,True,88,24,1,0,0,3,False,ara,GIANTX,raze,True,96,41,0,0,0,1,False,Cloud,GIANTX,fade,True,81,12,0,0,0,0,False,Flickless,GIANTX,viper,False,,50,0,0,0,0,False,westside,GIANTX,cypher,False,,50,0,0,0,4,False
1189.789,5095,ACTIVE_ROUND,10,3,6,,30.364,,MiniBoo,Team Heretics,raze,False,,50,0,0,0,0,False,RieNs,Team Heretics,fade,False,,50,0,0,0,2,False,Boo,Team Heretics,omen,False,,25,0,0,0,2,False,benjyfishy,Team Heretics,deadlock,False,,25,0,0,0,0,False,Wo0t,Team Heretics,chamber,True,100,25,0,6,1,5,False,grubinho,GIANTX,omen,True,88,24,1,0,0,3,False,ara,GIANTX,raze,True,96,41,0,0,0,1,False,Cloud,GIANTX,fade,True,81,12,0,0,0,0,False,Flickless,GIANTX,viper,False,,50,0,0,0,0,False,westside,GIANTX,cypher,False,,50,0,0,0,4,False
1190.022,5096,ACTIVE_ROUND,10,3,6,,30.597,,MiniBoo,Team Heretics,raze,False,,50,0,0,0,0,False,RieNs,Team Heretics,fade,False,,50,0,0,0,2,False,Boo,Team Heretics,omen,False,,25,0,0,0,2,False,benjyfishy,Team Heretics,deadlock,False,,25,0,0,0,0,False,Wo0t,Team Heretics,chamber,True,100,25,0,6,1,5,False,grubinho,GIANTX,omen,True,88,24,1,0,0,3,False,ara,GIANTX,raze,True,96,41,0,0,0,1,False,Cloud,GIANTX,fade,True,81,12,0,0,0,0,False,Flickless,GIANTX,viper,False,,50,0,0,0,0,False,westside,GIANTX,cypher,False,,50,0,0,0,4,False
1190.256,5097,ACTIVE_ROUND,10,3,6,,30.831,,MiniBoo,Team Heretics,raze,False,,50,0,0,0,0,False,RieNs,Team Heretics,fade,False,,50,0,0,0,2,False,Boo,Team Heretics,omen,False,,25,0,0,0,2,False,benjyfishy,Team Heretics,deadlock,False,,25,0,0,0,0,False,Wo0t,Team Heretics,chamber,True,100,25,0,6,1,5,False,grubinho,GIANTX,omen,True,88,24,1,0,0,3,False,ara,GIANTX,raze,True,96,41,0,0,0,1,False,Cloud,GIANTX,fade,True,81,12,0,0,0,1,False,Flickless,GIANTX,viper,False,,50,0,0,0,0,False,westside,GIANTX,cypher,False,,50,0,0,0,4,False
1190.489,5098,ACTIVE_ROUND,10,3,6,,31.064,,MiniBoo,Team Heretics,raze,False,,50,0,0,0,0,False,RieNs,Team Heretics,fade,False,,50,0,0,0,2,False,Boo,Team Heretics,omen,False,,25,0,0,0,2,False,benjyfishy,Team Heretics,deadlock,False,,25,0,0,0,0,False,Wo0t,Team Heretics,chamber,True,100,25,0,6,1,5,False,grubinho,GIANTX,omen,True,88,24,1,0,0,3,False,ara,GIANTX,raze,True,96,41,0,0,0,1,False,Cloud,GIANTX,fade,True,81,12,0,0,0,1,False,Flickless,GIANTX,viper,False,,50,0,0,0,0,False,westside,GIANTX,cypher,False,,50,0,0,0,4,False
1190.723,5099,ACTIVE_ROUND,10,3,6,,31.298,,MiniBoo,Team Heretics,raze,False,,50,0,0,0,0,False,RieNs,Team Heretics,fade,False,,50,0,0,0,2,False,Boo,Team Heretics,omen,False,,25,0,0,0,2,False,benjyfishy,Team Heretics,deadlock,False,,25,0,0,0,0,False,Wo0t,Team Heretics,chamber,True,100,25,0,6,1,5,False,grubinho,GIANTX,omen,True,88,24,1,0,0,3,False,ara,GIANTX,raze,True,96,41,0,0,0,1,False,Cloud,GIANTX,fade,True,81,12,0,0,0,1,False,Flickless,GIANTX,viper,False,,50,0,0,0,0,False,westside,GIANTX,cypher,False,,50,0,0,0,4,False
1190.956,5100,ACTIVE_ROUND,10,3,6,,31.531,,MiniBoo,Team Heretics,raze,False,,50,0,0,0,0,False,RieNs,Team Heretics,fade,False,,50,0,0,0,2,False,Boo,Team Heretics,omen,False,,25,0,0,0,2,False,benjyfishy,Team Heretics,deadlock,False,,25,0,0,0,0,False,Wo0t,Team Heretics,chamber,True,100,25,0,6,1,5,False,grubinho,GIANTX,omen,True,88,24,1,0,0,3,False,ara,GIANTX,raze,True,96,41,0,0,0,1,False,Cloud,GIANTX,fade,True,81,12,0,0,0,1,False,Flickless,GIANTX,viper,False,,50,0,0,0,0,False,westside,GIANTX,cypher,False,,50,0,0,0,4,False
1191.190,5101,ACTIVE_ROUND,10,3,6,,31.765,,MiniBoo,Team Heretics,raze,False,,50,0,0,0,0,False,RieNs,Team Heretics,fade,False,,50,0,0,0,2,False,Boo,Team Heretics,omen,False,,25,0,0,0,2,False,benjyfishy,Team Heretics,deadlock,False,,25,0,0,0,0,False,Wo0t,Team Heretics,chamber,True,100,25,0,6,1,5,False,grubinho,GIANTX,omen,True,88,24,1,0,0,3,False,ara,GIANTX,raze,True,96,41,0,0,0,1,False,Cloud,GIANTX,fade,True,81,12,0,0,0,1,False,Flickless,GIANTX,viper,False,,50,0,0,0,0,False,westside,GIANTX,cypher,False,,50,0,0,0,4,False
1191.424,5102,ACTIVE_ROUND,10,3,6,,31.999,,MiniBoo,Team Heretics,raze,False,,50,0,0,0,0,False,RieNs,Team Heretics,fade,False,,50,0,0,0,2,False,Boo,Team Heretics,omen,False,,25,0,0,0,2,False,benjyfishy,Team Heretics,deadlock,False,,25,0,0,0,0,False,Wo0t,Team Heretics,chamber,True,100,25,0,6,1,5,False,grubinho,GIANTX,omen,True,88,24,1,0,0,3,False,ara,GIANTX,raze,True,96,41,0,0,0,1,False,Cloud,GIANTX,fade,True,81,12,0,0,0,1,False,Flickless,GIANTX,viper,False,,50,0,0,0,0,False,westside,GIANTX,cypher,False,,50,0,0,0,4,False
1191.657,5103,ACTIVE_ROUND,10,3,6,,32.232,,MiniBoo,Team Heretics,raze,False,,50,0,0,0,0,False,RieNs,Team Heretics,fade,False,,50,0,0,0,2,False,Boo,Team Heretics,omen,False,,25,0,0,0,2,False,benjyfishy,Team Heretics,deadlock,False,,25,0,0,0,0,False,Wo0t,Team Heretics,chamber,True,100,25,0,6,1,5,False,grubinho,GIANTX,omen,True,88,24,1,0,0,3,False,ara,GIANTX,raze,True,96,41,0,0,0,1,False,Cloud,GIANTX,fade,True,81,12,0,0,0,1,False,Flickless,GIANTX,viper,False,,50,0,0,0,0,False,westside,GIANTX,cypher,False,,50,0,0,0,4,False
1191.891,5104,ACTIVE_ROUND,10,3,6,,32.466,,MiniBoo,Team Heretics,raze,False,,50,0,0,0,0,False,RieNs,Team Heretics,fade,False,,50,0,0,0,2,False,Boo,Team Heretics,omen,False,,25,0,0,0,2,False,benjyfishy,Team Heretics,deadlock,False,,25,0,0,0,0,False,Wo0t,Team Heretics,chamber,True,100,25,0,6,1,5,False,grubinho,GIANTX,omen,True,88,24,1,0,0,3,False,ara,GIANTX,raze,True,96,41,0,0,0,1,False,Cloud,GIANTX,fade,True,81,12,0,0,0,1,False,Flickless,GIANTX,viper,False,,50,0,0,0,0,False,westside,GIANTX,cypher,False,,50,0,0,0,4,False
1192.124,5105,ACTIVE_ROUND,10,3,6,,32.699,,MiniBoo,Team Heretics,raze,False,,50,0,0,0,0,False,RieNs,Team Heretics,fade,False,,50,0,0,0,2,False,Boo,Team Heretics,omen,False,,25,0,0,0,2,False,benjyfishy,Team Heretics,deadlock,False,,25,0,0,0,0,False,Wo0t,Team Heretics,chamber,True,100,25,0,6,1,5,False,grubinho,GIANTX,omen,True,88,24,1,0,0,3,False,ara,GIANTX,raze,True,96,41,0,0,0,1,False,Cloud,GIANTX,fade,True,81,12,0,0,0,1,False,Flickless,GIANTX,viper,False,,50,0,0,0,0,False,westside,GIANTX,cypher,False,,50,0,0,0,4,False
1192.358,5106,ACTIVE_ROUND,10,3,6,,32.933,,MiniBoo,Team Heretics,raze,False,,50,0,0,0,0,False,RieNs,Team Heretics,fade,False,,50,0,0,0,2,False,Boo,Team Heretics,omen,False,,25,0,0,0,2,False,benjyfishy,Team Heretics,deadlock,False,,25,0,0,0,0,False,Wo0t,Team Heretics,chamber,True,100,25,0,6,1,5,False,grubinho,GIANTX,omen,True,88,24,1,0,0,3,False,ara,GIANTX,raze,True,96,41,0,0,0,1,False,Cloud,GIANTX,fade,True,81,12,0,0,0,1,False,Flickless,GIANTX,viper,False,,50,0,0,0,0,False,westside,GIANTX,cypher,False,,50,0,0,0,4,False
1192.591,5107,ACTIVE_ROUND,10,3,6,,33.166,,MiniBoo,Team Heretics,raze,False,,50,0,0,0,0,False,RieNs,Team Heretics,fade,False,,50,0,0,0,2,False,Boo,Team Heretics,omen,False,,25,0,0,0,2,False,benjyfishy,Team Heretics,deadlock,False,,25,0,0,0,0,False,Wo0t,Team Heretics,chamber,True,100,25,0,6,1,5,False,grubinho,GIANTX,omen,True,88,24,1,0,0,3,False,ara,GIANTX,raze,True,96,41,0,0,0,1,False,Cloud,GIANTX,fade,True,81,12,0,0,0,1,False,Flickless,GIANTX,viper,False,,50,0,0,0,0,False,westside,GIANTX,cypher,False,,50,0,0,0,4,False
1192.825,5108,ACTIVE_ROUND,10,3,6,,33.400,,MiniBoo,Team Heretics,raze,False,,50,0,0,0,0,False,RieNs,Team Heretics,fade,False,,50,0,0,0,2,False,Boo,Team Heretics,omen,False,,25,0,0,0,2,False,benjyfishy,Team Heretics,deadlock,False,,25,0,0,0,0,False,Wo0t,Team Heretics,chamber,True,100,25,0,6,1,5,False,grubinho,GIANTX,omen,True,88,24,1,0,0,3,False,ara,GIANTX,raze,True,96,41,0,0,0,1,False,Cloud,GIANTX,fade,True,81,12,0,0,0,1,False,Flickless,GIANTX,viper,False,,50,0,0,0,0,False,westside,GIANTX,cypher,False,,50,0,0,0,4,False
1193.059,5109,ACTIVE_ROUND,10,3,6,,33.634,,MiniBoo,Team Heretics,raze,False,,50,0,0,0,0,False,RieNs,Team Heretics,fade,False,,50,0,0,0,2,False,Boo,Team Heretics,omen,False,,25,0,0,0,2,False,benjyfishy,Team Heretics,deadlock,False,,25,0,0,0,0,False,Wo0t,Team Heretics,chamber,True,100,25,0,6,1,5,False,grubinho,GIANTX,omen,True,88,24,1,0,0,3,False,ara,GIANTX,raze,True,96,41,0,0,0,1,False,Cloud,GIANTX,fade,True,81,12,0,0,0,1,False,Flickless,GIANTX,viper,False,,50,0,0,0,0,False,westside,GIANTX,cypher,False,,50,0,0,0,4,False
1193.292,5110,ACTIVE_ROUND,10,3,6,,33.867,,MiniBoo,Team Heretics,raze,False,,50,0,0,0,0,False,RieNs,Team Heretics,fade,False,,50,0,0,0,2,False,Boo,Team Heretics,omen,False,,25,0,0,0,2,False,benjyfishy,Team Heretics,deadlock,False,,25,0,0,0,0,False,Wo0t,Team Heretics,chamber,True,100,25,0,6,1,5,False,grubinho,GIANTX,omen,True,88,24,1,0,0,3,False,ara,GIANTX,raze,True,96,41,0,0,0,1,False,Cloud,GIANTX,fade,True,81,12,0,0,0,1,False,Flickless,GIANTX,viper,False,,50,0,0,0,0,False,westside,GIANTX,cypher,False,,50,0,0,0,4,False
1193.526,5111,ACTIVE_ROUND,10,3,6,,34.101,,MiniBoo,Team Heretics,raze,False,,50,0,0,0,0,False,RieNs,Team Heretics,fade,False,,50,0,0,0,2,False,Boo,Team Heretics,omen,False,,25,0,0,0,2,False,benjyfishy,Team Heretics,deadlock,False,,25,0,0,0,0,False,Wo0t,Team Heretics,chamber,True,100,25,0,6,1,5,False,grubinho,GIANTX,omen,True,88,24,1,0,0,3,False,ara,GIANTX,raze,True,96,41,0,0,0,1,False,Cloud,GIANTX,fade,True,81,12,0,0,0,1,False,Flickless,GIANTX,viper,False,,50,0,0,0,0,False,westside,GIANTX,cypher,False,,50,0,0,0,4,False
1193.759,5112,ACTIVE_ROUND,10,3,6,,34.334,,MiniBoo,Team Heretics,raze,False,,50,0,0,0,0,False,RieNs,Team Heretics,fade,False,,50,0,0,0,2,False,Boo,Team Heretics,omen,False,,25,0,0,0,2,False,benjyfishy,Team Heretics,deadlock,False,,25,0,0,0,0,False,Wo0t,Team Heretics,chamber,True,100,25,0,6,1,5,False,grubinho,GIANTX,omen,True,88,24,1,0,0,3,False,ara,GIANTX,raze,True,96,41,0,0,0,1,False,Cloud,GIANTX,fade,True,81,12,0,0,0,1,False,Flickless,GIANTX,viper,False,,50,0,0,0,0,False,westside,GIANTX,cypher,False,,50,0,0,0,4,False
1193.993,5113,ACTIVE_ROUND,10,3,6,,34.568,,MiniBoo,Team Heretics,raze,False,,50,0,0,0,0,False,RieNs,Team Heretics,fade,False,,50,0,0,0,2,False,Boo,Team Heretics,omen,False,,25,0,0,0,2,False,benjyfishy,Team Heretics,deadlock,False,,25,0,0,0,0,False,Wo0t,Team Heretics,chamber,True,100,25,0,6,1,5,False,grubinho,GIANTX,omen,True,88,24,1,0,0,3,False,ara,GIANTX,raze,True,96,41,0,0,0,1,False,Cloud,GIANTX,fade,True,81,12,0,0,0,1,False,Flickless,GIANTX,viper,False,,50,0,0,0,0,False,westside,GIANTX,cypher,False,,50,0,0,0,4,False
1194.226,5114,ACTIVE_ROUND,10,3,6,,34.801,,MiniBoo,Team Heretics,raze,False,,50,0,0,0,0,False,RieNs,Team Heretics,fade,False,,50,0,0,0,2,False,Boo,Team Heretics,omen,False,,25,0,0,0,2,False,benjyfishy,Team Heretics,deadlock,False,,25,0,0,0,0,False,Wo0t,Team Heretics,chamber,True,100,25,0,6,1,5,False,grubinho,GIANTX,omen,True,88,24,1,0,0,3,False,ara,GIANTX,raze,True,96,41,0,0,0,1,False,Cloud,GIANTX,fade,True,81,12,0,0,0,1,False,Flickless,GIANTX,viper,False,,50,0,0,0,0,False,westside,GIANTX,cypher,False,,50,0,0,0,4,False
1194.460,5115,ACTIVE_ROUND,10,3,6,,35.035,,MiniBoo,Team Heretics,raze,False,,50,0,0,0,0,False,RieNs,Team Heretics,fade,False,,50,0,0,0,2,False,Boo,Team Heretics,omen,False,,25,0,0,0,2,False,benjyfishy,Team Heretics,deadlock,False,,25,0,0,0,0,False,Wo0t,Team Heretics,chamber,True,100,25,0,6,1,5,False,grubinho,GIANTX,omen,True,88,24,1,0,0,3,False,ara,GIANTX,raze,True,96,41,0,0,0,1,False,Cloud,GIANTX,fade,True,81,12,0,0,0,1,False,Flickless,GIANTX,viper,False,,50,0,0,0,0,False,westside,GIANTX,cypher,False,,50,0,0,0,4,False
1194.694,5116,ACTIVE_ROUND,10,3,6,,35.269,,MiniBoo,Team Heretics,raze,False,,50,0,0,0,0,False,RieNs,Team Heretics,fade,False,,50,0,0,0,2,False,Boo,Team Heretics,omen,False,,25,0,0,0,2,False,benjyfishy,Team Heretics,deadlock,False,,25,0,0,0,0,False,Wo0t,Team Heretics,chamber,True,100,25,0,6,1,5,False,grubinho,GIANTX,omen,True,88,24,1,0,0,3,False,ara,GIANTX,raze,True,96,41,0,0,0,1,False,Cloud,GIANTX,fade,True,81,12,0,0,0,1,False,Flickless,GIANTX,viper,False,,50,0,0,0,0,False,westside,GIANTX,cypher,False,,50,0,0,0,4,False
1194.927,5117,ACTIVE_ROUND,10,3,6,,35.502,,MiniBoo,Team Heretics,raze,False,,50,0,0,0,0,False,RieNs,Team Heretics,fade,False,,50,0,0,0,2,False,Boo,Team Heretics,omen,False,,25,0,0,0,2,False,benjyfishy,Team Heretics,deadlock,False,,25,0,0,0,0,False,Wo0t,Team Heretics,chamber,True,100,25,0,6,1,5,False,grubinho,GIANTX,omen,True,88,24,1,0,0,3,False,ara,GIANTX,raze,True,96,41,0,0,0,1,False,Cloud,GIANTX,fade,True,81,12,0,0,0,1,False,Flickless,GIANTX,viper,False,,50,0,0,0,0,False,westside,GIANTX,cypher,False,,50,0,0,0,4,False
1195.161,5118,ACTIVE_ROUND,10,3,6,,35.736,,MiniBoo,Team Heretics,raze,False,,50,0,0,0,0,False,RieNs,Team Heretics,fade,False,,50,0,0,0,2,False,Boo,Team Heretics,omen,False,,25,0,0,0,2,False,benjyfishy,Team Heretics,deadlock,False,,25,0,0,0,0,False,Wo0t,Team Heretics,chamber,True,100,25,0,6,1,5,False,grubinho,GIANTX,omen,True,88,24,1,0,1,3,False,ara,GIANTX,raze,True,96,41,0,0,0,1,False,Cloud,GIANTX,fade,True,81,12,0,0,0,1,False,Flickless,GIANTX,viper,False,,50,0,0,0,0,False,westside,GIANTX,cypher,False,,50,0,0,0,4,False
1195.394,5119,ACTIVE_ROUND,10,3,6,,35.969,,MiniBoo,Team Heretics,raze,False,,50,0,0,0,0,False,RieNs,Team Heretics,fade,False,,50,0,0,0,2,False,Boo,Team Heretics,omen,False,,25,0,0,0,2,False,benjyfishy,Team Heretics,deadlock,False,,25,0,0,0,0,False,Wo0t,Team Heretics,chamber,True,100,25,0,6,1,5,False,grubinho,GIANTX,omen,True,88,24,1,0,1,3,False,ara,GIANTX,raze,True,96,41,0,0,0,1,False,Cloud,GIANTX,fade,True,81,12,0,0,0,1,False,Flickless,GIANTX,viper,False,,50,0,0,0,0,False,westside,GIANTX,cypher,False,,50,0,0,0,4,False
1195.628,5120,ACTIVE_ROUND,10,3,6,,36.203,,MiniBoo,Team Heretics,raze,False,,50,0,0,0,0,False,RieNs,Team Heretics,fade,False,,50,0,0,0,2,False,Boo,Team Heretics,omen,False,,25,0,0,0,2,False,benjyfishy,Team Heretics,deadlock,False,,25,0,0,0,0,False,Wo0t,Team Heretics,chamber,True,100,25,0,6,1,5,False,grubinho,GIANTX,omen,True,88,24,1,0,1,3,False,ara,GIANTX,raze,True,96,41,0,0,0,1,False,Cloud,GIANTX,fade,True,81,12,0,0,0,1,False,Flickless,GIANTX,viper,False,,50,0,0,0,0,False,westside,GIANTX,cypher,False,,50,0,0,0,4,False
1195.861,5121,ACTIVE_ROUND,10,3,6,,36.436,,MiniBoo,Team Heretics,raze,False,,50,0,0,0,0,False,RieNs,Team Heretics,fade,False,,50,0,0,0,2,False,Boo,Team Heretics,omen,False,,25,0,0,0,2,False,benjyfishy,Team Heretics,deadlock,False,,25,0,0,0,0,False,Wo0t,Team Heretics,chamber,True,100,25,0,6,1,5,False,grubinho,GIANTX,omen,True,88,24,1,0,1,3,False,ara,GIANTX,raze,True,96,41,0,0,0,1,False,Cloud,GIANTX,fade,True,81,12,0,0,0,1,False,Flickless,GIANTX,viper,False,,50,0,0,0,0,False,westside,GIANTX,cypher,False,,50,0,0,0,4,False
1196.095,5122,ACTIVE_ROUND,10,3,6,,36.670,,MiniBoo,Team Heretics,raze,False,,50,0,0,0,0,False,RieNs,Team Heretics,fade,False,,50,0,0,0,2,False,Boo,Team Heretics,omen,False,,25,0,0,0,2,False,benjyfishy,Team Heretics,deadlock,False,,25,0,0,0,0,False,Wo0t,Team Heretics,chamber,True,100,25,0,6,1,5,False,grubinho,GIANTX,omen,True,88,24,1,0,1,3,False,ara,GIANTX,raze,True,96,41,0,0,0,1,False,Cloud,GIANTX,fade,True,81,12,0,0,0,1,False,Flickless,GIANTX,viper,False,,50,0,0,0,0,False,westside,GIANTX,cypher,False,,50,0,0,0,4,False
1196.328,5123,ACTIVE_ROUND,10,3,6,,36.904,,MiniBoo,Team Heretics,raze,False,,50,0,0,0,0,False,RieNs,Team Heretics,fade,False,,50,0,0,0,2,False,Boo,Team Heretics,omen,False,,25,0,0,0,2,False,benjyfishy,Team Heretics,deadlock,False,,25,0,0,0,0,False,Wo0t,Team Heretics,chamber,True,100,25,0,6,1,5,False,grubinho,GIANTX,omen,True,88,24,1,0,1,3,False,ara,GIANTX,raze,True,96,41,0,0,0,1,False,Cloud,GIANTX,fade,True,81,12,0,0,0,1,False,Flickless,GIANTX,viper,False,,50,0,0,0,0,False,westside,GIANTX,cypher,False,,50,0,0,0,4,False
1196.562,5124,ACTIVE_ROUND,10,3,6,,37.137,,MiniBoo,Team Heretics,raze,False,,50,0,0,0,0,False,RieNs,Team Heretics,fade,False,,50,0,0,0,2,False,Boo,Team Heretics,omen,False,,25,0,0,0,2,False,benjyfishy,Team Heretics,deadlock,False,,25,0,0,0,0,False,Wo0t,Team Heretics,chamber,True,100,25,0,6,1,5,False,grubinho,GIANTX,omen,True,88,24,1,0,1,3,False,ara,GIANTX,raze,True,96,41,0,0,0,1,False,Cloud,GIANTX,fade,True,81,12,0,0,0,1,False,Flickless,GIANTX,viper,False,,50,0,0,0,0,False,westside,GIANTX,cypher,False,,50,0,0,0,4,False
1196.796,5125,ACTIVE_ROUND,10,3,6,,37.371,,MiniBoo,Team Heretics,raze,False,,50,0,0,0,0,False,RieNs,Team Heretics,fade,False,,50,0,0,0,2,False,Boo,Team Heretics,omen,False,,25,0,0,0,2,False,benjyfishy,Team Heretics,deadlock,False,,25,0,0,0,0,False,Wo0t,Team Heretics,chamber,True,100,25,0,6,1,5,False,grubinho,GIANTX,omen,True,88,24,1,0,1,3,False,ara,GIANTX,raze,True,96,41,0,0,0,1,False,Cloud,GIANTX,fade,True,81,12,0,0,0,1,False,Flickless,GIANTX,viper,False,,50,0,0,0,0,False,westside,GIANTX,cypher,False,,50,0,0,0,4,False
1197.029,5126,ACTIVE_ROUND,10,3,6,,37.604,,MiniBoo,Team Heretics,raze,False,,50,0,0,0,0,False,RieNs,Team Heretics,fade,False,,50,0,0,0,2,False,Boo,Team Heretics,omen,False,,25,0,0,0,2,False,benjyfishy,Team Heretics,deadlock,False,,25,0,0,0,0,False,Wo0t,Team Heretics,chamber,True,100,25,0,6,1,5,False,grubinho,GIANTX,omen,True,88,24,1,0,1,3,False,ara,GIANTX,raze,True,96,41,0,0,0,1,False,Cloud,GIANTX,fade,True,81,12,0,0,0,1,False,Flickless,GIANTX,viper,False,,50,0,0,0,0,False,westside,GIANTX,cypher,False,,50,0,0,0,4,False
1197.263,5127,ACTIVE_ROUND,10,3,6,,37.838,,MiniBoo,Team Heretics,raze,False,,50,0,0,0,0,False,RieNs,Team Heretics,fade,False,,50,0,0,0,2,False,Boo,Team Heretics,omen,False,,25,0,0,0,2,False,benjyfishy,Team Heretics,deadlock,False,,25,0,0,0,0,False,Wo0t,Team Heretics,chamber,True,100,25,0,6,1,5,False,grubinho,GIANTX,omen,True,88,24,1,0,1,3,False,ara,GIANTX,raze,True,96,41,0,0,0,1,False,Cloud,GIANTX,fade,True,81,12,0,0,0,1,False,Flickless,GIANTX,viper,False,,50,0,0,0,0,False,westside,GIANTX,cypher,False,,50,0,0,0,4,False
1197.496,5128,ACTIVE_ROUND,10,3,6,,38.071,,MiniBoo,Team Heretics,raze,False,,50,0,0,0,0,False,RieNs,Team Heretics,fade,False,,50,0,0,0,2,False,Boo,Team Heretics,omen,False,,25,0,0,0,2,False,benjyfishy,Team Heretics,deadlock,False,,25,0,0,0,0,False,Wo0t,Team Heretics,chamber,True,100,25,0,6,1,5,False,grubinho,GIANTX,omen,True,88,24,1,0,1,3,False,ara,GIANTX,raze,True,96,41,0,0,0,1,False,Cloud,GIANTX,fade,True,81,12,0,0,0,1,False,Flickless,GIANTX,viper,False,,50,0,0,0,0,False,westside,GIANTX,cypher,False,,50,0,0,0,4,False
1197.730,5129,ACTIVE_ROUND,10,3,6,,38.305,,MiniBoo,Team Heretics,raze,False,,50,0,0,0,0,False,RieNs,Team Heretics,fade,False,,50,0,0,0,2,False,Boo,Team Heretics,omen,False,,25,0,0,0,2,False,benjyfishy,Team Heretics,deadlock,False,,25,0,0,0,0,False,Wo0t,Team Heretics,chamber,True,100,25,0,6,1,5,False,grubinho,GIANTX,omen,True,88,24,1,0,1,3,False,ara,GIANTX,raze,True,96,41,0,0,0,1,False,Cloud,GIANTX,fade,True,81,12,0,0,0,1,False,Flickless,GIANTX,viper,False,,50,0,0,0,0,False,westside,GIANTX,cypher,False,,50,0,0,0,4,False
1197.963,5130,ACTIVE_ROUND,10,3,6,,38.538,,MiniBoo,Team Heretics,raze,False,,50,0,0,0,0,False,RieNs,Team Heretics,fade,False,,50,0,0,0,2,False,Boo,Team Heretics,omen,False,,25,0,0,0,2,False,benjyfishy,Team Heretics,deadlock,False,,25,0,0,0,0,False,Wo0t,Team Heretics,chamber,True,100,25,0,6,1,5,False,grubinho,GIANTX,omen,True,88,24,1,0,1,3,False,ara,GIANTX,raze,True,96,41,0,0,0,1,False,Cloud,GIANTX,fade,True,81,12,0,0,0,1,False,Flickless,GIANTX,viper,False,,50,0,0,0,0,False,westside,GIANTX,cypher,False,,50,0,0,0,4,False
1198.197,5131,ACTIVE_ROUND,10,3,6,,38.772,,MiniBoo,Team Heretics,raze,False,,50,0,0,0,0,False,RieNs,Team Heretics,fade,False,,50,0,0,0,2,False,Boo,Team Heretics,omen,False,,25,0,0,0,2,False,benjyfishy,Team Heretics,deadlock,False,,25,0,0,0,0,False,Wo0t,Team Heretics,chamber,True,100,25,0,6,1,5,False,grubinho,GIANTX,omen,True,88,24,1,0,1,3,False,ara,GIANTX,raze,True,96,41,0,0,0,1,False,Cloud,GIANTX,fade,True,81,12,0,0,0,1,False,Flickless,GIANTX,viper,False,,50,0,0,0,0,False,westside,GIANTX,cypher,False,,50,0,0,0,4,False
1198.431,5132,ACTIVE_ROUND,10,3,6,,39.006,,MiniBoo,Team Heretics,raze,False,,50,0,0,0,0,False,RieNs,Team Heretics,fade,False,,50,0,0,0,2,False,Boo,Team Heretics,omen,False,,25,0,0,0,2,False,benjyfishy,Team Heretics,deadlock,False,,25,0,0,0,0,False,Wo0t,Team Heretics,chamber,True,100,25,0,6,1,5,False,grubinho,GIANTX,omen,True,88,24,1,0,1,3,False,ara,GIANTX,raze,True,96,41,0,0,0,1,False,Cloud,GIANTX,fade,True,81,12,0,0,0,1,False,Flickless,GIANTX,viper,False,,50,0,0,0,0,False,westside,GIANTX,cypher,False,,50,0,0,0,4,False
1198.664,5133,ACTIVE_ROUND,10,3,6,,39.239,,MiniBoo,Team Heretics,raze,False,,50,0,0,0,0,False,RieNs,Team Heretics,fade,False,,50,0,0,0,2,False,Boo,Team Heretics,omen,False,,25,0,0,0,2,False,benjyfishy,Team Heretics,deadlock,False,,25,0,0,0,0,False,Wo0t,Team Heretics,chamber,True,100,25,0,6,1,5,False,grubinho,GIANTX,omen,True,88,24,1,0,1,3,False,ara,GIANTX,raze,True,96,41,0,0,0,1,False,Cloud,GIANTX,fade,True,81,12,0,0,0,1,False,Flickless,GIANTX,viper,False,,50,0,0,0,0,False,westside,GIANTX,cypher,False,,50,0,0,0,4,False
1198.898,5134,ACTIVE_ROUND,10,3,6,,39.473,,MiniBoo,Team Heretics,raze,False,,50,0,0,0,0,False,RieNs,Team Heretics,fade,False,,50,0,0,0,2,False,Boo,Team Heretics,omen,False,,25,0,0,0,2,False,benjyfishy,Team Heretics,deadlock,False,,25,0,0,0,0,False,Wo0t,Team Heretics,chamber,True,100,25,0,6,1,5,False,grubinho,GIANTX,omen,True,88,24,1,0,1,3,False,ara,GIANTX,raze,True,96,41,0,0,0,1,False,Cloud,GIANTX,fade,True,81,12,0,0,0,1,False,Flickless,GIANTX,viper,False,,50,0,0,0,0,False,westside,GIANTX,cypher,False,,50,0,0,0,4,False
1199.131,5135,ACTIVE_ROUND,10,3,6,,39.706,,MiniBoo,Team Heretics,raze,False,,50,0,0,0,0,False,RieNs,Team Heretics,fade,False,,50,0,0,0,2,False,Boo,Team Heretics,omen,False,,25,0,0,0,2,False,benjyfishy,Team Heretics,deadlock,False,,25,0,0,0,0,False,Wo0t,Team Heretics,chamber,True,100,25,0,6,1,5,False,grubinho,GIANTX,omen,True,88,24,1,0,1,3,False,ara,GIANTX,raze,True,96,41,0,0,0,1,False,Cloud,GIANTX,fade,True,81,12,0,0,0,1,False,Flickless,GIANTX,viper,False,,50,0,0,0,0,False,westside,GIANTX,cypher,False,,50,0,0,0,4,False
1199.365,5136,ACTIVE_ROUND,10,3,6,,39.940,,MiniBoo,Team Heretics,raze,False,,50,0,0,0,0,False,RieNs,Team Heretics,fade,False,,50,0,0,0,2,False,Boo,Team Heretics,omen,False,,25,0,0,0,2,False,benjyfishy,Team Heretics,deadlock,False,,25,0,0,0,0,False,Wo0t,Team Heretics,chamber,True,100,25,0,6,1,5,False,grubinho,GIANTX,omen,True,88,24,1,0,1,3,False,ara,GIANTX,raze,True,96,41,0,0,0,1,False,Cloud,GIANTX,fade,True,81,12,0,0,0,1,False,Flickless,GIANTX,viper,False,,50,0,0,0,0,False,westside,GIANTX,cypher,False,,50,0,0,0,4,False
1199.598,5137,ACTIVE_ROUND,10,3,6,,40.173,,MiniBoo,Team Heretics,raze,False,,50,0,0,0,0,False,RieNs,Team Heretics,fade,False,,50,0,0,0,2,False,Boo,Team Heretics,omen,False,,25,0,0,0,2,False,benjyfishy,Team Heretics,deadlock,False,,25,0,0,0,0,False,Wo0t,Team Heretics,chamber,True,100,25,0,6,1,5,False,grubinho,GIANTX,omen,True,88,24,1,0,1,3,False,ara,GIANTX,raze,True,96,41,0,0,0,1,False,Cloud,GIANTX,fade,True,81,12,0,0,0,1,False,Flickless,GIANTX,viper,False,,50,0,0,0,0,False,westside,GIANTX,cypher,False,,50,0,0,0,4,False
1199.832,5138,ACTIVE_ROUND,10,3,6,,40.407,,MiniBoo,Team Heretics,raze,False,,50,0,0,0,0,False,RieNs,Team Heretics,fade,False,,50,0,0,0,2,False,Boo,Team Heretics,omen,False,,25,0,0,0,2,False,benjyfishy,Team Heretics,deadlock,False,,25,0,0,0,0,False,Wo0t,Team Heretics,chamber,True,100,25,0,6,1,5,False,grubinho,GIANTX,omen,True,88,24,1,0,1,3,False,ara,GIANTX,raze,True,96,41,0,0,0,1,False,Cloud,GIANTX,fade,True,81,12,0,0,0,1,False,Flickless,GIANTX,viper,False,,50,0,0,0,0,False,westside,GIANTX,cypher,False,,50,0,0,0,4,False
1200.066,5139,ACTIVE_ROUND,10,3,6,,40.641,,MiniBoo,Team Heretics,raze,False,,50,0,0,0,0,False,RieNs,Team Heretics,fade,False,,50,0,0,0,2,False,Boo,Team Heretics,omen,False,,25,0,0,0,2,False,benjyfishy,Team Heretics,deadlock,False,,25,0,0,0,0,False,Wo0t,Team Heretics,chamber,True,100,25,0,6,1,5,False,grubinho,GIANTX,omen,True,88,24,1,0,1,3,False,ara,GIANTX,raze,True,96,41,0,0,0,1,False,Cloud,GIANTX,fade,True,81,12,0,0,1,1,False,Flickless,GIANTX,viper,False,,50,0,0,0,0,False,westside,GIANTX,cypher,False,,50,0,0,0,4,False
1200.299,5140,ACTIVE_ROUND,10,3,6,,40.874,,MiniBoo,Team Heretics,raze,False,,50,0,0,0,0,False,RieNs,Team Heretics,fade,False,,50,0,0,0,2,False,Boo,Team Heretics,omen,False,,25,0,0,0,2,False,benjyfishy,Team Heretics,deadlock,False,,25,0,0,0,0,False,Wo0t,Team Heretics,chamber,True,100,25,0,6,1,5,False,grubinho,GIANTX,omen,True,88,24,1,0,1,3,False,ara,GIANTX,raze,True,96,41,0,0,0,1,False,Cloud,GIANTX,fade,True,81,12,0,0,1,1,False,Flickless,GIANTX,viper,False,,50,0,0,0,0,False,westside,GIANTX,cypher,False,,50,0,0,0,4,False
1200.533,5141,ACTIVE_ROUND,10,3,6,,41.108,,MiniBoo,Team Heretics,raze,False,,50,0,0,0,0,False,RieNs,Team Heretics,fade,False,,50,0,0,0,2,False,Boo,Team Heretics,omen,False,,25,0,0,0,2,False,benjyfishy,Team Heretics,deadlock,False,,25,0,0,0,0,False,Wo0t,Team Heretics,chamber,True,100,25,0,6,1,5,False,grubinho,GIANTX,omen,True,88,24,1,0,1,3,False,ara,GIANTX,raze,True,96,41,0,0,0,1,False,Cloud,GIANTX,fade,True,81,12,0,0,1,1,False,Flickless,GIANTX,viper,False,,50,0,0,0,0,False,westside,GIANTX,cypher,False,,50,0,0,0,4,False
1200.766,5142,ACTIVE_ROUND,10,3,6,,41.341,,MiniBoo,Team Heretics,raze,False,,50,0,0,0,0,False,RieNs,Team Heretics,fade,False,,50,0,0,0,2,False,Boo,Team Heretics,omen,False,,25,0,0,0,2,False,benjyfishy,Team Heretics,deadlock,False,,25,0,0,0,0,False,Wo0t,Team Heretics,chamber,True,100,25,0,6,1,5,False,grubinho,GIANTX,omen,True,88,24,1,0,1,3,False,ara,GIANTX,raze,True,96,41,0,0,0,1,False,Cloud,GIANTX,fade,True,81,12,0,0,1,1,False,Flickless,GIANTX,viper,False,,50,0,0,0,0,False,westside,GIANTX,cypher,False,,50,0,0,0,4,False
1201.000,5143,ACTIVE_ROUND,10,3,6,,41.575,,MiniBoo,Team Heretics,raze,False,,50,0,0,0,0,False,RieNs,Team Heretics,fade,False,,50,0,0,0,2,False,Boo,Team Heretics,omen,False,,25,0,0,0,2,False,benjyfishy,Team Heretics,deadlock,False,,25,0,0,0,0,False,Wo0t,Team Heretics,chamber,True,100,25,0,6,1,5,False,grubinho,GIANTX,omen,True,88,24,1,0,1,3,False,ara,GIANTX,raze,True,96,41,0,0,0,1,False,Cloud,GIANTX,fade,True,81,12,0,0,1,1,False,Flickless,GIANTX,viper,False,,50,0,0,0,0,False,westside,GIANTX,cypher,False,,50,0,0,0,4,False
1201.233,5144,ACTIVE_ROUND,10,3,6,,41.808,,MiniBoo,Team Heretics,raze,False,,50,0,0,0,0,False,RieNs,Team Heretics,fade,False,,50,0,0,0,2,False,Boo,Team Heretics,omen,False,,25,0,0,0,2,False,benjyfishy,Team Heretics,deadlock,False,,25,0,0,0,0,False,Wo0t,Team Heretics,chamber,True,100,25,0,6,1,5,False,grubinho,GIANTX,omen,True,88,24,1,0,1,3,False,ara,GIANTX,raze,True,96,41,0,0,0,1,False,Cloud,GIANTX,fade,True,81,12,0,0,1,1,False,Flickless,GIANTX,viper,False,,50,0,0,0,0,False,westside,GIANTX,cypher,False,,50,0,0,0,4,False
1201.467,5145,ACTIVE_ROUND,10,3,6,,42.042,,MiniBoo,Team Heretics,raze,False,,50,0,0,0,0,False,RieNs,Team Heretics,fade,False,,50,0,0,0,2,False,Boo,Team Heretics,omen,False,,25,0,0,0,2,False,benjyfishy,Team Heretics,deadlock,False,,25,0,0,0,0,False,Wo0t,Team Heretics,chamber,True,100,25,0,6,1,5,False,grubinho,GIANTX,omen,True,88,24,1,0,1,3,False,ara,GIANTX,raze,True,96,41,0,0,0,1,False,Cloud,GIANTX,fade,True,81,12,0,0,1,1,False,Flickless,GIANTX,viper,False,,50,0,0,0,0,False,westside,GIANTX,cypher,False,,50,0,0,0,4,False
1201.700,5146,ACTIVE_ROUND,10,3,6,,42.276,,MiniBoo,Team Heretics,raze,False,,50,0,0,0,0,False,RieNs,Team Heretics,fade,False,,50,0,0,0,2,False,Boo,Team Heretics,omen,False,,25,0,0,0,2,False,benjyfishy,Team Heretics,deadlock,False,,25,0,0,0,0,False,Wo0t,Team Heretics,chamber,True,100,25,0,6,1,5,False,grubinho,GIANTX,omen,True,88,24,1,0,1,3,False,ara,GIANTX,raze,True,96,41,0,0,0,1,False,Cloud,GIANTX,fade,True,81,12,0,0,1,1,False,Flickless,GIANTX,viper,False,,50,0,0,0,0,False,westside,GIANTX,cypher,False,,50,0,0,0,4,False
1201.934,5147,ACTIVE_ROUND,10,3,6,,42.509,,MiniBoo,Team Heretics,raze,False,,50,0,0,0,0,False,RieNs,Team Heretics,fade,False,,50,0,0,0,2,False,Boo,Team Heretics,omen,False,,25,0,0,0,2,False,benjyfishy,Team Heretics,deadlock,False,,25,0,0,0,0,False,Wo0t,Team Heretics,chamber,True,100,25,0,6,1,5,False,grubinho,GIANTX,omen,True,88,24,1,0,1,3,False,ara,GIANTX,raze,True,96,41,0,0,0,1,False,Cloud,GIANTX,fade,True,81,12,0,0,1,1,False,Flickless,GIANTX,viper,False,,50,0,0,0,0,False,westside,GIANTX,cypher,False,,50,0,0,0,4,False
1202.168,5148,ACTIVE_ROUND,10,3,6,,42.743,,MiniBoo,Team Heretics,raze,False,,50,0,0,0,0,False,RieNs,Team Heretics,fade,False,,50,0,0,0,2,False,Boo,Team Heretics,omen,False,,25,0,0,0,2,False,benjyfishy,Team Heretics,deadlock,False,,25,0,0,0,0,False,Wo0t,Team Heretics,chamber,True,100,25,0,6,1,5,False,grubinho,GIANTX,omen,True,88,24,1,0,1,3,False,ara,GIANTX,raze,True,96,41,0,0,0,1,False,Cloud,GIANTX,fade,True,81,12,0,0,1,1,False,Flickless,GIANTX,viper,False,,50,0,0,0,0,False,westside,GIANTX,cypher,False,,50,0,0,0,4,False
1202.401,5149,ACTIVE_ROUND,10,3,6,,42.976,,MiniBoo,Team Heretics,raze,False,,50,0,0,0,0,False,RieNs,Team Heretics,fade,False,,50,0,0,0,2,False,Boo,Team Heretics,omen,False,,25,0,0,0,2,False,benjyfishy,Team Heretics,deadlock,False,,25,0,0,0,0,False,Wo0t,Team Heretics,chamber,True,100,25,0,6,1,5,False,grubinho,GIANTX,omen,True,88,24,1,0,1,3,False,ara,GIANTX,raze,True,96,41,0,0,0,1,False,Cloud,GIANTX,fade,True,81,12,0,0,1,1,False,Flickless,GIANTX,viper,False,,50,0,0,0,0,False,westside,GIANTX,cypher,False,,50,0,0,0,4,False
1202.635,5150,ACTIVE_ROUND,10,3,6,,43.210,,MiniBoo,Team Heretics,raze,False,,50,0,0,0,0,False,RieNs,Team Heretics,fade,False,,50,0,0,0,2,False,Boo,Team Heretics,omen,False,,25,0,0,0,2,False,benjyfishy,Team Heretics,deadlock,False,,25,0,0,0,0,False,Wo0t,Team Heretics,chamber,True,100,25,0,6,1,5,False,grubinho,GIANTX,omen,True,88,24,1,0,1,3,False,ara,GIANTX,raze,True,96,41,0,0,0,1,False,Cloud,GIANTX,fade,True,81,12,0,0,1,1,False,Flickless,GIANTX,viper,False,,50,0,0,0,0,False,westside,GIANTX,cypher,False,,50,0,0,0,4,False
1202.868,5151,ACTIVE_ROUND,10,3,6,,43.443,,MiniBoo,Team Heretics,raze,False,,50,0,0,0,0,False,RieNs,Team Heretics,fade,False,,50,0,0,0,2,False,Boo,Team Heretics,omen,False,,25,0,0,0,2,False,benjyfishy,Team Heretics,deadlock,False,,25,0,0,0,0,False,Wo0t,Team Heretics,chamber,True,100,25,0,6,1,5,False,grubinho,GIANTX,omen,True,88,24,1,0,1,3,False,ara,GIANTX,raze,True,96,41,0,0,0,1,False,Cloud,GIANTX,fade,True,81,12,0,0,1,1,False,Flickless,GIANTX,viper,False,,50,0,0,0,0,False,westside,GIANTX,cypher,False,,50,0,0,0,4,False
1203.102,5152,ACTIVE_ROUND,10,3,6,,43.677,,MiniBoo,Team Heretics,raze,False,,50,0,0,0,0,False,RieNs,Team Heretics,fade,False,,50,0,0,0,2,False,Boo,Team Heretics,omen,False,,25,0,0,0,2,False,benjyfishy,Team Heretics,deadlock,False,,25,0,0,0,0,False,Wo0t,Team Heretics,chamber,True,100,25,0,6,1,5,False,grubinho,GIANTX,omen,True,88,24,1,0,1,3,False,ara,GIANTX,raze,True,96,41,0,0,0,1,False,Cloud,GIANTX,fade,True,81,12,0,0,1,1,False,Flickless,GIANTX,viper,False,,50,0,0,0,0,False,westside,GIANTX,cypher,False,,50,0,0,0,4,False
1203.335,5153,ACTIVE_ROUND,10,3,6,,43.911,,MiniBoo,Team Heretics,raze,False,,50,0,0,0,0,False,RieNs,Team Heretics,fade,False,,50,0,0,0,2,False,Boo,Team Heretics,omen,False,,25,0,0,0,2,False,benjyfishy,Team Heretics,deadlock,False,,25,0,0,0,0,False,Wo0t,Team Heretics,chamber,True,100,25,0,6,1,5,False,grubinho,GIANTX,omen,True,88,24,1,0,1,3,False,ara,GIANTX,raze,True,96,41,0,0,0,1,False,Cloud,GIANTX,fade,True,81,12,0,0,1,1,False,Flickless,GIANTX,viper,False,,50,0,0,0,0,False,westside,GIANTX,cypher,False,,50,0,0,0,4,False
1203.569,5154,ACTIVE_ROUND,10,3,6,,44.144,,MiniBoo,Team Heretics,raze,False,,50,0,0,0,0,False,RieNs,Team Heretics,fade,False,,50,0,0,0,2,False,Boo,Team Heretics,omen,False,,25,0,0,0,2,False,benjyfishy,Team Heretics,deadlock,False,,25,0,0,0,0,False,Wo0t,Team Heretics,chamber,True,100,25,0,6,1,5,False,grubinho,GIANTX,omen,True,88,24,1,0,1,3,False,ara,GIANTX,raze,True,96,41,0,0,0,1,False,Cloud,GIANTX,fade,True,81,12,0,0,1,1,False,Flickless,GIANTX,viper,False,,50,0,0,0,0,False,westside,GIANTX,cypher,False,,50,0,0,0,4,False
1203.803,5155,ACTIVE_ROUND,10,3,6,,44.378,,MiniBoo,Team Heretics,raze,False,,50,0,0,0,0,False,RieNs,Team Heretics,fade,False,,50,0,0,0,2,False,Boo,Team Heretics,omen,False,,25,0,0,0,2,False,benjyfishy,Team Heretics,deadlock,False,,25,0,0,0,0,False,Wo0t,Team Heretics,chamber,True,100,25,0,6,1,5,False,grubinho,GIANTX,omen,True,88,24,1,0,1,3,False,ara,GIANTX,raze,True,96,41,0,0,0,1,False,Cloud,GIANTX,fade,True,81,12,0,0,1,1,False,Flickless,GIANTX,viper,False,,50,0,0,0,0,False,westside,GIANTX,cypher,False,,50,0,0,0,4,False
1204.270,5157,POST_ROUND,10,3,7,,,0.000,MiniBoo,Team Heretics,raze,False,,50,0,0,0,0,False,RieNs,Team Heretics,fade,False,,50,0,0,0,2,False,Boo,Team Heretics,omen,False,,25,0,0,0,2,False,benjyfishy,Team Heretics,deadlock,False,,25,0,0,0,0,False,Wo0t,Team Heretics,chamber,True,100,25,0,6,1,5,False,grubinho,GIANTX,omen,True,88,24,1,0,1,3,False,ara,GIANTX,raze,True,96,41,0,0,0,1,False,Cloud,GIANTX,fade,True,81,12,0,0,1,1,False,Flickless,GIANTX,viper,False,,50,0,0,0,0,False,westside,GIANTX,cypher,False,,50,0,0,0,4,False
1204.503,5158,POST_ROUND,10,3,7,,,0.234,MiniBoo,Team Heretics,raze,False,,50,0,0,0,0,False,RieNs,Team Heretics,fade,False,,50,0,0,0,2,False,Boo,Team Heretics,omen,False,,25,0,0,0,2,False,benjyfishy,Team Heretics,deadlock,False,,25,0,0,0,0,False,Wo0t,Team Heretics,chamber,True,100,25,0,6,1,5,False,grubinho,GIANTX,omen,True,88,24,1,0,1,3,False,ara,GIANTX,raze,True,96,41,0,0,0,1,False,Cloud,GIANTX,fade,True,81,12,0,0,1,1,False,Flickless,GIANTX,viper,False,,50,0,0,0,0,False,westside,GIANTX,cypher,False,,50,0,0,0,4,False
1204.737,5159,POST_ROUND,10,3,7,,,0.467,MiniBoo,Team Heretics,raze,False,,50,0,0,0,0,False,RieNs,Team Heretics,fade,False,,50,0,0,0,2,False,Boo,Team Heretics,omen,False,,25,0,0,0,2,False,benjyfishy,Team Heretics,deadlock,False,,25,0,0,0,0,False,Wo0t,Team Heretics,chamber,True,100,25,0,6,1,5,False,grubinho,GIANTX,omen,True,88,24,1,0,1,3,False,ara,GIANTX,raze,True,96,41,0,0,0,1,False,Cloud,GIANTX,fade,True,81,12,0,0,1,1,False,Flickless,GIANTX,viper,False,,50,0,0,0,0,False,westside,GIANTX,cypher,False,,50,0,0,0,4,False
1204.970,5160,POST_ROUND,10,3,7,,,0.701,MiniBoo,Team Heretics,raze,False,,50,0,0,0,0,False,RieNs,Team Heretics,fade,False,,50,0,0,0,2,False,Boo,Team Heretics,omen,False,,25,0,0,0,2,False,benjyfishy,Team Heretics,deadlock,False,,25,0,0,0,0,False,Wo0t,Team Heretics,chamber,True,100,25,0,6,1,5,False,grubinho,GIANTX,omen,True,88,24,1,0,1,3,False,ara,GIANTX,raze,True,96,41,0,0,0,1,False,Cloud,GIANTX,fade,True,81,12,0,0,1,1,False,Flickless,GIANTX,viper,False,,50,0,0,0,0,False,westside,GIANTX,cypher,False,,50,0,0,0,4,False
1205.204,5161,POST_ROUND,10,3,7,,,0.934,MiniBoo,Team Heretics,raze,False,,50,0,0,0,0,False,RieNs,Team Heretics,fade,False,,50,0,0,0,2,False,Boo,Team Heretics,omen,False,,25,0,0,0,2,False,benjyfishy,Team Heretics,deadlock,False,,25,0,0,0,0,False,Wo0t,Team Heretics,chamber,True,100,25,0,6,1,5,False,grubinho,GIANTX,omen,True,88,24,1,0,1,3,False,ara,GIANTX,raze,True,96,41,0,0,0,1,False,Cloud,GIANTX,fade,True,81,12,0,0,1,1,False,Flickless,GIANTX,viper,False,,50,0,0,0,0,False,westside,GIANTX,cypher,False,,50,0,0,0,4,False
1205.438,5162,POST_ROUND,10,3,7,,,1.168,MiniBoo,Team Heretics,raze,False,,50,0,0,0,0,False,RieNs,Team Heretics,fade,False,,50,0,0,0,2,False,Boo,Team Heretics,omen,False,,25,0,0,0,2,False,benjyfishy,Team Heretics,deadlock,False,,25,0,0,0,0,False,Wo0t,Team Heretics,chamber,True,100,25,0,6,1,5,False,grubinho,GIANTX,omen,True,88,24,1,0,1,3,False,ara,GIANTX,raze,True,96,41,0,0,0,1,False,Cloud,GIANTX,fade,True,81,12,0,0,1,1,False,Flickless,GIANTX,viper,False,,50,0,0,0,0,False,westside,GIANTX,cypher,False,,50,0,0,0,4,False
1205.671,5163,POST_ROUND,10,3,7,,,1.401,MiniBoo,Team Heretics,raze,False,,50,0,0,0,0,False,RieNs,Team Heretics,fade,False,,50,0,0,0,2,False,Boo,Team Heretics,omen,False,,25,0,0,0,2,False,benjyfishy,Team Heretics,deadlock,False,,25,0,0,0,0,False,Wo0t,Team Heretics,chamber,True,100,25,0,6,1,5,False,grubinho,GIANTX,omen,True,88,24,1,0,1,3,False,ara,GIANTX,raze,True,96,41,0,0,0,1,False,Cloud,GIANTX,fade,True,81,12,0,0,1,1,False,Flickless,GIANTX,viper,False,,50,0,0,0,0,False,westside,GIANTX,cypher,False,,50,0,0,0,4,False
1205.905,5164,POST_ROUND,10,3,7,,,1.635,MiniBoo,Team Heretics,raze,False,,50,0,0,0,0,False,RieNs,Team Heretics,fade,False,,50,0,0,0,2,False,Boo,Team Heretics,omen,False,,25,0,0,0,2,False,benjyfishy,Team Heretics,deadlock,False,,25,0,0,0,0,False,Wo0t,Team Heretics,chamber,True,100,25,0,6,1,5,False,grubinho,GIANTX,omen,True,88,24,1,0,1,3,False,ara,GIANTX,raze,True,96,41,0,0,0,1,False,Cloud,GIANTX,fade,True,81,12,0,0,1,1,False,Flickless,GIANTX,viper,False,,50,0,0,0,0,False,westside,GIANTX,cypher,False,,50,0,0,0,4,False
1206.138,5165,POST_ROUND,10,3,7,,,1.869,MiniBoo,Team Heretics,raze,False,,50,0,0,0,0,False,RieNs,Team Heretics,fade,False,,50,0,0,0,2,False,Boo,Team Heretics,omen,False,,25,0,0,0,2,False,benjyfishy,Team Heretics,deadlock,False,,25,0,0,0,0,False,Wo0t,Team Heretics,chamber,True,100,25,0,6,1,5,False,grubinho,GIANTX,omen,True,88,24,1,0,1,3,False,ara,GIANTX,raze,True,96,41,0,0,0,1,False,Cloud,GIANTX,fade,True,81,12,0,0,0,1,False,Flickless,GIANTX,viper,False,,50,0,0,0,0,False,westside,GIANTX,cypher,False,,50,0,0,0,4,False
1206.372,5166,POST_ROUND,10,3,7,,,2.102,MiniBoo,Team Heretics,raze,False,,50,0,0,0,0,False,RieNs,Team Heretics,fade,False,,50,0,0,0,2,False,Boo,Team Heretics,omen,False,,25,0,0,0,2,False,benjyfishy,Team Heretics,deadlock,False,,25,0,0,0,0,False,Wo0t,Team Heretics,chamber,True,100,25,0,6,1,5,False,grubinho,GIANTX,omen,True,88,24,1,0,1,3,False,ara,GIANTX,raze,True,96,41,0,0,0,1,False,Cloud,GIANTX,fade,True,81,1,0,0,0,1,False,Flickless,GIANTX,viper,False,,50,0,0,0,0,False,westside,GIANTX,cypher,False,,50,0,0,0,4,False
1206.605,5167,POST_ROUND,10,3,7,,,2.336,MiniBoo,Team Heretics,raze,False,,50,0,0,0,0,False,RieNs,Team Heretics,fade,False,,50,0,0,0,2,False,Boo,Team Heretics,omen,False,,25,0,0,0,2,False,benjyfishy,Team Heretics,deadlock,False,,25,0,0,0,0,False,Wo0t,Team Heretics,chamber,True,100,25,0,6,1,5,False,grubinho,GIANTX,omen,True,88,24,1,0,1,3,False,ara,GIANTX,raze,True,96,41,0,0,0,1,False,Cloud,GIANTX,fade,True,81,1,0,0,0,1,False,Flickless,GIANTX,viper,False,,50,0,0,0,0,False,westside,GIANTX,cypher,False,,50,0,0,0,4,False
1206.839,5168,POST_ROUND,10,3,7,,,2.569,MiniBoo,Team Heretics,raze,False,,50,0,0,0,0,False,RieNs,Team Heretics,fade,False,,50,0,0,0,2,False,Boo,Team Heretics,omen,False,,25,0,0,0,2,False,benjyfishy,Team Heretics,deadlock,False,,25,0,0,0,0,False,Wo0t,Team Heretics,chamber,True,100,25,0,6,1,5,False,grubinho,GIANTX,omen,True,88,24,1,0,1,3,False,ara,GIANTX,raze,True,96,41,0,0,0,1,False,Cloud,GIANTX,fade,True,81,1,0,0,0,1,False,Flickless,GIANTX,viper,False,,50,0,0,0,0,False,westside,GIANTX,cypher,False,,50,0,0,0,4,False
1207.073,5169,POST_ROUND,10,3,7,,,2.803,MiniBoo,Team Heretics,raze,False,,50,0,0,0,0,False,RieNs,Team Heretics,fade,False,,50,0,0,0,2,False,Boo,Team Heretics,omen,False,,25,0,0,0,2,False,benjyfishy,Team Heretics,deadlock,False,,25,0,0,0,0,False,Wo0t,Team Heretics,chamber,True,100,25,0,6,1,5,False,grubinho,GIANTX,omen,True,88,24,1,0,1,3,False,ara,GIANTX,raze,True,96,41,0,0,0,1,False,Cloud,GIANTX,fade,True,81,1,0,0,0,1,False,Flickless,GIANTX,viper,False,,50,0,0,0,0,False,westside,GIANTX,cypher,False,,50,0,0,0,4,False
1207.306,5170,POST_ROUND,10,3,7,,,3.036,MiniBoo,Team Heretics,raze,False,,50,0,0,0,0,False,RieNs,Team Heretics,fade,False,,50,0,0,0,2,False,Boo,Team Heretics,omen,False,,25,0,0,0,2,False,benjyfishy,Team Heretics,deadlock,False,,25,0,0,0,0,False,Wo0t,Team Heretics,chamber,True,100,25,0,6,1,5,False,grubinho,GIANTX,omen,True,88,24,1,0,1,3,False,ara,GIANTX,raze,True,96,41,0,0,0,1,False,Cloud,GIANTX,fade,True,81,1,0,0,0,1,False,Flickless,GIANTX,viper,False,,50,0,0,0,0,False,westside,GIANTX,cypher,False,,50,0,0,0,4,False
1207.540,5171,POST_ROUND,10,3,7,,,3.270,MiniBoo,Team Heretics,raze,False,,50,0,0,0,0,False,RieNs,Team Heretics,fade,False,,50,0,0,0,2,False,Boo,Team Heretics,omen,False,,25,0,0,0,2,False,benjyfishy,Team Heretics,deadlock,False,,25,0,0,0,0,False,Wo0t,Team Heretics,chamber,True,100,25,0,6,1,5,False,grubinho,GIANTX,omen,True,88,24,1,0,1,3,False,ara,GIANTX,raze,True,96,41,0,0,0,1,False,Cloud,GIANTX,fade,True,81,1,0,0,0,1,False,Flickless,GIANTX,viper,False,,50,0,0,0,0,False,westside,GIANTX,cypher,False,,50,0,0,0,4,False
1207.773,5172,POST_ROUND,10,3,7,,,3.504,MiniBoo,Team Heretics,raze,False,,50,0,0,0,0,False,RieNs,Team Heretics,fade,False,,50,0,0,0,2,False,Boo,Team Heretics,omen,False,,25,0,0,0,2,False,benjyfishy,Team Heretics,deadlock,False,,25,0,0,0,0,False,Wo0t,Team Heretics,chamber,True,100,25,0,6,1,5,False,grubinho,GIANTX,omen,True,88,24,1,0,1,3,False,ara,GIANTX,raze,True,96,41,0,0,0,1,False,Cloud,GIANTX,fade,True,81,1,0,0,0,1,False,Flickless,GIANTX,viper,False,,50,0,0,0,0,False,westside,GIANTX,cypher,False,,50,0,0,0,4,False
1208.007,5173,POST_ROUND,10,3,7,,,3.737,MiniBoo,Team Heretics,raze,False,,50,0,0,0,0,False,RieNs,Team Heretics,fade,False,,50,0,0,0,2,False,Boo,Team Heretics,omen,False,,25,0,0,0,2,False,benjyfishy,Team Heretics,deadlock,False,,25,0,0,0,0,False,Wo0t,Team Heretics,chamber,True,100,25,0,6,1,5,False,grubinho,GIANTX,omen,True,88,24,1,0,1,3,False,ara,GIANTX,raze,True,96,41,0,0,0,1,False,Cloud,GIANTX,fade,True,81,1,0,0,0,1,False,Flickless,GIANTX,viper,False,,50,0,0,0,0,False,westside,GIANTX,cypher,False,,50,0,0,0,4,False
1208.240,5174,POST_ROUND,10,3,7,,,3.971,MiniBoo,Team Heretics,raze,False,,50,0,0,0,0,False,RieNs,Team Heretics,fade,False,,50,0,0,0,2,False,Boo,Team Heretics,omen,False,,25,0,0,0,2,False,benjyfishy,Team Heretics,deadlock,False,,25,0,0,0,0,False,Wo0t,Team Heretics,chamber,True,100,25,0,6,1,5,False,grubinho,GIANTX,omen,True,88,24,1,0,1,3,False,ara,GIANTX,raze,True,96,41,0,0,0,1,False,Cloud,GIANTX,fade,True,81,1,0,0,0,1,False,Flickless,GIANTX,viper,False,,50,0,0,0,0,False,westside,GIANTX,cypher,False,,50,0,0,0,4,False
1247.947,5344,POST_ROUND,10,3,7,,,43.677,MiniBoo,Team Heretics,raze,False,,50,0,0,0,0,False,RieNs,Team Heretics,fade,False,,50,0,0,0,2,False,Boo,Team Heretics,omen,False,,25,0,0,0,2,False,benjyfishy,Team Heretics,deadlock,False,,25,0,0,0,0,False,Wo0t,Team Heretics,chamber,True,100,25,0,6,1,5,False,grubinho,GIANTX,omen,True,88,24,1,0,1,3,False,ara,GIANTX,raze,True,96,41,0,0,0,1,False,Cloud,GIANTX,fade,True,81,1,0,0,0,1,False,Flickless,GIANTX,viper,False,,50,0,0,0,0,False,westside,GIANTX,cypher,False,,50,0,0,0,4,False
1287.186,5512,PREROUND,11,3,7,,,,MiniBoo,Team Heretics,raze,True,,,0,2,1,1,False,RieNs,Team Heretics,fade,True,,,2,1,1,3,False,Boo,Team Heretics,omen,True,,,2,1,2,3,False,benjyfishy,Team Heretics,deadlock,True,,,1,2,1,1,False,Wo0t,Team Heretics,chamber,True,,,1,6,1,5,False,grubinho,GIANTX,omen,True,,,2,1,2,3,False,ara,GIANTX,raze,True,,,1,2,1,1,False,Cloud,GIANTX,fade,True,,,2,1,1,1,False,Flickless,GIANTX,viper,True,,,1,1,0,1,False,westside,GIANTX,cypher,True,,,0,2,1,5,False
1287.419,5513,PREROUND,11,3,7,,,,MiniBoo,Team Heretics,raze,True,,,0,2,1,1,False,RieNs,Team Heretics,fade,True,,,2,1,1,3,False,Boo,Team Heretics,omen,True,,,2,1,2,3,False,benjyfishy,Team Heretics,deadlock,True,,,1,2,1,1,False,Wo0t,Team Heretics,chamber,True,,,1,6,1,5,False,grubinho,GIANTX,omen,True,,,2,1,2,3,False,ara,GIANTX,raze,True,,,1,2,1,1,False,Cloud,GIANTX,fade,True,,,2,1,1,1,False,Flickless,GIANTX,viper,True,,,1,1,0,1,False,westside,GIANTX,cypher,True,,,0,2,1,5,False
1287.653,5514,PREROUND,11,3,7,,,,MiniBoo,Team Heretics,raze,True,,,0,2,1,1,False,RieNs,Team Heretics,fade,True,,,2,1,1,3,False,Boo,Team Heretics,omen,True,,,2,1,2,3,False,benjyfishy,Team Heretics,deadlock,True,,,1,2,1,1,False,Wo0t,Team Heretics,chamber,True,,,1,6,1,5,False,grubinho,GIANTX,omen,True,,,2,1,2,3,False,ara,GIANTX,raze,True,,,1,2,1,1,False,Cloud,GIANTX,fade,True,,,2,1,1,1,False,Flickless,GIANTX,viper,True,,,1,1,0,1,False,westside,GIANTX,cypher,True,,,0,2,1,5,False
1287.887,5515,PREROUND,11,3,7,,,,MiniBoo,Team Heretics,raze,True,,,0,2,1,1,False,RieNs,Team Heretics,fade,True,,,2,1,1,3,False,Boo,Team Heretics,omen,True,,,2,1,2,3,False,benjyfishy,Team Heretics,deadlock,True,,,1,2,1,1,False,Wo0t,Team Heretics,chamber,True,,,1,6,1,5,False,grubinho,GIANTX,omen,True,,,2,1,2,3,False,ara,GIANTX,raze,True,,,1,2,1,1,False,Cloud,GIANTX,fade,True,,,2,1,1,1,False,Flickless,GIANTX,viper,True,,,1,1,0,1,False,westside,GIANTX,cypher,True,,,0,2,1,5,False
1288.120,5516,PREROUND,11,3,7,,,,MiniBoo,Team Heretics,raze,True,,,0,2,1,1,False,RieNs,Team Heretics,fade,True,,,2,1,1,3,False,Boo,Team Heretics,omen,True,,,2,1,2,3,False,benjyfishy,Team Heretics,deadlock,True,,,1,1,1,1,False,Wo0t,Team Heretics,chamber,True,,,0,6,1,5,False,grubinho,GIANTX,omen,True,,,2,1,2,3,False,ara,GIANTX,raze,True,,,1,2,1,1,False,Cloud,GIANTX,fade,True,,,2,1,1,1,False,Flickless,GIANTX,viper,True,,,1,1,0,1,False,westside,GIANTX,cypher,True,,,0,2,1,5,False
1288.354,5517,PREROUND,11,3,7,,,,MiniBoo,Team Heretics,raze,True,,,0,2,1,1,False,RieNs,Team Heretics,fade,True,,,2,1,1,3,False,Boo,Team Heretics,omen,True,,,2,1,2,3,False,benjyfishy,Team Heretics,deadlock,True,,,1,1,1,1,False,Wo0t,Team Heretics,chamber,True,,,0,6,1,5,False,grubinho,GIANTX,omen,True,,,2,1,2,3,False,ara,GIANTX,raze,True,,,1,2,1,1,False,Cloud,GIANTX,fade,True,,,2,1,1,1,False,Flickless,GIANTX,viper,True,,,1,1,0,1,False,westside,GIANTX,cypher,True,,,0,2,1,5,False
1288.587,5518,PREROUND,11,3,7,,,,MiniBoo,Team Heretics,raze,True,,,0,2,1,1,False,RieNs,Team Heretics,fade,True,,,2,1,1,3,False,Boo,Team Heretics,omen,True,,,2,1,2,3,False,benjyfishy,Team Heretics,deadlock,True,,,1,1,1,1,False,Wo0t,Team Heretics,chamber,True,,,0,6,1,5,False,grubinho,GIANTX,omen,True,,,2,1,2,3,False,ara,GIANTX,raze,True,,,1,2,1,1,False,Cloud,GIANTX,fade,True,,,2,1,1,1,False,Flickless,GIANTX,viper,True,,,1,1,0,1,False,westside,GIANTX,cypher,True,,,0,2,1,5,False
1288.821,5519,PREROUND,11,3,7,,,,MiniBoo,Team Heretics,raze,True,,,0,2,1,1,False,RieNs,Team Heretics,fade,True,,,2,1,1,3,False,Boo,Team Heretics,omen,True,,,2,1,2,3,False,benjyfishy,Team Heretics,deadlock,True,,,1,1,1,1,False,Wo0t,Team Heretics,chamber,True,,,0,6,1,5,False,grubinho,GIANTX,omen,True,,,2,1,2,3,False,ara,GIANTX,raze,True,,,1,2,1,1,False,Cloud,GIANTX,fade,True,,,2,1,1,1,False,Flickless,GIANTX,viper,True,,,1,1,0,1,False,westside,GIANTX,cypher,True,,,0,2,1,5,False
1289.054,5520,PREROUND,11,3,7,,,,MiniBoo,Team Heretics,raze,True,,,0,2,1,1,False,RieNs,Team Heretics,fade,True,,,2,1,1,3,False,Boo,Team Heretics,omen,True,,,2,1,2,3,False,benjyfishy,Team Heretics,deadlock,True,,,1,1,1,1,False,Wo0t,Team Heretics,chamber,True,,,0,6,1,5,False,grubinho,GIANTX,omen,True,,,2,1,2,3,False,ara,GIANTX,raze,True,,,1,2,1,1,False,Cloud,GIANTX,fade,True,,,2,1,1,1,False,Flickless,GIANTX,viper,True,,,1,1,0,1,False,westside,GIANTX,cypher,True,,,0,2,1,5,False
1289.288,5521,PREROUND,11,3,7,,,,MiniBoo,Team Heretics,raze,True,,,0,2,1,1,False,RieNs,Team Heretics,fade,True,,,2,1,1,3,False,Boo,Team Heretics,omen,True,,,2,1,2,3,False,benjyfishy,Team Heretics,deadlock,True,,,1,1,1,1,False,Wo0t,Team Heretics,chamber,True,,,0,6,1,5,False,grubinho,GIANTX,omen,True,,,2,1,2,3,False,ara,GIANTX,raze,True,,,1,2,1,1,False,Cloud,GIANTX,fade,True,,,2,1,1,1,False,Flickless,GIANTX,viper,True,,,1,1,0,1,False,westside,GIANTX,cypher,True,,,0,2,1,5,False
1289.522,5522,PREROUND,11,3,7,,,,MiniBoo,Team Heretics,raze,True,,,0,2,1,1,False,RieNs,Team Heretics,fade,True,,,2,1,1,3,False,Boo,Team Heretics,omen,True,,,2,1,2,3,False,benjyfishy,Team Heretics,deadlock,True,,,1,1,1,1,False,Wo0t,Team Heretics,chamber,True,,,0,6,1,5,False,grubinho,GIANTX,omen,True,,,2,1,2,3,False,ara,GIANTX,raze,True,,,1,2,1,1,False,Cloud,GIANTX,fade,True,,,2,1,1,1,False,Flickless,GIANTX,viper,True,,,1,1,0,1,False,westside,GIANTX,cypher,True,,,0,2,1,5,False
1289.755,5523,PREROUND,11,3,7,,,,MiniBoo,Team Heretics,raze,True,,,0,2,1,1,False,RieNs,Team Heretics,fade,True,,,2,1,1,3,False,Boo,Team Heretics,omen,True,,,2,1,2,3,False,benjyfishy,Team Heretics,deadlock,True,,,1,1,1,1,False,Wo0t,Team Heretics,chamber,True,,,0,6,1,5,False,grubinho,GIANTX,omen,True,,,2,1,2,3,False,ara,GIANTX,raze,True,,,1,2,1,1,False,Cloud,GIANTX,fade,True,,,2,1,1,1,False,Flickless,GIANTX,viper,True,,,1,1,0,1,False,westside,GIANTX,cypher,True,,,0,2,1,5,False
1289.989,5524,PREROUND,11,3,7,,,,MiniBoo,Team Heretics,raze,True,,,0,2,1,1,False,RieNs,Team Heretics,fade,True,,,2,1,1,3,False,Boo,Team Heretics,omen,True,,,2,1,2,3,False,benjyfishy,Team Heretics,deadlock,True,,,1,1,1,1,False,Wo0t,Team Heretics,chamber,True,,,0,6,1,5,False,grubinho,GIANTX,omen,True,,,2,1,2,3,False,ara,GIANTX,raze,True,,,1,2,1,1,False,Cloud,GIANTX,fade,True,,,2,1,1,1,False,Flickless,GIANTX,viper,True,,,1,1,0,1,False,westside,GIANTX,cypher,True,,,0,2,1,5,False
1290.222,5525,PREROUND,11,3,7,,,,MiniBoo,Team Heretics,raze,True,,,0,2,1,1,False,RieNs,Team Heretics,fade,True,,,2,1,1,3,False,Boo,Team Heretics,omen,True,,,2,1,2,3,False,benjyfishy,Team Heretics,deadlock,True,,,1,1,1,1,False,Wo0t,Team Heretics,chamber,True,,,0,6,1,5,False,grubinho,GIANTX,omen,True,,,2,1,2,3,False,ara,GIANTX,raze,True,,,1,2,1,1,False,Cloud,GIANTX,fade,True,,,2,1,1,1,False,Flickless,GIANTX,viper,True,,,1,1,0,1,False,westside,GIANTX,cypher,True,,,0,2,1,5,False
1290.456,5526,PREROUND,11,3,7,,,,MiniBoo,Team Heretics,raze,True,,,0,2,1,1,False,RieNs,Team Heretics,fade,True,,,2,1,1,3,False,Boo,Team Heretics,omen,True,,,2,1,2,3,False,benjyfishy,Team Heretics,deadlock,True,,,1,1,1,1,False,Wo0t,Team Heretics,chamber,True,,,0,6,1,5,False,grubinho,GIANTX,omen,True,,,2,1,2,3,False,ara,GIANTX,raze,True,,,1,2,1,1,False,Cloud,GIANTX,fade,True,,,2,1,1,1,False,Flickless,GIANTX,viper,True,,,1,1,0,1,False,westside,GIANTX,cypher,True,,,0,2,1,5,False
1290.689,5527,PREROUND,11,3,7,,,,MiniBoo,Team Heretics,raze,True,,,0,2,1,1,False,RieNs,Team Heretics,fade,True,,,2,1,1,3,False,Boo,Team Heretics,omen,True,,,2,1,2,3,False,benjyfishy,Team Heretics,deadlock,True,,,1,1,1,1,False,Wo0t,Team Heretics,chamber,True,,,0,6,1,5,False,grubinho,GIANTX,omen,True,,,2,1,2,3,False,ara,GIANTX,raze,True,,,1,2,1,1,False,Cloud,GIANTX,fade,True,,,2,1,1,1,False,Flickless,GIANTX,viper,True,,,1,1,0,1,False,westside,GIANTX,cypher,True,,,0,2,1,5,False
1290.923,5528,PREROUND,11,3,7,,,,MiniBoo,Team Heretics,raze,True,,,0,2,1,1,False,RieNs,Team Heretics,fade,True,,,2,1,1,3,False,Boo,Team Heretics,omen,True,,,2,1,2,3,False,benjyfishy,Team Heretics,deadlock,True,,,1,1,1,1,False,Wo0t,Team Heretics,chamber,True,,,0,6,1,5,False,grubinho,GIANTX,omen,True,,,2,1,2,3,False,ara,GIANTX,raze,True,,,1,2,1,1,False,Cloud,GIANTX,fade,True,,,2,1,1,1,False,Flickless,GIANTX,viper,True,,,1,1,0,1,False,westside,GIANTX,cypher,True,,,0,2,1,5,False
1291.157,5529,PREROUND,11,3,7,,,,MiniBoo,Team Heretics,raze,True,,,0,2,1,1,False,RieNs,Team Heretics,fade,True,,,2,1,1,3,False,Boo,Team Heretics,omen,True,,,2,1,2,3,False,benjyfishy,Team Heretics,deadlock,True,,,1,1,1,1,False,Wo0t,Team Heretics,chamber,True,,,1,6,1,5,False,grubinho,GIANTX,omen,True,,,2,1,2,3,False,ara,GIANTX,raze,True,,,1,2,1,1,False,Cloud,GIANTX,fade,True,,,2,1,1,1,False,Flickless,GIANTX,viper,True,,,1,1,0,1,False,westside,GIANTX,cypher,True,,,0,2,1,5,False
1291.390,5530,PREROUND,11,3,7,,,,MiniBoo,Team Heretics,raze,True,,,0,2,1,1,False,RieNs,Team Heretics,fade,True,,,2,1,1,3,False,Boo,Team Heretics,omen,True,,,2,1,2,3,False,benjyfishy,Team Heretics,deadlock,True,,,1,1,1,1,False,Wo0t,Team Heretics,chamber,True,,,1,6,1,5,False,grubinho,GIANTX,omen,True,,,2,1,2,3,False,ara,GIANTX,raze,True,,,1,2,1,1,False,Cloud,GIANTX,fade,True,,,2,1,1,1,False,Flickless,GIANTX,viper,True,,,1,1,0,1,False,westside,GIANTX,cypher,True,,,0,2,1,5,False
1291.624,5531,PREROUND,11,3,7,,,,MiniBoo,Team Heretics,raze,True,,,0,2,1,1,False,RieNs,Team Heretics,fade,True,,,2,1,1,3,False,Boo,Team Heretics,omen,True,,,2,1,2,3,False,benjyfishy,Team Heretics,deadlock,True,,,1,1,1,1,False,Wo0t,Team Heretics,chamber,True,,,1,6,1,5,False,grubinho,GIANTX,omen,True,,,2,1,2,3,False,ara,GIANTX,raze,True,,,1,2,1,1,False,Cloud,GIANTX,fade,True,,,2,1,1,1,False,Flickless,GIANTX,viper,True,,,1,1,0,1,False,westside,GIANTX,cypher,True,,,0,2,1,5,False
1291.857,5532,PREROUND,11,3,7,,,,MiniBoo,Team Heretics,raze,True,,,0,2,1,1,False,RieNs,Team Heretics,fade,True,,,2,1,1,3,False,Boo,Team Heretics,omen,True,,,2,1,2,3,False,benjyfishy,Team Heretics,deadlock,True,,,1,1,1,1,False,Wo0t,Team Heretics,chamber,True,,,1,6,1,5,False,grubinho,GIANTX,omen,True,,,2,1,2,3,False,ara,GIANTX,raze,True,,,1,2,1,1,False,Cloud,GIANTX,fade,True,,,2,1,1,1,False,Flickless,GIANTX,viper,True,,,1,1,0,1,False,westside,GIANTX,cypher,True,,,0,2,1,5,False
1292.091,5533,PREROUND,11,3,7,,,,MiniBoo,Team Heretics,raze,True,,,0,2,1,1,False,RieNs,Team Heretics,fade,True,,,2,1,1,3,False,Boo,Team Heretics,omen,True,,,2,1,2,3,False,benjyfishy,Team Heretics,deadlock,True,,,1,1,1,1,False,Wo0t,Team Heretics,chamber,True,,,1,6,1,5,False,grubinho,GIANTX,omen,True,,,2,1,2,3,False,ara,GIANTX,raze,True,,,1,2,1,1,False,Cloud,GIANTX,fade,True,,,2,1,1,1,False,Flickless,GIANTX,viper,True,,,1,1,0,1,False,westside,GIANTX,cypher,True,,,0,2,1,5,False
1292.324,5534,PREROUND,11,3,7,,,,MiniBoo,Team Heretics,raze,True,,,0,2,1,1,False,RieNs,Team Heretics,fade,True,,,2,1,1,3,False,Boo,Team Heretics,omen,True,,,2,1,2,3,False,benjyfishy,Team Heretics,deadlock,True,,,1,1,1,1,False,Wo0t,Team Heretics,chamber,True,,,1,6,1,5,False,grubinho,GIANTX,omen,True,,,2,1,2,3,False,ara,GIANTX,raze,True,,,1,2,1,1,False,Cloud,GIANTX,fade,True,,,2,1,1,1,False,Flickless,GIANTX,viper,True,,,1,1,0,1,False,westside,GIANTX,cypher,True,,,0,2,1,5,False
1292.558,5535,PREROUND,11,3,7,,,,MiniBoo,Team Heretics,raze,True,,,0,2,1,1,False,RieNs,Team Heretics,fade,True,,,2,1,1,3,False,Boo,Team Heretics,omen,True,,,2,1,2,3,False,benjyfishy,Team Heretics,deadlock,True,,,1,1,1,1,False,Wo0t,Team Heretics,chamber,True,,,1,6,1,5,False,grubinho,GIANTX,omen,True,,,2,1,2,3,False,ara,GIANTX,raze,True,,,1,2,1,1,False,Cloud,GIANTX,fade,True,,,2,1,1,1,False,Flickless,GIANTX,viper,True,,,1,1,0,1,False,westside,GIANTX,cypher,True,,,0,2,1,5,False
1292.792,5536,PREROUND,11,3,7,,,,MiniBoo,Team Heretics,raze,True,,,0,2,1,1,False,RieNs,Team Heretics,fade,True,,,2,1,1,3,False,Boo,Team Heretics,omen,True,,,2,1,2,3,False,benjyfishy,Team Heretics,deadlock,True,,,1,1,1,1,False,Wo0t,Team Heretics,chamber,True,,,1,6,1,5,False,grubinho,GIANTX,omen,True,,,2,1,2,3,False,ara,GIANTX,raze,True,,,1,2,1,1,False,Cloud,GIANTX,fade,True,,,2,1,1,1,False,Flickless,GIANTX,viper,True,,,1,1,0,1,False,westside,GIANTX,cypher,True,,,0,2,1,5,False
1293.025,5537,PREROUND,11,3,7,,,,MiniBoo,Team Heretics,raze,True,,,0,2,1,1,False,RieNs,Team Heretics,fade,True,,,2,1,1,3,False,Boo,Team Heretics,omen,True,,,2,1,2,3,False,benjyfishy,Team Heretics,deadlock,True,,,1,1,1,1,False,Wo0t,Team Heretics,chamber,True,,,1,6,1,5,False,grubinho,GIANTX,omen,True,,,2,1,2,3,False,ara,GIANTX,raze,True,,,1,2,1,1,False,Cloud,GIANTX,fade,True,,,2,1,1,1,False,Flickless,GIANTX,viper,True,,,1,1,0,1,False,westside,GIANTX,cypher,True,,,0,2,1,5,False
1293.259,5538,PREROUND,11,3,7,,,,MiniBoo,Team Heretics,raze,True,,,0,2,1,1,False,RieNs,Team Heretics,fade,True,,,2,1,1,3,False,Boo,Team Heretics,omen,True,,,2,1,2,3,False,benjyfishy,Team Heretics,deadlock,True,,,1,1,1,1,False,Wo0t,Team Heretics,chamber,True,,,1,6,1,5,False,grubinho,GIANTX,omen,True,,,2,1,2,3,False,ara,GIANTX,raze,True,,,1,2,1,1,False,Cloud,GIANTX,fade,True,,,2,1,1,1,False,Flickless,GIANTX,viper,True,,,1,1,0,1,False,westside,GIANTX,cypher,True,,,0,2,1,5,False
1293.492,5539,PREROUND,11,3,7,,,,MiniBoo,Team Heretics,raze,True,,,0,2,1,1,False,RieNs,Team Heretics,fade,True,,,2,1,1,3,False,Boo,Team Heretics,omen,True,,,2,1,2,3,False,benjyfishy,Team Heretics,deadlock,True,,,1,1,1,1,False,Wo0t,Team Heretics,chamber,True,,,1,6,1,5,False,grubinho,GIANTX,omen,True,,,2,1,2,3,False,ara,GIANTX,raze,True,,,1,2,1,1,False,Cloud,GIANTX,fade,True,,,2,1,1,1,False,Flickless,GIANTX,viper,True,,,1,1,0,1,False,westside,GIANTX,cypher,True,,,0,2,1,5,False
1293.726,5540,PREROUND,11,3,7,,,,MiniBoo,Team Heretics,raze,True,,,0,2,1,1,False,RieNs,Team Heretics,fade,True,,,2,1,1,3,False,Boo,Team Heretics,omen,True,,,2,1,2,3,False,benjyfishy,Team Heretics,deadlock,True,,,1,1,1,1,False,Wo0t,Team Heretics,chamber,True,,,1,6,1,5,False,grubinho,GIANTX,omen,True,,,2,1,2,3,False,ara,GIANTX,raze,True,,,1,2,1,1,False,Cloud,GIANTX,fade,True,,,2,1,1,1,False,Flickless,GIANTX,viper,True,,,1,1,0,1,False,westside,GIANTX,cypher,True,,,0,2,1,5,False
1293.959,5541,PREROUND,11,3,7,,,,MiniBoo,Team Heretics,raze,True,,,0,2,1,1,False,RieNs,Team Heretics,fade,True,,,2,1,1,3,False,Boo,Team Heretics,omen,True,,,2,1,2,3,False,benjyfishy,Team Heretics,deadlock,True,,,1,1,1,1,False,Wo0t,Team Heretics,chamber,True,,,1,6,1,5,False,grubinho,GIANTX,omen,True,,,2,1,2,3,False,ara,GIANTX,raze,True,,,1,2,1,1,False,Cloud,GIANTX,fade,True,,,2,1,1,1,False,Flickless,GIANTX,viper,True,,,1,1,0,1,False,westside,GIANTX,cypher,True,,,0,2,1,5,False
1294.193,5542,PREROUND,11,3,7,,,,MiniBoo,Team Heretics,raze,True,,,0,2,1,1,False,RieNs,Team Heretics,fade,True,,,2,1,1,3,False,Boo,Team Heretics,omen,True,,,2,1,2,3,False,benjyfishy,Team Heretics,deadlock,True,,,1,0,1,1,False,Wo0t,Team Heretics,chamber,True,,,1,6,1,5,False,grubinho,GIANTX,omen,True,,,2,1,2,3,False,ara,GIANTX,raze,True,,,1,2,1,1,False,Cloud,GIANTX,fade,True,,,2,1,1,1,False,Flickless,GIANTX,viper,True,,,1,1,0,1,False,westside,GIANTX,cypher,True,,,1,2,1,5,False
1294.426,5543,PREROUND,11,3,7,,,,MiniBoo,Team Heretics,raze,True,,,0,2,1,1,False,RieNs,Team Heretics,fade,True,,,2,1,1,3,False,Boo,Team Heretics,omen,True,,,2,1,2,3,False,benjyfishy,Team Heretics,deadlock,True,,,1,0,1,1,False,Wo0t,Team Heretics,chamber,True,,,1,6,1,5,False,grubinho,GIANTX,omen,True,,,2,1,2,3,False,ara,GIANTX,raze,True,,,1,2,1,1,False,Cloud,GIANTX,fade,True,,,2,1,1,1,False,Flickless,GIANTX,viper,True,,,1,1,0,1,False,westside,GIANTX,cypher,True,,,1,2,1,5,False
1294.660,5544,PREROUND,11,3,7,,,,MiniBoo,Team Heretics,raze,True,,,0,2,1,1,False,RieNs,Team Heretics,fade,True,,,2,1,1,3,False,Boo,Team Heretics,omen,True,,,2,1,2,3,False,benjyfishy,Team Heretics,deadlock,True,,,1,0,1,1,False,Wo0t,Team Heretics,chamber,True,,,1,6,1,5,False,grubinho,GIANTX,omen,True,,,2,1,2,3,False,ara,GIANTX,raze,True,,,1,2,1,1,False,Cloud,GIANTX,fade,True,,,2,1,1,1,False,Flickless,GIANTX,viper,True,,,1,1,0,1,False,westside,GIANTX,cypher,True,,,1,2,1,5,False
1294.894,5545,PREROUND,11,3,7,,,,MiniBoo,Team Heretics,raze,True,,,0,2,1,1,False,RieNs,Team Heretics,fade,True,,,2,1,1,3,False,Boo,Team Heretics,omen,True,,,2,1,2,3,False,benjyfishy,Team Heretics,deadlock,True,,,1,0,1,1,False,Wo0t,Team Heretics,chamber,True,,,1,6,1,5,False,grubinho,GIANTX,omen,True,,,2,1,2,3,False,ara,GIANTX,raze,True,,,1,2,1,1,False,Cloud,GIANTX,fade,True,,,2,1,1,1,False,Flickless,GIANTX,viper,True,,,1,1,0,1,False,westside,GIANTX,cypher,True,,,1,2,1,5,False
1295.127,5546,PREROUND,11,3,7,,,,MiniBoo,Team Heretics,raze,True,,,0,2,1,1,False,RieNs,Team Heretics,fade,True,,,2,1,1,3,False,Boo,Team Heretics,omen,True,,,2,1,2,3,False,benjyfishy,Team Heretics,deadlock,True,,,1,0,1,1,False,Wo0t,Team Heretics,chamber,True,,,1,6,1,5,False,grubinho,GIANTX,omen,True,,,2,1,2,3,False,ara,GIANTX,raze,True,,,1,2,1,1,False,Cloud,GIANTX,fade,True,,,2,1,1,1,False,Flickless,GIANTX,viper,True,,,1,1,0,1,False,westside,GIANTX,cypher,True,,,1,2,1,5,False
1295.361,5547,PREROUND,11,3,7,,,,MiniBoo,Team Heretics,raze,True,,,0,2,1,1,False,RieNs,Team Heretics,fade,True,,,2,1,1,3,False,Boo,Team Heretics,omen,True,,,2,1,2,3,False,benjyfishy,Team Heretics,deadlock,True,,,1,0,1,1,False,Wo0t,Team Heretics,chamber,True,,,1,6,1,5,False,grubinho,GIANTX,omen,True,,,2,1,2,3,False,ara,GIANTX,raze,True,,,1,2,1,1,False,Cloud,GIANTX,fade,True,,,2,1,1,1,False,Flickless,GIANTX,viper,True,,,1,1,0,1,False,westside,GIANTX,cypher,True,,,1,2,1,5,False
1295.594,5548,PREROUND,11,3,7,,,,MiniBoo,Team Heretics,raze,True,,,0,2,1,1,False,RieNs,Team Heretics,fade,True,,,2,1,1,3,False,Boo,Team Heretics,omen,True,,,2,1,2,3,False,benjyfishy,Team Heretics,deadlock,True,,,1,0,1,1,False,Wo0t,Team Heretics,chamber,True,,,1,6,1,5,False,grubinho,GIANTX,omen,True,,,2,1,2,3,False,ara,GIANTX,raze,True,,,1,2,1,1,False,Cloud,GIANTX,fade,True,,,2,1,1,1,False,Flickless,GIANTX,viper,True,,,1,1,0,1,False,westside,GIANTX,cypher,True,,,1,2,1,5,False
1295.828,5549,PREROUND,11,3,7,,,,MiniBoo,Team Heretics,raze,True,,,0,2,1,1,False,RieNs,Team Heretics,fade,True,,,2,1,1,3,False,Boo,Team Heretics,omen,True,,,2,1,2,3,False,benjyfishy,Team Heretics,deadlock,True,,,1,0,1,1,False,Wo0t,Team Heretics,chamber,True,,,1,6,1,5,False,grubinho,GIANTX,omen,True,,,2,1,2,3,False,ara,GIANTX,raze,True,,,1,2,1,1,False,Cloud,GIANTX,fade,True,,,2,1,1,1,False,Flickless,GIANTX,viper,True,,,1,1,0,1,False,westside,GIANTX,cypher,True,,,1,2,1,5,False
1296.061,5550,PREROUND,11,3,7,,,,MiniBoo,Team Heretics,raze,True,,,0,2,1,1,False,RieNs,Team Heretics,fade,True,,,2,1,1,3,False,Boo,Team Heretics,omen,True,,,2,1,2,3,False,benjyfishy,Team Heretics,deadlock,True,,,1,0,1,1,False,Wo0t,Team Heretics,chamber,True,,,1,6,1,5,False,grubinho,GIANTX,omen,True,,,2,1,2,3,False,ara,GIANTX,raze,True,,,1,2,1,1,False,Cloud,GIANTX,fade,True,,,2,1,1,1,False,Flickless,GIANTX,viper,True,,,1,1,0,1,False,westside,GIANTX,cypher,True,,,1,2,1,5,False
1296.295,5551,PREROUND,11,3,7,,,,MiniBoo,Team Heretics,raze,True,,,0,2,1,1,False,RieNs,Team Heretics,fade,True,,,2,1,1,3,False,Boo,Team Heretics,omen,True,,,2,1,2,3,False,benjyfishy,Team Heretics,deadlock,True,,,1,0,1,1,False,Wo0t,Team Heretics,chamber,True,,,0,6,1,5,False,grubinho,GIANTX,omen,True,,,2,1,2,3,False,ara,GIANTX,raze,True,,,1,2,1,1,False,Cloud,GIANTX,fade,True,,,2,1,1,1,False,Flickless,GIANTX,viper,True,,,1,1,0,1,False,westside,GIANTX,cypher,True,,,0,2,1,5,False
1296.529,5552,PREROUND,11,3,7,,,,MiniBoo,Team Heretics,raze,True,,,0,2,1,1,False,RieNs,Team Heretics,fade,True,,,2,1,1,3,False,Boo,Team Heretics,omen,True,,,2,1,2,3,False,benjyfishy,Team Heretics,deadlock,True,,,1,0,1,1,False,Wo0t,Team Heretics,chamber,True,,,0,6,1,5,False,grubinho,GIANTX,omen,True,,,2,1,2,3,False,ara,GIANTX,raze,True,,,1,2,1,1,False,Cloud,GIANTX,fade,True,,,2,1,1,1,False,Flickless,GIANTX,viper,True,,,1,1,0,1,False,westside,GIANTX,cypher,True,,,0,2,1,5,False
1296.762,5553,PREROUND,11,3,7,,,,MiniBoo,Team Heretics,raze,True,,,0,2,1,1,False,RieNs,Team Heretics,fade,True,,,2,1,1,3,False,Boo,Team Heretics,omen,True,,,2,1,2,3,False,benjyfishy,Team Heretics,deadlock,True,,,1,0,1,1,False,Wo0t,Team Heretics,chamber,True,,,0,6,1,5,False,grubinho,GIANTX,omen,True,,,2,1,2,3,False,ara,GIANTX,raze,True,,,1,2,1,1,False,Cloud,GIANTX,fade,True,,,2,1,1,1,False,Flickless,GIANTX,viper,True,,,1,1,0,1,False,westside,GIANTX,cypher,True,,,0,2,1,5,False
1296.996,5554,PREROUND,11,3,7,,,,MiniBoo,Team Heretics,raze,True,,,0,2,1,1,False,RieNs,Team Heretics,fade,True,,,2,1,1,3,False,Boo,Team Heretics,omen,True,,,2,1,2,3,False,benjyfishy,Team Heretics,deadlock,True,,,1,0,1,1,False,Wo0t,Team Heretics,chamber,True,,,0,6,1,5,False,grubinho,GIANTX,omen,True,,,2,1,2,3,False,ara,GIANTX,raze,True,,,1,2,1,1,False,Cloud,GIANTX,fade,True,,,2,1,1,1,False,Flickless,GIANTX,viper,True,,,1,1,0,1,False,westside,GIANTX,cypher,True,,,0,2,1,5,False
1297.229,5555,PREROUND,11,3,7,,,,MiniBoo,Team Heretics,raze,True,,,0,2,1,1,False,RieNs,Team Heretics,fade,True,,,2,1,1,3,False,Boo,Team Heretics,omen,True,,,2,1,2,3,False,benjyfishy,Team Heretics,deadlock,True,,,1,0,1,1,False,Wo0t,Team Heretics,chamber,True,,,0,6,1,5,False,grubinho,GIANTX,omen,True,,,2,1,2,3,False,ara,GIANTX,raze,True,,,1,2,1,1,False,Cloud,GIANTX,fade,True,,,2,1,1,1,False,Flickless,GIANTX,viper,True,,,1,1,0,1,False,westside,GIANTX,cypher,True,,,0,2,1,5,False
1297.463,5556,PREROUND,11,3,7,,,,MiniBoo,Team Heretics,raze,True,,,0,2,1,1,False,RieNs,Team Heretics,fade,True,,,2,1,1,3,False,Boo,Team Heretics,omen,True,,,2,1,2,3,False,benjyfishy,Team Heretics,deadlock,True,,,1,0,1,1,False,Wo0t,Team Heretics,chamber,True,,,0,6,1,5,False,grubinho,GIANTX,omen,True,,,2,1,2,3,False,ara,GIANTX,raze,True,,,1,2,1,1,False,Cloud,GIANTX,fade,True,,,2,1,1,1,False,Flickless,GIANTX,viper,True,,,1,1,0,1,False,westside,GIANTX,cypher,True,,,0,2,1,5,False
1297.696,5557,PREROUND,11,3,7,,,,MiniBoo,Team Heretics,raze,True,,,0,2,1,1,False,RieNs,Team Heretics,fade,True,,,2,1,1,3,False,Boo,Team Heretics,omen,True,,,2,1,2,3,False,benjyfishy,Team Heretics,deadlock,True,,,1,0,1,1,False,Wo0t,Team Heretics,chamber,True,,,0,6,1,5,False,grubinho,GIANTX,omen,True,,,2,1,2,3,False,ara,GIANTX,raze,True,,,1,2,1,1,False,Cloud,GIANTX,fade,True,,,2,1,1,1,False,Flickless,GIANTX,viper,True,,,1,1,0,1,False,westside,GIANTX,cypher,True,,,0,2,1,5,False
1297.930,5558,PREROUND,11,3,7,,,,MiniBoo,Team Heretics,raze,True,,,0,2,1,1,False,RieNs,Team Heretics,fade,True,,,2,1,1,3,False,Boo,Team Heretics,omen,True,,,2,1,2,3,False,benjyfishy,Team Heretics,deadlock,True,,,1,0,1,1,False,Wo0t,Team Heretics,chamber,True,,,0,6,1,5,False,grubinho,GIANTX,omen,True,,,2,1,2,3,False,ara,GIANTX,raze,True,,,1,2,1,1,False,Cloud,GIANTX,fade,True,,,2,1,1,1,False,Flickless,GIANTX,viper,True,,,1,1,0,1,False,westside,GIANTX,cypher,True,,,0,2,1,5,False
1298.164,5559,PREROUND,11,3,7,,,,MiniBoo,Team Heretics,raze,True,,,0,2,1,1,False,RieNs,Team Heretics,fade,True,,,2,1,1,3,False,Boo,Team Heretics,omen,True,,,2,1,2,3,False,benjyfishy,Team Heretics,deadlock,True,,,1,0,1,1,False,Wo0t,Team Heretics,chamber,True,,,0,6,1,5,False,grubinho,GIANTX,omen,True,,,2,1,2,3,False,ara,GIANTX,raze,True,,,1,2,1,1,False,Cloud,GIANTX,fade,True,,,2,1,1,1,False,Flickless,GIANTX,viper,True,,,1,1,0,1,False,westside,GIANTX,cypher,True,,,0,2,1,5,False
1298.397,5560,PREROUND,11,3,7,,,,MiniBoo,Team Heretics,raze,True,,,0,2,1,1,False,RieNs,Team Heretics,fade,True,,,2,1,1,3,False,Boo,Team Heretics,omen,True,,,2,1,2,3,False,benjyfishy,Team Heretics,deadlock,True,,,1,0,1,1,False,Wo0t,Team Heretics,chamber,True,,,0,6,1,5,False,grubinho,GIANTX,omen,True,,,2,1,2,3,False,ara,GIANTX,raze,True,,,1,2,1,1,False,Cloud,GIANTX,fade,True,,,2,1,1,1,False,Flickless,GIANTX,viper,True,,,1,1,0,1,False,westside,GIANTX,cypher,True,,,0,2,1,5,False
1298.631,5561,PREROUND,11,3,7,,,,MiniBoo,Team Heretics,raze,True,,,0,2,1,1,False,RieNs,Team Heretics,fade,True,,,2,1,1,3,False,Boo,Team Heretics,omen,True,,,2,1,2,3,False,benjyfishy,Team Heretics,deadlock,True,,,1,0,1,1,False,Wo0t,Team Heretics,chamber,True,,,0,6,1,5,False,grubinho,GIANTX,omen,True,,,2,1,2,3,False,ara,GIANTX,raze,True,,,1,2,1,1,False,Cloud,GIANTX,fade,True,,,2,1,1,1,False,Flickless,GIANTX,viper,True,,,1,1,0,1,False,westside,GIANTX,cypher,True,,,0,2,1,5,False
1298.864,5562,PREROUND,11,3,7,,,,MiniBoo,Team Heretics,raze,True,,,0,2,1,1,False,RieNs,Team Heretics,fade,True,,,2,1,1,3,False,Boo,Team Heretics,omen,True,,,2,1,2,3,False,benjyfishy,Team Heretics,deadlock,True,,,1,0,1,1,False,Wo0t,Team Heretics,chamber,True,,,0,6,1,5,False,grubinho,GIANTX,omen,True,,,2,1,2,3,False,ara,GIANTX,raze,True,,,1,2,1,1,False,Cloud,GIANTX,fade,True,,,2,1,1,1,False,Flickless,GIANTX,viper,True,,,1,1,0,1,False,westside,GIANTX,cypher,True,,,0,2,1,5,False
1299.098,5563,PREROUND,11,3,7,,,,MiniBoo,Team Heretics,raze,True,,,0,2,1,1,False,RieNs,Team Heretics,fade,True,,,2,1,1,3,False,Boo,Team Heretics,omen,True,,,2,1,2,3,False,benjyfishy,Team Heretics,deadlock,True,,,1,0,1,1,False,Wo0t,Team Heretics,chamber,True,,,0,6,1,5,False,grubinho,GIANTX,omen,True,,,2,1,2,3,False,ara,GIANTX,raze,True,,,1,2,1,1,False,Cloud,GIANTX,fade,True,,,2,1,1,1,False,Flickless,GIANTX,viper,True,,,1,1,0,1,False,westside,GIANTX,cypher,True,,,0,2,1,5,False
1299.331,5564,PREROUND,11,3,7,,,,MiniBoo,Team Heretics,raze,True,,,0,2,1,1,False,RieNs,Team Heretics,fade,True,,,2,1,1,3,False,Boo,Team Heretics,omen,True,,,2,1,2,3,False,benjyfishy,Team Heretics,deadlock,True,,,1,0,1,1,False,Wo0t,Team Heretics,chamber,True,,,0,6,1,5,False,grubinho,GIANTX,omen,True,,,2,1,2,3,False,ara,GIANTX,raze,True,,,1,2,1,1,False,Cloud,GIANTX,fade,True,,,2,1,1,1,False,Flickless,GIANTX,viper,True,,,1,1,0,1,False,westside,GIANTX,cypher,True,,,0,2,1,5,False
1299.565,5565,PREROUND,11,3,7,,,,MiniBoo,Team Heretics,raze,True,,,0,2,1,1,False,RieNs,Team Heretics,fade,True,,,2,1,1,3,False,Boo,Team Heretics,omen,True,,,2,1,2,3,False,benjyfishy,Team Heretics,deadlock,True,,,1,0,1,1,False,Wo0t,Team Heretics,chamber,True,,,0,6,1,5,False,grubinho,GIANTX,omen,True,,,2,1,2,3,False,ara,GIANTX,raze,True,,,1,2,1,1,False,Cloud,GIANTX,fade,True,,,2,1,1,1,False,Flickless,GIANTX,viper,True,,,1,1,0,1,False,westside,GIANTX,cypher,True,,,0,2,1,5,False
1299.799,5566,PREROUND,11,3,7,,,,MiniBoo,Team Heretics,raze,True,,,0,2,1,1,False,RieNs,Team Heretics,fade,True,,,2,1,1,3,False,Boo,Team Heretics,omen,True,,,2,1,2,3,False,benjyfishy,Team Heretics,deadlock,True,,,1,0,1,1,False,Wo0t,Team Heretics,chamber,True,,,0,6,1,5,False,grubinho,GIANTX,omen,True,,,2,1,2,3,False,ara,GIANTX,raze,True,,,1,2,1,1,False,Cloud,GIANTX,fade,True,,,2,1,1,1,False,Flickless,GIANTX,viper,True,,,1,1,0,1,False,westside,GIANTX,cypher,True,,,0,2,1,5,False
1300.032,5567,PREROUND,11,3,7,,,,MiniBoo,Team Heretics,raze,True,,,0,2,1,1,False,RieNs,Team Heretics,fade,True,,,2,1,1,3,False,Boo,Team Heretics,omen,True,,,2,1,2,3,False,benjyfishy,Team Heretics,deadlock,True,,,1,0,1,1,False,Wo0t,Team Heretics,chamber,True,,,0,6,1,5,False,grubinho,GIANTX,omen,True,,,2,1,2,3,False,ara,GIANTX,raze,True,,,1,2,1,1,False,Cloud,GIANTX,fade,True,,,2,1,1,1,False,Flickless,GIANTX,viper,True,,,1,1,0,1,False,westside,GIANTX,cypher,True,,,0,2,1,5,False
1300.266,5568,PREROUND,11,3,7,,,,MiniBoo,Team Heretics,raze,True,,,0,2,1,1,False,RieNs,Team Heretics,fade,True,,,2,1,1,3,False,Boo,Team Heretics,omen,True,,,2,1,2,3,False,benjyfishy,Team Heretics,deadlock,True,,,1,0,1,1,False,Wo0t,Team Heretics,chamber,True,,,0,6,1,5,False,grubinho,GIANTX,omen,True,,,2,1,2,3,False,ara,GIANTX,raze,True,,,1,2,1,1,False,Cloud,GIANTX,fade,True,,,2,1,1,1,False,Flickless,GIANTX,viper,True,,,1,1,0,1,False,westside,GIANTX,cypher,True,,,0,2,1,5,False
1300.499,5569,PREROUND,11,3,7,,,,MiniBoo,Team Heretics,raze,True,,,0,2,1,1,False,RieNs,Team Heretics,fade,True,,,2,1,1,3,False,Boo,Team Heretics,omen,True,,,2,1,2,3,False,benjyfishy,Team Heretics,deadlock,True,,,1,0,1,1,False,Wo0t,Team Heretics,chamber,True,,,0,6,1,5,False,grubinho,GIANTX,omen,True,,,2,1,2,3,False,ara,GIANTX,raze,True,,,1,2,1,1,False,Cloud,GIANTX,fade,True,,,2,1,1,1,False,Flickless,GIANTX,viper,True,,,1,1,0,1,False,westside,GIANTX,cypher,True,,,0,2,1,5,False
1300.733,5570,PREROUND,11,3,7,,,,MiniBoo,Team Heretics,raze,True,,,0,2,1,1,False,RieNs,Team Heretics,fade,True,,,2,1,1,3,False,Boo,Team Heretics,omen,True,,,2,1,2,3,False,benjyfishy,Team Heretics,deadlock,True,,,1,0,1,1,False,Wo0t,Team Heretics,chamber,True,,,0,6,1,5,False,grubinho,GIANTX,omen,True,,,2,1,2,3,False,ara,GIANTX,raze,True,,,1,2,1,1,False,Cloud,GIANTX,fade,True,,,2,1,1,1,False,Flickless,GIANTX,viper,True,,,1,1,0,1,False,westside,GIANTX,cypher,True,,,0,2,1,5,False
1300.966,5571,PREROUND,11,3,7,,,,MiniBoo,Team Heretics,raze,True,,,0,2,1,1,False,RieNs,Team Heretics,fade,True,,,2,1,1,3,False,Boo,Team Heretics,omen,True,,,2,1,2,3,False,benjyfishy,Team Heretics,deadlock,True,,,1,0,1,1,False,Wo0t,Team Heretics,chamber,True,,,0,6,1,5,False,grubinho,GIANTX,omen,True,,,2,1,2,3,False,ara,GIANTX,raze,True,,,1,2,1,1,False,Cloud,GIANTX,fade,True,,,2,1,1,1,False,Flickless,GIANTX,viper,True,,,1,1,0,1,False,westside,GIANTX,cypher,True,,,0,2,1,5,False
1301.200,5572,PREROUND,11,3,7,,,,MiniBoo,Team Heretics,raze,True,,,0,2,1,1,False,RieNs,Team Heretics,fade,True,,,2,1,1,3,False,Boo,Team Heretics,omen,True,,,2,1,2,3,False,benjyfishy,Team Heretics,deadlock,True,,,1,0,1,1,False,Wo0t,Team Heretics,chamber,True,,,0,6,1,5,False,grubinho,GIANTX,omen,True,,,2,1,2,3,False,ara,GIANTX,raze,True,,,1,2,1,1,False,Cloud,GIANTX,fade,True,,,2,1,1,1,False,Flickless,GIANTX,viper,True,,,1,1,0,1,False,westside,GIANTX,cypher,True,,,0,2,1,5,False
1301.433,5573,PREROUND,11,3,7,,,,MiniBoo,Team Heretics,raze,True,,,0,2,1,1,False,RieNs,Team Heretics,fade,True,,,2,1,1,3,False,Boo,Team Heretics,omen,True,,,2,1,2,3,False,benjyfishy,Team Heretics,deadlock,True,,,1,0,1,1,False,Wo0t,Team Heretics,chamber,True,,,0,6,1,5,False,grubinho,GIANTX,omen,True,,,2,1,2,3,False,ara,GIANTX,raze,True,,,1,2,1,1,False,Cloud,GIANTX,fade,True,,,2,1,1,1,False,Flickless,GIANTX,viper,True,,,1,1,0,1,False,westside,GIANTX,cypher,True,,,0,2,1,5,False
1301.667,5574,PREROUND,11,3,7,,,,MiniBoo,Team Heretics,raze,True,,,0,2,1,1,False,RieNs,Team Heretics,fade,True,,,2,1,1,3,False,Boo,Team Heretics,omen,True,,,2,1,2,3,False,benjyfishy,Team Heretics,deadlock,True,,,1,0,1,1,False,Wo0t,Team Heretics,chamber,True,,,0,6,1,5,False,grubinho,GIANTX,omen,True,,,2,1,2,3,False,ara,GIANTX,raze,True,,,1,2,1,1,False,Cloud,GIANTX,fade,True,,,2,1,1,1,False,Flickless,GIANTX,viper,True,,,1,1,0,1,False,westside,GIANTX,cypher,True,,,0,2,1,5,False
1301.901,5575,PREROUND,11,3,7,,,,MiniBoo,Team Heretics,raze,True,,,0,2,1,1,False,RieNs,Team Heretics,fade,True,,,2,1,1,3,False,Boo,Team Heretics,omen,True,,,2,1,2,3,False,benjyfishy,Team Heretics,deadlock,True,,,1,0,1,1,False,Wo0t,Team Heretics,chamber,True,,,0,6,1,5,False,grubinho,GIANTX,omen,True,,,2,1,2,3,False,ara,GIANTX,raze,True,,,1,2,1,1,False,Cloud,GIANTX,fade,True,,,2,1,1,1,False,Flickless,GIANTX,viper,True,,,1,1,0,1,False,westside,GIANTX,cypher,True,,,0,2,1,5,False
1302.134,5576,PREROUND,11,3,7,,,,MiniBoo,Team Heretics,raze,True,,,0,2,1,1,False,RieNs,Team Heretics,fade,True,,,2,1,1,3,False,Boo,Team Heretics,omen,True,,,2,1,2,3,False,benjyfishy,Team Heretics,deadlock,True,,,1,0,1,1,False,Wo0t,Team Heretics,chamber,True,,,0,6,1,5,False,grubinho,GIANTX,omen,True,,,2,1,2,3,False,ara,GIANTX,raze,True,,,1,2,1,1,False,Cloud,GIANTX,fade,True,,,2,1,1,1,False,Flickless,GIANTX,viper,True,,,1,1,0,1,False,westside,GIANTX,cypher,True,,,0,2,1,5,False
1302.368,5577,PREROUND,11,3,7,,,,MiniBoo,Team Heretics,raze,True,,,0,2,1,1,False,RieNs,Team Heretics,fade,True,,,2,1,1,3,False,Boo,Team Heretics,omen,True,,,2,1,2,3,False,benjyfishy,Team Heretics,deadlock,True,,,1,0,1,1,False,Wo0t,Team Heretics,chamber,True,,,0,6,1,5,False,grubinho,GIANTX,omen,True,,,2,1,2,3,False,ara,GIANTX,raze,True,,,1,2,1,1,False,Cloud,GIANTX,fade,True,,,2,1,1,1,False,Flickless,GIANTX,viper,True,,,1,1,0,1,False,westside,GIANTX,cypher,True,,,0,2,1,5,False
1302.601,5578,PREROUND,11,3,7,,,,MiniBoo,Team Heretics,raze,True,,,0,2,1,1,False,RieNs,Team Heretics,fade,True,,,2,1,1,3,False,Boo,Team Heretics,omen,True,,,2,1,2,3,False,benjyfishy,Team Heretics,deadlock,True,,,1,0,1,1,False,Wo0t,Team Heretics,chamber,True,,,0,6,1,5,False,grubinho,GIANTX,omen,True,,,2,1,2,3,False,ara,GIANTX,raze,True,,,1,2,1,1,False,Cloud,GIANTX,fade,True,,,2,1,1,1,False,Flickless,GIANTX,viper,True,,,1,1,0,1,False,westside,GIANTX,cypher,True,,,0,2,1,5,False
1302.835,5579,PREROUND,11,3,7,,,,MiniBoo,Team Heretics,raze,True,,,0,2,1,1,False,RieNs,Team Heretics,fade,True,,,2,1,1,3,False,Boo,Team Heretics,omen,True,,,2,1,2,3,False,benjyfishy,Team Heretics,deadlock,True,,,1,0,1,1,False,Wo0t,Team Heretics,chamber,True,,,0,6,1,5,False,grubinho,GIANTX,omen,True,,,2,1,2,3,False,ara,GIANTX,raze,True,,,1,2,1,1,False,Cloud,GIANTX,fade,True,,,2,1,1,1,False,Flickless,GIANTX,viper,True,,,1,1,0,1,False,westside,GIANTX,cypher,True,,,0,2,1,5,False
1303.068,5580,PREROUND,11,3,7,,,,MiniBoo,Team Heretics,raze,True,,,0,2,1,1,False,RieNs,Team Heretics,fade,True,,,2,1,1,3,False,Boo,Team Heretics,omen,True,,,2,1,2,3,False,benjyfishy,Team Heretics,deadlock,True,,,1,0,1,1,False,Wo0t,Team Heretics,chamber,True,,,0,6,1,5,False,grubinho,GIANTX,omen,True,,,2,1,2,3,False,ara,GIANTX,raze,True,,,1,2,1,1,False,Cloud,GIANTX,fade,True,,,2,1,1,1,False,Flickless,GIANTX,viper,True,,,1,1,0,1,False,westside,GIANTX,cypher,True,,,0,2,1,5,False
1303.302,5581,PREROUND,11,3,7,,,,MiniBoo,Team Heretics,raze,True,,,0,2,1,1,False,RieNs,Team Heretics,fade,True,,,2,1,1,3,False,Boo,Team Heretics,omen,True,,,2,1,2,3,False,benjyfishy,Team Heretics,deadlock,True,,,1,0,1,1,False,Wo0t,Team Heretics,chamber,True,,,0,6,1,5,False,grubinho,GIANTX,omen,True,,,2,1,2,3,False,ara,GIANTX,raze,True,,,1,2,1,1,False,Cloud,GIANTX,fade,True,,,2,1,1,1,False,Flickless,GIANTX,viper,True,,,1,1,0,1,False,westside,GIANTX,cypher,True,,,0,2,1,5,False
1303.536,5582,PREROUND,11,3,7,,,,MiniBoo,Team Heretics,raze,True,,,0,2,1,1,False,RieNs,Team Heretics,fade,True,,,2,1,1,3,False,Boo,Team Heretics,omen,True,,,2,1,2,3,False,benjyfishy,Team Heretics,deadlock,True,,,1,0,1,1,False,Wo0t,Team Heretics,chamber,True,,,0,6,1,5,False,grubinho,GIANTX,omen,True,,,2,1,2,3,False,ara,GIANTX,raze,True,,,1,2,1,1,False,Cloud,GIANTX,fade,True,,,2,1,1,1,False,Flickless,GIANTX,viper,True,,,1,1,0,1,False,westside,GIANTX,cypher,True,,,0,2,1,5,False
1303.769,5583,PREROUND,11,3,7,,,,MiniBoo,Team Heretics,raze,True,,,0,2,1,1,False,RieNs,Team Heretics,fade,True,,,2,1,1,3,False,Boo,Team Heretics,omen,True,,,2,1,2,3,False,benjyfishy,Team Heretics,deadlock,True,,,1,0,1,1,False,Wo0t,Team Heretics,chamber,True,,,0,6,1,5,False,grubinho,GIANTX,omen,True,,,2,1,2,3,False,ara,GIANTX,raze,True,,,1,2,1,1,False,Cloud,GIANTX,fade,True,,,2,1,1,1,False,Flickless,GIANTX,viper,True,,,1,1,0,1,False,westside,GIANTX,cypher,True,,,0,2,1,5,False
1304.003,5584,PREROUND,11,3,7,,,,MiniBoo,Team Heretics,raze,True,,,0,2,1,1,False,RieNs,Team Heretics,fade,True,,,2,1,1,3,False,Boo,Team Heretics,omen,True,,,2,1,2,3,False,benjyfishy,Team Heretics,deadlock,True,,,1,0,1,1,False,Wo0t,Team Heretics,chamber,True,,,0,6,1,5,False,grubinho,GIANTX,omen,True,,,2,1,2,3,False,ara,GIANTX,raze,True,,,1,2,1,1,False,Cloud,GIANTX,fade,True,,,2,1,1,1,False,Flickless,GIANTX,viper,True,,,1,1,0,1,False,westside,GIANTX,cypher,True,,,0,2,1,5,False
1304.236,5585,PREROUND,11,3,7,,,,MiniBoo,Team Heretics,raze,True,,,0,2,1,1,False,RieNs,Team Heretics,fade,True,,,2,1,1,3,False,Boo,Team Heretics,omen,True,,,2,1,2,3,False,benjyfishy,Team Heretics,deadlock,True,,,1,0,1,1,False,Wo0t,Team Heretics,chamber,True,,,0,6,1,5,False,grubinho,GIANTX,omen,True,,,2,1,2,3,False,ara,GIANTX,raze,True,,,1,2,1,1,False,Cloud,GIANTX,fade,True,,,2,1,1,1,False,Flickless,GIANTX,viper,True,,,1,1,0,1,False,westside,GIANTX,cypher,True,,,0,2,1,5,False
1304.470,5586,PREROUND,11,3,7,,,,MiniBoo,Team Heretics,raze,True,,,0,2,1,1,False,RieNs,Team Heretics,fade,True,,,2,1,1,3,False,Boo,Team Heretics,omen,True,,,2,1,2,3,False,benjyfishy,Team Heretics,deadlock,True,,,1,0,1,1,False,Wo0t,Team Heretics,chamber,True,,,0,6,1,5,False,grubinho,GIANTX,omen,True,,,2,1,2,3,False,ara,GIANTX,raze,True,,,1,2,1,1,False,Cloud,GIANTX,fade,True,,,2,1,1,1,False,Flickless,GIANTX,viper,True,,,1,1,0,1,False,westside,GIANTX,cypher,True,,,0,2,1,5,False
1304.703,5587,PREROUND,11,3,7,,,,MiniBoo,Team Heretics,raze,True,,,0,2,1,1,False,RieNs,Team Heretics,fade,True,,,2,1,1,3,False,Boo,Team Heretics,omen,True,,,2,1,2,3,False,benjyfishy,Team Heretics,deadlock,True,,,1,0,1,1,False,Wo0t,Team Heretics,chamber,True,,,0,6,1,5,False,grubinho,GIANTX,omen,True,,,2,1,2,3,False,ara,GIANTX,raze,True,,,1,2,1,1,False,Cloud,GIANTX,fade,True,,,2,1,1,1,False,Flickless,GIANTX,viper,True,,,1,1,0,1,False,westside,GIANTX,cypher,True,,,0,2,1,5,False
1304.937,5588,PREROUND,11,3,7,,,,MiniBoo,Team Heretics,raze,True,,,0,2,1,1,False,RieNs,Team Heretics,fade,True,,,2,1,1,3,False,Boo,Team Heretics,omen,True,,,2,1,2,3,False,benjyfishy,Team Heretics,deadlock,True,,,1,0,1,1,False,Wo0t,Team Heretics,chamber,True,,,0,6,1,5,False,grubinho,GIANTX,omen,True,,,2,1,2,3,False,ara,GIANTX,raze,True,,,1,2,1,1,False,Cloud,GIANTX,fade,True,,,2,1,1,1,False,Flickless,GIANTX,viper,True,,,1,1,0,1,False,westside,GIANTX,cypher,True,,,0,2,1,5,False
1305.171,5589,PREROUND,11,3,7,,,,MiniBoo,Team Heretics,raze,True,,,0,2,1,1,False,RieNs,Team Heretics,fade,True,,,2,1,1,3,False,Boo,Team Heretics,omen,True,,,2,1,2,3,False,benjyfishy,Team Heretics,deadlock,True,,,1,0,1,1,False,Wo0t,Team Heretics,chamber,True,,,0,6,1,5,False,grubinho,GIANTX,omen,True,,,2,1,2,3,False,ara,GIANTX,raze,True,,,1,2,1,1,False,Cloud,GIANTX,fade,True,,,2,1,1,1,False,Flickless,GIANTX,viper,True,,,1,1,0,1,False,westside,GIANTX,cypher,True,,,0,2,1,5,False
1305.404,5590,PREROUND,11,3,7,,,,MiniBoo,Team Heretics,raze,True,,,0,2,1,1,False,RieNs,Team Heretics,fade,True,,,2,1,1,3,False,Boo,Team Heretics,omen,True,,,2,1,2,3,False,benjyfishy,Team Heretics,deadlock,True,,,1,0,1,1,False,Wo0t,Team Heretics,chamber,True,,,0,6,1,5,False,grubinho,GIANTX,omen,True,,,2,1,2,3,False,ara,GIANTX,raze,True,,,1,2,1,1,False,Cloud,GIANTX,fade,True,,,2,1,1,1,False,Flickless,GIANTX,viper,True,,,1,1,0,1,False,westside,GIANTX,cypher,True,,,0,2,1,5,False
1305.638,5591,PREROUND,11,3,7,,,,MiniBoo,Team Heretics,raze,True,,,0,2,1,1,False,RieNs,Team Heretics,fade,True,,,2,1,1,3,False,Boo,Team Heretics,omen,True,,,2,1,2,3,False,benjyfishy,Team Heretics,deadlock,True,,,1,0,1,1,False,Wo0t,Team Heretics,chamber,True,,,0,6,1,5,False,grubinho,GIANTX,omen,True,,,2,1,2,3,False,ara,GIANTX,raze,True,,,1,2,1,1,False,Cloud,GIANTX,fade,True,,,2,1,1,1,False,Flickless,GIANTX,viper,True,,,1,1,0,1,False,westside,GIANTX,cypher,True,,,0,2,1,5,False
1305.871,5592,PREROUND,11,3,7,,,,MiniBoo,Team Heretics,raze,True,,,0,2,1,1,False,RieNs,Team Heretics,fade,True,,,2,1,1,3,False,Boo,Team Heretics,omen,True,,,2,1,2,3,False,benjyfishy,Team Heretics,deadlock,True,,,1,0,1,1,False,Wo0t,Team Heretics,chamber,True,,,0,6,1,5,False,grubinho,GIANTX,omen,True,,,2,1,2,3,False,ara,GIANTX,raze,True,,,1,2,1,1,False,Cloud,GIANTX,fade,True,,,2,1,1,1,False,Flickless,GIANTX,viper,True,,,1,1,0,1,False,westside,GIANTX,cypher,True,,,0,2,1,5,False
1306.105,5593,PREROUND,11,3,7,,,,MiniBoo,Team Heretics,raze,True,,,0,2,1,1,False,RieNs,Team Heretics,fade,True,,,2,1,1,3,False,Boo,Team Heretics,omen,True,,,2,1,2,3,False,benjyfishy,Team Heretics,deadlock,True,,,1,0,1,1,False,Wo0t,Team Heretics,chamber,True,,,0,6,1,5,False,grubinho,GIANTX,omen,True,,,2,1,2,3,False,ara,GIANTX,raze,True,,,1,2,1,1,False,Cloud,GIANTX,fade,True,,,2,1,1,1,False,Flickless,GIANTX,viper,True,,,1,1,0,1,False,westside,GIANTX,cypher,True,,,0,2,1,5,False
1306.338,5594,PREROUND,11,3,7,,,,MiniBoo,Team Heretics,raze,True,,,0,2,1,1,False,RieNs,Team Heretics,fade,True,,,2,1,1,3,False,Boo,Team Heretics,omen,True,,,2,1,2,3,False,benjyfishy,Team Heretics,deadlock,True,,,1,0,1,1,False,Wo0t,Team Heretics,chamber,True,,,0,6,1,5,False,grubinho,GIANTX,omen,True,,,2,1,2,3,False,ara,GIANTX,raze,True,,,1,2,1,1,False,Cloud,GIANTX,fade,True,,,2,1,1,1,False,Flickless,GIANTX,viper,True,,,1,1,0,1,False,westside,GIANTX,cypher,True,,,0,2,1,5,False
1306.572,5595,PREROUND,11,3,7,,,,MiniBoo,Team Heretics,raze,True,,,0,2,1,1,False,RieNs,Team Heretics,fade,True,,,2,1,1,3,False,Boo,Team Heretics,omen,True,,,2,1,2,3,False,benjyfishy,Team Heretics,deadlock,True,,,1,0,1,1,False,Wo0t,Team Heretics,chamber,True,,,0,6,1,5,False,grubinho,GIANTX,omen,True,,,2,1,2,3,False,ara,GIANTX,raze,True,,,1,2,1,1,False,Cloud,GIANTX,fade,True,,,2,1,1,1,False,Flickless,GIANTX,viper,True,,,1,1,0,1,False,westside,GIANTX,cypher,True,,,0,2,1,5,False
1306.805,5596,PREROUND,11,3,7,,,,MiniBoo,Team Heretics,raze,True,,,0,2,1,1,False,RieNs,Team Heretics,fade,True,,,2,1,1,3,False,Boo,Team Heretics,omen,True,,,2,1,2,3,False,benjyfishy,Team Heretics,deadlock,True,,,1,0,1,1,False,Wo0t,Team Heretics,chamber,True,,,0,6,1,5,False,grubinho,GIANTX,omen,True,,,2,1,2,3,False,ara,GIANTX,raze,True,,,1,2,1,1,False,Cloud,GIANTX,fade,True,,,2,1,1,1,False,Flickless,GIANTX,viper,True,,,1,1,0,1,False,westside,GIANTX,cypher,True,,,0,2,1,5,False
1307.039,5597,PREROUND,11,3,7,,,,MiniBoo,Team Heretics,raze,True,,,0,2,1,1,False,RieNs,Team Heretics,fade,True,,,2,1,1,3,False,Boo,Team Heretics,omen,True,,,2,1,2,3,False,benjyfishy,Team Heretics,deadlock,True,,,1,0,1,1,False,Wo0t,Team Heretics,chamber,True,,,0,6,1,5,False,grubinho,GIANTX,omen,True,,,2,1,2,3,False,ara,GIANTX,raze,True,,,1,2,1,1,False,Cloud,GIANTX,fade,True,,,2,1,1,1,False,Flickless,GIANTX,viper,True,,,1,1,0,1,False,westside,GIANTX,cypher,True,,,0,2,1,5,False
1307.273,5598,PREROUND,11,3,7,,,,MiniBoo,Team Heretics,raze,True,,,0,2,1,1,False,RieNs,Team Heretics,fade,True,,,2,1,1,3,False,Boo,Team Heretics,omen,True,,,2,1,2,3,False,benjyfishy,Team Heretics,deadlock,True,,,1,0,1,1,False,Wo0t,Team Heretics,chamber,True,,,0,6,1,5,False,grubinho,GIANTX,omen,True,,,2,1,2,3,False,ara,GIANTX,raze,True,,,1,2,1,1,False,Cloud,GIANTX,fade,True,,,2,1,1,1,False,Flickless,GIANTX,viper,True,,,1,1,0,1,False,westside,GIANTX,cypher,True,,,0,2,1,5,False
1307.506,5599,PREROUND,11,3,7,,,,MiniBoo,Team Heretics,raze,True,,,0,2,1,1,False,RieNs,Team Heretics,fade,True,,,2,1,1,3,False,Boo,Team Heretics,omen,True,,,2,1,2,3,False,benjyfishy,Team Heretics,deadlock,True,,,1,0,1,1,False,Wo0t,Team Heretics,chamber,True,,,0,6,1,5,False,grubinho,GIANTX,omen,True,,,2,1,2,3,False,ara,GIANTX,raze,True,,,1,2,1,1,False,Cloud,GIANTX,fade,True,,,2,1,1,1,False,Flickless,GIANTX,viper,True,,,1,1,0,1,False,westside,GIANTX,cypher,True,,,0,2,1,5,False
1307.740,5600,PREROUND,11,3,7,,,,MiniBoo,Team Heretics,raze,True,,,0,2,1,1,False,RieNs,Team Heretics,fade,True,,,2,1,1,3,False,Boo,Team Heretics,omen,True,,,2,1,2,3,False,benjyfishy,Team Heretics,deadlock,True,,,1,0,1,1,False,Wo0t,Team Heretics,chamber,True,,,0,6,1,5,False,grubinho,GIANTX,omen,True,,,2,1,2,3,False,ara,GIANTX,raze,True,,,1,2,1,1,False,Cloud,GIANTX,fade,True,,,2,1,1,1,False,Flickless,GIANTX,viper,True,,,1,1,0,1,False,westside,GIANTX,cypher,True,,,0,2,1,5,False
1307.973,5601,PREROUND,11,3,7,,,,MiniBoo,Team Heretics,raze,True,,,0,2,1,1,False,RieNs,Team Heretics,fade,True,,,2,1,1,3,False,Boo,Team Heretics,omen,True,,,2,1,2,3,False,benjyfishy,Team Heretics,deadlock,True,,,1,0,1,1,False,Wo0t,Team Heretics,chamber,True,,,0,6,1,5,False,grubinho,GIANTX,omen,True,,,2,1,2,3,False,ara,GIANTX,raze,True,,,1,2,1,1,False,Cloud,GIANTX,fade,True,,,2,1,1,1,False,Flickless,GIANTX,viper,True,,,1,1,0,1,False,westside,GIANTX,cypher,True,,,0,2,1,5,False
1308.207,5602,PREROUND,11,3,7,,,,MiniBoo,Team Heretics,raze,True,,,0,2,1,1,False,RieNs,Team Heretics,fade,True,,,2,1,1,3,False,Boo,Team Heretics,omen,True,,,2,1,2,3,False,benjyfishy,Team Heretics,deadlock,True,,,1,0,1,1,False,Wo0t,Team Heretics,chamber,True,,,0,6,1,5,False,grubinho,GIANTX,omen,True,,,2,1,2,3,False,ara,GIANTX,raze,True,,,1,2,1,1,False,Cloud,GIANTX,fade,True,,,2,1,1,1,False,Flickless,GIANTX,viper,True,,,1,1,0,1,False,westside,GIANTX,cypher,True,,,0,2,1,5,False
1308.440,5603,PREROUND,11,3,7,,,,MiniBoo,Team Heretics,raze,True,,,0,2,1,1,False,RieNs,Team Heretics,fade,True,,,2,1,1,3,False,Boo,Team Heretics,omen,True,,,2,1,2,3,False,benjyfishy,Team Heretics,deadlock,True,,,1,0,1,1,False,Wo0t,Team Heretics,chamber,True,,,0,6,1,5,False,grubinho,GIANTX,omen,True,,,2,1,2,3,False,ara,GIANTX,raze,True,,,1,2,1,1,False,Cloud,GIANTX,fade,True,,,2,1,1,1,False,Flickless,GIANTX,viper,True,,,1,1,0,1,False,westside,GIANTX,cypher,True,,,0,2,1,5,False
1308.674,5604,PREROUND,11,3,7,,,,MiniBoo,Team Heretics,raze,True,,,0,2,1,1,False,RieNs,Team Heretics,fade,True,,,2,1,1,3,False,Boo,Team Heretics,omen,True,,,2,1,2,3,False,benjyfishy,Team Heretics,deadlock,True,,,1,0,1,1,False,Wo0t,Team Heretics,chamber,True,,,0,6,1,5,False,grubinho,GIANTX,omen,True,,,2,1,2,3,False,ara,GIANTX,raze,True,,,1,2,1,1,False,Cloud,GIANTX,fade,True,,,2,1,1,1,False,Flickless,GIANTX,viper,True,,,1,1,0,1,False,westside,GIANTX,cypher,True,,,0,2,1,5,False
1308.908,5605,PREROUND,11,3,7,,,,MiniBoo,Team Heretics,raze,True,,,0,2,1,1,False,RieNs,Team Heretics,fade,True,,,2,1,1,3,False,Boo,Team Heretics,omen,True,,,2,1,2,3,False,benjyfishy,Team Heretics,deadlock,True,,,1,0,1,1,False,Wo0t,Team Heretics,chamber,True,,,0,6,1,5,False,grubinho,GIANTX,omen,True,,,2,1,2,3,False,ara,GIANTX,raze,True,,,1,2,1,1,False,Cloud,GIANTX,fade,True,,,2,1,1,1,False,Flickless,GIANTX,viper,True,,,1,1,0,1,False,westside,GIANTX,cypher,True,,,0,2,1,5,False
1309.141,5606,PREROUND,11,3,7,,,,MiniBoo,Team Heretics,raze,True,,,0,2,1,1,False,RieNs,Team Heretics,fade,True,,,2,1,1,3,False,Boo,Team Heretics,omen,True,,,2,1,2,3,False,benjyfishy,Team Heretics,deadlock,True,,,1,0,1,1,False,Wo0t,Team Heretics,chamber,True,,,1,6,1,5,False,grubinho,GIANTX,omen,True,,,2,1,2,3,False,ara,GIANTX,raze,True,,,1,1,1,1,False,Cloud,GIANTX,fade,True,,,2,1,1,1,False,Flickless,GIANTX,viper,True,,,1,1,0,1,False,westside,GIANTX,cypher,True,,,0,2,1,5,False
1309.375,5607,PREROUND,11,3,7,,,,MiniBoo,Team Heretics,raze,True,,,0,2,1,1,False,RieNs,Team Heretics,fade,True,,,2,1,1,3,False,Boo,Team Heretics,omen,True,,,2,1,2,3,False,benjyfishy,Team Heretics,deadlock,True,,,1,0,1,1,False,Wo0t,Team Heretics,chamber,True,,,1,6,1,5,False,grubinho,GIANTX,omen,True,,,2,1,2,3,False,ara,GIANTX,raze,True,,,1,1,1,1,False,Cloud,GIANTX,fade,True,,,2,1,1,1,False,Flickless,GIANTX,viper,True,,,1,1,0,1,False,westside,GIANTX,cypher,True,,,0,2,1,5,False
1309.608,5608,PREROUND,11,3,7,,,,MiniBoo,Team Heretics,raze,True,,,0,2,1,1,False,RieNs,Team Heretics,fade,True,,,2,1,1,3,False,Boo,Team Heretics,omen,True,,,2,1,2,3,False,benjyfishy,Team Heretics,deadlock,True,,,1,0,1,1,False,Wo0t,Team Heretics,chamber,True,,,1,6,1,5,False,grubinho,GIANTX,omen,True,,,2,1,2,3,False,ara,GIANTX,raze,True,,,1,1,1,1,False,Cloud,GIANTX,fade,True,,,2,1,1,1,False,Flickless,GIANTX,viper,True,,,1,1,0,1,False,westside,GIANTX,cypher,True,,,0,2,1,5,False
1309.842,5609,PREROUND,11,3,7,,,,MiniBoo,Team Heretics,raze,True,,,0,2,1,1,False,RieNs,Team Heretics,fade,True,,,2,1,1,3,False,Boo,Team Heretics,omen,True,,,2,1,2,3,False,benjyfishy,Team Heretics,deadlock,True,,,1,0,1,1,False,Wo0t,Team Heretics,chamber,True,,,1,6,1,5,False,grubinho,GIANTX,omen,True,,,2,1,2,3,False,ara,GIANTX,raze,True,,,1,1,1,1,False,Cloud,GIANTX,fade,True,,,2,1,1,1,False,Flickless,GIANTX,viper,True,,,1,1,0,1,False,westside,GIANTX,cypher,True,,,0,2,1,5,False
1310.075,5610,PREROUND,11,3,7,,,,MiniBoo,Team Heretics,raze,True,,,0,2,1,1,False,RieNs,Team Heretics,fade,True,,,2,1,1,3,False,Boo,Team Heretics,omen,True,,,2,1,2,3,False,benjyfishy,Team Heretics,deadlock,True,,,1,0,1,1,False,Wo0t,Team Heretics,chamber,True,,,1,6,1,5,False,grubinho,GIANTX,omen,True,,,2,1,2,3,False,ara,GIANTX,raze,True,,,1,1,1,1,False,Cloud,GIANTX,fade,True,,,2,1,1,1,False,Flickless,GIANTX,viper,True,,,1,1,0,1,False,westside,GIANTX,cypher,True,,,0,2,1,5,False
1310.309,5611,PREROUND,11,3,7,,,,MiniBoo,Team Heretics,raze,True,,,0,2,1,1,False,RieNs,Team Heretics,fade,True,,,2,1,1,3,False,Boo,Team Heretics,omen,True,,,2,1,2,3,False,benjyfishy,Team Heretics,deadlock,True,,,1,0,1,1,False,Wo0t,Team Heretics,chamber,True,,,1,6,1,5,False,grubinho,GIANTX,omen,True,,,2,1,2,3,False,ara,GIANTX,raze,True,,,1,1,1,1,False,Cloud,GIANTX,fade,True,,,2,1,1,1,False,Flickless,GIANTX,viper,True,,,1,1,0,1,False,westside,GIANTX,cypher,True,,,0,2,1,5,False
1310.543,5612,ACTIVE_ROUND,11,3,7,99.000,,,MiniBoo,Team Heretics,raze,True,,,0,2,1,1,False,RieNs,Team Heretics,fade,True,,,2,1,1,3,False,Boo,Team Heretics,omen,True,,,2,1,2,3,False,benjyfishy,Team Heretics,deadlock,True,,,1,0,1,1,False,Wo0t,Team Heretics,chamber,True,,,1,6,1,5,False,grubinho,GIANTX,omen,True,,,2,1,2,3,False,ara,GIANTX,raze,True,,,1,1,1,1,False,Cloud,GIANTX,fade,True,,,2,1,1,1,False,Flickless,GIANTX,viper,True,,,1,1,0,1,False,westside,GIANTX,cypher,True,,,0,2,1,5,False
1310.776,5613,ACTIVE_ROUND,11,3,7,99.000,,,MiniBoo,Team Heretics,raze,True,100,25,0,2,1,1,False,RieNs,Team Heretics,fade,True,100,25,2,1,1,3,False,Boo,Team Heretics,omen,True,100,25,2,1,2,3,False,benjyfishy,Team Heretics,deadlock,True,100,25,1,0,1,1,False,Wo0t,Team Heretics,chamber,True,100,25,1,6,1,5,False,grubinho,GIANTX,omen,True,100,50,2,1,2,3,False,ara,GIANTX,raze,True,100,50,1,1,1,1,False,Cloud,GIANTX,fade,True,100,50,2,1,1,1,False,Flickless,GIANTX,viper,True,100,50,1,1,0,1,False,westside,GIANTX,cypher,True,100,50,0,2,1,5,False
1311.010,5614,ACTIVE_ROUND,11,3,7,99.000,,,MiniBoo,Team Heretics,raze,True,100,25,0,2,1,1,False,RieNs,Team Heretics,fade,True,100,25,2,1,1,3,False,Boo,Team Heretics,omen,True,100,25,2,1,2,3,False,benjyfishy,Team Heretics,deadlock,True,100,25,1,0,1,1,False,Wo0t,Team Heretics,chamber,True,100,25,1,6,1,5,False,grubinho,GIANTX,omen,True,100,50,2,1,2,3,False,ara,GIANTX,raze,True,100,50,1,1,1,1,False,Cloud,GIANTX,fade,True,100,50,2,1,1,1,False,Flickless,GIANTX,viper,True,100,50,1,1,0,1,False,westside,GIANTX,cypher,True,100,50,0,2,1,5,False
1311.243,5615,ACTIVE_ROUND,11,3,7,99.000,,,MiniBoo,Team Heretics,raze,True,100,25,0,2,1,1,False,RieNs,Team Heretics,fade,True,100,25,2,1,1,3,False,Boo,Team Heretics,omen,True,100,25,2,1,1,3,False,benjyfishy,Team Heretics,deadlock,True,100,25,1,0,0,1,False,Wo0t,Team Heretics,chamber,True,100,25,1,6,1,5,False,grubinho,GIANTX,omen,True,100,50,1,1,2,3,False,ara,GIANTX,raze,True,100,50,1,1,1,1,False,Cloud,GIANTX,fade,True,100,50,2,1,1,1,False,Flickless,GIANTX,viper,True,100,50,1,1,0,1,False,westside,GIANTX,cypher,True,100,50,0,2,1,5,False
1311.477,5616,ACTIVE_ROUND,11,3,7,98.000,,,MiniBoo,Team Heretics,raze,True,100,25,0,2,1,1,False,RieNs,Team Heretics,fade,True,100,25,2,1,1,3,False,Boo,Team Heretics,omen,True,100,25,2,1,1,3,False,benjyfishy,Team Heretics,deadlock,True,100,25,1,0,0,1,False,Wo0t,Team Heretics,chamber,True,100,25,1,6,1,5,False,grubinho,GIANTX,omen,True,100,50,1,1,2,3,False,ara,GIANTX,raze,True,100,50,1,1,1,1,False,Cloud,GIANTX,fade,True,100,50,2,1,1,1,False,Flickless,GIANTX,viper,True,100,50,1,1,0,1,False,westside,GIANTX,cypher,True,100,50,0,2,1,5,False
1311.710,5617,ACTIVE_ROUND,11,3,7,98.000,,,MiniBoo,Team Heretics,raze,True,100,25,0,2,1,1,False,RieNs,Team Heretics,fade,True,100,25,2,1,1,3,False,Boo,Team Heretics,omen,True,100,25,2,1,1,3,False,benjyfishy,Team Heretics,deadlock,True,100,25,1,0,0,1,False,Wo0t,Team Heretics,chamber,True,100,25,1,6,1,5,False,grubinho,GIANTX,omen,True,100,50,1,1,2,3,False,ara,GIANTX,raze,True,100,50,1,1,1,1,False,Cloud,GIANTX,fade,True,100,50,2,1,1,1,False,Flickless,GIANTX,viper,True,100,50,1,1,0,1,False,westside,GIANTX,cypher,True,100,50,0,2,1,5,False
1311.944,5618,ACTIVE_ROUND,11,3,7,98.000,,,MiniBoo,Team Heretics,raze,True,100,25,0,2,1,1,False,RieNs,Team Heretics,fade,True,100,25,2,1,1,3,False,Boo,Team Heretics,omen,True,100,25,2,1,1,3,False,benjyfishy,Team Heretics,deadlock,True,100,25,1,0,0,1,False,Wo0t,Team Heretics,chamber,True,100,25,1,6,1,5,False,grubinho,GIANTX,omen,True,100,50,1,1,2,3,False,ara,GIANTX,raze,True,100,50,1,1,1,1,False,Cloud,GIANTX,fade,True,100,50,2,1,1,1,False,Flickless,GIANTX,viper,True,100,50,1,1,0,1,False,westside,GIANTX,cypher,True,100,50,0,2,1,5,False
1312.178,5619,ACTIVE_ROUND,11,3,7,98.000,,,MiniBoo,Team Heretics,raze,True,100,25,0,2,1,1,False,RieNs,Team Heretics,fade,True,100,25,2,1,1,3,False,Boo,Team Heretics,omen,True,100,25,2,1,1,3,False,benjyfishy,Team Heretics,deadlock,True,100,25,1,0,0,1,False,Wo0t,Team Heretics,chamber,True,100,25,1,6,1,5,False,grubinho,GIANTX,omen,True,100,50,1,1,2,3,False,ara,GIANTX,raze,True,100,50,1,0,1,1,False,Cloud,GIANTX,fade,True,100,50,2,1,1,1,False,Flickless,GIANTX,viper,True,100,50,1,1,0,1,False,westside,GIANTX,cypher,True,100,50,0,2,1,5,False
1312.411,5620,ACTIVE_ROUND,11,3,7,97.000,,,MiniBoo,Team Heretics,raze,True,100,25,0,2,1,1,False,RieNs,Team Heretics,fade,True,100,25,2,1,1,3,False,Boo,Team Heretics,omen,True,100,25,2,1,1,3,False,benjyfishy,Team Heretics,deadlock,True,100,25,1,0,0,1,False,Wo0t,Team Heretics,chamber,True,100,25,1,6,1,5,False,grubinho,GIANTX,omen,True,100,50,1,1,2,3,False,ara,GIANTX,raze,True,100,50,1,0,1,1,False,Cloud,GIANTX,fade,True,100,50,2,1,1,1,False,Flickless,GIANTX,viper,True,100,50,1,1,0,1,False,westside,GIANTX,cypher,True,100,50,0,2,1,5,False
1312.645,5621,ACTIVE_ROUND,11,3,7,97.000,,,MiniBoo,Team Heretics,raze,True,100,25,0,2,1,1,False,RieNs,Team Heretics,fade,True,100,25,2,1,1,3,False,Boo,Team Heretics,omen,True,100,25,2,1,1,3,False,benjyfishy,Team Heretics,deadlock,True,100,25,1,0,0,1,False,Wo0t,Team Heretics,chamber,True,100,25,1,6,1,5,False,grubinho,GIANTX,omen,True,100,50,1,1,2,3,False,ara,GIANTX,raze,True,100,50,1,0,1,1,False,Cloud,GIANTX,fade,True,100,50,2,1,1,1,False,Flickless,GIANTX,viper,True,100,50,1,1,0,1,False,westside,GIANTX,cypher,True,100,50,0,2,1,5,False
1312.878,5622,ACTIVE_ROUND,11,3,7,97.000,,,MiniBoo,Team Heretics,raze,True,100,25,0,2,1,1,False,RieNs,Team Heretics,fade,True,100,25,2,1,1,3,False,Boo,Team Heretics,omen,True,100,25,2,1,1,3,False,benjyfishy,Team Heretics,deadlock,True,100,25,1,0,0,1,False,Wo0t,Team Heretics,chamber,True,100,25,1,6,1,5,False,grubinho,GIANTX,omen,True,100,50,1,1,2,3,False,ara,GIANTX,raze,True,100,50,1,0,1,1,False,Cloud,GIANTX,fade,True,100,50,2,1,1,1,False,Flickless,GIANTX,viper,True,100,50,1,1,0,1,False,westside,GIANTX,cypher,True,100,50,0,2,1,5,False
1313.112,5623,ACTIVE_ROUND,11,3,7,97.000,,,MiniBoo,Team Heretics,raze,True,100,25,0,2,1,1,False,RieNs,Team Heretics,fade,True,100,25,2,0,1,3,False,Boo,Team Heretics,omen,True,100,25,2,1,1,3,False,benjyfishy,Team Heretics,deadlock,True,94,1,1,0,0,1,False,Wo0t,Team Heretics,chamber,True,100,25,1,6,1,5,False,grubinho,GIANTX,omen,True,100,50,1,1,2,3,False,ara,GIANTX,raze,True,100,50,1,0,1,1,False,Cloud,GIANTX,fade,True,100,50,2,1,0,1,False,Flickless,GIANTX,viper,True,100,50,1,1,0,1,False,westside,GIANTX,cypher,True,100,50,0,2,1,5,False
1313.345,5624,ACTIVE_ROUND,11,3,7,97.000,,,MiniBoo,Team Heretics,raze,True,100,25,0,2,1,1,False,RieNs,Team Heretics,fade,True,100,25,2,0,1,3,False,Boo,Team Heretics,omen,True,100,25,2,1,1,3,False,benjyfishy,Team Heretics,deadlock,True,94,1,1,0,0,1,False,Wo0t,Team Heretics,chamber,True,100,25,1,6,1,5,False,grubinho,GIANTX,omen,True,100,50,1,1,2,3,False,ara,GIANTX,raze,True,100,50,1,0,1,1,False,Cloud,GIANTX,fade,True,100,50,2,1,0,1,False,Flickless,GIANTX,viper,True,100,50,1,1,0,1,False,westside,GIANTX,cypher,True,100,50,0,2,1,5,False
1313.579,5625,ACTIVE_ROUND,11,3,7,96.000,,,MiniBoo,Team Heretics,raze,True,100,25,0,2,1,1,False,RieNs,Team Heretics,fade,True,100,25,2,0,1,3,False,Boo,Team Heretics,omen,True,100,25,2,1,1,3,False,benjyfishy,Team Heretics,deadlock,True,94,1,1,0,0,1,False,Wo0t,Team Heretics,chamber,True,100,25,1,6,1,5,False,grubinho,GIANTX,omen,True,100,50,1,1,2,3,False,ara,GIANTX,raze,True,100,50,1,0,1,1,False,Cloud,GIANTX,fade,True,100,50,2,1,0,1,False,Flickless,GIANTX,viper,True,100,50,1,1,0,1,False,westside,GIANTX,cypher,True,100,50,0,2,1,5,False
1313.812,5626,ACTIVE_ROUND,11,3,7,96.000,,,MiniBoo,Team Heretics,raze,True,100,25,0,2,1,1,False,RieNs,Team Heretics,fade,True,100,25,2,0,1,3,False,Boo,Team Heretics,omen,True,100,25,2,1,1,3,False,benjyfishy,Team Heretics,deadlock,True,94,1,1,0,0,1,False,Wo0t,Team Heretics,chamber,True,100,25,1,6,1,5,False,grubinho,GIANTX,omen,True,100,50,1,1,2,3,False,ara,GIANTX,raze,True,100,50,1,0,1,1,False,Cloud,GIANTX,fade,True,100,50,2,1,0,1,False,Flickless,GIANTX,viper,True,100,50,1,1,0,1,False,westside,GIANTX,cypher,True,100,50,0,2,1,5,False
1314.046,5627,ACTIVE_ROUND,11,3,7,96.000,,,MiniBoo,Team Heretics,raze,True,100,25,0,2,1,1,False,RieNs,Team Heretics,fade,True,100,25,2,0,1,3,False,Boo,Team Heretics,omen,True,100,25,2,1,1,3,False,benjyfishy,Team Heretics,deadlock,True,94,1,1,0,0,1,False,Wo0t,Team Heretics,chamber,True,100,25,1,6,1,5,False,grubinho,GIANTX,omen,True,100,50,1,1,2,3,False,ara,GIANTX,raze,True,100,50,1,0,1,1,False,Cloud,GIANTX,fade,True,100,50,2,1,0,1,False,Flickless,GIANTX,viper,True,100,50,1,1,0,1,False,westside,GIANTX,cypher,True,100,50,0,2,1,5,False
1314.280,5628,ACTIVE_ROUND,11,3,7,96.000,,,MiniBoo,Team Heretics,raze,True,100,25,0,2,1,1,False,RieNs,Team Heretics,fade,True,100,25,2,0,1,3,False,Boo,Team Heretics,omen,True,100,25,2,1,1,3,False,benjyfishy,Team Heretics,deadlock,True,91,1,1,0,0,1,False,Wo0t,Team Heretics,chamber,True,100,25,1,6,1,5,False,grubinho,GIANTX,omen,True,100,50,1,1,2,3,False,ara,GIANTX,raze,True,100,50,1,0,1,1,False,Cloud,GIANTX,fade,True,100,50,2,1,0,1,False,Flickless,GIANTX,viper,True,100,50,1,1,0,1,False,westside,GIANTX,cypher,True,100,50,0,2,1,5,False
1314.513,5629,ACTIVE_ROUND,11,3,7,95.000,,,MiniBoo,Team Heretics,raze,True,100,25,0,2,1,1,False,RieNs,Team Heretics,fade,True,100,25,2,0,1,3,False,Boo,Team Heretics,omen,True,100,25,2,1,1,3,False,benjyfishy,Team Heretics,deadlock,True,91,1,1,0,0,1,False,Wo0t,Team Heretics,chamber,True,100,25,1,6,1,5,False,grubinho,GIANTX,omen,True,100,50,1,1,2,3,False,ara,GIANTX,raze,True,100,50,1,0,1,1,False,Cloud,GIANTX,fade,True,100,50,2,1,0,1,False,Flickless,GIANTX,viper,True,100,50,1,1,0,1,False,westside,GIANTX,cypher,True,100,50,0,2,1,5,False
1314.747,5630,ACTIVE_ROUND,11,3,7,95.000,,,MiniBoo,Team Heretics,raze,True,100,25,0,2,1,1,False,RieNs,Team Heretics,fade,True,100,25,2,0,1,3,False,Boo,Team Heretics,omen,True,100,25,2,1,1,3,False,benjyfishy,Team Heretics,deadlock,True,91,1,1,0,0,1,False,Wo0t,Team Heretics,chamber,True,100,25,1,6,1,5,False,grubinho,GIANTX,omen,True,100,50,1,1,2,3,False,ara,GIANTX,raze,True,100,50,1,0,1,1,False,Cloud,GIANTX,fade,True,100,50,2,1,0,1,False,Flickless,GIANTX,viper,True,100,50,1,1,0,1,False,westside,GIANTX,cypher,True,100,50,0,2,1,5,False
1314.980,5631,ACTIVE_ROUND,11,3,7,95.000,,,MiniBoo,Team Heretics,raze,True,100,25,0,2,1,1,False,RieNs,Team Heretics,fade,True,100,25,2,0,1,3,False,Boo,Team Heretics,omen,True,100,25,2,1,1,3,False,benjyfishy,Team Heretics,deadlock,True,91,1,1,0,0,1,False,Wo0t,Team Heretics,chamber,True,100,25,1,6,1,5,False,grubinho,GIANTX,omen,True,100,50,1,1,2,3,False,ara,GIANTX,raze,True,100,50,1,0,1,1,False,Cloud,GIANTX,fade,True,100,50,2,1,0,1,False,Flickless,GIANTX,viper,True,100,50,1,1,0,1,False,westside,GIANTX,cypher,True,100,50,0,2,1,5,False
1315.214,5632,ACTIVE_ROUND,11,3,7,95.000,,,MiniBoo,Team Heretics,raze,True,100,25,0,2,0,1,False,RieNs,Team Heretics,fade,True,100,25,2,0,1,3,False,Boo,Team Heretics,omen,True,100,25,2,1,1,3,False,benjyfishy,Team Heretics,deadlock,True,90,1,1,0,0,1,False,Wo0t,Team Heretics,chamber,True,100,25,1,6,1,5,False,grubinho,GIANTX,omen,True,100,50,1,1,2,3,False,ara,GIANTX,raze,True,100,50,0,0,1,1,False,Cloud,GIANTX,fade,True,100,50,2,1,0,1,False,Flickless,GIANTX,viper,True,100,50,1,1,0,1,False,westside,GIANTX,cypher,True,100,50,0,2,1,5,False
1315.447,5633,ACTIVE_ROUND,11,3,7,94.000,,,MiniBoo,Team Heretics,raze,True,100,25,0,2,0,1,False,RieNs,Team Heretics,fade,True,100,25,2,0,1,3,False,Boo,Team Heretics,omen,True,100,25,2,1,1,3,False,benjyfishy,Team Heretics,deadlock,True,90,1,1,0,0,1,False,Wo0t,Team Heretics,chamber,True,100,25,1,6,1,5,False,grubinho,GIANTX,omen,True,100,50,1,1,2,3,False,ara,GIANTX,raze,True,100,50,0,0,1,1,False,Cloud,GIANTX,fade,True,100,50,2,1,0,1,False,Flickless,GIANTX,viper,True,100,50,1,1,0,1,False,westside,GIANTX,cypher,True,100,50,0,2,1,5,False
1315.681,5634,ACTIVE_ROUND,11,3,7,94.000,,,MiniBoo,Team Heretics,raze,True,100,25,0,2,0,1,False,RieNs,Team Heretics,fade,True,100,25,2,0,1,3,False,Boo,Team Heretics,omen,True,100,25,2,1,1,3,False,benjyfishy,Team Heretics,deadlock,True,90,1,1,0,0,1,False,Wo0t,Team Heretics,chamber,True,100,25,1,6,1,5,False,grubinho,GIANTX,omen,True,100,50,1,1,2,3,False,ara,GIANTX,raze,True,100,50,0,0,1,1,False,Cloud,GIANTX,fade,True,100,50,2,1,0,1,False,Flickless,GIANTX,viper,True,100,50,1,1,0,1,False,westside,GIANTX,cypher,True,100,8,0,2,1,5,False
1315.915,5635,ACTIVE_ROUND,11,3,7,94.000,,,MiniBoo,Team Heretics,raze,True,100,25,0,2,0,1,False,RieNs,Team Heretics,fade,True,100,25,2,0,1,3,False,Boo,Team Heretics,omen,True,100,25,2,1,1,3,False,benjyfishy,Team Heretics,deadlock,True,90,1,1,0,0,1,False,Wo0t,Team Heretics,chamber,True,100,25,1,6,1,5,False,grubinho,GIANTX,omen,True,100,50,1,1,2,3,False,ara,GIANTX,raze,True,100,50,0,0,1,1,False,Cloud,GIANTX,fade,True,100,50,2,1,0,1,False,Flickless,GIANTX,viper,True,100,50,1,1,0,1,False,westside,GIANTX,cypher,True,100,50,0,2,1,5,False
1316.148,5636,ACTIVE_ROUND,11,3,7,94.000,,,MiniBoo,Team Heretics,raze,True,100,25,0,2,0,1,False,RieNs,Team Heretics,fade,True,100,25,2,0,1,3,False,Boo,Team Heretics,omen,True,100,25,2,1,1,3,False,benjyfishy,Team Heretics,deadlock,True,100,1,1,0,0,1,False,Wo0t,Team Heretics,chamber,True,100,25,1,6,1,5,False,grubinho,GIANTX,omen,True,100,50,1,1,2,3,False,ara,GIANTX,raze,True,100,50,0,0,1,1,False,Cloud,GIANTX,fade,True,100,50,2,1,0,1,False,Flickless,GIANTX,viper,True,100,50,1,1,0,1,False,westside,GIANTX,cypher,True,100,50,0,2,1,5,False
1316.382,5637,ACTIVE_ROUND,11,3,7,94.000,,,MiniBoo,Team Heretics,raze,True,100,25,0,2,0,1,False,RieNs,Team Heretics,fade,True,100,25,2,0,1,3,False,Boo,Team Heretics,omen,True,100,25,2,1,1,3,False,benjyfishy,Team Heretics,deadlock,True,100,1,1,0,0,1,False,Wo0t,Team Heretics,chamber,True,100,25,1,6,1,5,False,grubinho,GIANTX,omen,True,100,50,1,1,2,3,False,ara,GIANTX,raze,True,100,50,0,0,1,1,False,Cloud,GIANTX,fade,True,100,50,2,1,0,1,False,Flickless,GIANTX,viper,True,100,50,1,1,0,1,False,westside,GIANTX,cypher,True,100,50,0,2,1,5,False
1316.615,5638,ACTIVE_ROUND,11,3,7,93.000,,,MiniBoo,Team Heretics,raze,True,100,25,0,2,0,1,False,RieNs,Team Heretics,fade,True,100,25,2,0,1,3,False,Boo,Team Heretics,omen,True,100,25,2,1,1,3,False,benjyfishy,Team Heretics,deadlock,True,100,1,1,0,0,1,False,Wo0t,Team Heretics,chamber,True,100,25,1,6,1,5,False,grubinho,GIANTX,omen,True,100,50,1,1,2,3,False,ara,GIANTX,raze,True,100,50,0,0,1,1,False,Cloud,GIANTX,fade,True,100,50,2,1,0,1,False,Flickless,GIANTX,viper,True,100,50,1,1,0,1,False,westside,GIANTX,cypher,True,100,50,0,2,1,5,False
1316.849,5639,ACTIVE_ROUND,11,3,7,93.000,,,MiniBoo,Team Heretics,raze,True,100,25,0,2,0,1,False,RieNs,Team Heretics,fade,True,100,25,2,0,1,3,False,Boo,Team Heretics,omen,True,100,25,2,1,1,3,False,benjyfishy,Team Heretics,deadlock,True,100,1,1,0,0,1,False,Wo0t,Team Heretics,chamber,True,100,25,1,6,1,5,False,grubinho,GIANTX,omen,True,100,50,1,1,2,3,False,ara,GIANTX,raze,True,100,50,0,0,1,1,False,Cloud,GIANTX,fade,True,100,50,2,1,0,1,False,Flickless,GIANTX,viper,True,100,50,1,1,0,1,False,westside,GIANTX,cypher,True,100,50,0,2,1,5,False
1317.082,5640,ACTIVE_ROUND,11,3,7,93.000,,,MiniBoo,Team Heretics,raze,True,100,25,0,2,0,1,False,RieNs,Team Heretics,fade,True,100,25,2,0,1,3,False,Boo,Team Heretics,omen,True,100,25,2,1,1,3,False,benjyfishy,Team Heretics,deadlock,True,100,25,1,0,0,1,False,Wo0t,Team Heretics,chamber,True,100,25,1,6,1,5,False,grubinho,GIANTX,omen,True,100,50,1,1,2,3,False,ara,GIANTX,raze,True,100,50,0,0,1,1,False,Cloud,GIANTX,fade,True,100,50,2,1,0,1,False,Flickless,GIANTX,viper,True,100,50,1,1,0,1,False,westside,GIANTX,cypher,True,100,50,0,2,1,5,False
1317.316,5641,ACTIVE_ROUND,11,3,7,93.000,,,MiniBoo,Team Heretics,raze,True,100,25,0,2,0,1,False,RieNs,Team Heretics,fade,True,100,25,2,0,1,3,False,Boo,Team Heretics,omen,True,100,25,2,1,1,3,False,benjyfishy,Team Heretics,deadlock,True,100,25,1,0,0,1,False,Wo0t,Team Heretics,chamber,True,100,25,1,6,1,5,False,grubinho,GIANTX,omen,True,100,50,1,1,2,3,False,ara,GIANTX,raze,True,100,50,0,0,1,1,False,Cloud,GIANTX,fade,True,100,50,2,1,0,1,False,Flickless,GIANTX,viper,True,100,50,1,1,0,1,False,westside,GIANTX,cypher,True,100,50,0,2,1,5,False
1317.550,5642,ACTIVE_ROUND,11,3,7,92.000,,,MiniBoo,Team Heretics,raze,True,100,25,0,2,0,1,False,RieNs,Team Heretics,fade,True,100,25,2,0,1,3,False,Boo,Team Heretics,omen,True,100,25,2,1,1,3,False,benjyfishy,Team Heretics,deadlock,True,100,25,1,0,0,1,False,Wo0t,Team Heretics,chamber,True,100,25,1,6,1,5,False,grubinho,GIANTX,omen,True,100,50,1,1,2,3,False,ara,GIANTX,raze,True,100,50,0,0,1,1,False,Cloud,GIANTX,fade,True,100,50,2,1,0,1,False,Flickless,GIANTX,viper,True,100,50,1,1,0,1,False,westside,GIANTX,cypher,True,100,50,0,2,1,5,False
1317.783,5643,ACTIVE_ROUND,11,3,7,92.000,,,MiniBoo,Team Heretics,raze,True,100,25,0,2,0,1,False,RieNs,Team Heretics,fade,True,100,25,2,0,1,3,False,Boo,Team Heretics,omen,True,100,25,2,1,1,3,False,benjyfishy,Team Heretics,deadlock,True,100,25,1,0,0,1,False,Wo0t,Team Heretics,chamber,True,100,25,1,6,1,5,False,grubinho,GIANTX,omen,True,100,50,1,1,2,3,False,ara,GIANTX,raze,True,100,50,0,0,1,1,False,Cloud,GIANTX,fade,True,100,50,2,1,0,1,False,Flickless,GIANTX,viper,True,100,50,1,1,0,1,False,westside,GIANTX,cypher,True,100,50,0,2,1,5,False
1318.017,5644,ACTIVE_ROUND,11,3,7,92.000,,,MiniBoo,Team Heretics,raze,True,100,25,0,2,0,1,False,RieNs,Team Heretics,fade,True,100,25,2,0,1,3,False,Boo,Team Heretics,omen,True,100,25,2,1,1,3,False,benjyfishy,Team Heretics,deadlock,True,100,25,1,0,0,1,False,Wo0t,Team Heretics,chamber,True,100,25,1,6,1,5,False,grubinho,GIANTX,omen,True,100,50,1,1,2,3,False,ara,GIANTX,raze,True,100,50,0,0,1,1,False,Cloud,GIANTX,fade,True,100,50,2,1,0,1,False,Flickless,GIANTX,viper,True,100,50,1,1,0,1,False,westside,GIANTX,cypher,True,100,50,0,2,1,5,False
1318.250,5645,ACTIVE_ROUND,11,3,7,92.000,,,MiniBoo,Team Heretics,raze,True,100,25,0,2,0,1,False,RieNs,Team Heretics,fade,True,100,25,2,0,1,3,False,Boo,Team Heretics,omen,True,100,25,2,1,1,3,False,benjyfishy,Team Heretics,deadlock,True,100,25,1,0,0,1,False,Wo0t,Team Heretics,chamber,True,100,25,1,6,1,5,False,grubinho,GIANTX,omen,True,100,50,1,1,1,3,False,ara,GIANTX,raze,True,100,50,0,0,1,1,False,Cloud,GIANTX,fade,True,100,50,2,1,0,1,False,Flickless,GIANTX,viper,True,100,50,1,1,0,1,False,westside,GIANTX,cypher,True,100,50,0,2,1,5,False
1318.484,5646,ACTIVE_ROUND,11,3,7,91.000,,,MiniBoo,Team Heretics,raze,True,100,25,0,2,0,1,False,RieNs,Team Heretics,fade,True,100,25,2,0,1,3,False,Boo,Team Heretics,omen,True,100,25,2,1,1,3,False,benjyfishy,Team Heretics,deadlock,True,100,25,1,0,0,1,False,Wo0t,Team Heretics,chamber,True,100,25,1,6,1,5,False,grubinho,GIANTX,omen,True,100,50,1,1,1,3,False,ara,GIANTX,raze,True,100,50,0,0,1,1,False,Cloud,GIANTX,fade,True,100,50,2,1,0,1,False,Flickless,GIANTX,viper,True,100,50,1,1,0,1,False,westside,GIANTX,cypher,True,100,50,0,2,1,5,False
1318.717,5647,ACTIVE_ROUND,11,3,7,91.000,,,MiniBoo,Team Heretics,raze,True,100,25,0,2,0,1,False,RieNs,Team Heretics,fade,True,100,25,2,0,1,3,False,Boo,Team Heretics,omen,True,100,25,2,1,1,3,False,benjyfishy,Team Heretics,deadlock,True,100,25,1,0,0,1,False,Wo0t,Team Heretics,chamber,True,100,25,1,6,1,5,False,grubinho,GIANTX,omen,True,100,50,1,1,1,3,False,ara,GIANTX,raze,True,100,50,0,0,1,1,False,Cloud,GIANTX,fade,True,100,50,2,1,0,1,False,Flickless,GIANTX,viper,True,100,50,1,1,0,1,False,westside,GIANTX,cypher,True,100,50,0,2,1,5,False
1318.951,5648,ACTIVE_ROUND,11,3,7,91.000,,,MiniBoo,Team Heretics,raze,True,100,25,0,2,0,1,False,RieNs,Team Heretics,fade,True,100,25,2,0,1,3,False,Boo,Team Heretics,omen,True,100,25,2,1,1,3,False,benjyfishy,Team Heretics,deadlock,True,100,25,1,0,0,1,False,Wo0t,Team Heretics,chamber,True,100,25,1,6,1,5,False,grubinho,GIANTX,omen,True,100,50,1,1,1,3,False,ara,GIANTX,raze,True,100,50,0,0,1,1,False,Cloud,GIANTX,fade,True,100,50,2,1,0,1,False,Flickless,GIANTX,viper,True,100,50,1,1,0,1,False,westside,GIANTX,cypher,True,100,50,0,2,1,5,False
1319.185,5649,ACTIVE_ROUND,11,3,7,91.000,,,MiniBoo,Team Heretics,raze,True,100,25,0,2,0,1,False,RieNs,Team Heretics,fade,True,100,25,2,0,1,3,False,Boo,Team Heretics,omen,True,100,25,2,1,1,3,False,benjyfishy,Team Heretics,deadlock,True,100,25,1,0,0,1,False,Wo0t,Team Heretics,chamber,True,100,25,1,6,1,5,False,grubinho,GIANTX,omen,True,100,50,1,1,1,3,False,ara,GIANTX,raze,True,100,50,0,0,1,1,False,Cloud,GIANTX,fade,True,100,50,2,1,0,1,False,Flickless,GIANTX,viper,True,100,50,1,1,0,1,False,westside,GIANTX,cypher,True,100,50,0,2,1,5,False
1319.418,5650,ACTIVE_ROUND,11,3,7,90.000,,,MiniBoo,Team Heretics,raze,True,100,25,0,2,0,1,False,RieNs,Team Heretics,fade,True,100,25,2,0,1,3,False,Boo,Team Heretics,omen,True,100,25,2,1,1,3,False,benjyfishy,Team Heretics,deadlock,True,100,25,1,0,0,1,False,Wo0t,Team Heretics,chamber,True,100,25,1,6,1,5,False,grubinho,GIANTX,omen,True,100,50,1,1,1,3,False,ara,GIANTX,raze,True,100,50,0,0,1,1,False,Cloud,GIANTX,fade,True,100,50,2,1,0,1,False,Flickless,GIANTX,viper,True,100,50,1,1,0,1,False,westside,GIANTX,cypher,True,100,50,0,2,1,5,False
1319.652,5651,ACTIVE_ROUND,11,3,7,90.000,,,MiniBoo,Team Heretics,raze,True,100,25,0,2,0,1,False,RieNs,Team Heretics,fade,True,100,25,2,0,1,3,False,Boo,Team Heretics,omen,True,100,25,2,1,1,3,False,benjyfishy,Team Heretics,deadlock,True,100,25,1,0,0,1,False,Wo0t,Team Heretics,chamber,True,100,25,1,6,1,5,False,grubinho,GIANTX,omen,True,100,50,1,1,1,3,False,ara,GIANTX,raze,True,100,50,0,0,1,1,False,Cloud,GIANTX,fade,True,100,50,2,1,0,1,False,Flickless,GIANTX,viper,True,100,50,1,1,0,1,False,westside,GIANTX,cypher,True,100,50,0,2,1,5,False
1319.885,5652,ACTIVE_ROUND,11,3,7,90.000,,,MiniBoo,Team Heretics,raze,True,100,25,0,2,0,1,False,RieNs,Team Heretics,fade,True,100,25,2,0,1,3,False,Boo,Team Heretics,omen,True,100,25,2,1,1,3,False,benjyfishy,Team Heretics,deadlock,True,100,25,1,0,0,1,False,Wo0t,Team Heretics,chamber,True,100,25,1,6,1,5,False,grubinho,GIANTX,omen,True,100,50,1,1,1,3,False,ara,GIANTX,raze,True,100,50,0,0,1,1,False,Cloud,GIANTX,fade,True,100,50,2,1,0,1,False,Flickless,GIANTX,viper,True,100,50,1,1,0,1,False,westside,GIANTX,cypher,True,100,50,0,2,1,5,False
1320.119,5653,ACTIVE_ROUND,11,3,7,90.000,,,MiniBoo,Team Heretics,raze,True,100,25,0,2,0,1,False,RieNs,Team Heretics,fade,True,100,25,2,0,1,3,False,Boo,Team Heretics,omen,True,100,25,2,1,1,3,False,benjyfishy,Team Heretics,deadlock,True,100,25,1,0,0,1,False,Wo0t,Team Heretics,chamber,True,100,25,1,6,1,5,False,grubinho,GIANTX,omen,True,100,50,1,1,1,3,False,ara,GIANTX,raze,True,100,50,0,0,1,1,False,Cloud,GIANTX,fade,True,100,50,2,1,0,1,False,Flickless,GIANTX,viper,True,100,50,1,1,0,1,False,westside,GIANTX,cypher,True,100,50,0,2,1,5,False
1320.352,5654,ACTIVE_ROUND,11,3,7,90.000,,,MiniBoo,Team Heretics,raze,True,100,25,0,2,0,1,False,RieNs,Team Heretics,fade,True,100,25,2,0,1,3,False,Boo,Team Heretics,omen,True,100,25,2,1,1,3,False,benjyfishy,Team Heretics,deadlock,True,100,25,1,0,0,1,False,Wo0t,Team Heretics,chamber,True,100,25,1,6,1,5,False,grubinho,GIANTX,omen,True,100,50,1,1,1,3,False,ara,GIANTX,raze,True,100,50,0,0,1,1,False,Cloud,GIANTX,fade,True,100,50,2,1,0,1,False,Flickless,GIANTX,viper,True,100,50,1,1,0,1,False,westside,GIANTX,cypher,True,100,50,0,2,1,5,False
1320.586,5655,ACTIVE_ROUND,11,3,7,89.000,,,MiniBoo,Team Heretics,raze,True,100,25,0,2,0,1,False,RieNs,Team Heretics,fade,True,100,25,2,0,1,3,False,Boo,Team Heretics,omen,True,100,25,2,1,1,3,False,benjyfishy,Team Heretics,deadlock,True,100,25,1,0,0,1,False,Wo0t,Team Heretics,chamber,True,100,25,1,6,1,5,False,grubinho,GIANTX,omen,True,100,50,1,1,1,3,False,ara,GIANTX,raze,True,100,50,0,0,1,1,False,Cloud,GIANTX,fade,True,100,50,2,1,0,1,False,Flickless,GIANTX,viper,True,100,50,1,1,0,1,False,westside,GIANTX,cypher,True,100,50,0,2,1,5,False
1320.820,5656,ACTIVE_ROUND,11,3,7,89.000,,,MiniBoo,Team Heretics,raze,True,100,25,0,2,0,1,False,RieNs,Team Heretics,fade,True,100,25,2,0,1,3,False,Boo,Team Heretics,omen,True,100,25,2,1,1,3,False,benjyfishy,Team Heretics,deadlock,True,100,25,1,0,0,1,False,Wo0t,Team Heretics,chamber,True,100,25,1,6,1,5,False,grubinho,GIANTX,omen,True,100,50,1,1,1,3,False,ara,GIANTX,raze,True,100,50,0,0,1,1,False,Cloud,GIANTX,fade,True,100,50,2,1,0,1,False,Flickless,GIANTX,viper,True,100,50,1,1,0,1,False,westside,GIANTX,cypher,True,100,50,0,2,1,5,False
1321.053,5657,ACTIVE_ROUND,11,3,7,89.000,,,MiniBoo,Team Heretics,raze,True,100,25,0,2,0,1,False,RieNs,Team Heretics,fade,True,100,25,2,0,1,3,False,Boo,Team Heretics,omen,True,100,25,2,1,1,3,False,benjyfishy,Team Heretics,deadlock,True,100,25,1,0,0,1,False,Wo0t,Team Heretics,chamber,True,100,25,1,6,1,5,False,grubinho,GIANTX,omen,True,100,50,1,1,1,3,False,ara,GIANTX,raze,True,100,50,0,0,1,1,False,Cloud,GIANTX,fade,True,100,50,2,1,0,1,False,Flickless,GIANTX,viper,True,100,50,1,1,0,1,False,westside,GIANTX,cypher,True,100,50,0,2,1,5,False
1321.287,5658,ACTIVE_ROUND,11,3,7,89.000,,,MiniBoo,Team Heretics,raze,True,100,25,0,2,0,1,False,RieNs,Team Heretics,fade,True,100,25,2,0,1,3,False,Boo,Team Heretics,omen,True,100,25,2,1,1,3,False,benjyfishy,Team Heretics,deadlock,True,100,25,1,0,0,1,False,Wo0t,Team Heretics,chamber,True,100,25,1,6,1,5,False,grubinho,GIANTX,omen,True,100,50,1,1,1,3,False,ara,GIANTX,raze,True,100,50,0,0,1,1,False,Cloud,GIANTX,fade,True,100,50,2,1,0,1,False,Flickless,GIANTX,viper,True,100,50,1,1,0,1,False,westside,GIANTX,cypher,True,100,50,0,2,1,5,False
1321.520,5659,ACTIVE_ROUND,11,3,7,88.000,,,MiniBoo,Team Heretics,raze,True,100,25,0,2,0,1,False,RieNs,Team Heretics,fade,True,100,25,2,0,1,3,False,Boo,Team Heretics,omen,True,100,25,2,1,1,3,False,benjyfishy,Team Heretics,deadlock,True,100,25,1,0,0,1,False,Wo0t,Team Heretics,chamber,True,100,25,1,6,1,5,False,grubinho,GIANTX,omen,True,100,50,1,1,1,3,False,ara,GIANTX,raze,True,100,50,0,0,1,1,False,Cloud,GIANTX,fade,True,100,50,2,1,0,1,False,Flickless,GIANTX,viper,True,100,50,1,1,0,1,False,westside,GIANTX,cypher,True,100,50,0,2,1,5,False
1321.754,5660,ACTIVE_ROUND,11,3,7,88.000,,,MiniBoo,Team Heretics,raze,True,100,25,0,2,0,1,False,RieNs,Team Heretics,fade,True,100,25,2,0,1,3,False,Boo,Team Heretics,omen,True,100,25,2,1,1,3,False,benjyfishy,Team Heretics,deadlock,True,100,25,1,0,0,1,False,Wo0t,Team Heretics,chamber,True,100,25,1,6,1,5,False,grubinho,GIANTX,omen,True,100,50,1,1,1,3,False,ara,GIANTX,raze,True,100,50,0,0,1,1,False,Cloud,GIANTX,fade,True,100,50,2,1,0,1,False,Flickless,GIANTX,viper,True,100,50,1,1,0,1,False,westside,GIANTX,cypher,True,100,50,0,2,1,5,False
1321.987,5661,ACTIVE_ROUND,11,3,7,88.000,,,MiniBoo,Team Heretics,raze,True,100,25,0,2,0,1,False,RieNs,Team Heretics,fade,True,100,25,2,0,1,3,False,Boo,Team Heretics,omen,True,100,25,2,1,1,3,False,benjyfishy,Team Heretics,deadlock,True,100,25,1,0,0,1,False,Wo0t,Team Heretics,chamber,True,100,25,1,6,1,5,False,grubinho,GIANTX,omen,True,100,50,1,1,1,3,False,ara,GIANTX,raze,True,100,50,0,0,1,1,False,Cloud,GIANTX,fade,True,100,50,2,1,0,1,False,Flickless,GIANTX,viper,True,100,50,1,1,0,1,False,westside,GIANTX,cypher,True,100,50,0,2,1,5,False
1322.221,5662,ACTIVE_ROUND,11,3,7,88.000,,,MiniBoo,Team Heretics,raze,True,100,25,0,2,0,1,False,RieNs,Team Heretics,fade,True,100,25,2,0,1,3,False,Boo,Team Heretics,omen,True,100,25,2,1,1,3,False,benjyfishy,Team Heretics,deadlock,True,100,25,1,0,0,1,False,Wo0t,Team Heretics,chamber,True,100,25,1,6,1,5,False,grubinho,GIANTX,omen,True,100,50,1,1,1,3,False,ara,GIANTX,raze,True,100,50,0,0,1,1,False,Cloud,GIANTX,fade,True,100,50,2,1,0,1,False,Flickless,GIANTX,viper,True,100,50,1,1,0,1,False,westside,GIANTX,cypher,True,100,50,0,2,1,5,False
1322.454,5663,ACTIVE_ROUND,11,3,7,87.000,,,MiniBoo,Team Heretics,raze,True,100,25,0,2,0,1,False,RieNs,Team Heretics,fade,True,100,25,2,0,1,3,False,Boo,Team Heretics,omen,True,100,25,2,1,1,3,False,benjyfishy,Team Heretics,deadlock,True,100,25,1,0,0,1,False,Wo0t,Team Heretics,chamber,True,100,25,1,6,1,5,False,grubinho,GIANTX,omen,True,100,50,1,1,1,3,False,ara,GIANTX,raze,True,100,50,0,0,1,1,False,Cloud,GIANTX,fade,True,100,50,2,1,0,1,False,Flickless,GIANTX,viper,True,100,50,1,1,0,1,False,westside,GIANTX,cypher,True,100,50,0,2,1,5,False
1322.688,5664,ACTIVE_ROUND,11,3,7,87.000,,,MiniBoo,Team Heretics,raze,True,100,25,0,2,0,1,False,RieNs,Team Heretics,fade,True,100,25,2,0,1,3,False,Boo,Team Heretics,omen,True,100,25,2,1,1,3,False,benjyfishy,Team Heretics,deadlock,True,100,25,1,0,0,1,False,Wo0t,Team Heretics,chamber,True,100,25,1,6,1,5,False,grubinho,GIANTX,omen,True,100,50,1,1,1,3,False,ara,GIANTX,raze,True,100,50,0,0,1,1,False,Cloud,GIANTX,fade,True,100,50,2,1,0,1,False,Flickless,GIANTX,viper,True,100,50,1,1,0,1,False,westside,GIANTX,cypher,True,100,50,0,2,1,5,False
1322.922,5665,ACTIVE_ROUND,11,3,7,87.000,,,MiniBoo,Team Heretics,raze,True,100,25,0,2,0,1,False,RieNs,Team Heretics,fade,True,100,25,2,0,1,3,False,Boo,Team Heretics,omen,True,100,25,2,1,1,3,False,benjyfishy,Team Heretics,deadlock,True,100,25,1,0,0,1,False,Wo0t,Team Heretics,chamber,True,100,25,1,6,1,5,False,grubinho,GIANTX,omen,True,100,50,1,1,1,3,False,ara,GIANTX,raze,True,100,50,0,0,1,1,False,Cloud,GIANTX,fade,True,100,50,2,1,0,1,False,Flickless,GIANTX,viper,True,100,50,1,1,0,1,False,westside,GIANTX,cypher,True,100,50,0,2,1,5,False
1323.155,5666,ACTIVE_ROUND,11,3,7,87.000,,,MiniBoo,Team Heretics,raze,True,100,25,0,2,0,1,False,RieNs,Team Heretics,fade,True,100,25,2,0,1,3,False,Boo,Team Heretics,omen,True,100,25,2,1,1,3,False,benjyfishy,Team Heretics,deadlock,True,100,25,1,0,0,1,False,Wo0t,Team Heretics,chamber,True,100,25,1,6,1,5,False,grubinho,GIANTX,omen,True,100,50,1,1,1,3,False,ara,GIANTX,raze,True,100,50,0,0,1,1,False,Cloud,GIANTX,fade,True,100,50,2,1,0,1,False,Flickless,GIANTX,viper,True,100,50,1,1,0,1,False,westside,GIANTX,cypher,True,100,50,0,2,1,5,False
1323.389,5667,ACTIVE_ROUND,11,3,7,86.000,,,MiniBoo,Team Heretics,raze,True,100,25,0,2,0,1,False,RieNs,Team Heretics,fade,True,100,25,2,0,1,3,False,Boo,Team Heretics,omen,True,100,25,2,1,1,3,False,benjyfishy,Team Heretics,deadlock,True,100,25,1,0,0,1,False,Wo0t,Team Heretics,chamber,True,100,25,1,6,1,5,False,grubinho,GIANTX,omen,True,100,50,1,1,1,3,False,ara,GIANTX,raze,True,100,50,0,0,1,1,False,Cloud,GIANTX,fade,True,100,50,2,1,0,1,False,Flickless,GIANTX,viper,True,100,50,1,1,0,1,False,westside,GIANTX,cypher,True,100,50,0,2,1,5,False
1323.622,5668,ACTIVE_ROUND,11,3,7,86.000,,,MiniBoo,Team Heretics,raze,True,100,25,0,2,0,1,False,RieNs,Team Heretics,fade,True,100,25,2,0,1,3,False,Boo,Team Heretics,omen,True,100,25,2,1,1,3,False,benjyfishy,Team Heretics,deadlock,True,100,25,1,0,0,1,False,Wo0t,Team Heretics,chamber,True,100,25,1,6,1,5,False,grubinho,GIANTX,omen,True,100,50,1,1,1,3,False,ara,GIANTX,raze,True,100,50,0,0,1,1,False,Cloud,GIANTX,fade,True,100,50,2,1,0,1,False,Flickless,GIANTX,viper,True,100,50,1,1,0,1,False,westside,GIANTX,cypher,True,100,50,0,2,1,5,False
1323.856,5669,ACTIVE_ROUND,11,3,7,86.000,,,MiniBoo,Team Heretics,raze,True,100,25,0,2,0,1,False,RieNs,Team Heretics,fade,True,100,25,2,0,1,3,False,Boo,Team Heretics,omen,True,100,25,2,1,1,3,False,benjyfishy,Team Heretics,deadlock,True,100,25,1,0,0,1,False,Wo0t,Team Heretics,chamber,True,100,25,1,6,1,5,False,grubinho,GIANTX,omen,True,100,50,1,1,1,3,False,ara,GIANTX,raze,True,100,50,0,0,1,1,False,Cloud,GIANTX,fade,True,100,50,2,1,0,1,False,Flickless,GIANTX,viper,True,100,50,1,1,0,1,False,westside,GIANTX,cypher,True,100,50,0,2,1,5,False
1324.089,5670,ACTIVE_ROUND,11,3,7,86.000,,,MiniBoo,Team Heretics,raze,True,100,25,0,2,0,1,False,RieNs,Team Heretics,fade,True,100,25,2,0,1,3,False,Boo,Team Heretics,omen,True,100,25,2,1,1,3,False,benjyfishy,Team Heretics,deadlock,True,100,25,1,0,0,1,False,Wo0t,Team Heretics,chamber,True,100,25,1,6,1,5,False,grubinho,GIANTX,omen,True,100,50,1,1,1,3,False,ara,GIANTX,raze,True,100,50,0,0,1,1,False,Cloud,GIANTX,fade,True,100,50,2,1,0,1,False,Flickless,GIANTX,viper,True,100,50,1,1,0,1,False,westside,GIANTX,cypher,True,100,50,0,2,1,5,False
1324.323,5671,ACTIVE_ROUND,11,3,7,86.000,,,MiniBoo,Team Heretics,raze,True,100,25,0,2,0,1,False,RieNs,Team Heretics,fade,True,100,25,2,0,1,3,False,Boo,Team Heretics,omen,True,100,25,2,1,1,3,False,benjyfishy,Team Heretics,deadlock,True,100,25,1,0,0,1,False,Wo0t,Team Heretics,chamber,True,100,25,1,6,1,5,False,grubinho,GIANTX,omen,True,100,50,1,1,1,3,False,ara,GIANTX,raze,True,100,50,0,0,1,1,False,Cloud,GIANTX,fade,True,100,50,2,1,0,1,False,Flickless,GIANTX,viper,True,100,50,1,1,0,1,False,westside,GIANTX,cypher,True,100,50,0,2,1,5,False
1324.557,5672,ACTIVE_ROUND,11,3,7,85.000,,,MiniBoo,Team Heretics,raze,True,100,25,0,2,0,1,False,RieNs,Team Heretics,fade,True,100,25,2,0,1,3,False,Boo,Team Heretics,omen,True,100,25,2,1,1,3,False,benjyfishy,Team Heretics,deadlock,True,100,25,1,0,0,1,False,Wo0t,Team Heretics,chamber,True,100,25,1,6,1,5,False,grubinho,GIANTX,omen,True,100,50,1,1,1,3,False,ara,GIANTX,raze,True,100,50,0,0,1,1,False,Cloud,GIANTX,fade,True,100,50,2,1,0,1,False,Flickless,GIANTX,viper,True,100,50,1,1,0,1,False,westside,GIANTX,cypher,True,100,50,0,2,1,5,False
1324.790,5673,ACTIVE_ROUND,11,3,7,85.000,,,MiniBoo,Team Heretics,raze,True,100,25,0,2,0,1,False,RieNs,Team Heretics,fade,True,100,25,2,0,1,3,False,Boo,Team Heretics,omen,True,100,25,2,1,1,3,False,benjyfishy,Team Heretics,deadlock,True,100,25,1,0,0,1,False,Wo0t,Team Heretics,chamber,True,100,25,1,6,1,5,False,grubinho,GIANTX,omen,True,100,50,1,1,1,3,False,ara,GIANTX,raze,True,100,50,0,0,1,1,False,Cloud,GIANTX,fade,True,100,50,2,1,0,1,False,Flickless,GIANTX,viper,True,100,50,1,1,0,1,False,westside,GIANTX,cypher,True,100,50,0,2,1,5,False
1325.024,5674,ACTIVE_ROUND,11,3,7,85.000,,,MiniBoo,Team Heretics,raze,True,100,25,0,2,0,1,False,RieNs,Team Heretics,fade,True,100,25,2,0,1,3,False,Boo,Team Heretics,omen,True,100,25,2,1,1,3,False,benjyfishy,Team Heretics,deadlock,True,100,25,1,0,0,1,False,Wo0t,Team Heretics,chamber,True,100,25,1,6,1,5,False,grubinho,GIANTX,omen,True,100,50,1,1,1,3,False,ara,GIANTX,raze,True,100,50,0,0,1,1,False,Cloud,GIANTX,fade,True,100,50,2,1,0,1,False,Flickless,GIANTX,viper,True,100,50,1,1,0,1,False,westside,GIANTX,cypher,True,100,50,0,2,1,5,False
1325.257,5675,ACTIVE_ROUND,11,3,7,85.000,,,MiniBoo,Team Heretics,raze,True,100,25,0,2,0,1,False,RieNs,Team Heretics,fade,True,100,25,2,0,1,3,False,Boo,Team Heretics,omen,True,100,25,2,1,1,3,False,benjyfishy,Team Heretics,deadlock,True,100,25,1,0,0,1,False,Wo0t,Team Heretics,chamber,True,100,25,1,6,1,5,False,grubinho,GIANTX,omen,True,100,50,1,1,1,3,False,ara,GIANTX,raze,True,100,50,0,0,1,1,False,Cloud,GIANTX,fade,True,100,50,2,1,0,1,False,Flickless,GIANTX,viper,True,100,50,1,1,0,1,False,westside,GIANTX,cypher,True,100,50,0,2,1,5,False
1325.491,5676,ACTIVE_ROUND,11,3,7,84.000,,,MiniBoo,Team Heretics,raze,True,100,25,0,2,0,1,False,RieNs,Team Heretics,fade,True,100,25,2,0,1,3,False,Boo,Team Heretics,omen,True,100,25,2,1,1,3,False,benjyfishy,Team Heretics,deadlock,True,100,25,1,0,0,1,False,Wo0t,Team Heretics,chamber,True,100,25,1,6,1,5,False,grubinho,GIANTX,omen,True,100,50,1,1,1,3,False,ara,GIANTX,raze,True,100,50,0,0,1,1,False,Cloud,GIANTX,fade,True,100,50,2,1,0,1,False,Flickless,GIANTX,viper,True,100,50,1,1,0,1,False,westside,GIANTX,cypher,True,100,50,0,2,1,5,False
1325.724,5677,ACTIVE_ROUND,11,3,7,84.000,,,MiniBoo,Team Heretics,raze,True,100,25,0,2,0,1,False,RieNs,Team Heretics,fade,True,100,25,2,0,1,3,False,Boo,Team Heretics,omen,True,100,25,2,1,1,3,False,benjyfishy,Team Heretics,deadlock,True,100,25,1,0,0,1,False,Wo0t,Team Heretics,chamber,True,100,25,1,6,1,5,False,grubinho,GIANTX,omen,True,100,50,1,1,1,3,False,ara,GIANTX,raze,True,100,50,0,0,1,1,False,Cloud,GIANTX,fade,True,100,50,2,1,0,1,False,Flickless,GIANTX,viper,True,100,50,1,1,0,1,False,westside,GIANTX,cypher,True,100,50,0,2,1,5,False
1325.958,5678,ACTIVE_ROUND,11,3,7,84.000,,,MiniBoo,Team Heretics,raze,True,100,25,0,2,0,1,False,RieNs,Team Heretics,fade,True,100,25,2,0,1,3,False,Boo,Team Heretics,omen,True,100,25,2,1,1,3,False,benjyfishy,Team Heretics,deadlock,True,100,25,1,0,0,1,False,Wo0t,Team Heretics,chamber,True,100,25,1,6,1,5,False,grubinho,GIANTX,omen,True,100,50,1,1,1,3,False,ara,GIANTX,raze,True,100,50,0,0,1,1,False,Cloud,GIANTX,fade,True,100,50,2,1,0,1,False,Flickless,GIANTX,viper,True,100,50,1,1,0,1,False,westside,GIANTX,cypher,True,100,50,0,2,1,5,False
1326.192,5679,ACTIVE_ROUND,11,3,7,84.000,,,MiniBoo,Team Heretics,raze,True,100,25,0,2,0,1,False,RieNs,Team Heretics,fade,True,100,25,2,0,1,3,False,Boo,Team Heretics,omen,True,100,25,2,1,1,3,False,benjyfishy,Team Heretics,deadlock,True,100,25,1,0,0,1,False,Wo0t,Team Heretics,chamber,True,100,25,1,6,1,5,False,grubinho,GIANTX,omen,True,100,50,1,1,1,3,False,ara,GIANTX,raze,True,100,50,0,0,1,1,False,Cloud,GIANTX,fade,True,100,50,2,1,0,1,False,Flickless,GIANTX,viper,True,100,50,1,1,0,1,False,westside,GIANTX,cypher,True,100,50,0,2,1,5,False
1326.425,5680,ACTIVE_ROUND,11,3,7,83.000,,,MiniBoo,Team Heretics,raze,True,100,25,0,2,0,1,False,RieNs,Team Heretics,fade,True,100,25,2,0,1,3,False,Boo,Team Heretics,omen,True,100,25,2,1,1,3,False,benjyfishy,Team Heretics,deadlock,True,100,25,1,0,0,1,False,Wo0t,Team Heretics,chamber,True,100,25,1,6,1,5,False,grubinho,GIANTX,omen,True,100,50,1,1,1,3,False,ara,GIANTX,raze,True,100,50,0,0,1,1,False,Cloud,GIANTX,fade,True,100,50,2,1,0,1,False,Flickless,GIANTX,viper,True,100,50,1,1,0,1,False,westside,GIANTX,cypher,True,100,50,0,2,1,5,False
1326.659,5681,ACTIVE_ROUND,11,3,7,83.000,,,MiniBoo,Team Heretics,raze,True,100,25,0,2,0,1,False,RieNs,Team Heretics,fade,True,100,25,2,0,1,3,False,Boo,Team Heretics,omen,True,100,25,2,1,1,3,False,benjyfishy,Team Heretics,deadlock,True,100,25,1,0,0,1,False,Wo0t,Team Heretics,chamber,True,100,25,1,6,1,5,False,grubinho,GIANTX,omen,True,100,50,1,1,1,3,False,ara,GIANTX,raze,True,100,50,0,0,1,1,False,Cloud,GIANTX,fade,True,100,50,2,1,0,1,False,Flickless,GIANTX,viper,True,100,50,1,1,0,1,False,westside,GIANTX,cypher,True,100,50,0,2,1,5,False
1326.892,5682,ACTIVE_ROUND,11,3,7,83.000,,,MiniBoo,Team Heretics,raze,True,100,25,0,2,0,1,False,RieNs,Team Heretics,fade,True,100,25,2,0,1,3,False,Boo,Team Heretics,omen,True,100,25,2,1,1,3,False,benjyfishy,Team Heretics,deadlock,True,100,25,1,0,0,1,False,Wo0t,Team Heretics,chamber,True,100,25,1,6,1,5,False,grubinho,GIANTX,omen,True,100,50,1,1,1,3,False,ara,GIANTX,raze,True,100,50,0,0,1,1,False,Cloud,GIANTX,fade,True,100,50,2,1,0,1,False,Flickless,GIANTX,viper,True,100,50,1,1,0,1,False,westside,GIANTX,cypher,True,100,50,0,2,1,5,False
1327.126,5683,ACTIVE_ROUND,11,3,7,83.000,,,MiniBoo,Team Heretics,raze,True,100,25,0,2,0,1,False,RieNs,Team Heretics,fade,True,100,25,2,0,1,3,False,Boo,Team Heretics,omen,True,100,25,2,1,1,3,False,benjyfishy,Team Heretics,deadlock,True,100,25,1,0,0,1,False,Wo0t,Team Heretics,chamber,True,100,25,1,6,1,5,False,grubinho,GIANTX,omen,True,100,50,1,1,1,3,False,ara,GIANTX,raze,True,100,50,0,0,1,1,False,Cloud,GIANTX,fade,True,100,50,2,1,0,1,False,Flickless,GIANTX,viper,True,100,50,1,1,0,1,False,westside,GIANTX,cypher,True,100,50,0,2,1,5,False
1327.359,5684,ACTIVE_ROUND,11,3,7,83.000,,,MiniBoo,Team Heretics,raze,True,100,25,0,2,0,1,False,RieNs,Team Heretics,fade,True,100,25,2,0,1,3,False,Boo,Team Heretics,omen,True,100,25,2,1,1,3,False,benjyfishy,Team Heretics,deadlock,True,100,25,1,0,0,1,False,Wo0t,Team Heretics,chamber,True,100,25,1,6,1,5,False,grubinho,GIANTX,omen,True,100,50,1,1,1,3,False,ara,GIANTX,raze,True,100,50,0,0,1,1,False,Cloud,GIANTX,fade,True,100,50,2,1,0,1,False,Flickless,GIANTX,viper,True,100,50,1,1,0,1,False,westside,GIANTX,cypher,True,100,50,0,2,1,5,False
1327.593,5685,ACTIVE_ROUND,11,3,7,82.000,,,MiniBoo,Team Heretics,raze,True,100,25,0,2,0,1,False,RieNs,Team Heretics,fade,True,100,25,2,0,1,3,False,Boo,Team Heretics,omen,True,100,25,2,1,1,3,False,benjyfishy,Team Heretics,deadlock,True,100,25,1,0,0,1,False,Wo0t,Team Heretics,chamber,True,100,25,1,6,1,5,False,grubinho,GIANTX,omen,True,100,50,1,1,1,3,False,ara,GIANTX,raze,True,100,50,0,0,1,1,False,Cloud,GIANTX,fade,True,100,50,2,1,0,1,False,Flickless,GIANTX,viper,True,100,50,1,1,0,1,False,westside,GIANTX,cypher,True,100,50,0,2,1,5,False
1327.827,5686,ACTIVE_ROUND,11,3,7,82.000,,,MiniBoo,Team Heretics,raze,True,100,25,0,2,0,1,False,RieNs,Team Heretics,fade,True,100,25,2,0,1,3,False,Boo,Team Heretics,omen,True,100,25,2,1,1,3,False,benjyfishy,Team Heretics,deadlock,True,100,25,1,0,0,1,False,Wo0t,Team Heretics,chamber,True,100,25,1,6,1,5,False,grubinho,GIANTX,omen,True,100,50,1,1,1,3,False,ara,GIANTX,raze,True,100,50,0,0,1,1,False,Cloud,GIANTX,fade,True,100,50,2,1,0,1,False,Flickless,GIANTX,viper,True,100,50,1,1,0,1,False,westside,GIANTX,cypher,True,100,50,0,2,1,5,False
1328.060,5687,ACTIVE_ROUND,11,3,7,82.000,,,MiniBoo,Team Heretics,raze,True,100,25,0,2,0,1,False,RieNs,Team Heretics,fade,True,100,25,2,0,1,3,False,Boo,Team Heretics,omen,True,100,25,2,1,1,3,False,benjyfishy,Team Heretics,deadlock,True,100,25,1,0,0,1,False,Wo0t,Team Heretics,chamber,True,100,25,1,6,1,5,False,grubinho,GIANTX,omen,True,100,50,1,1,1,3,False,ara,GIANTX,raze,True,100,50,0,0,1,1,False,Cloud,GIANTX,fade,True,100,50,2,1,0,1,False,Flickless,GIANTX,viper,True,100,50,1,1,0,1,False,westside,GIANTX,cypher,True,100,50,0,2,1,5,False
1328.294,5688,ACTIVE_ROUND,11,3,7,82.000,,,MiniBoo,Team Heretics,raze,True,100,25,0,2,0,1,False,RieNs,Team Heretics,fade,True,100,25,2,0,1,3,False,Boo,Team Heretics,omen,True,100,25,2,1,1,3,False,benjyfishy,Team Heretics,deadlock,True,100,25,1,0,0,1,False,Wo0t,Team Heretics,chamber,True,100,25,1,6,0,5,False,grubinho,GIANTX,omen,True,100,50,1,1,1,3,False,ara,GIANTX,raze,True,100,50,0,0,1,1,False,Cloud,GIANTX,fade,True,100,50,2,1,0,1,False,Flickless,GIANTX,viper,True,100,50,1,1,0,1,False,westside,GIANTX,cypher,True,100,50,0,2,1,5,False
1328.527,5689,ACTIVE_ROUND,11,3,7,81.000,,,MiniBoo,Team Heretics,raze,True,100,25,0,2,0,1,False,RieNs,Team Heretics,fade,True,100,25,2,0,1,3,False,Boo,Team Heretics,omen,True,100,25,2,1,1,3,False,benjyfishy,Team Heretics,deadlock,True,100,25,1,0,0,1,False,Wo0t,Team Heretics,chamber,True,100,25,1,6,0,5,False,grubinho,GIANTX,omen,True,100,50,1,1,1,3,False,ara,GIANTX,raze,True,100,50,0,0,1,1,False,Cloud,GIANTX,fade,True,100,50,2,1,0,1,False,Flickless,GIANTX,viper,True,100,50,1,1,0,1,False,westside,GIANTX,cypher,True,100,50,0,2,1,5,False
1328.761,5690,ACTIVE_ROUND,11,3,7,81.000,,,MiniBoo,Team Heretics,raze,True,100,25,0,2,0,1,False,RieNs,Team Heretics,fade,True,100,25,2,0,1,3,False,Boo,Team Heretics,omen,True,100,25,2,1,1,3,False,benjyfishy,Team Heretics,deadlock,True,100,25,1,0,0,1,False,Wo0t,Team Heretics,chamber,True,100,25,1,6,0,5,False,grubinho,GIANTX,omen,True,100,50,1,1,1,3,False,ara,GIANTX,raze,True,100,50,0,0,1,1,False,Cloud,GIANTX,fade,True,100,50,2,1,0,1,False,Flickless,GIANTX,viper,True,100,50,1,1,0,1,False,westside,GIANTX,cypher,True,100,50,0,2,1,5,False
1328.994,5691,ACTIVE_ROUND,11,3,7,81.000,,,MiniBoo,Team Heretics,raze,True,100,25,0,2,0,1,False,RieNs,Team Heretics,fade,True,100,25,2,0,1,3,False,Boo,Team Heretics,omen,True,100,25,2,1,1,3,False,benjyfishy,Team Heretics,deadlock,True,100,25,1,0,0,1,False,Wo0t,Team Heretics,chamber,True,100,25,1,6,0,5,False,grubinho,GIANTX,omen,True,100,50,1,1,1,3,False,ara,GIANTX,raze,True,100,50,0,0,1,1,False,Cloud,GIANTX,fade,True,100,50,2,1,0,1,False,Flickless,GIANTX,viper,True,100,50,1,1,0,1,False,westside,GIANTX,cypher,True,100,50,0,2,1,5,False
1329.228,5692,ACTIVE_ROUND,11,3,7,81.000,,,MiniBoo,Team Heretics,raze,True,100,25,0,2,0,1,False,RieNs,Team Heretics,fade,True,100,25,2,0,1,3,False,Boo,Team Heretics,omen,True,100,25,2,1,1,3,False,benjyfishy,Team Heretics,deadlock,True,100,25,1,0,0,1,False,Wo0t,Team Heretics,chamber,True,100,25,1,6,0,5,False,grubinho,GIANTX,omen,True,100,50,1,1,1,3,False,ara,GIANTX,raze,True,100,50,0,0,1,1,False,Cloud,GIANTX,fade,True,100,50,2,1,0,1,False,Flickless,GIANTX,viper,True,100,50,1,1,0,1,False,westside,GIANTX,cypher,True,100,50,0,2,1,5,False
1329.461,5693,ACTIVE_ROUND,11,3,7,80.000,,,MiniBoo,Team Heretics,raze,True,100,25,0,2,0,1,False,RieNs,Team Heretics,fade,True,100,25,2,0,1,3,False,Boo,Team Heretics,omen,True,100,25,2,1,1,3,False,benjyfishy,Team Heretics,deadlock,True,100,25,1,0,0,1,False,Wo0t,Team Heretics,chamber,True,100,25,1,6,0,5,False,grubinho,GIANTX,omen,True,100,50,1,1,1,3,False,ara,GIANTX,raze,True,100,50,0,0,1,1,False,Cloud,GIANTX,fade,True,100,50,2,1,0,1,False,Flickless,GIANTX,viper,True,100,50,1,1,0,1,False,westside,GIANTX,cypher,True,100,50,0,2,1,5,False
1329.695,5694,ACTIVE_ROUND,11,3,7,80.000,,,MiniBoo,Team Heretics,raze,True,100,25,0,2,0,1,False,RieNs,Team Heretics,fade,True,100,25,2,0,1,3,False,Boo,Team Heretics,omen,True,100,25,2,1,1,3,False,benjyfishy,Team Heretics,deadlock,True,100,25,1,0,0,1,False,Wo0t,Team Heretics,chamber,True,100,25,1,6,0,5,False,grubinho,GIANTX,omen,True,100,50,1,1,1,3,False,ara,GIANTX,raze,True,100,50,0,0,1,1,False,Cloud,GIANTX,fade,True,100,50,2,1,0,1,False,Flickless,GIANTX,viper,True,100,50,1,1,0,1,False,westside,GIANTX,cypher,True,100,50,0,2,1,5,False
1329.929,5695,ACTIVE_ROUND,11,3,7,80.000,,,MiniBoo,Team Heretics,raze,True,100,25,0,2,0,1,False,RieNs,Team Heretics,fade,True,100,25,2,0,1,3,False,Boo,Team Heretics,omen,True,100,25,2,1,1,3,False,benjyfishy,Team Heretics,deadlock,True,100,25,1,0,0,1,False,Wo0t,Team Heretics,chamber,True,100,25,1,6,0,5,False,grubinho,GIANTX,omen,True,100,50,1,1,1,3,False,ara,GIANTX,raze,True,100,50,0,0,1,1,False,Cloud,GIANTX,fade,True,100,50,2,1,0,1,False,Flickless,GIANTX,viper,True,100,50,1,1,0,1,False,westside,GIANTX,cypher,True,100,50,0,2,1,5,False
1330.162,5696,ACTIVE_ROUND,11,3,7,80.000,,,MiniBoo,Team Heretics,raze,True,100,25,0,2,0,1,False,RieNs,Team Heretics,fade,True,100,25,2,0,1,3,False,Boo,Team Heretics,omen,True,100,25,2,1,1,3,False,benjyfishy,Team Heretics,deadlock,True,100,25,1,0,0,1,False,Wo0t,Team Heretics,chamber,True,100,25,1,6,0,5,False,grubinho,GIANTX,omen,True,100,50,1,1,1,3,False,ara,GIANTX,raze,True,100,50,0,0,1,1,False,Cloud,GIANTX,fade,True,100,50,2,1,0,1,False,Flickless,GIANTX,viper,True,100,50,1,0,0,1,False,westside,GIANTX,cypher,True,100,50,0,2,1,5,False
1330.396,5697,ACTIVE_ROUND,11,3,7,79.000,,,MiniBoo,Team Heretics,raze,True,100,25,0,2,0,1,False,RieNs,Team Heretics,fade,True,100,25,2,0,1,3,False,Boo,Team Heretics,omen,True,100,25,2,1,1,3,False,benjyfishy,Team Heretics,deadlock,True,100,25,1,0,0,1,False,Wo0t,Team Heretics,chamber,True,100,25,1,6,0,5,False,grubinho,GIANTX,omen,True,100,50,1,1,1,3,False,ara,GIANTX,raze,True,100,50,0,0,1,1,False,Cloud,GIANTX,fade,True,100,50,2,1,0,1,False,Flickless,GIANTX,viper,True,100,50,1,0,0,1,False,westside,GIANTX,cypher,True,100,50,0,2,1,5,False
1330.629,5698,ACTIVE_ROUND,11,3,7,79.000,,,MiniBoo,Team Heretics,raze,True,100,25,0,2,0,1,False,RieNs,Team Heretics,fade,True,100,25,2,0,1,3,False,Boo,Team Heretics,omen,True,100,25,2,1,1,3,False,benjyfishy,Team Heretics,deadlock,True,100,25,1,0,0,1,False,Wo0t,Team Heretics,chamber,True,100,25,1,6,0,5,False,grubinho,GIANTX,omen,True,100,50,1,1,1,3,False,ara,GIANTX,raze,True,100,50,0,0,1,1,False,Cloud,GIANTX,fade,True,100,50,2,1,0,1,False,Flickless,GIANTX,viper,True,100,50,1,0,0,1,False,westside,GIANTX,cypher,True,100,50,0,2,1,5,False
1330.863,5699,ACTIVE_ROUND,11,3,7,79.000,,,MiniBoo,Team Heretics,raze,True,100,25,0,2,0,1,False,RieNs,Team Heretics,fade,True,100,25,2,0,1,3,False,Boo,Team Heretics,omen,True,100,25,2,1,1,3,False,benjyfishy,Team Heretics,deadlock,True,100,25,1,0,0,1,False,Wo0t,Team Heretics,chamber,True,100,25,1,6,0,5,False,grubinho,GIANTX,omen,True,100,50,1,1,1,3,False,ara,GIANTX,raze,True,100,50,0,0,1,1,False,Cloud,GIANTX,fade,True,100,50,2,1,0,1,False,Flickless,GIANTX,viper,True,100,50,1,0,0,1,False,westside,GIANTX,cypher,True,100,50,0,2,1,5,False
1331.096,5700,ACTIVE_ROUND,11,3,7,79.000,,,MiniBoo,Team Heretics,raze,True,100,25,0,2,0,1,False,RieNs,Team Heretics,fade,True,100,25,2,0,1,3,False,Boo,Team Heretics,omen,True,100,25,2,1,1,3,False,benjyfishy,Team Heretics,deadlock,True,100,25,1,0,0,1,False,Wo0t,Team Heretics,chamber,True,100,25,1,6,0,5,False,grubinho,GIANTX,omen,True,100,50,1,1,1,3,False,ara,GIANTX,raze,True,100,50,0,0,1,1,False,Cloud,GIANTX,fade,True,100,50,2,1,0,1,False,Flickless,GIANTX,viper,True,100,50,1,0,0,1,False,westside,GIANTX,cypher,True,100,50,0,2,1,5,False
1331.330,5701,ACTIVE_ROUND,11,3,7,79.000,,,MiniBoo,Team Heretics,raze,True,100,25,0,2,0,1,False,RieNs,Team Heretics,fade,True,100,25,2,0,1,3,False,Boo,Team Heretics,omen,True,100,25,2,1,1,3,False,benjyfishy,Team Heretics,deadlock,True,100,25,1,0,0,1,False,Wo0t,Team Heretics,chamber,True,100,25,1,6,0,5,False,grubinho,GIANTX,omen,True,100,50,1,1,1,3,False,ara,GIANTX,raze,True,100,50,0,0,1,1,False,Cloud,GIANTX,fade,True,100,50,2,1,0,1,False,Flickless,GIANTX,viper,True,100,50,1,0,0,1,False,westside,GIANTX,cypher,True,100,50,0,2,1,5,False
1331.564,5702,ACTIVE_ROUND,11,3,7,78.000,,,MiniBoo,Team Heretics,raze,True,100,25,0,2,0,1,False,RieNs,Team Heretics,fade,True,100,25,2,0,1,3,False,Boo,Team Heretics,omen,True,100,25,2,1,1,3,False,benjyfishy,Team Heretics,deadlock,True,100,25,1,0,0,1,False,Wo0t,Team Heretics,chamber,True,100,25,1,6,0,5,False,grubinho,GIANTX,omen,True,100,50,1,1,1,3,False,ara,GIANTX,raze,True,100,50,0,0,1,1,False,Cloud,GIANTX,fade,True,100,50,2,1,0,1,False,Flickless,GIANTX,viper,True,100,50,1,0,0,1,False,westside,GIANTX,cypher,True,100,50,0,2,1,5,False
1331.797,5703,ACTIVE_ROUND,11,3,7,78.000,,,MiniBoo,Team Heretics,raze,True,100,25,0,2,0,1,False,RieNs,Team Heretics,fade,True,100,25,2,0,1,3,False,Boo,Team Heretics,omen,True,100,25,2,1,1,3,False,benjyfishy,Team Heretics,deadlock,True,100,25,1,0,0,1,False,Wo0t,Team Heretics,chamber,True,100,25,1,6,0,5,False,grubinho,GIANTX,omen,True,100,50,1,1,1,3,False,ara,GIANTX,raze,True,100,50,0,0,1,1,False,Cloud,GIANTX,fade,True,100,50,2,1,0,1,False,Flickless,GIANTX,viper,True,100,50,1,0,0,1,False,westside,GIANTX,cypher,True,100,50,0,2,1,5,False
1332.031,5704,ACTIVE_ROUND,11,3,7,78.000,,,MiniBoo,Team Heretics,raze,True,100,25,0,2,0,1,False,RieNs,Team Heretics,fade,True,100,25,2,0,1,3,False,Boo,Team Heretics,omen,True,100,25,2,1,1,3,False,benjyfishy,Team Heretics,deadlock,True,100,25,1,0,0,1,False,Wo0t,Team Heretics,chamber,True,100,25,1,6,0,5,False,grubinho,GIANTX,omen,True,100,50,1,1,1,3,False,ara,GIANTX,raze,True,100,50,0,0,1,1,False,Cloud,GIANTX,fade,True,100,50,2,1,0,1,False,Flickless,GIANTX,viper,True,100,50,1,0,0,1,False,westside,GIANTX,cypher,True,100,50,0,2,1,5,False
1332.264,5705,ACTIVE_ROUND,11,3,7,78.000,,,MiniBoo,Team Heretics,raze,True,100,25,0,2,0,1,False,RieNs,Team Heretics,fade,True,100,25,2,0,1,3,False,Boo,Team Heretics,omen,True,100,25,2,1,1,3,False,benjyfishy,Team Heretics,deadlock,True,100,25,1,0,0,1,False,Wo0t,Team Heretics,chamber,True,100,25,1,6,0,5,False,grubinho,GIANTX,omen,True,100,50,1,1,1,3,False,ara,GIANTX,raze,True,100,50,0,0,1,1,False,Cloud,GIANTX,fade,True,100,50,2,1,0,1,False,Flickless,GIANTX,viper,True,100,50,1,0,0,1,False,westside,GIANTX,cypher,True,100,50,0,2,1,5,False
1332.498,5706,ACTIVE_ROUND,11,3,7,77.000,,,MiniBoo,Team Heretics,raze,True,100,25,0,2,0,1,False,RieNs,Team Heretics,fade,True,100,25,2,0,1,3,False,Boo,Team Heretics,omen,True,100,25,2,1,1,3,False,benjyfishy,Team Heretics,deadlock,True,100,25,1,0,0,1,False,Wo0t,Team Heretics,chamber,True,100,25,1,6,0,5,False,grubinho,GIANTX,omen,True,100,50,1,1,1,3,False,ara,GIANTX,raze,True,100,50,0,0,1,1,False,Cloud,GIANTX,fade,True,100,50,2,1,0,1,False,Flickless,GIANTX,viper,True,100,50,1,0,0,1,False,westside,GIANTX,cypher,True,100,50,0,2,1,5,False
1332.731,5707,ACTIVE_ROUND,11,3,7,77.000,,,MiniBoo,Team Heretics,raze,True,100,25,0,2,0,1,False,RieNs,Team Heretics,fade,True,100,25,2,0,1,3,False,Boo,Team Heretics,omen,True,100,25,2,1,1,3,False,benjyfishy,Team Heretics,deadlock,True,100,25,1,0,0,1,False,Wo0t,Team Heretics,chamber,True,100,25,1,6,0,5,False,grubinho,GIANTX,omen,True,100,50,1,1,1,3,False,ara,GIANTX,raze,True,100,50,0,0,1,1,False,Cloud,GIANTX,fade,True,100,50,2,1,0,1,False,Flickless,GIANTX,viper,True,100,50,1,0,0,1,False,westside,GIANTX,cypher,True,100,50,0,2,1,5,False
1332.965,5708,ACTIVE_ROUND,11,3,7,77.000,,,MiniBoo,Team Heretics,raze,True,100,25,0,2,0,1,False,RieNs,Team Heretics,fade,True,100,25,2,0,1,3,False,Boo,Team Heretics,omen,True,100,25,2,1,1,3,False,benjyfishy,Team Heretics,deadlock,True,100,25,1,0,0,1,False,Wo0t,Team Heretics,chamber,True,100,25,1,6,0,5,False,grubinho,GIANTX,omen,True,100,50,1,1,1,3,False,ara,GIANTX,raze,True,100,50,0,0,1,1,False,Cloud,GIANTX,fade,True,100,50,2,1,0,1,False,Flickless,GIANTX,viper,True,100,50,1,0,0,1,False,westside,GIANTX,cypher,True,100,50,0,2,1,5,False
1333.199,5709,ACTIVE_ROUND,11,3,7,77.000,,,MiniBoo,Team Heretics,raze,True,100,25,0,2,0,1,False,RieNs,Team Heretics,fade,True,100,25,2,0,1,3,False,Boo,Team Heretics,omen,True,100,25,2,1,0,3,False,benjyfishy,Team Heretics,deadlock,True,100,25,1,0,0,1,False,Wo0t,Team Heretics,chamber,True,100,25,1,6,0,5,False,grubinho,GIANTX,omen,True,100,50,1,1,0,3,False,ara,GIANTX,raze,True,100,50,0,0,1,1,False,Cloud,GIANTX,fade,True,100,50,2,1,0,1,False,Flickless,GIANTX,viper,True,100,50,1,0,0,1,False,westside,GIANTX,cypher,True,100,50,0,2,1,5,False
1333.432,5710,ACTIVE_ROUND,11,3,7,76.000,,,MiniBoo,Team Heretics,raze,True,100,25,0,2,0,1,False,RieNs,Team Heretics,fade,True,100,25,2,0,1,3,False,Boo,Team Heretics,omen,True,100,25,2,1,0,3,False,benjyfishy,Team Heretics,deadlock,True,100,25,1,0,0,1,False,Wo0t,Team Heretics,chamber,True,100,25,1,6,0,5,False,grubinho,GIANTX,omen,True,100,50,1,1,0,3,False,ara,GIANTX,raze,True,100,50,0,0,1,1,False,Cloud,GIANTX,fade,True,100,50,2,1,0,1,False,Flickless,GIANTX,viper,True,100,50,1,0,0,1,False,westside,GIANTX,cypher,True,100,50,0,2,1,5,False
1333.666,5711,ACTIVE_ROUND,11,3,7,76.000,,,MiniBoo,Team Heretics,raze,True,100,25,0,2,0,1,False,RieNs,Team Heretics,fade,True,100,25,2,0,1,3,False,Boo,Team Heretics,omen,True,100,25,2,1,0,3,False,benjyfishy,Team Heretics,deadlock,True,100,25,1,0,0,1,False,Wo0t,Team Heretics,chamber,True,100,25,1,6,0,5,False,grubinho,GIANTX,omen,True,100,50,1,1,0,3,False,ara,GIANTX,raze,True,100,50,0,0,1,1,False,Cloud,GIANTX,fade,True,100,50,2,1,0,1,False,Flickless,GIANTX,viper,True,100,50,1,0,0,1,False,westside,GIANTX,cypher,True,100,50,0,2,1,5,False
1333.899,5712,ACTIVE_ROUND,11,3,7,76.000,,,MiniBoo,Team Heretics,raze,True,100,25,0,2,0,1,False,RieNs,Team Heretics,fade,True,100,25,2,0,1,3,False,Boo,Team Heretics,omen,True,100,25,2,1,0,3,False,benjyfishy,Team Heretics,deadlock,True,100,25,1,0,0,1,False,Wo0t,Team Heretics,chamber,True,100,25,1,6,0,5,False,grubinho,GIANTX,omen,True,100,50,1,1,0,3,False,ara,GIANTX,raze,True,100,50,0,0,1,1,False,Cloud,GIANTX,fade,True,100,50,2,1,0,1,False,Flickless,GIANTX,viper,True,100,50,1,0,0,1,False,westside,GIANTX,cypher,True,100,50,0,2,1,5,False
1334.133,5713,ACTIVE_ROUND,11,3,7,76.000,,,MiniBoo,Team Heretics,raze,True,100,25,0,2,0,1,False,RieNs,Team Heretics,fade,True,100,25,2,0,1,3,False,Boo,Team Heretics,omen,True,100,25,2,1,0,3,False,benjyfishy,Team Heretics,deadlock,True,100,25,1,0,0,1,False,Wo0t,Team Heretics,chamber,True,100,25,1,6,0,5,False,grubinho,GIANTX,omen,True,100,50,1,1,0,3,False,ara,GIANTX,raze,True,100,50,0,0,1,1,False,Cloud,GIANTX,fade,True,100,50,1,1,0,1,False,Flickless,GIANTX,viper,True,100,50,1,0,0,1,False,westside,GIANTX,cypher,True,100,50,0,2,1,5,False
1334.366,5714,ACTIVE_ROUND,11,3,7,76.000,,,MiniBoo,Team Heretics,raze,True,100,25,0,2,0,1,False,RieNs,Team Heretics,fade,True,100,25,2,0,1,3,False,Boo,Team Heretics,omen,True,100,25,2,1,0,3,False,benjyfishy,Team Heretics,deadlock,True,100,25,1,0,0,1,False,Wo0t,Team Heretics,chamber,True,100,25,1,6,0,5,False,grubinho,GIANTX,omen,True,100,50,1,1,0,3,False,ara,GIANTX,raze,True,100,50,0,0,1,1,False,Cloud,GIANTX,fade,True,100,50,1,1,0,1,False,Flickless,GIANTX,viper,True,100,50,1,0,0,1,False,westside,GIANTX,cypher,True,100,50,0,2,1,5,False
1334.600,5715,ACTIVE_ROUND,11,3,7,75.000,,,MiniBoo,Team Heretics,raze,True,100,25,0,2,0,1,False,RieNs,Team Heretics,fade,True,100,25,2,0,1,3,False,Boo,Team Heretics,omen,True,100,25,2,1,0,3,False,benjyfishy,Team Heretics,deadlock,True,100,25,1,0,0,1,False,Wo0t,Team Heretics,chamber,True,100,25,1,6,0,5,False,grubinho,GIANTX,omen,True,100,50,1,1,0,3,False,ara,GIANTX,raze,True,100,50,0,0,1,1,False,Cloud,GIANTX,fade,True,100,50,1,1,0,1,False,Flickless,GIANTX,viper,True,100,50,1,0,0,1,False,westside,GIANTX,cypher,True,100,50,0,2,1,5,False
1334.833,5716,ACTIVE_ROUND,11,3,7,75.000,,,MiniBoo,Team Heretics,raze,True,100,25,0,2,0,1,False,RieNs,Team Heretics,fade,True,100,25,2,0,1,3,False,Boo,Team Heretics,omen,True,100,25,2,1,0,3,False,benjyfishy,Team Heretics,deadlock,True,100,25,1,0,0,1,False,Wo0t,Team Heretics,chamber,True,100,25,1,6,0,5,False,grubinho,GIANTX,omen,True,100,50,1,1,0,3,False,ara,GIANTX,raze,True,100,50,0,0,1,1,False,Cloud,GIANTX,fade,True,100,50,1,1,0,1,False,Flickless,GIANTX,viper,True,100,50,1,0,0,1,False,westside,GIANTX,cypher,True,100,50,0,2,1,5,False
1335.067,5717,ACTIVE_ROUND,11,3,7,75.000,,,MiniBoo,Team Heretics,raze,True,100,25,0,2,0,1,False,RieNs,Team Heretics,fade,True,100,25,2,0,1,3,False,Boo,Team Heretics,omen,True,100,25,2,1,0,3,False,benjyfishy,Team Heretics,deadlock,True,100,25,1,0,0,1,False,Wo0t,Team Heretics,chamber,True,100,25,1,6,0,5,False,grubinho,GIANTX,omen,True,100,50,1,1,0,3,False,ara,GIANTX,raze,True,100,50,0,0,1,1,False,Cloud,GIANTX,fade,True,100,50,1,1,0,1,False,Flickless,GIANTX,viper,True,100,50,1,0,0,1,False,westside,GIANTX,cypher,True,100,50,0,2,1,5,False
1335.301,5718,ACTIVE_ROUND,11,3,7,75.000,,,MiniBoo,Team Heretics,raze,True,100,25,0,2,0,1,False,RieNs,Team Heretics,fade,True,100,25,2,0,1,3,False,Boo,Team Heretics,omen,True,100,25,2,1,0,3,False,benjyfishy,Team Heretics,deadlock,True,100,25,1,0,0,1,False,Wo0t,Team Heretics,chamber,True,100,25,1,6,0,5,False,grubinho,GIANTX,omen,True,100,50,0,1,0,3,False,ara,GIANTX,raze,True,100,50,0,0,1,1,False,Cloud,GIANTX,fade,True,100,50,1,1,0,1,False,Flickless,GIANTX,viper,True,100,50,1,0,0,1,False,westside,GIANTX,cypher,True,100,50,0,2,1,5,False
1335.534,5719,ACTIVE_ROUND,11,3,7,74.000,,,MiniBoo,Team Heretics,raze,True,100,25,0,2,0,1,False,RieNs,Team Heretics,fade,True,100,25,2,0,1,3,False,Boo,Team Heretics,omen,True,100,25,2,1,0,3,False,benjyfishy,Team Heretics,deadlock,True,100,25,1,0,0,1,False,Wo0t,Team Heretics,chamber,True,100,25,1,6,0,5,False,grubinho,GIANTX,omen,True,100,50,0,1,0,3,False,ara,GIANTX,raze,True,100,50,0,0,1,1,False,Cloud,GIANTX,fade,True,100,50,1,1,0,1,False,Flickless,GIANTX,viper,True,100,50,1,0,0,1,False,westside,GIANTX,cypher,True,100,50,0,2,1,5,False
1335.768,5720,ACTIVE_ROUND,11,3,7,74.000,,,MiniBoo,Team Heretics,raze,True,100,25,0,2,0,1,False,RieNs,Team Heretics,fade,True,100,25,2,0,1,3,False,Boo,Team Heretics,omen,True,100,25,2,1,0,3,False,benjyfishy,Team Heretics,deadlock,True,100,25,1,0,0,1,False,Wo0t,Team Heretics,chamber,True,100,25,0,0,0,5,False,grubinho,GIANTX,omen,True,100,50,0,1,0,3,False,ara,GIANTX,raze,True,100,50,0,0,1,1,False,Cloud,GIANTX,fade,True,100,50,1,1,0,1,False,Flickless,GIANTX,viper,True,100,50,1,0,0,1,False,westside,GIANTX,cypher,True,100,50,0,2,1,5,False
1336.001,5721,ACTIVE_ROUND,11,3,7,74.000,,,MiniBoo,Team Heretics,raze,True,100,25,0,2,0,1,False,RieNs,Team Heretics,fade,True,100,25,2,0,1,3,False,Boo,Team Heretics,omen,True,100,25,2,1,0,3,False,benjyfishy,Team Heretics,deadlock,True,100,25,1,0,0,1,False,Wo0t,Team Heretics,chamber,False,,25,0,0,0,5,False,grubinho,GIANTX,omen,True,100,50,0,1,0,3,False,ara,GIANTX,raze,True,100,50,0,0,1,1,False,Cloud,GIANTX,fade,True,100,50,1,1,0,1,False,Flickless,GIANTX,viper,True,100,50,1,0,0,1,False,westside,GIANTX,cypher,True,100,50,0,2,1,5,False
1336.235,5722,ACTIVE_ROUND,11,3,7,74.000,,,MiniBoo,Team Heretics,raze,True,100,25,0,2,0,1,False,RieNs,Team Heretics,fade,True,100,25,2,0,1,3,False,Boo,Team Heretics,omen,True,100,25,2,1,0,3,False,benjyfishy,Team Heretics,deadlock,True,100,25,0,0,0,1,False,Wo0t,Team Heretics,chamber,False,,25,0,0,0,5,False,grubinho,GIANTX,omen,True,100,50,0,1,0,3,False,ara,GIANTX,raze,True,100,50,0,0,1,1,False,Cloud,GIANTX,fade,True,100,50,1,1,0,1,False,Flickless,GIANTX,viper,True,100,50,1,0,0,1,False,westside,GIANTX,cypher,True,100,50,0,2,1,6,False
1336.468,5723,ACTIVE_ROUND,11,3,7,73.000,,,MiniBoo,Team Heretics,raze,True,100,25,0,2,0,1,False,RieNs,Team Heretics,fade,True,100,25,2,0,1,3,False,Boo,Team Heretics,omen,True,100,25,2,1,0,3,False,benjyfishy,Team Heretics,deadlock,True,100,25,0,0,0,1,False,Wo0t,Team Heretics,chamber,False,,25,0,0,0,5,False,grubinho,GIANTX,omen,True,100,50,0,1,0,3,False,ara,GIANTX,raze,True,100,50,0,0,1,1,False,Cloud,GIANTX,fade,True,100,50,1,1,0,1,False,Flickless,GIANTX,viper,True,100,50,1,0,0,1,False,westside,GIANTX,cypher,True,100,50,0,2,1,6,False
1336.702,5724,ACTIVE_ROUND,11,3,7,73.000,,,MiniBoo,Team Heretics,raze,True,100,25,0,2,0,1,False,RieNs,Team Heretics,fade,True,100,25,2,0,1,3,False,Boo,Team Heretics,omen,True,100,25,2,1,0,3,False,benjyfishy,Team Heretics,deadlock,True,100,25,0,0,0,1,False,Wo0t,Team Heretics,chamber,False,,25,0,0,0,5,False,grubinho,GIANTX,omen,True,100,50,0,1,0,3,False,ara,GIANTX,raze,True,100,50,0,0,1,1,False,Cloud,GIANTX,fade,True,100,50,1,1,0,1,False,Flickless,GIANTX,viper,True,100,50,1,0,0,1,False,westside,GIANTX,cypher,True,100,50,0,2,1,6,False
1336.936,5725,ACTIVE_ROUND,11,3,7,73.000,,,MiniBoo,Team Heretics,raze,True,100,25,0,2,0,1,False,RieNs,Team Heretics,fade,True,100,25,2,0,1,3,False,Boo,Team Heretics,omen,True,100,25,2,1,0,3,False,benjyfishy,Team Heretics,deadlock,True,100,25,0,0,0,1,False,Wo0t,Team Heretics,chamber,False,,25,0,0,0,5,False,grubinho,GIANTX,omen,True,100,50,0,1,0,3,False,ara,GIANTX,raze,True,100,50,0,0,1,1,False,Cloud,GIANTX,fade,True,100,50,1,1,0,1,False,Flickless,GIANTX,viper,True,100,50,1,0,0,1,False,westside,GIANTX,cypher,True,100,50,0,2,1,6,False
1337.169,5726,ACTIVE_ROUND,11,3,7,73.000,,,MiniBoo,Team Heretics,raze,True,100,25,0,2,0,1,False,RieNs,Team Heretics,fade,True,100,25,2,0,0,3,False,Boo,Team Heretics,omen,True,100,25,2,1,0,3,False,benjyfishy,Team Heretics,deadlock,True,100,25,0,0,0,1,False,Wo0t,Team Heretics,chamber,False,,25,0,0,0,5,False,grubinho,GIANTX,omen,True,100,50,0,1,0,3,False,ara,GIANTX,raze,True,100,50,0,0,1,1,False,Cloud,GIANTX,fade,True,100,50,1,1,0,1,False,Flickless,GIANTX,viper,True,100,50,0,0,0,1,False,westside,GIANTX,cypher,True,100,50,0,2,1,6,False
1337.403,5727,ACTIVE_ROUND,11,3,7,72.000,,,MiniBoo,Team Heretics,raze,True,100,25,0,2,0,1,False,RieNs,Team Heretics,fade,True,100,25,2,0,0,3,False,Boo,Team Heretics,omen,True,100,25,2,1,0,3,False,benjyfishy,Team Heretics,deadlock,True,100,25,0,0,0,1,False,Wo0t,Team Heretics,chamber,False,,25,0,0,0,5,False,grubinho,GIANTX,omen,True,100,50,0,1,0,3,False,ara,GIANTX,raze,True,100,50,0,0,1,1,False,Cloud,GIANTX,fade,True,100,50,1,1,0,1,False,Flickless,GIANTX,viper,True,100,50,0,0,0,1,False,westside,GIANTX,cypher,True,100,50,0,2,1,6,False
1337.636,5728,ACTIVE_ROUND,11,3,7,72.000,,,MiniBoo,Team Heretics,raze,True,100,25,0,2,0,1,False,RieNs,Team Heretics,fade,True,100,25,2,0,0,3,False,Boo,Team Heretics,omen,True,100,25,2,1,0,3,False,benjyfishy,Team Heretics,deadlock,True,100,25,0,0,0,1,False,Wo0t,Team Heretics,chamber,False,,25,0,0,0,5,False,grubinho,GIANTX,omen,True,100,50,0,1,0,3,False,ara,GIANTX,raze,True,100,50,0,0,1,1,False,Cloud,GIANTX,fade,True,100,50,1,1,0,1,False,Flickless,GIANTX,viper,True,100,50,0,0,0,1,False,westside,GIANTX,cypher,True,100,50,0,2,1,6,False
1337.870,5729,ACTIVE_ROUND,11,3,7,72.000,,,MiniBoo,Team Heretics,raze,True,100,25,0,2,0,1,False,RieNs,Team Heretics,fade,True,100,25,2,0,0,3,False,Boo,Team Heretics,omen,True,100,25,2,1,0,3,False,benjyfishy,Team Heretics,deadlock,True,100,25,0,0,0,1,False,Wo0t,Team Heretics,chamber,False,,25,0,0,0,5,False,grubinho,GIANTX,omen,True,100,50,0,1,0,3,False,ara,GIANTX,raze,True,100,50,0,0,1,1,False,Cloud,GIANTX,fade,True,100,50,1,1,0,1,False,Flickless,GIANTX,viper,True,100,50,0,0,0,1,False,westside,GIANTX,cypher,True,100,50,0,2,1,6,False
1338.103,5730,ACTIVE_ROUND,11,3,7,72.000,,,MiniBoo,Team Heretics,raze,True,100,25,0,2,0,1,False,RieNs,Team Heretics,fade,True,100,25,2,0,0,3,False,Boo,Team Heretics,omen,True,100,25,2,1,0,3,False,benjyfishy,Team Heretics,deadlock,True,100,25,0,0,0,1,False,Wo0t,Team Heretics,chamber,False,,25,0,0,0,5,False,grubinho,GIANTX,omen,True,100,50,0,0,0,3,False,ara,GIANTX,raze,True,82,14,0,0,1,1,False,Cloud,GIANTX,fade,True,100,50,1,1,0,1,False,Flickless,GIANTX,viper,True,100,50,0,0,0,1,False,westside,GIANTX,cypher,True,100,50,0,2,1,6,False
1338.337,5731,ACTIVE_ROUND,11,3,7,72.000,,,MiniBoo,Team Heretics,raze,True,100,25,0,2,0,1,False,RieNs,Team Heretics,fade,True,100,25,2,0,0,3,False,Boo,Team Heretics,omen,True,100,25,2,1,0,3,False,benjyfishy,Team Heretics,deadlock,False,,25,0,0,0,1,False,Wo0t,Team Heretics,chamber,False,,25,0,0,0,5,False,grubinho,GIANTX,omen,True,100,50,0,0,0,3,False,ara,GIANTX,raze,True,82,14,0,0,1,1,False,Cloud,GIANTX,fade,True,100,50,1,1,0,1,False,Flickless,GIANTX,viper,True,100,50,0,0,0,1,False,westside,GIANTX,cypher,True,100,50,0,2,1,6,False
1338.571,5732,ACTIVE_ROUND,11,3,7,71.000,,,MiniBoo,Team Heretics,raze,True,100,25,0,2,0,1,False,RieNs,Team Heretics,fade,True,100,25,2,0,0,3,False,Boo,Team Heretics,omen,True,100,25,2,1,0,3,False,benjyfishy,Team Heretics,deadlock,False,,25,0,0,0,1,False,Wo0t,Team Heretics,chamber,False,,25,0,0,0,5,False,grubinho,GIANTX,omen,True,100,50,0,0,0,3,False,ara,GIANTX,raze,True,82,14,0,0,1,1,False,Cloud,GIANTX,fade,True,100,50,1,1,0,1,False,Flickless,GIANTX,viper,True,100,50,0,0,0,1,False,westside,GIANTX,cypher,True,100,50,0,2,1,6,False
1338.804,5733,ACTIVE_ROUND,11,3,7,71.000,,,MiniBoo,Team Heretics,raze,True,100,25,0,2,0,1,False,RieNs,Team Heretics,fade,True,100,25,2,0,0,3,False,Boo,Team Heretics,omen,True,100,25,2,1,0,3,False,benjyfishy,Team Heretics,deadlock,False,,25,0,0,0,1,False,Wo0t,Team Heretics,chamber,False,,25,0,0,0,5,False,grubinho,GIANTX,omen,True,100,50,0,0,0,3,False,ara,GIANTX,raze,True,82,14,0,0,1,1,False,Cloud,GIANTX,fade,True,100,50,1,1,0,1,False,Flickless,GIANTX,viper,True,100,50,0,0,0,1,False,westside,GIANTX,cypher,True,100,50,0,2,1,6,False
1339.038,5734,ACTIVE_ROUND,11,3,7,71.000,,,MiniBoo,Team Heretics,raze,True,100,25,0,2,0,1,False,RieNs,Team Heretics,fade,True,100,25,2,0,0,3,False,Boo,Team Heretics,omen,True,100,25,2,1,0,3,False,benjyfishy,Team Heretics,deadlock,False,,25,0,0,0,1,False,Wo0t,Team Heretics,chamber,False,,25,0,0,0,5,False,grubinho,GIANTX,omen,True,100,50,0,0,0,3,False,ara,GIANTX,raze,True,82,14,0,0,1,1,False,Cloud,GIANTX,fade,True,100,50,1,1,0,1,False,Flickless,GIANTX,viper,True,100,50,0,0,0,1,False,westside,GIANTX,cypher,True,100,50,0,2,1,6,False
1339.271,5735,ACTIVE_ROUND,11,3,7,71.000,,,MiniBoo,Team Heretics,raze,True,100,25,0,2,0,1,False,RieNs,Team Heretics,fade,True,100,25,2,0,0,3,False,Boo,Team Heretics,omen,True,100,25,2,1,0,3,False,benjyfishy,Team Heretics,deadlock,False,,25,0,0,0,1,False,Wo0t,Team Heretics,chamber,False,,25,0,0,0,5,False,grubinho,GIANTX,omen,True,100,50,0,0,0,3,False,ara,GIANTX,raze,True,82,14,0,0,1,2,False,Cloud,GIANTX,fade,True,100,50,0,1,0,1,False,Flickless,GIANTX,viper,True,100,50,0,0,0,1,False,westside,GIANTX,cypher,True,100,50,0,2,1,6,False
1339.505,5736,ACTIVE_ROUND,11,3,7,70.000,,,MiniBoo,Team Heretics,raze,True,100,25,0,2,0,1,False,RieNs,Team Heretics,fade,True,100,25,2,0,0,3,False,Boo,Team Heretics,omen,True,100,25,2,1,0,3,False,benjyfishy,Team Heretics,deadlock,False,,25,0,0,0,1,False,Wo0t,Team Heretics,chamber,False,,25,0,0,0,5,False,grubinho,GIANTX,omen,True,100,50,0,0,0,3,False,ara,GIANTX,raze,True,82,14,0,0,1,2,False,Cloud,GIANTX,fade,True,100,50,0,1,0,1,False,Flickless,GIANTX,viper,True,100,50,0,0,0,1,False,westside,GIANTX,cypher,True,100,50,0,2,1,6,False
1339.738,5737,ACTIVE_ROUND,11,3,7,70.000,,,MiniBoo,Team Heretics,raze,True,100,25,0,2,0,1,False,RieNs,Team Heretics,fade,True,100,25,2,0,0,3,False,Boo,Team Heretics,omen,True,100,25,2,1,0,3,False,benjyfishy,Team Heretics,deadlock,False,,25,0,0,0,1,False,Wo0t,Team Heretics,chamber,False,,25,0,0,0,5,False,grubinho,GIANTX,omen,True,100,50,0,0,0,3,False,ara,GIANTX,raze,True,82,14,0,0,1,2,False,Cloud,GIANTX,fade,True,100,50,0,1,0,1,False,Flickless,GIANTX,viper,True,100,50,0,0,0,1,False,westside,GIANTX,cypher,True,100,50,0,2,1,6,False
1339.972,5738,ACTIVE_ROUND,11,3,7,70.000,,,MiniBoo,Team Heretics,raze,True,100,25,0,2,0,1,False,RieNs,Team Heretics,fade,True,100,25,2,0,0,3,False,Boo,Team Heretics,omen,True,100,25,2,1,0,3,False,benjyfishy,Team Heretics,deadlock,False,,25,0,0,0,1,False,Wo0t,Team Heretics,chamber,False,,25,0,0,0,5,False,grubinho,GIANTX,omen,True,100,50,0,0,0,3,False,ara,GIANTX,raze,True,82,14,0,0,0,2,False,Cloud,GIANTX,fade,True,100,50,0,1,0,1,False,Flickless,GIANTX,viper,True,100,50,0,0,0,1,False,westside,GIANTX,cypher,True,100,50,0,2,1,6,False
1340.206,5739,ACTIVE_ROUND,11,3,7,70.000,,,MiniBoo,Team Heretics,raze,True,100,25,0,2,0,1,False,RieNs,Team Heretics,fade,True,100,25,2,0,0,4,False,Boo,Team Heretics,omen,True,100,25,2,1,0,3,False,benjyfishy,Team Heretics,deadlock,False,,25,0,0,0,1,False,Wo0t,Team Heretics,chamber,False,,25,0,0,0,5,False,grubinho,GIANTX,omen,True,100,50,0,0,0,3,False,ara,GIANTX,raze,False,,14,0,0,0,3,False,Cloud,GIANTX,fade,True,100,50,0,1,0,1,False,Flickless,GIANTX,viper,True,100,50,0,0,0,1,False,westside,GIANTX,cypher,True,100,50,0,2,1,6,False
1340.439,5740,ACTIVE_ROUND,11,3,7,69.000,,,MiniBoo,Team Heretics,raze,True,100,25,0,2,0,1,False,RieNs,Team Heretics,fade,True,100,25,2,0,0,4,False,Boo,Team Heretics,omen,True,100,25,2,1,0,3,False,benjyfishy,Team Heretics,deadlock,False,,25,0,0,0,1,False,Wo0t,Team Heretics,chamber,False,,25,0,0,0,5,False,grubinho,GIANTX,omen,True,100,50,0,0,0,3,False,ara,GIANTX,raze,False,,14,0,0,0,3,False,Cloud,GIANTX,fade,True,100,50,0,1,0,1,False,Flickless,GIANTX,viper,True,100,50,0,0,0,1,False,westside,GIANTX,cypher,True,100,50,0,2,1,6,False
1340.673,5741,ACTIVE_ROUND,11,3,7,69.000,,,MiniBoo,Team Heretics,raze,True,100,25,0,2,0,1,False,RieNs,Team Heretics,fade,True,100,25,2,0,0,4,False,Boo,Team Heretics,omen,True,100,25,2,1,0,3,False,benjyfishy,Team Heretics,deadlock,False,,25,0,0,0,1,False,Wo0t,Team Heretics,chamber,False,,25,0,0,0,5,False,grubinho,GIANTX,omen,True,100,50,0,0,0,3,False,ara,GIANTX,raze,False,,14,0,0,0,3,False,Cloud,GIANTX,fade,True,100,50,0,1,0,1,False,Flickless,GIANTX,viper,True,100,50,0,0,0,1,False,westside,GIANTX,cypher,True,100,50,0,2,1,6,False
1340.906,5742,ACTIVE_ROUND,11,3,7,69.000,,,MiniBoo,Team Heretics,raze,True,100,25,0,2,0,1,False,RieNs,Team Heretics,fade,True,100,25,2,0,0,4,False,Boo,Team Heretics,omen,True,100,25,2,1,0,3,False,benjyfishy,Team Heretics,deadlock,False,,25,0,0,0,1,False,Wo0t,Team Heretics,chamber,False,,25,0,0,0,5,False,grubinho,GIANTX,omen,True,100,50,0,0,0,3,False,ara,GIANTX,raze,False,,14,0,0,0,3,False,Cloud,GIANTX,fade,True,100,50,0,1,0,1,False,Flickless,GIANTX,viper,True,100,50,0,0,0,1,False,westside,GIANTX,cypher,True,100,50,0,2,1,6,False
1341.140,5743,ACTIVE_ROUND,11,3,7,69.000,,,MiniBoo,Team Heretics,raze,True,100,25,0,2,0,1,False,RieNs,Team Heretics,fade,True,100,25,2,0,0,4,False,Boo,Team Heretics,omen,True,100,25,2,1,1,3,False,benjyfishy,Team Heretics,deadlock,False,,25,0,0,0,1,False,Wo0t,Team Heretics,chamber,False,,25,0,0,0,5,False,grubinho,GIANTX,omen,True,100,50,0,0,0,3,False,ara,GIANTX,raze,False,,14,0,0,0,3,False,Cloud,GIANTX,fade,True,100,50,0,1,0,1,False,Flickless,GIANTX,viper,True,100,50,0,0,0,1,False,westside,GIANTX,cypher,True,100,50,0,2,1,6,False
1341.373,5744,ACTIVE_ROUND,11,3,7,69.000,,,MiniBoo,Team Heretics,raze,True,100,25,0,2,0,1,False,RieNs,Team Heretics,fade,True,100,25,2,0,0,4,False,Boo,Team Heretics,omen,True,100,25,2,1,1,3,False,benjyfishy,Team Heretics,deadlock,False,,25,0,0,0,1,False,Wo0t,Team Heretics,chamber,False,,25,0,0,0,5,False,grubinho,GIANTX,omen,True,100,50,0,0,0,3,False,ara,GIANTX,raze,False,,14,0,0,0,3,False,Cloud,GIANTX,fade,True,100,50,0,1,0,1,False,Flickless,GIANTX,viper,True,100,50,0,0,0,1,False,westside,GIANTX,cypher,True,100,50,0,2,1,6,False
1341.607,5745,ACTIVE_ROUND,11,3,7,68.000,,,MiniBoo,Team Heretics,raze,True,100,25,0,2,0,1,False,RieNs,Team Heretics,fade,True,100,25,2,0,0,4,False,Boo,Team Heretics,omen,True,100,25,2,1,1,3,False,benjyfishy,Team Heretics,deadlock,False,,25,0,0,0,1,False,Wo0t,Team Heretics,chamber,False,,25,0,0,0,5,False,grubinho,GIANTX,omen,True,100,50,0,0,0,3,False,ara,GIANTX,raze,False,,14,0,0,0,3,False,Cloud,GIANTX,fade,True,100,50,0,1,0,1,False,Flickless,GIANTX,viper,True,100,50,0,0,0,1,False,westside,GIANTX,cypher,True,100,50,0,2,1,6,False
1341.841,5746,ACTIVE_ROUND,11,3,7,68.000,,,MiniBoo,Team Heretics,raze,True,100,25,0,2,0,1,False,RieNs,Team Heretics,fade,True,100,25,2,0,0,4,False,Boo,Team Heretics,omen,True,100,25,2,1,1,3,False,benjyfishy,Team Heretics,deadlock,False,,25,0,0,0,1,False,Wo0t,Team Heretics,chamber,False,,25,0,0,0,5,False,grubinho,GIANTX,omen,True,100,50,0,0,0,3,False,ara,GIANTX,raze,False,,14,0,0,0,3,False,Cloud,GIANTX,fade,True,100,50,0,1,0,1,False,Flickless,GIANTX,viper,True,100,50,0,0,0,1,False,westside,GIANTX,cypher,True,100,50,0,2,1,6,False
1342.074,5747,ACTIVE_ROUND,11,3,7,68.000,,,MiniBoo,Team Heretics,raze,True,100,25,0,2,0,1,False,RieNs,Team Heretics,fade,True,100,25,2,0,0,4,False,Boo,Team Heretics,omen,True,100,25,2,1,1,3,False,benjyfishy,Team Heretics,deadlock,False,,25,0,0,0,1,False,Wo0t,Team Heretics,chamber,False,,25,0,0,0,5,False,grubinho,GIANTX,omen,True,100,50,0,0,0,3,False,ara,GIANTX,raze,False,,14,0,0,0,3,False,Cloud,GIANTX,fade,True,100,50,0,1,0,1,False,Flickless,GIANTX,viper,True,100,50,0,0,0,1,False,westside,GIANTX,cypher,True,100,50,0,2,1,6,False
1342.308,5748,ACTIVE_ROUND,11,3,7,68.000,,,MiniBoo,Team Heretics,raze,True,100,25,0,2,0,1,False,RieNs,Team Heretics,fade,True,100,25,2,0,0,4,False,Boo,Team Heretics,omen,True,100,25,2,1,1,3,False,benjyfishy,Team Heretics,deadlock,False,,25,0,0,0,1,False,Wo0t,Team Heretics,chamber,False,,25,0,0,0,5,False,grubinho,GIANTX,omen,True,100,50,0,0,0,3,False,ara,GIANTX,raze,False,,14,0,0,0,3,False,Cloud,GIANTX,fade,True,100,50,0,1,0,1,False,Flickless,GIANTX,viper,True,100,50,0,0,0,1,False,westside,GIANTX,cypher,True,100,50,0,2,1,6,False
1342.541,5749,ACTIVE_ROUND,11,3,7,67.000,,,MiniBoo,Team Heretics,raze,True,100,25,0,2,0,1,False,RieNs,Team Heretics,fade,True,100,25,2,0,0,4,False,Boo,Team Heretics,omen,True,100,25,2,1,1,3,False,benjyfishy,Team Heretics,deadlock,False,,25,0,0,0,1,False,Wo0t,Team Heretics,chamber,False,,25,0,0,0,5,False,grubinho,GIANTX,omen,True,100,50,0,0,0,3,False,ara,GIANTX,raze,False,,14,0,0,0,3,False,Cloud,GIANTX,fade,True,100,50,0,1,0,1,False,Flickless,GIANTX,viper,True,100,50,0,0,0,1,False,westside,GIANTX,cypher,True,100,50,0,2,1,6,False
1342.775,5750,ACTIVE_ROUND,11,3,7,67.000,,,MiniBoo,Team Heretics,raze,True,100,25,0,2,0,1,False,RieNs,Team Heretics,fade,True,100,25,2,0,0,4,False,Boo,Team Heretics,omen,True,100,25,2,1,1,3,False,benjyfishy,Team Heretics,deadlock,False,,25,0,0,0,1,False,Wo0t,Team Heretics,chamber,False,,25,0,0,0,5,False,grubinho,GIANTX,omen,True,100,50,0,0,0,3,False,ara,GIANTX,raze,False,,14,0,0,0,3,False,Cloud,GIANTX,fade,True,100,50,0,1,0,1,False,Flickless,GIANTX,viper,True,100,50,0,0,0,1,False,westside,GIANTX,cypher,True,100,50,0,2,1,6,False
1343.008,5751,ACTIVE_ROUND,11,3,7,67.000,,,MiniBoo,Team Heretics,raze,True,100,25,0,2,0,1,False,RieNs,Team Heretics,fade,True,100,25,0,0,0,4,False,Boo,Team Heretics,omen,True,100,25,2,1,1,3,False,benjyfishy,Team Heretics,deadlock,False,,25,0,0,0,1,False,Wo0t,Team Heretics,chamber,False,,25,0,0,0,5,False,grubinho,GIANTX,omen,True,100,50,0,0,0,3,False,ara,GIANTX,raze,False,,14,0,0,0,3,False,Cloud,GIANTX,fade,True,100,50,0,1,0,1,False,Flickless,GIANTX,viper,True,100,50,0,0,0,1,False,westside,GIANTX,cypher,True,100,50,0,2,1,6,False
1343.242,5752,ACTIVE_ROUND,11,3,7,67.000,,,MiniBoo,Team Heretics,raze,True,100,25,0,2,0,1,False,RieNs,Team Heretics,fade,False,,25,0,0,0,5,False,Boo,Team Heretics,omen,True,100,25,2,1,1,3,False,benjyfishy,Team Heretics,deadlock,False,,25,0,0,0,1,False,Wo0t,Team Heretics,chamber,False,,25,0,0,0,5,False,grubinho,GIANTX,omen,True,100,50,0,0,0,3,False,ara,GIANTX,raze,False,,14,0,0,0,3,False,Cloud,GIANTX,fade,True,100,50,0,1,0,2,False,Flickless,GIANTX,viper,True,100,50,0,0,0,1,False,westside,GIANTX,cypher,True,100,50,0,2,1,6,False
1343.475,5753,ACTIVE_ROUND,11,3,7,66.000,,,MiniBoo,Team Heretics,raze,True,100,25,0,2,0,1,False,RieNs,Team Heretics,fade,False,,25,0,0,0,5,False,Boo,Team Heretics,omen,True,100,25,2,1,1,3,False,benjyfishy,Team Heretics,deadlock,False,,25,0,0,0,1,False,Wo0t,Team Heretics,chamber,False,,25,0,0,0,5,False,grubinho,GIANTX,omen,True,100,50,0,0,0,3,False,ara,GIANTX,raze,False,,14,0,0,0,3,False,Cloud,GIANTX,fade,True,100,50,0,1,0,2,False,Flickless,GIANTX,viper,True,100,50,0,0,0,1,False,westside,GIANTX,cypher,True,100,50,0,2,1,6,False
1343.709,5754,ACTIVE_ROUND,11,3,7,66.000,,,MiniBoo,Team Heretics,raze,True,100,25,0,2,0,1,False,RieNs,Team Heretics,fade,False,,25,0,0,0,5,False,Boo,Team Heretics,omen,True,100,25,2,1,1,3,False,benjyfishy,Team Heretics,deadlock,False,,25,0,0,0,1,False,Wo0t,Team Heretics,chamber,False,,25,0,0,0,5,False,grubinho,GIANTX,omen,True,100,50,0,0,0,3,False,ara,GIANTX,raze,False,,14,0,0,0,3,False,Cloud,GIANTX,fade,True,100,50,0,1,0,2,False,Flickless,GIANTX,viper,True,100,50,0,0,0,1,False,westside,GIANTX,cypher,True,100,50,0,2,1,6,False
1343.943,5755,ACTIVE_ROUND,11,3,7,66.000,,,MiniBoo,Team Heretics,raze,True,100,25,0,2,0,1,False,RieNs,Team Heretics,fade,False,,25,0,0,0,5,False,Boo,Team Heretics,omen,True,100,25,2,1,1,3,False,benjyfishy,Team Heretics,deadlock,False,,25,0,0,0,1,False,Wo0t,Team Heretics,chamber,False,,25,0,0,0,5,False,grubinho,GIANTX,omen,True,100,50,0,0,0,3,False,ara,GIANTX,raze,False,,14,0,0,0,3,False,Cloud,GIANTX,fade,True,100,50,0,1,0,2,False,Flickless,GIANTX,viper,True,100,50,0,0,0,1,False,westside,GIANTX,cypher,True,100,50,0,2,1,6,False
1344.176,5756,ACTIVE_ROUND,11,3,7,66.000,,,MiniBoo,Team Heretics,raze,True,100,25,0,2,0,1,False,RieNs,Team Heretics,fade,False,,25,0,0,0,5,False,Boo,Team Heretics,omen,True,100,25,2,1,1,3,False,benjyfishy,Team Heretics,deadlock,False,,25,0,0,0,1,False,Wo0t,Team Heretics,chamber,False,,25,0,0,0,5,False,grubinho,GIANTX,omen,True,100,50,0,0,0,3,False,ara,GIANTX,raze,False,,14,0,0,0,3,False,Cloud,GIANTX,fade,True,100,50,0,1,0,2,False,Flickless,GIANTX,viper,True,100,50,0,0,0,1,False,westside,GIANTX,cypher,True,100,50,0,1,1,6,False
1344.410,5757,ACTIVE_ROUND,11,3,7,65.000,,,MiniBoo,Team Heretics,raze,True,100,25,0,2,0,1,False,RieNs,Team Heretics,fade,False,,25,0,0,0,5,False,Boo,Team Heretics,omen,True,100,25,2,1,1,3,False,benjyfishy,Team Heretics,deadlock,False,,25,0,0,0,1,False,Wo0t,Team Heretics,chamber,False,,25,0,0,0,5,False,grubinho,GIANTX,omen,True,100,50,0,0,0,3,False,ara,GIANTX,raze,False,,14,0,0,0,3,False,Cloud,GIANTX,fade,True,100,50,0,1,0,2,False,Flickless,GIANTX,viper,True,100,50,0,0,0,1,False,westside,GIANTX,cypher,True,100,50,0,1,1,6,False
1344.643,5758,ACTIVE_ROUND,11,3,7,65.000,,,MiniBoo,Team Heretics,raze,True,100,25,0,2,0,1,False,RieNs,Team Heretics,fade,False,,25,0,0,0,5,False,Boo,Team Heretics,omen,True,100,25,2,1,1,3,False,benjyfishy,Team Heretics,deadlock,False,,25,0,0,0,1,False,Wo0t,Team Heretics,chamber,False,,25,0,0,0,5,False,grubinho,GIANTX,omen,True,100,50,0,0,0,3,False,ara,GIANTX,raze,False,,14,0,0,0,3,False,Cloud,GIANTX,fade,True,100,50,0,1,0,2,False,Flickless,GIANTX,viper,True,100,50,0,0,0,1,False,westside,GIANTX,cypher,True,100,50,0,1,1,6,False
1344.877,5759,ACTIVE_ROUND,11,3,7,65.000,,,MiniBoo,Team Heretics,raze,True,100,25,0,2,0,1,False,RieNs,Team Heretics,fade,False,,25,0,0,0,5,False,Boo,Team Heretics,omen,True,100,25,2,1,1,3,False,benjyfishy,Team Heretics,deadlock,False,,25,0,0,0,1,False,Wo0t,Team Heretics,chamber,False,,25,0,0,0,5,False,grubinho,GIANTX,omen,True,100,50,0,0,0,3,False,ara,GIANTX,raze,False,,14,0,0,0,3,False,Cloud,GIANTX,fade,True,100,50,0,1,0,2,False,Flickless,GIANTX,viper,True,100,50,0,0,0,1,False,westside,GIANTX,cypher,True,100,50,0,1,1,6,False
1345.110,5760,ACTIVE_ROUND,11,3,7,65.000,,,MiniBoo,Team Heretics,raze,True,100,25,0,2,0,1,False,RieNs,Team Heretics,fade,False,,25,0,0,0,5,False,Boo,Team Heretics,omen,True,100,25,2,1,1,3,False,benjyfishy,Team Heretics,deadlock,False,,25,0,0,0,1,False,Wo0t,Team Heretics,chamber,False,,25,0,0,0,5,False,grubinho,GIANTX,omen,True,100,50,0,0,0,3,False,ara,GIANTX,raze,False,,14,0,0,0,3,False,Cloud,GIANTX,fade,True,100,50,0,0,0,2,False,Flickless,GIANTX,viper,True,100,50,0,0,0,1,False,westside,GIANTX,cypher,True,100,50,0,1,1,6,False
1345.344,5761,ACTIVE_ROUND,11,3,7,65.000,,,MiniBoo,Team Heretics,raze,True,100,25,0,2,0,1,False,RieNs,Team Heretics,fade,False,,25,0,0,0,5,False,Boo,Team Heretics,omen,True,100,25,2,1,1,3,False,benjyfishy,Team Heretics,deadlock,False,,25,0,0,0,1,False,Wo0t,Team Heretics,chamber,False,,25,0,0,0,5,False,grubinho,GIANTX,omen,True,100,50,0,0,0,3,False,ara,GIANTX,raze,False,,14,0,0,0,3,False,Cloud,GIANTX,fade,True,100,50,0,0,0,2,False,Flickless,GIANTX,viper,True,100,50,0,0,0,1,False,westside,GIANTX,cypher,True,100,50,0,1,1,6,False
1345.578,5762,ACTIVE_ROUND,11,3,7,64.000,,,MiniBoo,Team Heretics,raze,True,100,25,0,2,0,1,False,RieNs,Team Heretics,fade,False,,25,0,0,0,5,False,Boo,Team Heretics,omen,True,100,25,2,1,1,3,False,benjyfishy,Team Heretics,deadlock,False,,25,0,0,0,1,False,Wo0t,Team Heretics,chamber,False,,25,0,0,0,5,False,grubinho,GIANTX,omen,True,100,50,0,0,0,3,False,ara,GIANTX,raze,False,,14,0,0,0,3,False,Cloud,GIANTX,fade,True,100,50,0,0,0,2,False,Flickless,GIANTX,viper,True,100,50,0,0,0,1,False,westside,GIANTX,cypher,True,100,50,0,1,1,6,False
1345.811,5763,ACTIVE_ROUND,11,3,7,64.000,,,MiniBoo,Team Heretics,raze,True,100,25,0,2,0,1,False,RieNs,Team Heretics,fade,False,,25,0,0,0,5,False,Boo,Team Heretics,omen,True,100,25,2,1,1,3,False,benjyfishy,Team Heretics,deadlock,False,,25,0,0,0,1,False,Wo0t,Team Heretics,chamber,False,,25,0,0,0,5,False,grubinho,GIANTX,omen,True,100,50,0,0,0,3,False,ara,GIANTX,raze,False,,14,0,0,0,3,False,Cloud,GIANTX,fade,True,100,50,0,0,0,2,False,Flickless,GIANTX,viper,True,100,50,0,0,0,1,False,westside,GIANTX,cypher,True,100,50,0,1,1,6,False
1346.045,5764,ACTIVE_ROUND,11,3,7,64.000,,,MiniBoo,Team Heretics,raze,True,100,25,0,2,0,1,False,RieNs,Team Heretics,fade,False,,25,0,0,0,5,False,Boo,Team Heretics,omen,True,100,25,2,1,1,3,False,benjyfishy,Team Heretics,deadlock,False,,25,0,0,0,1,False,Wo0t,Team Heretics,chamber,False,,25,0,0,0,5,False,grubinho,GIANTX,omen,True,100,50,0,0,0,3,False,ara,GIANTX,raze,False,,14,0,0,0,3,False,Cloud,GIANTX,fade,True,100,50,0,0,0,2,False,Flickless,GIANTX,viper,True,100,50,0,0,0,1,False,westside,GIANTX,cypher,True,100,50,0,1,1,6,False
1346.278,5765,ACTIVE_ROUND,11,3,7,64.000,,,MiniBoo,Team Heretics,raze,True,100,25,0,2,0,1,False,RieNs,Team Heretics,fade,False,,25,0,0,0,5,False,Boo,Team Heretics,omen,True,100,25,2,1,1,3,False,benjyfishy,Team Heretics,deadlock,False,,25,0,0,0,1,False,Wo0t,Team Heretics,chamber,False,,25,0,0,0,5,False,grubinho,GIANTX,omen,True,100,50,0,0,0,3,False,ara,GIANTX,raze,False,,14,0,0,0,3,False,Cloud,GIANTX,fade,True,100,50,0,0,0,2,False,Flickless,GIANTX,viper,True,100,50,0,0,0,1,False,westside,GIANTX,cypher,True,100,50,0,1,1,6,False
1346.512,5766,ACTIVE_ROUND,11,3,7,63.000,,,MiniBoo,Team Heretics,raze,True,100,25,0,2,0,1,False,RieNs,Team Heretics,fade,False,,25,0,0,0,5,False,Boo,Team Heretics,omen,True,100,25,2,1,1,3,False,benjyfishy,Team Heretics,deadlock,False,,25,0,0,0,1,False,Wo0t,Team Heretics,chamber,False,,25,0,0,0,5,False,grubinho,GIANTX,omen,True,100,50,0,0,0,3,False,ara,GIANTX,raze,False,,14,0,0,0,3,False,Cloud,GIANTX,fade,True,100,50,0,0,0,2,False,Flickless,GIANTX,viper,True,100,50,0,0,0,1,False,westside,GIANTX,cypher,True,100,50,0,1,1,6,False
1346.745,5767,ACTIVE_ROUND,11,3,7,63.000,,,MiniBoo,Team Heretics,raze,True,100,25,0,2,0,1,False,RieNs,Team Heretics,fade,False,,25,0,0,0,5,False,Boo,Team Heretics,omen,True,100,25,2,1,1,3,False,benjyfishy,Team Heretics,deadlock,False,,25,0,0,0,1,False,Wo0t,Team Heretics,chamber,False,,25,0,0,0,5,False,grubinho,GIANTX,omen,True,100,50,0,0,0,3,False,ara,GIANTX,raze,False,,14,0,0,0,3,False,Cloud,GIANTX,fade,True,100,50,0,0,0,2,False,Flickless,GIANTX,viper,True,100,50,0,0,0,1,False,westside,GIANTX,cypher,True,100,50,0,1,1,6,False
1346.979,5768,ACTIVE_ROUND,11,3,7,63.000,,,MiniBoo,Team Heretics,raze,True,100,25,0,2,0,1,False,RieNs,Team Heretics,fade,False,,25,0,0,0,5,False,Boo,Team Heretics,omen,True,100,25,2,1,1,3,False,benjyfishy,Team Heretics,deadlock,False,,25,0,0,0,1,False,Wo0t,Team Heretics,chamber,False,,25,0,0,0,5,False,grubinho,GIANTX,omen,True,100,50,0,0,0,3,False,ara,GIANTX,raze,False,,14,0,0,0,3,False,Cloud,GIANTX,fade,True,100,50,0,0,0,2,False,Flickless,GIANTX,viper,True,100,50,0,0,0,1,False,westside,GIANTX,cypher,True,100,50,0,1,1,6,False
1347.213,5769,ACTIVE_ROUND,11,3,7,63.000,,,MiniBoo,Team Heretics,raze,True,100,25,0,2,0,1,False,RieNs,Team Heretics,fade,False,,25,0,0,0,5,False,Boo,Team Heretics,omen,True,100,25,2,1,1,3,False,benjyfishy,Team Heretics,deadlock,False,,25,0,0,0,1,False,Wo0t,Team Heretics,chamber,False,,25,0,0,0,5,False,grubinho,GIANTX,omen,True,100,50,0,0,0,3,False,ara,GIANTX,raze,False,,14,0,0,0,3,False,Cloud,GIANTX,fade,True,100,50,0,0,0,2,False,Flickless,GIANTX,viper,True,100,50,0,0,0,1,False,westside,GIANTX,cypher,True,100,50,0,0,1,6,False
1347.446,5770,ACTIVE_ROUND,11,3,7,62.000,,,MiniBoo,Team Heretics,raze,True,100,25,0,2,0,1,False,RieNs,Team Heretics,fade,False,,25,0,0,0,5,False,Boo,Team Heretics,omen,True,100,25,2,1,1,3,False,benjyfishy,Team Heretics,deadlock,False,,25,0,0,0,1,False,Wo0t,Team Heretics,chamber,False,,25,0,0,0,5,False,grubinho,GIANTX,omen,True,100,50,0,0,0,3,False,ara,GIANTX,raze,False,,14,0,0,0,3,False,Cloud,GIANTX,fade,True,100,50,0,0,0,2,False,Flickless,GIANTX,viper,True,100,50,0,0,0,1,False,westside,GIANTX,cypher,True,100,50,0,0,1,6,False
1347.680,5771,ACTIVE_ROUND,11,3,7,62.000,,,MiniBoo,Team Heretics,raze,True,100,25,0,2,0,1,False,RieNs,Team Heretics,fade,False,,25,0,0,0,5,False,Boo,Team Heretics,omen,True,100,25,2,1,1,3,False,benjyfishy,Team Heretics,deadlock,False,,25,0,0,0,1,False,Wo0t,Team Heretics,chamber,False,,25,0,0,0,5,False,grubinho,GIANTX,omen,True,100,50,0,0,0,3,False,ara,GIANTX,raze,False,,14,0,0,0,3,False,Cloud,GIANTX,fade,True,100,50,0,0,0,2,False,Flickless,GIANTX,viper,True,100,50,0,0,0,1,False,westside,GIANTX,cypher,True,100,50,0,0,1,6,False
1347.913,5772,ACTIVE_ROUND,11,3,7,62.000,,,MiniBoo,Team Heretics,raze,True,100,25,0,2,0,1,False,RieNs,Team Heretics,fade,False,,25,0,0,0,5,False,Boo,Team Heretics,omen,True,100,25,2,1,1,3,False,benjyfishy,Team Heretics,deadlock,False,,25,0,0,0,1,False,Wo0t,Team Heretics,chamber,False,,25,0,0,0,5,False,grubinho,GIANTX,omen,True,100,50,0,0,0,3,False,ara,GIANTX,raze,False,,14,0,0,0,3,False,Cloud,GIANTX,fade,True,100,50,0,0,0,2,False,Flickless,GIANTX,viper,True,100,50,0,0,0,1,False,westside,GIANTX,cypher,True,100,50,0,0,1,6,False
1348.147,5773,ACTIVE_ROUND,11,3,7,62.000,,,MiniBoo,Team Heretics,raze,True,100,25,0,2,0,1,False,RieNs,Team Heretics,fade,False,,25,0,0,0,5,False,Boo,Team Heretics,omen,True,100,25,2,1,1,3,False,benjyfishy,Team Heretics,deadlock,False,,25,0,0,0,1,False,Wo0t,Team Heretics,chamber,False,,25,0,0,0,5,False,grubinho,GIANTX,omen,True,100,50,0,0,1,3,False,ara,GIANTX,raze,False,,14,0,0,0,3,False,Cloud,GIANTX,fade,True,100,50,0,0,0,2,False,Flickless,GIANTX,viper,True,100,8,0,0,0,1,False,westside,GIANTX,cypher,True,100,50,0,0,1,6,False
1348.380,5774,ACTIVE_ROUND,11,3,7,61.000,,,MiniBoo,Team Heretics,raze,True,100,25,0,2,0,1,False,RieNs,Team Heretics,fade,False,,25,0,0,0,5,False,Boo,Team Heretics,omen,True,100,25,2,1,1,3,False,benjyfishy,Team Heretics,deadlock,False,,25,0,0,0,1,False,Wo0t,Team Heretics,chamber,False,,25,0,0,0,5,False,grubinho,GIANTX,omen,True,100,50,0,0,1,3,False,ara,GIANTX,raze,False,,14,0,0,0,3,False,Cloud,GIANTX,fade,True,100,50,0,0,0,2,False,Flickless,GIANTX,viper,True,100,8,0,0,0,1,False,westside,GIANTX,cypher,True,100,50,0,0,1,6,False
1348.614,5775,ACTIVE_ROUND,11,3,7,61.000,,,MiniBoo,Team Heretics,raze,True,100,25,0,2,0,1,False,RieNs,Team Heretics,fade,False,,25,0,0,0,5,False,Boo,Team Heretics,omen,True,100,25,2,1,1,3,False,benjyfishy,Team Heretics,deadlock,False,,25,0,0,0,1,False,Wo0t,Team Heretics,chamber,False,,25,0,0,0,5,False,grubinho,GIANTX,omen,True,100,50,0,0,1,3,False,ara,GIANTX,raze,False,,14,0,0,0,3,False,Cloud,GIANTX,fade,True,100,50,0,0,0,2,False,Flickless,GIANTX,viper,True,100,8,0,0,0,1,False,westside,GIANTX,cypher,True,100,50,0,0,1,6,False
1348.848,5776,ACTIVE_ROUND,11,3,7,61.000,,,MiniBoo,Team Heretics,raze,True,100,25,0,2,0,1,False,RieNs,Team Heretics,fade,False,,25,0,0,0,5,False,Boo,Team Heretics,omen,True,100,25,2,1,1,3,False,benjyfishy,Team Heretics,deadlock,False,,25,0,0,0,1,False,Wo0t,Team Heretics,chamber,False,,25,0,0,0,5,False,grubinho,GIANTX,omen,True,100,50,0,0,1,3,False,ara,GIANTX,raze,False,,14,0,0,0,3,False,Cloud,GIANTX,fade,True,100,50,0,0,0,2,False,Flickless,GIANTX,viper,True,100,8,0,0,0,1,False,westside,GIANTX,cypher,True,100,50,0,0,1,6,False
1349.081,5777,ACTIVE_ROUND,11,3,7,61.000,,,MiniBoo,Team Heretics,raze,True,100,25,0,2,0,1,False,RieNs,Team Heretics,fade,False,,25,0,0,0,5,False,Boo,Team Heretics,omen,True,100,25,2,1,1,3,False,benjyfishy,Team Heretics,deadlock,False,,25,0,0,0,1,False,Wo0t,Team Heretics,chamber,False,,25,0,0,0,5,False,grubinho,GIANTX,omen,True,100,50,0,0,1,3,False,ara,GIANTX,raze,False,,14,0,0,0,3,False,Cloud,GIANTX,fade,True,100,50,0,0,0,2,False,Flickless,GIANTX,viper,True,100,8,0,0,0,1,False,westside,GIANTX,cypher,True,100,50,0,0,1,6,False
1349.315,5778,ACTIVE_ROUND,11,3,7,61.000,,,MiniBoo,Team Heretics,raze,True,100,25,0,2,0,1,False,RieNs,Team Heretics,fade,False,,25,0,0,0,5,False,Boo,Team Heretics,omen,True,100,25,2,1,1,3,False,benjyfishy,Team Heretics,deadlock,False,,25,0,0,0,1,False,Wo0t,Team Heretics,chamber,False,,25,0,0,0,5,False,grubinho,GIANTX,omen,True,100,50,0,0,1,3,False,ara,GIANTX,raze,False,,14,0,0,0,3,False,Cloud,GIANTX,fade,True,100,50,0,0,0,2,False,Flickless,GIANTX,viper,True,100,8,0,0,0,1,False,westside,GIANTX,cypher,True,100,50,0,0,1,6,False
1349.548,5779,ACTIVE_ROUND,11,3,7,60.000,,,MiniBoo,Team Heretics,raze,True,100,25,0,2,0,1,False,RieNs,Team Heretics,fade,False,,25,0,0,0,5,False,Boo,Team Heretics,omen,True,100,25,2,1,1,3,False,benjyfishy,Team Heretics,deadlock,False,,25,0,0,0,1,False,Wo0t,Team Heretics,chamber,False,,25,0,0,0,5,False,grubinho,GIANTX,omen,True,100,50,0,0,1,3,False,ara,GIANTX,raze,False,,14,0,0,0,3,False,Cloud,GIANTX,fade,True,100,50,0,0,0,2,False,Flickless,GIANTX,viper,True,100,8,0,0,0,1,False,westside,GIANTX,cypher,True,100,50,0,0,1,6,False
1349.782,5780,ACTIVE_ROUND,11,3,7,60.000,,,MiniBoo,Team Heretics,raze,True,100,25,0,2,0,1,False,RieNs,Team Heretics,fade,False,,25,0,0,0,5,False,Boo,Team Heretics,omen,True,100,25,2,1,1,3,False,benjyfishy,Team Heretics,deadlock,False,,25,0,0,0,1,False,Wo0t,Team Heretics,chamber,False,,25,0,0,0,5,False,grubinho,GIANTX,omen,True,100,50,0,0,1,3,False,ara,GIANTX,raze,False,,14,0,0,0,3,False,Cloud,GIANTX,fade,True,100,50,0,0,0,2,False,Flickless,GIANTX,viper,True,100,50,0,0,0,1,False,westside,GIANTX,cypher,True,100,50,0,0,1,6,False
1350.015,5781,ACTIVE_ROUND,11,3,7,60.000,,,MiniBoo,Team Heretics,raze,True,100,25,0,2,0,1,False,RieNs,Team Heretics,fade,False,,25,0,0,0,5,False,Boo,Team Heretics,omen,True,100,25,2,1,1,3,False,benjyfishy,Team Heretics,deadlock,False,,25,0,0,0,1,False,Wo0t,Team Heretics,chamber,False,,25,0,0,0,5,False,grubinho,GIANTX,omen,True,100,50,0,0,1,3,False,ara,GIANTX,raze,False,,14,0,0,0,3,False,Cloud,GIANTX,fade,True,100,50,0,0,0,2,False,Flickless,GIANTX,viper,True,100,50,0,0,0,1,False,westside,GIANTX,cypher,True,100,50,0,0,1,6,False
1350.950,5785,ACTIVE_ROUND,11,3,7,,0.000,,MiniBoo,Team Heretics,raze,True,100,25,0,2,0,1,False,RieNs,Team Heretics,fade,False,,25,0,0,0,5,False,Boo,Team Heretics,omen,True,100,25,2,1,1,3,False,benjyfishy,Team Heretics,deadlock,False,,25,0,0,0,1,False,Wo0t,Team Heretics,chamber,False,,25,0,0,0,5,False,grubinho,GIANTX,omen,True,100,50,0,0,1,3,False,ara,GIANTX,raze,False,,14,0,0,0,3,False,Cloud,GIANTX,fade,True,100,50,0,0,0,2,False,Flickless,GIANTX,viper,True,100,50,0,0,0,1,False,westside,GIANTX,cypher,True,100,50,0,0,1,6,False
1351.183,5786,ACTIVE_ROUND,11,3,7,,0.234,,MiniBoo,Team Heretics,raze,True,100,25,0,2,0,1,False,RieNs,Team Heretics,fade,False,,25,0,0,0,5,False,Boo,Team Heretics,omen,True,100,25,2,1,1,3,False,benjyfishy,Team Heretics,deadlock,False,,25,0,0,0,1,False,Wo0t,Team Heretics,chamber,False,,25,0,0,0,5,False,grubinho,GIANTX,omen,True,100,50,0,0,1,4,False,ara,GIANTX,raze,False,,14,0,0,0,3,False,Cloud,GIANTX,fade,True,100,50,0,0,0,2,False,Flickless,GIANTX,viper,True,100,50,0,0,0,1,False,westside,GIANTX,cypher,True,100,50,0,0,1,6,False
1351.417,5787,ACTIVE_ROUND,11,3,7,,0.467,,MiniBoo,Team Heretics,raze,True,100,25,0,2,0,1,False,RieNs,Team Heretics,fade,False,,25,0,0,0,5,False,Boo,Team Heretics,omen,True,100,25,2,1,1,3,False,benjyfishy,Team Heretics,deadlock,False,,25,0,0,0,1,False,Wo0t,Team Heretics,chamber,False,,25,0,0,0,5,False,grubinho,GIANTX,omen,True,100,50,0,0,1,4,False,ara,GIANTX,raze,False,,14,0,0,0,3,False,Cloud,GIANTX,fade,True,100,50,0,0,0,2,False,Flickless,GIANTX,viper,True,100,50,0,0,0,1,False,westside,GIANTX,cypher,True,100,50,0,0,1,6,False
1351.650,5788,ACTIVE_ROUND,11,3,7,,0.701,,MiniBoo,Team Heretics,raze,True,100,25,0,2,0,1,False,RieNs,Team Heretics,fade,False,,25,0,0,0,5,False,Boo,Team Heretics,omen,True,100,25,2,1,1,3,False,benjyfishy,Team Heretics,deadlock,False,,25,0,0,0,1,False,Wo0t,Team Heretics,chamber,False,,25,0,0,0,5,False,grubinho,GIANTX,omen,True,100,50,0,0,1,4,False,ara,GIANTX,raze,False,,14,0,0,0,3,False,Cloud,GIANTX,fade,True,100,50,0,0,0,2,False,Flickless,GIANTX,viper,True,100,50,0,0,0,1,False,westside,GIANTX,cypher,True,100,50,0,0,1,6,False
1351.884,5789,ACTIVE_ROUND,11,3,7,,0.934,,MiniBoo,Team Heretics,raze,True,100,25,0,2,0,1,False,RieNs,Team Heretics,fade,False,,25,0,0,0,5,False,Boo,Team Heretics,omen,True,100,25,2,1,1,3,False,benjyfishy,Team Heretics,deadlock,False,,25,0,0,0,1,False,Wo0t,Team Heretics,chamber,False,,25,0,0,0,5,False,grubinho,GIANTX,omen,True,100,50,0,0,1,4,False,ara,GIANTX,raze,False,,14,0,0,0,3,False,Cloud,GIANTX,fade,True,100,50,0,0,0,2,False,Flickless,GIANTX,viper,True,100,50,0,0,0,1,False,westside,GIANTX,cypher,True,100,50,0,0,1,6,False
1352.117,5790,ACTIVE_ROUND,11,3,7,,1.168,,MiniBoo,Team Heretics,raze,True,100,25,0,2,0,1,False,RieNs,Team Heretics,fade,False,,25,0,0,0,5,False,Boo,Team Heretics,omen,True,100,25,2,1,1,3,False,benjyfishy,Team Heretics,deadlock,False,,25,0,0,0,1,False,Wo0t,Team Heretics,chamber,False,,25,0,0,0,5,False,grubinho,GIANTX,omen,True,100,50,0,0,0,4,False,ara,GIANTX,raze,False,,14,0,0,0,3,False,Cloud,GIANTX,fade,True,100,50,0,0,0,2,False,Flickless,GIANTX,viper,True,100,50,0,0,0,1,False,westside,GIANTX,cypher,True,100,50,0,0,1,6,False
1352.351,5791,ACTIVE_ROUND,11,3,7,,1.401,,MiniBoo,Team Heretics,raze,True,100,25,0,2,0,1,False,RieNs,Team Heretics,fade,False,,25,0,0,0,5,False,Boo,Team Heretics,omen,True,100,25,2,1,1,3,False,benjyfishy,Team Heretics,deadlock,False,,25,0,0,0,1,False,Wo0t,Team Heretics,chamber,False,,25,0,0,0,5,False,grubinho,GIANTX,omen,True,100,50,0,0,0,4,False,ara,GIANTX,raze,False,,14,0,0,0,3,False,Cloud,GIANTX,fade,True,100,50,0,0,0,2,False,Flickless,GIANTX,viper,True,100,50,0,0,0,1,False,westside,GIANTX,cypher,True,100,50,0,0,1,6,False
1352.585,5792,ACTIVE_ROUND,11,3,7,,1.635,,MiniBoo,Team Heretics,raze,True,100,25,0,2,0,1,False,RieNs,Team Heretics,fade,False,,25,0,0,0,5,False,Boo,Team Heretics,omen,True,100,25,2,1,1,3,False,benjyfishy,Team Heretics,deadlock,False,,25,0,0,0,1,False,Wo0t,Team Heretics,chamber,False,,25,0,0,0,5,False,grubinho,GIANTX,omen,True,100,50,0,0,0,4,False,ara,GIANTX,raze,False,,14,0,0,0,3,False,Cloud,GIANTX,fade,True,100,50,0,0,0,2,False,Flickless,GIANTX,viper,True,100,50,0,0,0,1,False,westside,GIANTX,cypher,True,100,50,0,0,1,6,False
1352.818,5793,ACTIVE_ROUND,11,3,7,,1.869,,MiniBoo,Team Heretics,raze,True,100,25,0,2,0,1,False,RieNs,Team Heretics,fade,False,,25,0,0,0,5,False,Boo,Team Heretics,omen,True,100,25,2,1,1,3,False,benjyfishy,Team Heretics,deadlock,False,,25,0,0,0,1,False,Wo0t,Team Heretics,chamber,False,,25,0,0,0,5,False,grubinho,GIANTX,omen,True,100,50,0,0,0,4,False,ara,GIANTX,raze,False,,14,0,0,0,3,False,Cloud,GIANTX,fade,True,100,50,0,0,0,2,False,Flickless,GIANTX,viper,True,100,50,0,0,0,1,False,westside,GIANTX,cypher,True,100,50,0,0,1,6,False
1353.052,5794,ACTIVE_ROUND,11,3,7,,2.102,,MiniBoo,Team Heretics,raze,True,100,25,0,2,0,1,False,RieNs,Team Heretics,fade,False,,25,0,0,0,5,False,Boo,Team Heretics,omen,True,100,25,2,1,1,3,False,benjyfishy,Team Heretics,deadlock,False,,25,0,0,0,1,False,Wo0t,Team Heretics,chamber,False,,25,0,0,0,5,False,grubinho,GIANTX,omen,True,100,50,0,0,0,4,False,ara,GIANTX,raze,False,,14,0,0,0,3,False,Cloud,GIANTX,fade,True,100,50,0,0,0,2,False,Flickless,GIANTX,viper,True,100,50,0,0,0,1,False,westside,GIANTX,cypher,True,100,50,0,0,1,6,False
1353.285,5795,ACTIVE_ROUND,11,3,7,,2.336,,MiniBoo,Team Heretics,raze,True,100,25,0,2,0,1,False,RieNs,Team Heretics,fade,False,,25,0,0,0,5,False,Boo,Team Heretics,omen,True,100,25,2,1,1,3,False,benjyfishy,Team Heretics,deadlock,False,,25,0,0,0,1,False,Wo0t,Team Heretics,chamber,False,,25,0,0,0,5,False,grubinho,GIANTX,omen,True,100,50,0,0,0,4,False,ara,GIANTX,raze,False,,14,0,0,0,3,False,Cloud,GIANTX,fade,True,100,50,0,0,1,2,False,Flickless,GIANTX,viper,True,100,50,0,0,0,1,False,westside,GIANTX,cypher,True,100,50,0,0,1,6,False
1353.519,5796,ACTIVE_ROUND,11,3,7,,2.569,,MiniBoo,Team Heretics,raze,True,100,25,0,2,0,1,False,RieNs,Team Heretics,fade,False,,25,0,0,0,5,False,Boo,Team Heretics,omen,True,100,25,2,1,1,3,False,benjyfishy,Team Heretics,deadlock,False,,25,0,0,0,1,False,Wo0t,Team Heretics,chamber,False,,25,0,0,0,5,False,grubinho,GIANTX,omen,True,100,50,0,0,0,4,False,ara,GIANTX,raze,False,,14,0,0,0,3,False,Cloud,GIANTX,fade,True,100,50,0,0,1,2,False,Flickless,GIANTX,viper,True,100,50,0,0,0,1,False,westside,GIANTX,cypher,True,100,50,0,0,1,6,False
1353.752,5797,ACTIVE_ROUND,11,3,7,,2.803,,MiniBoo,Team Heretics,raze,True,100,25,0,2,0,1,False,RieNs,Team Heretics,fade,False,,25,0,0,0,5,False,Boo,Team Heretics,omen,True,100,25,2,1,1,3,False,benjyfishy,Team Heretics,deadlock,False,,25,0,0,0,1,False,Wo0t,Team Heretics,chamber,False,,25,0,0,0,5,False,grubinho,GIANTX,omen,True,100,50,0,0,0,4,False,ara,GIANTX,raze,False,,14,0,0,0,3,False,Cloud,GIANTX,fade,True,100,50,0,0,1,2,False,Flickless,GIANTX,viper,True,100,50,0,0,0,1,False,westside,GIANTX,cypher,True,100,50,0,0,1,6,False
1353.986,5798,ACTIVE_ROUND,11,3,7,,3.036,,MiniBoo,Team Heretics,raze,True,100,25,0,2,0,1,False,RieNs,Team Heretics,fade,False,,25,0,0,0,5,False,Boo,Team Heretics,omen,True,100,25,2,1,1,3,False,benjyfishy,Team Heretics,deadlock,False,,25,0,0,0,1,False,Wo0t,Team Heretics,chamber,False,,25,0,0,0,5,False,grubinho,GIANTX,omen,True,100,50,0,0,0,4,False,ara,GIANTX,raze,False,,14,0,0,0,3,False,Cloud,GIANTX,fade,True,100,50,0,0,1,2,False,Flickless,GIANTX,viper,True,100,50,0,0,0,1,False,westside,GIANTX,cypher,True,100,50,0,0,1,6,False
1354.220,5799,ACTIVE_ROUND,11,3,7,,3.270,,MiniBoo,Team Heretics,raze,True,100,25,0,2,0,1,False,RieNs,Team Heretics,fade,False,,25,0,0,0,5,False,Boo,Team Heretics,omen,True,100,25,2,1,1,3,False,benjyfishy,Team Heretics,deadlock,False,,25,0,0,0,1,False,Wo0t,Team Heretics,chamber,False,,25,0,0,0,5,False,grubinho,GIANTX,omen,True,100,50,0,0,0,4,False,ara,GIANTX,raze,False,,14,0,0,0,3,False,Cloud,GIANTX,fade,True,100,50,0,0,1,2,False,Flickless,GIANTX,viper,True,100,50,0,0,0,1,False,westside,GIANTX,cypher,True,100,50,0,0,1,6,False
1354.453,5800,ACTIVE_ROUND,11,3,7,,3.504,,MiniBoo,Team Heretics,raze,True,100,25,0,2,0,1,False,RieNs,Team Heretics,fade,False,,25,0,0,0,5,False,Boo,Team Heretics,omen,True,100,25,2,1,1,3,False,benjyfishy,Team Heretics,deadlock,False,,25,0,0,0,1,False,Wo0t,Team Heretics,chamber,False,,25,0,0,0,5,False,grubinho,GIANTX,omen,True,100,50,0,0,0,4,False,ara,GIANTX,raze,False,,14,0,0,0,3,False,Cloud,GIANTX,fade,True,100,50,0,0,1,2,False,Flickless,GIANTX,viper,True,100,50,0,0,0,1,False,westside,GIANTX,cypher,True,100,50,0,0,1,6,False
1354.687,5801,ACTIVE_ROUND,11,3,7,,3.737,,MiniBoo,Team Heretics,raze,True,100,25,0,2,0,1,False,RieNs,Team Heretics,fade,False,,25,0,0,0,5,False,Boo,Team Heretics,omen,True,100,25,2,1,1,3,False,benjyfishy,Team Heretics,deadlock,False,,25,0,0,0,1,False,Wo0t,Team Heretics,chamber,False,,25,0,0,0,5,False,grubinho,GIANTX,omen,True,100,50,0,0,0,4,False,ara,GIANTX,raze,False,,14,0,0,0,3,False,Cloud,GIANTX,fade,True,100,50,0,0,1,2,False,Flickless,GIANTX,viper,True,100,50,0,0,0,1,False,westside,GIANTX,cypher,True,100,50,0,0,1,6,False
1354.920,5802,ACTIVE_ROUND,11,3,7,,3.971,,MiniBoo,Team Heretics,raze,True,100,25,0,2,0,1,False,RieNs,Team Heretics,fade,False,,25,0,0,0,5,False,Boo,Team Heretics,omen,True,100,25,2,1,1,3,False,benjyfishy,Team Heretics,deadlock,False,,25,0,0,0,1,False,Wo0t,Team Heretics,chamber,False,,25,0,0,0,5,False,grubinho,GIANTX,omen,True,100,50,0,0,0,4,False,ara,GIANTX,raze,False,,14,0,0,0,3,False,Cloud,GIANTX,fade,True,100,50,0,0,1,2,False,Flickless,GIANTX,viper,True,100,50,0,0,0,1,False,westside,GIANTX,cypher,True,100,50,0,0,1,6,False
1355.154,5803,ACTIVE_ROUND,11,3,7,,4.204,,MiniBoo,Team Heretics,raze,True,100,25,0,2,0,1,False,RieNs,Team Heretics,fade,False,,25,0,0,0,5,False,Boo,Team Heretics,omen,True,100,25,2,1,1,3,False,benjyfishy,Team Heretics,deadlock,False,,25,0,0,0,1,False,Wo0t,Team Heretics,chamber,False,,25,0,0,0,5,False,grubinho,GIANTX,omen,True,100,50,0,0,0,4,False,ara,GIANTX,raze,False,,14,0,0,0,3,False,Cloud,GIANTX,fade,True,100,50,0,0,1,2,False,Flickless,GIANTX,viper,True,100,50,0,0,0,1,False,westside,GIANTX,cypher,True,100,50,0,0,1,6,False
1355.387,5804,ACTIVE_ROUND,11,3,7,,4.438,,MiniBoo,Team Heretics,raze,True,100,25,0,2,0,1,False,RieNs,Team Heretics,fade,False,,25,0,0,0,5,False,Boo,Team Heretics,omen,True,100,25,2,1,1,3,False,benjyfishy,Team Heretics,deadlock,False,,25,0,0,0,1,False,Wo0t,Team Heretics,chamber,False,,25,0,0,0,5,False,grubinho,GIANTX,omen,True,100,50,0,0,0,4,False,ara,GIANTX,raze,False,,14,0,0,0,3,False,Cloud,GIANTX,fade,True,100,50,0,0,1,2,False,Flickless,GIANTX,viper,True,100,50,0,0,0,1,False,westside,GIANTX,cypher,True,100,50,0,0,1,6,False
1355.621,5805,ACTIVE_ROUND,11,3,7,,4.671,,MiniBoo,Team Heretics,raze,True,100,25,0,2,0,1,False,RieNs,Team Heretics,fade,False,,25,0,0,0,5,False,Boo,Team Heretics,omen,True,100,25,2,1,1,3,False,benjyfishy,Team Heretics,deadlock,False,,25,0,0,0,1,False,Wo0t,Team Heretics,chamber,False,,25,0,0,0,5,False,grubinho,GIANTX,omen,True,100,50,0,0,0,4,False,ara,GIANTX,raze,False,,14,0,0,0,3,False,Cloud,GIANTX,fade,True,100,50,0,0,1,2,False,Flickless,GIANTX,viper,True,100,50,0,0,0,1,False,westside,GIANTX,cypher,True,100,50,0,0,1,6,False
1355.854,5806,ACTIVE_ROUND,11,3,7,,4.905,,MiniBoo,Team Heretics,raze,True,100,25,0,2,0,1,False,RieNs,Team Heretics,fade,False,,25,0,0,0,5,False,Boo,Team Heretics,omen,True,100,25,2,1,1,3,False,benjyfishy,Team Heretics,deadlock,False,,25,0,0,0,1,False,Wo0t,Team Heretics,chamber,False,,25,0,0,0,5,False,grubinho,GIANTX,omen,True,100,50,0,0,0,4,False,ara,GIANTX,raze,False,,14,0,0,0,3,False,Cloud,GIANTX,fade,True,100,50,0,0,1,2,False,Flickless,GIANTX,viper,True,100,50,0,0,0,1,False,westside,GIANTX,cypher,True,100,50,0,0,1,6,False
1356.088,5807,ACTIVE_ROUND,11,3,7,,5.138,,MiniBoo,Team Heretics,raze,True,100,25,0,2,0,1,False,RieNs,Team Heretics,fade,False,,25,0,0,0,5,False,Boo,Team Heretics,omen,True,100,25,2,1,1,3,False,benjyfishy,Team Heretics,deadlock,False,,25,0,0,0,1,False,Wo0t,Team Heretics,chamber,False,,25,0,0,0,5,False,grubinho,GIANTX,omen,True,100,50,0,0,0,4,False,ara,GIANTX,raze,False,,14,0,0,0,3,False,Cloud,GIANTX,fade,True,100,50,0,0,1,2,False,Flickless,GIANTX,viper,True,100,50,0,0,0,1,False,westside,GIANTX,cypher,True,100,50,0,0,1,6,False
1356.322,5808,ACTIVE_ROUND,11,3,7,,5.372,,MiniBoo,Team Heretics,raze,True,100,25,0,2,0,1,False,RieNs,Team Heretics,fade,False,,25,0,0,0,5,False,Boo,Team Heretics,omen,True,100,25,2,1,1,3,False,benjyfishy,Team Heretics,deadlock,False,,25,0,0,0,1,False,Wo0t,Team Heretics,chamber,False,,25,0,0,0,5,False,grubinho,GIANTX,omen,True,100,50,0,0,0,4,False,ara,GIANTX,raze,False,,14,0,0,0,3,False,Cloud,GIANTX,fade,True,100,50,0,0,1,2,False,Flickless,GIANTX,viper,True,100,50,0,0,0,1,False,westside,GIANTX,cypher,True,100,50,0,0,1,6,False
1356.555,5809,ACTIVE_ROUND,11,3,7,,5.606,,MiniBoo,Team Heretics,raze,True,100,25,0,2,0,1,False,RieNs,Team Heretics,fade,False,,25,0,0,0,5,False,Boo,Team Heretics,omen,True,100,25,2,1,1,3,False,benjyfishy,Team Heretics,deadlock,False,,25,0,0,0,1,False,Wo0t,Team Heretics,chamber,False,,25,0,0,0,5,False,grubinho,GIANTX,omen,True,100,50,0,0,0,4,False,ara,GIANTX,raze,False,,14,0,0,0,3,False,Cloud,GIANTX,fade,True,100,50,0,0,1,2,False,Flickless,GIANTX,viper,True,100,50,0,0,0,1,False,westside,GIANTX,cypher,True,100,50,0,0,1,6,False
1356.789,5810,ACTIVE_ROUND,11,3,7,,5.839,,MiniBoo,Team Heretics,raze,True,100,25,0,2,0,1,False,RieNs,Team Heretics,fade,False,,25,0,0,0,5,False,Boo,Team Heretics,omen,True,100,25,2,1,1,3,False,benjyfishy,Team Heretics,deadlock,False,,25,0,0,0,1,False,Wo0t,Team Heretics,chamber,False,,25,0,0,0,5,False,grubinho,GIANTX,omen,True,100,50,0,0,0,4,False,ara,GIANTX,raze,False,,14,0,0,0,3,False,Cloud,GIANTX,fade,True,100,50,0,0,1,2,False,Flickless,GIANTX,viper,True,100,50,0,0,0,1,False,westside,GIANTX,cypher,True,100,50,0,0,1,6,False
1357.022,5811,ACTIVE_ROUND,11,3,7,,6.073,,MiniBoo,Team Heretics,raze,True,100,25,0,2,0,1,False,RieNs,Team Heretics,fade,False,,25,0,0,0,5,False,Boo,Team Heretics,omen,True,100,25,2,1,1,3,False,benjyfishy,Team Heretics,deadlock,False,,25,0,0,0,1,False,Wo0t,Team Heretics,chamber,False,,25,0,0,0,5,False,grubinho,GIANTX,omen,True,100,50,0,0,0,4,False,ara,GIANTX,raze,False,,14,0,0,0,3,False,Cloud,GIANTX,fade,True,100,50,0,0,1,2,False,Flickless,GIANTX,viper,True,100,50,0,0,0,1,False,westside,GIANTX,cypher,True,100,50,0,0,1,6,False
1357.256,5812,ACTIVE_ROUND,11,3,7,,6.306,,MiniBoo,Team Heretics,raze,True,100,25,0,2,0,1,False,RieNs,Team Heretics,fade,False,,25,0,0,0,5,False,Boo,Team Heretics,omen,True,100,25,2,1,1,3,False,benjyfishy,Team Heretics,deadlock,False,,25,0,0,0,1,False,Wo0t,Team Heretics,chamber,False,,25,0,0,0,5,False,grubinho,GIANTX,omen,True,100,50,0,0,0,4,False,ara,GIANTX,raze,False,,14,0,0,0,3,False,Cloud,GIANTX,fade,True,100,50,0,0,1,2,False,Flickless,GIANTX,viper,True,100,50,0,0,0,1,False,westside,GIANTX,cypher,True,100,50,0,0,1,6,False
1357.489,5813,ACTIVE_ROUND,11,3,7,,6.540,,MiniBoo,Team Heretics,raze,True,100,25,0,2,0,1,False,RieNs,Team Heretics,fade,False,,25,0,0,0,5,False,Boo,Team Heretics,omen,True,100,25,2,1,1,3,False,benjyfishy,Team Heretics,deadlock,False,,25,0,0,0,1,False,Wo0t,Team Heretics,chamber,False,,25,0,0,0,5,False,grubinho,GIANTX,omen,True,100,50,0,0,0,4,False,ara,GIANTX,raze,False,,14,0,0,0,3,False,Cloud,GIANTX,fade,True,100,50,0,0,1,2,False,Flickless,GIANTX,viper,True,100,50,0,0,0,1,False,westside,GIANTX,cypher,True,100,50,0,0,1,6,False
1357.723,5814,ACTIVE_ROUND,11,3,7,,6.773,,MiniBoo,Team Heretics,raze,True,100,25,0,2,0,1,False,RieNs,Team Heretics,fade,False,,25,0,0,0,5,False,Boo,Team Heretics,omen,True,100,25,2,1,1,3,False,benjyfishy,Team Heretics,deadlock,False,,25,0,0,0,1,False,Wo0t,Team Heretics,chamber,False,,25,0,0,0,5,False,grubinho,GIANTX,omen,True,100,50,0,0,0,4,False,ara,GIANTX,raze,False,,14,0,0,0,3,False,Cloud,GIANTX,fade,True,100,50,0,0,1,2,False,Flickless,GIANTX,viper,True,100,50,0,0,0,1,False,westside,GIANTX,cypher,True,100,50,0,0,1,6,False
1357.957,5815,ACTIVE_ROUND,11,3,7,,7.007,,MiniBoo,Team Heretics,raze,True,100,25,0,2,0,1,False,RieNs,Team Heretics,fade,False,,25,0,0,0,5,False,Boo,Team Heretics,omen,True,100,25,2,1,1,3,False,benjyfishy,Team Heretics,deadlock,False,,25,0,0,0,1,False,Wo0t,Team Heretics,chamber,False,,25,0,0,0,5,False,grubinho,GIANTX,omen,True,100,50,0,0,0,4,False,ara,GIANTX,raze,False,,14,0,0,0,3,False,Cloud,GIANTX,fade,True,100,50,0,0,1,2,False,Flickless,GIANTX,viper,True,100,50,0,0,0,1,False,westside,GIANTX,cypher,True,100,50,0,0,1,6,False
1358.190,5816,ACTIVE_ROUND,11,3,7,,7.241,,MiniBoo,Team Heretics,raze,True,100,25,0,2,0,1,False,RieNs,Team Heretics,fade,False,,25,0,0,0,5,False,Boo,Team Heretics,omen,True,100,25,2,1,1,3,False,benjyfishy,Team Heretics,deadlock,False,,25,0,0,0,1,False,Wo0t,Team Heretics,chamber,False,,25,0,0,0,5,False,grubinho,GIANTX,omen,True,100,50,0,0,0,4,False,ara,GIANTX,raze,False,,14,0,0,0,3,False,Cloud,GIANTX,fade,True,100,50,0,0,1,2,False,Flickless,GIANTX,viper,True,100,50,0,0,0,1,False,westside,GIANTX,cypher,True,100,50,0,0,1,6,False
1358.424,5817,ACTIVE_ROUND,11,3,7,,7.474,,MiniBoo,Team Heretics,raze,True,100,25,0,2,0,1,False,RieNs,Team Heretics,fade,False,,25,0,0,0,5,False,Boo,Team Heretics,omen,True,100,25,2,1,1,3,False,benjyfishy,Team Heretics,deadlock,False,,25,0,0,0,1,False,Wo0t,Team Heretics,chamber,False,,25,0,0,0,5,False,grubinho,GIANTX,omen,True,100,50,0,0,0,4,False,ara,GIANTX,raze,False,,14,0,0,0,3,False,Cloud,GIANTX,fade,True,100,50,0,0,1,2,False,Flickless,GIANTX,viper,True,100,50,0,0,0,1,False,westside,GIANTX,cypher,True,100,50,0,0,1,6,False
1358.657,5818,ACTIVE_ROUND,11,3,7,,7.708,,MiniBoo,Team Heretics,raze,True,100,25,0,2,0,1,False,RieNs,Team Heretics,fade,False,,25,0,0,0,5,False,Boo,Team Heretics,omen,True,100,25,2,1,1,3,False,benjyfishy,Team Heretics,deadlock,False,,25,0,0,0,1,False,Wo0t,Team Heretics,chamber,False,,25,0,0,0,5,False,grubinho,GIANTX,omen,True,100,50,0,0,0,4,False,ara,GIANTX,raze,False,,14,0,0,0,3,False,Cloud,GIANTX,fade,True,100,50,0,0,1,2,False,Flickless,GIANTX,viper,True,100,50,0,0,0,1,False,westside,GIANTX,cypher,True,100,50,0,0,1,6,False
1358.891,5819,ACTIVE_ROUND,11,3,7,,7.941,,MiniBoo,Team Heretics,raze,True,100,25,0,2,0,1,False,RieNs,Team Heretics,fade,False,,25,0,0,0,5,False,Boo,Team Heretics,omen,True,100,25,2,1,1,3,False,benjyfishy,Team Heretics,deadlock,False,,25,0,0,0,1,False,Wo0t,Team Heretics,chamber,False,,25,0,0,0,5,False,grubinho,GIANTX,omen,True,100,50,0,0,0,4,False,ara,GIANTX,raze,False,,14,0,0,0,3,False,Cloud,GIANTX,fade,True,100,50,0,0,1,2,False,Flickless,GIANTX,viper,True,100,50,0,0,0,1,False,westside,GIANTX,cypher,True,100,50,0,0,1,6,False
1359.124,5820,ACTIVE_ROUND,11,3,7,,8.175,,MiniBoo,Team Heretics,raze,True,100,25,0,2,0,1,False,RieNs,Team Heretics,fade,False,,25,0,0,0,5,False,Boo,Team Heretics,omen,True,100,25,2,1,1,3,False,benjyfishy,Team Heretics,deadlock,False,,25,0,0,0,1,False,Wo0t,Team Heretics,chamber,False,,25,0,0,0,5,False,grubinho,GIANTX,omen,True,100,50,0,0,0,4,False,ara,GIANTX,raze,False,,14,0,0,0,3,False,Cloud,GIANTX,fade,True,100,50,0,0,1,2,False,Flickless,GIANTX,viper,True,100,50,0,0,0,1,False,westside,GIANTX,cypher,True,100,50,0,0,1,6,False
1359.358,5821,ACTIVE_ROUND,11,3,7,,8.408,,MiniBoo,Team Heretics,raze,True,100,25,0,2,0,1,False,RieNs,Team Heretics,fade,False,,25,0,0,0,5,False,Boo,Team Heretics,omen,True,100,25,2,1,1,3,False,benjyfishy,Team Heretics,deadlock,False,,25,0,0,0,1,False,Wo0t,Team Heretics,chamber,False,,25,0,0,0,5,False,grubinho,GIANTX,omen,True,100,50,0,0,0,4,False,ara,GIANTX,raze,False,,14,0,0,0,3,False,Cloud,GIANTX,fade,True,100,50,0,0,1,2,False,Flickless,GIANTX,viper,True,100,50,0,0,0,1,False,westside,GIANTX,cypher,True,100,50,0,0,1,6,False
1359.592,5822,ACTIVE_ROUND,11,3,7,,8.642,,MiniBoo,Team Heretics,raze,True,100,25,0,2,0,1,False,RieNs,Team Heretics,fade,False,,25,0,0,0,5,False,Boo,Team Heretics,omen,True,100,25,2,1,1,3,False,benjyfishy,Team Heretics,deadlock,False,,25,0,0,0,1,False,Wo0t,Team Heretics,chamber,False,,25,0,0,0,5,False,grubinho,GIANTX,omen,True,100,50,0,0,0,4,False,ara,GIANTX,raze,False,,14,0,0,0,3,False,Cloud,GIANTX,fade,True,100,50,0,0,1,2,False,Flickless,GIANTX,viper,True,100,50,0,0,0,1,False,westside,GIANTX,cypher,True,100,50,0,0,1,6,False
1359.825,5823,ACTIVE_ROUND,11,3,7,,8.876,,MiniBoo,Team Heretics,raze,True,100,25,0,2,0,1,False,RieNs,Team Heretics,fade,False,,25,0,0,0,5,False,Boo,Team Heretics,omen,True,100,25,2,1,1,3,False,benjyfishy,Team Heretics,deadlock,False,,25,0,0,0,1,False,Wo0t,Team Heretics,chamber,False,,25,0,0,0,5,False,grubinho,GIANTX,omen,True,100,50,0,0,0,4,False,ara,GIANTX,raze,False,,14,0,0,0,3,False,Cloud,GIANTX,fade,True,100,50,0,0,1,2,False,Flickless,GIANTX,viper,True,100,50,0,0,0,1,False,westside,GIANTX,cypher,True,100,50,0,0,1,6,False
1360.059,5824,ACTIVE_ROUND,11,3,7,,9.109,,MiniBoo,Team Heretics,raze,True,100,25,0,2,0,1,False,RieNs,Team Heretics,fade,False,,25,0,0,0,5,False,Boo,Team Heretics,omen,True,100,25,2,1,1,3,False,benjyfishy,Team Heretics,deadlock,False,,25,0,0,0,1,False,Wo0t,Team Heretics,chamber,False,,25,0,0,0,5,False,grubinho,GIANTX,omen,True,100,50,0,0,0,4,False,ara,GIANTX,raze,False,,14,0,0,0,3,False,Cloud,GIANTX,fade,True,100,50,0,0,1,2,False,Flickless,GIANTX,viper,True,100,50,0,0,0,1,False,westside,GIANTX,cypher,True,100,50,0,0,1,6,False
1360.292,5825,ACTIVE_ROUND,11,3,7,,9.343,,MiniBoo,Team Heretics,raze,True,100,25,0,2,0,1,False,RieNs,Team Heretics,fade,False,,25,0,0,0,5,False,Boo,Team Heretics,omen,True,100,25,2,1,1,3,False,benjyfishy,Team Heretics,deadlock,False,,25,0,0,0,1,False,Wo0t,Team Heretics,chamber,False,,25,0,0,0,5,False,grubinho,GIANTX,omen,True,100,50,0,0,0,4,False,ara,GIANTX,raze,False,,14,0,0,0,3,False,Cloud,GIANTX,fade,True,100,50,0,0,1,2,False,Flickless,GIANTX,viper,True,100,50,0,0,0,1,False,westside,GIANTX,cypher,True,100,50,0,0,1,6,False
1360.526,5826,ACTIVE_ROUND,11,3,7,,9.576,,MiniBoo,Team Heretics,raze,True,100,25,0,2,0,1,False,RieNs,Team Heretics,fade,False,,25,0,0,0,5,False,Boo,Team Heretics,omen,True,100,25,2,1,1,3,False,benjyfishy,Team Heretics,deadlock,False,,25,0,0,0,1,False,Wo0t,Team Heretics,chamber,False,,25,0,0,0,5,False,grubinho,GIANTX,omen,True,100,50,0,0,0,4,False,ara,GIANTX,raze,False,,14,0,0,0,3,False,Cloud,GIANTX,fade,True,100,50,0,0,1,2,False,Flickless,GIANTX,viper,True,100,50,0,0,0,1,False,westside,GIANTX,cypher,True,100,50,0,0,1,6,False
1360.759,5827,ACTIVE_ROUND,11,3,7,,9.810,,MiniBoo,Team Heretics,raze,True,100,25,0,2,0,1,False,RieNs,Team Heretics,fade,False,,25,0,0,0,5,False,Boo,Team Heretics,omen,True,100,25,2,1,1,3,False,benjyfishy,Team Heretics,deadlock,False,,25,0,0,0,1,False,Wo0t,Team Heretics,chamber,False,,25,0,0,0,5,False,grubinho,GIANTX,omen,True,100,50,0,0,0,4,False,ara,GIANTX,raze,False,,14,0,0,0,3,False,Cloud,GIANTX,fade,True,100,50,0,0,1,2,False,Flickless,GIANTX,viper,True,100,50,0,0,0,1,False,westside,GIANTX,cypher,True,100,50,0,0,1,6,False
1360.993,5828,ACTIVE_ROUND,11,3,7,,10.043,,MiniBoo,Team Heretics,raze,True,100,25,0,2,0,1,False,RieNs,Team Heretics,fade,False,,25,0,0,0,5,False,Boo,Team Heretics,omen,True,100,25,2,1,1,3,False,benjyfishy,Team Heretics,deadlock,False,,25,0,0,0,1,False,Wo0t,Team Heretics,chamber,False,,25,0,0,0,5,False,grubinho,GIANTX,omen,True,100,50,0,0,0,4,False,ara,GIANTX,raze,False,,14,0,0,0,3,False,Cloud,GIANTX,fade,True,100,50,0,0,1,2,False,Flickless,GIANTX,viper,True,100,50,0,0,0,1,False,westside,GIANTX,cypher,True,100,50,0,0,1,6,False
1361.227,5829,ACTIVE_ROUND,11,3,7,,10.277,,MiniBoo,Team Heretics,raze,True,100,25,0,2,0,1,False,RieNs,Team Heretics,fade,False,,25,0,0,0,5,False,Boo,Team Heretics,omen,True,100,25,2,1,1,3,False,benjyfishy,Team Heretics,deadlock,False,,25,0,0,0,1,False,Wo0t,Team Heretics,chamber,False,,25,0,0,0,5,False,grubinho,GIANTX,omen,True,100,50,0,0,0,4,False,ara,GIANTX,raze,False,,14,0,0,0,3,False,Cloud,GIANTX,fade,True,100,50,0,0,1,2,False,Flickless,GIANTX,viper,True,100,50,0,0,0,1,False,westside,GIANTX,cypher,True,100,50,0,0,1,6,False
1361.460,5830,ACTIVE_ROUND,11,3,7,,10.511,,MiniBoo,Team Heretics,raze,True,100,25,0,2,0,1,False,RieNs,Team Heretics,fade,False,,25,0,0,0,5,False,Boo,Team Heretics,omen,True,100,25,2,1,1,3,False,benjyfishy,Team Heretics,deadlock,False,,25,0,0,0,1,False,Wo0t,Team Heretics,chamber,False,,25,0,0,0,5,False,grubinho,GIANTX,omen,True,100,50,0,0,0,4,False,ara,GIANTX,raze,False,,14,0,0,0,3,False,Cloud,GIANTX,fade,True,100,50,0,0,1,2,False,Flickless,GIANTX,viper,True,100,50,0,0,0,1,False,westside,GIANTX,cypher,True,100,50,0,0,1,6,False
1361.694,5831,ACTIVE_ROUND,11,3,7,,10.744,,MiniBoo,Team Heretics,raze,True,100,25,0,2,0,1,False,RieNs,Team Heretics,fade,False,,25,0,0,0,5,False,Boo,Team Heretics,omen,True,100,25,2,1,1,3,False,benjyfishy,Team Heretics,deadlock,False,,25,0,0,0,1,False,Wo0t,Team Heretics,chamber,False,,25,0,0,0,5,False,grubinho,GIANTX,omen,True,100,50,0,0,0,4,False,ara,GIANTX,raze,False,,14,0,0,0,3,False,Cloud,GIANTX,fade,True,100,50,0,0,1,2,False,Flickless,GIANTX,viper,True,100,50,0,0,0,1,False,westside,GIANTX,cypher,True,100,50,0,0,1,6,False
1361.927,5832,ACTIVE_ROUND,11,3,7,,10.978,,MiniBoo,Team Heretics,raze,True,100,25,0,2,0,1,False,RieNs,Team Heretics,fade,False,,25,0,0,0,5,False,Boo,Team Heretics,omen,True,100,25,2,1,1,3,False,benjyfishy,Team Heretics,deadlock,False,,25,0,0,0,1,False,Wo0t,Team Heretics,chamber,False,,25,0,0,0,5,False,grubinho,GIANTX,omen,True,100,50,0,0,0,4,False,ara,GIANTX,raze,False,,14,0,0,0,3,False,Cloud,GIANTX,fade,True,100,50,0,0,1,2,False,Flickless,GIANTX,viper,True,100,50,0,0,0,1,False,westside,GIANTX,cypher,True,100,50,0,0,1,6,False
1362.161,5833,ACTIVE_ROUND,11,3,7,,11.211,,MiniBoo,Team Heretics,raze,True,100,25,0,2,0,1,False,RieNs,Team Heretics,fade,False,,25,0,0,0,5,False,Boo,Team Heretics,omen,True,100,25,2,1,1,3,False,benjyfishy,Team Heretics,deadlock,False,,25,0,0,0,1,False,Wo0t,Team Heretics,chamber,False,,25,0,0,0,5,False,grubinho,GIANTX,omen,True,100,50,0,0,0,4,False,ara,GIANTX,raze,False,,14,0,0,0,3,False,Cloud,GIANTX,fade,True,100,50,0,0,1,2,False,Flickless,GIANTX,viper,True,100,50,0,0,0,1,False,westside,GIANTX,cypher,True,100,50,0,0,1,6,False
1362.394,5834,ACTIVE_ROUND,11,3,7,,11.445,,MiniBoo,Team Heretics,raze,True,100,25,0,2,0,1,False,RieNs,Team Heretics,fade,False,,25,0,0,0,5,False,Boo,Team Heretics,omen,True,100,25,2,1,1,3,False,benjyfishy,Team Heretics,deadlock,False,,25,0,0,0,1,False,Wo0t,Team Heretics,chamber,False,,25,0,0,0,5,False,grubinho,GIANTX,omen,True,100,50,0,0,0,4,False,ara,GIANTX,raze,False,,14,0,0,0,3,False,Cloud,GIANTX,fade,True,100,50,0,0,1,2,False,Flickless,GIANTX,viper,True,100,50,0,0,0,1,False,westside,GIANTX,cypher,True,100,50,0,0,1,6,False
1362.628,5835,ACTIVE_ROUND,11,3,7,,11.678,,MiniBoo,Team Heretics,raze,True,100,25,0,2,0,1,False,RieNs,Team Heretics,fade,False,,25,0,0,0,5,False,Boo,Team Heretics,omen,True,100,25,2,1,1,3,False,benjyfishy,Team Heretics,deadlock,False,,25,0,0,0,1,False,Wo0t,Team Heretics,chamber,False,,25,0,0,0,5,False,grubinho,GIANTX,omen,True,100,50,0,0,0,4,False,ara,GIANTX,raze,False,,14,0,0,0,3,False,Cloud,GIANTX,fade,True,100,50,0,0,1,2,False,Flickless,GIANTX,viper,True,100,50,0,0,0,1,False,westside,GIANTX,cypher,True,100,50,0,0,1,6,False
1362.861,5836,ACTIVE_ROUND,11,3,7,,11.912,,MiniBoo,Team Heretics,raze,True,100,25,0,2,0,1,False,RieNs,Team Heretics,fade,False,,25,0,0,0,5,False,Boo,Team Heretics,omen,True,100,25,2,1,1,3,False,benjyfishy,Team Heretics,deadlock,False,,25,0,0,0,1,False,Wo0t,Team Heretics,chamber,False,,25,0,0,0,5,False,grubinho,GIANTX,omen,True,100,50,0,0,0,4,False,ara,GIANTX,raze,False,,14,0,0,0,3,False,Cloud,GIANTX,fade,True,100,50,0,0,1,2,False,Flickless,GIANTX,viper,True,100,50,0,0,0,1,False,westside,GIANTX,cypher,True,100,50,0,0,1,6,False
1363.095,5837,ACTIVE_ROUND,11,3,7,,12.145,,MiniBoo,Team Heretics,raze,True,100,25,0,2,0,1,False,RieNs,Team Heretics,fade,False,,25,0,0,0,5,False,Boo,Team Heretics,omen,True,100,25,2,1,1,3,False,benjyfishy,Team Heretics,deadlock,False,,25,0,0,0,1,False,Wo0t,Team Heretics,chamber,False,,25,0,0,0,5,False,grubinho,GIANTX,omen,True,100,50,0,0,0,4,False,ara,GIANTX,raze,False,,14,0,0,0,3,False,Cloud,GIANTX,fade,True,100,50,0,0,1,2,False,Flickless,GIANTX,viper,True,100,50,0,0,0,1,False,westside,GIANTX,cypher,True,100,50,0,0,1,6,False
1363.329,5838,ACTIVE_ROUND,11,3,7,,12.379,,MiniBoo,Team Heretics,raze,True,100,25,0,2,0,1,False,RieNs,Team Heretics,fade,False,,25,0,0,0,5,False,Boo,Team Heretics,omen,True,100,25,2,1,1,3,False,benjyfishy,Team Heretics,deadlock,False,,25,0,0,0,1,False,Wo0t,Team Heretics,chamber,False,,25,0,0,0,5,False,grubinho,GIANTX,omen,True,100,50,0,0,0,4,False,ara,GIANTX,raze,False,,14,0,0,0,3,False,Cloud,GIANTX,fade,True,100,50,0,0,1,2,False,Flickless,GIANTX,viper,True,100,50,0,0,0,1,False,westside,GIANTX,cypher,True,100,50,0,0,1,6,False
1363.562,5839,ACTIVE_ROUND,11,3,7,,12.613,,MiniBoo,Team Heretics,raze,True,100,25,0,2,0,1,False,RieNs,Team Heretics,fade,False,,25,0,0,0,5,False,Boo,Team Heretics,omen,True,100,25,2,1,1,3,False,benjyfishy,Team Heretics,deadlock,False,,25,0,0,0,1,False,Wo0t,Team Heretics,chamber,False,,25,0,0,0,5,False,grubinho,GIANTX,omen,True,100,50,0,0,0,4,False,ara,GIANTX,raze,False,,14,0,0,0,3,False,Cloud,GIANTX,fade,True,100,50,0,0,1,2,False,Flickless,GIANTX,viper,True,100,50,0,0,0,1,False,westside,GIANTX,cypher,True,100,50,0,0,1,6,False
1363.796,5840,ACTIVE_ROUND,11,3,7,,12.846,,MiniBoo,Team Heretics,raze,True,100,25,0,2,0,1,False,RieNs,Team Heretics,fade,False,,25,0,0,0,5,False,Boo,Team Heretics,omen,True,100,25,2,1,1,3,False,benjyfishy,Team Heretics,deadlock,False,,25,0,0,0,1,False,Wo0t,Team Heretics,chamber,False,,25,0,0,0,5,False,grubinho,GIANTX,omen,True,100,50,0,0,0,4,False,ara,GIANTX,raze,False,,14,0,0,0,3,False,Cloud,GIANTX,fade,True,100,50,0,0,1,2,False,Flickless,GIANTX,viper,True,100,50,0,0,0,1,False,westside,GIANTX,cypher,True,100,50,0,0,1,6,False
1364.029,5841,ACTIVE_ROUND,11,3,7,,13.080,,MiniBoo,Team Heretics,raze,True,100,25,0,2,0,1,False,RieNs,Team Heretics,fade,False,,25,0,0,0,5,False,Boo,Team Heretics,omen,True,100,25,2,1,1,3,False,benjyfishy,Team Heretics,deadlock,False,,25,0,0,0,1,False,Wo0t,Team Heretics,chamber,False,,25,0,0,0,5,False,grubinho,GIANTX,omen,True,100,50,0,0,0,4,False,ara,GIANTX,raze,False,,14,0,0,0,3,False,Cloud,GIANTX,fade,True,100,50,0,0,1,2,False,Flickless,GIANTX,viper,True,100,50,0,0,0,1,False,westside,GIANTX,cypher,True,100,50,0,0,1,6,False
1364.263,5842,ACTIVE_ROUND,11,3,7,,13.313,,MiniBoo,Team Heretics,raze,True,100,25,0,2,0,1,False,RieNs,Team Heretics,fade,False,,25,0,0,0,5,False,Boo,Team Heretics,omen,True,100,25,2,1,1,3,False,benjyfishy,Team Heretics,deadlock,False,,25,0,0,0,1,False,Wo0t,Team Heretics,chamber,False,,25,0,0,0,5,False,grubinho,GIANTX,omen,True,100,50,0,0,0,4,False,ara,GIANTX,raze,False,,14,0,0,0,3,False,Cloud,GIANTX,fade,True,100,50,0,0,1,2,False,Flickless,GIANTX,viper,True,100,50,0,0,0,1,False,westside,GIANTX,cypher,True,100,50,0,0,1,6,False
1364.496,5843,ACTIVE_ROUND,11,3,7,,13.547,,MiniBoo,Team Heretics,raze,True,100,25,0,2,0,1,False,RieNs,Team Heretics,fade,False,,25,0,0,0,5,False,Boo,Team Heretics,omen,True,100,25,2,1,1,3,False,benjyfishy,Team Heretics,deadlock,False,,25,0,0,0,1,False,Wo0t,Team Heretics,chamber,False,,25,0,0,0,5,False,grubinho,GIANTX,omen,True,100,50,0,0,0,4,False,ara,GIANTX,raze,False,,14,0,0,0,3,False,Cloud,GIANTX,fade,True,100,50,0,0,1,2,False,Flickless,GIANTX,viper,True,100,50,0,0,0,1,False,westside,GIANTX,cypher,True,100,50,0,0,1,6,False
1364.730,5844,ACTIVE_ROUND,11,3,7,,13.780,,MiniBoo,Team Heretics,raze,True,100,25,0,2,0,1,False,RieNs,Team Heretics,fade,False,,25,0,0,0,5,False,Boo,Team Heretics,omen,True,100,25,2,1,1,3,False,benjyfishy,Team Heretics,deadlock,False,,25,0,0,0,1,False,Wo0t,Team Heretics,chamber,False,,25,0,0,0,5,False,grubinho,GIANTX,omen,True,100,50,0,0,0,4,False,ara,GIANTX,raze,False,,14,0,0,0,3,False,Cloud,GIANTX,fade,True,100,50,0,0,1,2,False,Flickless,GIANTX,viper,True,100,50,0,0,0,1,False,westside,GIANTX,cypher,True,100,50,0,0,1,6,False
1364.964,5845,ACTIVE_ROUND,11,3,7,,14.014,,MiniBoo,Team Heretics,raze,True,100,25,0,2,0,1,False,RieNs,Team Heretics,fade,False,,25,0,0,0,5,False,Boo,Team Heretics,omen,True,100,25,2,1,1,3,False,benjyfishy,Team Heretics,deadlock,False,,25,0,0,0,1,False,Wo0t,Team Heretics,chamber,False,,25,0,0,0,5,False,grubinho,GIANTX,omen,True,100,50,0,0,0,4,False,ara,GIANTX,raze,False,,14,0,0,0,3,False,Cloud,GIANTX,fade,True,100,50,0,0,1,2,False,Flickless,GIANTX,viper,True,100,50,0,0,0,1,False,westside,GIANTX,cypher,True,100,50,0,0,1,6,False
1365.197,5846,ACTIVE_ROUND,11,3,7,,14.248,,MiniBoo,Team Heretics,raze,True,100,25,0,2,0,1,False,RieNs,Team Heretics,fade,False,,25,0,0,0,5,False,Boo,Team Heretics,omen,True,100,25,2,1,0,3,False,benjyfishy,Team Heretics,deadlock,False,,25,0,0,0,1,False,Wo0t,Team Heretics,chamber,False,,25,0,0,0,5,False,grubinho,GIANTX,omen,True,100,50,0,0,0,4,False,ara,GIANTX,raze,False,,14,0,0,0,3,False,Cloud,GIANTX,fade,True,100,50,0,0,1,2,False,Flickless,GIANTX,viper,True,100,50,0,0,0,1,False,westside,GIANTX,cypher,True,100,50,0,0,1,6,False
1365.431,5847,ACTIVE_ROUND,11,3,7,,14.481,,MiniBoo,Team Heretics,raze,True,100,25,0,2,0,1,False,RieNs,Team Heretics,fade,False,,25,0,0,0,5,False,Boo,Team Heretics,omen,True,100,25,2,1,0,3,False,benjyfishy,Team Heretics,deadlock,False,,25,0,0,0,1,False,Wo0t,Team Heretics,chamber,False,,25,0,0,0,5,False,grubinho,GIANTX,omen,True,100,50,0,0,0,4,False,ara,GIANTX,raze,False,,14,0,0,0,3,False,Cloud,GIANTX,fade,True,100,50,0,0,1,2,False,Flickless,GIANTX,viper,True,100,50,0,0,0,1,False,westside,GIANTX,cypher,True,100,50,0,0,1,6,False
1365.664,5848,ACTIVE_ROUND,11,3,7,,14.715,,MiniBoo,Team Heretics,raze,True,100,25,0,2,0,1,False,RieNs,Team Heretics,fade,False,,25,0,0,0,5,False,Boo,Team Heretics,omen,True,100,25,2,1,0,3,False,benjyfishy,Team Heretics,deadlock,False,,25,0,0,0,1,False,Wo0t,Team Heretics,chamber,False,,25,0,0,0,5,False,grubinho,GIANTX,omen,True,100,50,0,0,0,4,False,ara,GIANTX,raze,False,,14,0,0,0,3,False,Cloud,GIANTX,fade,True,100,50,0,0,1,2,False,Flickless,GIANTX,viper,True,100,50,0,0,0,1,False,westside,GIANTX,cypher,True,100,50,0,0,1,6,False
1365.898,5849,ACTIVE_ROUND,11,3,7,,14.948,,MiniBoo,Team Heretics,raze,True,100,25,0,2,0,1,False,RieNs,Team Heretics,fade,False,,25,0,0,0,5,False,Boo,Team Heretics,omen,True,100,25,2,1,0,3,False,benjyfishy,Team Heretics,deadlock,False,,25,0,0,0,1,False,Wo0t,Team Heretics,chamber,False,,25,0,0,0,5,False,grubinho,GIANTX,omen,True,100,50,0,0,0,4,False,ara,GIANTX,raze,False,,14,0,0,0,3,False,Cloud,GIANTX,fade,True,100,50,0,0,1,2,False,Flickless,GIANTX,viper,True,100,50,0,0,0,1,False,westside,GIANTX,cypher,True,100,50,0,0,1,6,False
1366.131,5850,ACTIVE_ROUND,11,3,7,,15.182,,MiniBoo,Team Heretics,raze,True,100,25,0,2,0,1,False,RieNs,Team Heretics,fade,False,,25,0,0,0,5,False,Boo,Team Heretics,omen,True,100,25,2,1,0,3,False,benjyfishy,Team Heretics,deadlock,False,,25,0,0,0,1,False,Wo0t,Team Heretics,chamber,False,,25,0,0,0,5,False,grubinho,GIANTX,omen,True,100,50,0,0,0,4,False,ara,GIANTX,raze,False,,14,0,0,0,3,False,Cloud,GIANTX,fade,True,100,50,0,0,1,2,False,Flickless,GIANTX,viper,True,100,50,0,0,0,1,False,westside,GIANTX,cypher,True,100,50,0,0,1,6,False
1366.365,5851,ACTIVE_ROUND,11,3,7,,15.415,,MiniBoo,Team Heretics,raze,True,100,25,0,2,0,1,False,RieNs,Team Heretics,fade,False,,25,0,0,0,5,False,Boo,Team Heretics,omen,True,100,25,2,1,0,3,False,benjyfishy,Team Heretics,deadlock,False,,25,0,0,0,1,False,Wo0t,Team Heretics,chamber,False,,25,0,0,0,5,False,grubinho,GIANTX,omen,True,100,50,0,0,0,4,False,ara,GIANTX,raze,False,,14,0,0,0,3,False,Cloud,GIANTX,fade,True,100,50,0,0,1,2,False,Flickless,GIANTX,viper,True,100,50,0,0,0,1,False,westside,GIANTX,cypher,True,100,50,0,0,1,6,False
1366.599,5852,ACTIVE_ROUND,11,3,7,,15.649,,MiniBoo,Team Heretics,raze,True,100,25,0,2,0,1,False,RieNs,Team Heretics,fade,False,,25,0,0,0,5,False,Boo,Team Heretics,omen,True,100,25,2,1,0,3,False,benjyfishy,Team Heretics,deadlock,False,,25,0,0,0,1,False,Wo0t,Team Heretics,chamber,False,,25,0,0,0,5,False,grubinho,GIANTX,omen,True,100,50,0,0,0,4,False,ara,GIANTX,raze,False,,14,0,0,0,3,False,Cloud,GIANTX,fade,True,100,50,0,0,1,2,False,Flickless,GIANTX,viper,True,100,50,0,0,0,1,False,westside,GIANTX,cypher,True,100,50,0,0,1,6,False
1366.832,5853,ACTIVE_ROUND,11,3,7,,15.883,,MiniBoo,Team Heretics,raze,True,100,25,0,2,0,1,False,RieNs,Team Heretics,fade,False,,25,0,0,0,5,False,Boo,Team Heretics,omen,True,100,25,2,1,0,3,False,benjyfishy,Team Heretics,deadlock,False,,25,0,0,0,1,False,Wo0t,Team Heretics,chamber,False,,25,0,0,0,5,False,grubinho,GIANTX,omen,True,100,50,0,0,0,4,False,ara,GIANTX,raze,False,,14,0,0,0,3,False,Cloud,GIANTX,fade,True,100,50,0,0,1,2,False,Flickless,GIANTX,viper,True,100,50,0,0,0,1,False,westside,GIANTX,cypher,True,100,50,0,0,1,6,False
1367.066,5854,ACTIVE_ROUND,11,3,7,,16.116,,MiniBoo,Team Heretics,raze,True,100,25,0,2,0,1,False,RieNs,Team Heretics,fade,False,,25,0,0,0,5,False,Boo,Team Heretics,omen,True,100,25,2,1,0,3,False,benjyfishy,Team Heretics,deadlock,False,,25,0,0,0,1,False,Wo0t,Team Heretics,chamber,False,,25,0,0,0,5,False,grubinho,GIANTX,omen,True,100,50,0,0,0,4,False,ara,GIANTX,raze,False,,14,0,0,0,3,False,Cloud,GIANTX,fade,True,100,50,0,0,1,2,False,Flickless,GIANTX,viper,True,100,50,0,0,0,1,False,westside,GIANTX,cypher,True,100,50,0,0,1,6,False
1367.299,5855,ACTIVE_ROUND,11,3,7,,16.350,,MiniBoo,Team Heretics,raze,True,100,25,0,2,0,1,False,RieNs,Team Heretics,fade,False,,25,0,0,0,5,False,Boo,Team Heretics,omen,True,100,25,2,1,0,3,False,benjyfishy,Team Heretics,deadlock,False,,25,0,0,0,1,False,Wo0t,Team Heretics,chamber,False,,25,0,0,0,5,False,grubinho,GIANTX,omen,True,100,50,0,0,0,4,False,ara,GIANTX,raze,False,,14,0,0,0,3,False,Cloud,GIANTX,fade,True,100,50,0,0,1,2,False,Flickless,GIANTX,viper,True,100,50,0,0,0,1,False,westside,GIANTX,cypher,True,100,50,0,0,1,6,False
1367.533,5856,ACTIVE_ROUND,11,3,7,,16.583,,MiniBoo,Team Heretics,raze,True,100,25,0,2,0,1,False,RieNs,Team Heretics,fade,False,,25,0,0,0,5,False,Boo,Team Heretics,omen,True,100,25,2,1,0,3,False,benjyfishy,Team Heretics,deadlock,False,,25,0,0,0,1,False,Wo0t,Team Heretics,chamber,False,,25,0,0,0,5,False,grubinho,GIANTX,omen,True,100,50,0,0,0,4,False,ara,GIANTX,raze,False,,14,0,0,0,3,False,Cloud,GIANTX,fade,True,100,50,0,0,1,2,False,Flickless,GIANTX,viper,True,100,50,0,0,0,1,False,westside,GIANTX,cypher,True,100,50,0,0,1,6,False
1367.766,5857,ACTIVE_ROUND,11,3,7,,16.817,,MiniBoo,Team Heretics,raze,True,100,25,0,2,0,1,False,RieNs,Team Heretics,fade,False,,25,0,0,0,5,False,Boo,Team Heretics,omen,True,100,25,0,0,0,3,False,benjyfishy,Team Heretics,deadlock,False,,25,0,0,0,1,False,Wo0t,Team Heretics,chamber,False,,25,0,0,0,5,False,grubinho,GIANTX,omen,True,100,50,0,0,0,4,False,ara,GIANTX,raze,False,,14,0,0,0,3,False,Cloud,GIANTX,fade,True,100,50,0,0,1,2,False,Flickless,GIANTX,viper,True,100,50,0,0,0,1,False,westside,GIANTX,cypher,True,100,50,0,0,1,6,False
1368.000,5858,ACTIVE_ROUND,11,3,7,,17.050,,MiniBoo,Team Heretics,raze,True,100,25,0,2,0,1,False,RieNs,Team Heretics,fade,False,,25,0,0,0,5,False,Boo,Team Heretics,omen,False,,25,0,0,0,3,False,benjyfishy,Team Heretics,deadlock,False,,25,0,0,0,1,False,Wo0t,Team Heretics,chamber,False,,25,0,0,0,5,False,grubinho,GIANTX,omen,True,100,50,0,0,0,4,False,ara,GIANTX,raze,False,,14,0,0,0,3,False,Cloud,GIANTX,fade,True,100,50,0,0,1,2,False,Flickless,GIANTX,viper,True,100,50,0,0,0,1,False,westside,GIANTX,cypher,True,100,50,0,0,1,6,False
1368.234,5859,ACTIVE_ROUND,11,3,7,,17.284,,MiniBoo,Team Heretics,raze,True,100,25,0,2,0,1,False,RieNs,Team Heretics,fade,False,,25,0,0,0,5,False,Boo,Team Heretics,omen,False,,25,0,0,0,3,False,benjyfishy,Team Heretics,deadlock,False,,25,0,0,0,1,False,Wo0t,Team Heretics,chamber,False,,25,0,0,0,5,False,grubinho,GIANTX,omen,True,100,50,0,0,0,5,False,ara,GIANTX,raze,False,,14,0,0,0,3,False,Cloud,GIANTX,fade,True,100,50,0,0,1,2,False,Flickless,GIANTX,viper,True,100,50,0,0,0,1,False,westside,GIANTX,cypher,True,100,50,0,0,1,6,False
1368.467,5860,POST_ROUND,11,3,8,,,0.000,MiniBoo,Team Heretics,raze,True,100,25,0,0,0,1,False,RieNs,Team Heretics,fade,False,,25,0,0,0,5,False,Boo,Team Heretics,omen,False,,25,0,0,0,3,False,benjyfishy,Team Heretics,deadlock,False,,25,0,0,0,1,False,Wo0t,Team Heretics,chamber,False,,25,0,0,0,5,False,grubinho,GIANTX,omen,True,100,50,0,0,0,5,False,ara,GIANTX,raze,False,,14,0,0,0,3,False,Cloud,GIANTX,fade,True,100,50,0,0,1,2,False,Flickless,GIANTX,viper,True,100,50,0,0,0,1,False,westside,GIANTX,cypher,True,100,50,0,0,1,6,False
1368.701,5861,POST_ROUND,11,3,8,,,0.234,MiniBoo,Team Heretics,raze,False,,25,0,0,0,1,False,RieNs,Team Heretics,fade,False,,25,0,0,0,5,False,Boo,Team Heretics,omen,False,,25,0,0,0,3,False,benjyfishy,Team Heretics,deadlock,False,,25,0,0,0,1,False,Wo0t,Team Heretics,chamber,False,,25,0,0,0,5,False,grubinho,GIANTX,omen,True,100,50,0,0,0,5,False,ara,GIANTX,raze,False,,14,0,0,0,3,False,Cloud,GIANTX,fade,True,100,50,0,0,1,2,False,Flickless,GIANTX,viper,True,100,50,0,0,0,1,False,westside,GIANTX,cypher,True,100,50,0,0,1,6,False
1368.934,5862,POST_ROUND,11,3,8,,,0.467,MiniBoo,Team Heretics,raze,False,,25,0,0,0,1,False,RieNs,Team Heretics,fade,False,,25,0,0,0,5,False,Boo,Team Heretics,omen,False,,25,0,0,0,3,False,benjyfishy,Team Heretics,deadlock,False,,25,0,0,0,1,False,Wo0t,Team Heretics,chamber,False,,25,0,0,0,5,False,grubinho,GIANTX,omen,True,100,50,0,0,0,5,False,ara,GIANTX,raze,False,,14,0,0,0,3,False,Cloud,GIANTX,fade,True,100,50,0,0,1,2,False,Flickless,GIANTX,viper,True,100,50,0,0,0,1,False,westside,GIANTX,cypher,True,100,50,0,0,1,6,False
1369.168,5863,POST_ROUND,11,3,8,,,0.701,MiniBoo,Team Heretics,raze,False,,25,0,0,0,1,False,RieNs,Team Heretics,fade,False,,25,0,0,0,5,False,Boo,Team Heretics,omen,False,,25,0,0,0,3,False,benjyfishy,Team Heretics,deadlock,False,,25,0,0,0,1,False,Wo0t,Team Heretics,chamber,False,,25,0,0,0,5,False,grubinho,GIANTX,omen,True,100,50,0,0,0,5,False,ara,GIANTX,raze,False,,14,0,0,0,3,False,Cloud,GIANTX,fade,True,100,50,0,0,1,3,False,Flickless,GIANTX,viper,True,100,50,0,0,0,1,False,westside,GIANTX,cypher,True,100,50,0,0,1,6,False
1369.401,5864,POST_ROUND,11,3,8,,,0.934,MiniBoo,Team Heretics,raze,False,,25,0,0,0,1,False,RieNs,Team Heretics,fade,False,,25,0,0,0,5,False,Boo,Team Heretics,omen,False,,25,0,0,0,3,False,benjyfishy,Team Heretics,deadlock,False,,25,0,0,0,1,False,Wo0t,Team Heretics,chamber,False,,25,0,0,0,5,False,grubinho,GIANTX,omen,True,100,50,0,0,0,5,False,ara,GIANTX,raze,False,,14,0,0,0,3,False,Cloud,GIANTX,fade,True,100,50,0,0,1,3,False,Flickless,GIANTX,viper,True,100,50,0,0,0,1,False,westside,GIANTX,cypher,True,100,50,0,0,1,6,False
1369.635,5865,POST_ROUND,11,3,8,,,1.168,MiniBoo,Team Heretics,raze,False,,25,0,0,0,1,False,RieNs,Team Heretics,fade,False,,25,0,0,0,5,False,Boo,Team Heretics,omen,False,,25,0,0,0,3,False,benjyfishy,Team Heretics,deadlock,False,,25,0,0,0,1,False,Wo0t,Team Heretics,chamber,False,,25,0,0,0,5,False,grubinho,GIANTX,omen,True,100,50,0,0,0,5,False,ara,GIANTX,raze,False,,14,0,0,0,3,False,Cloud,GIANTX,fade,True,100,50,0,0,1,3,False,Flickless,GIANTX,viper,True,100,50,0,0,0,1,False,westside,GIANTX,cypher,True,100,50,0,0,1,6,False
1369.869,5866,POST_ROUND,11,3,8,,,1.401,MiniBoo,Team Heretics,raze,False,,25,0,0,0,1,False,RieNs,Team Heretics,fade,False,,25,0,0,0,5,False,Boo,Team Heretics,omen,False,,25,0,0,0,3,False,benjyfishy,Team Heretics,deadlock,False,,25,0,0,0,1,False,Wo0t,Team Heretics,chamber,False,,25,0,0,0,5,False,grubinho,GIANTX,omen,True,100,50,0,0,0,5,False,ara,GIANTX,raze,False,,14,0,0,0,3,False,Cloud,GIANTX,fade,True,100,50,0,0,1,3,False,Flickless,GIANTX,viper,True,100,50,0,0,0,1,False,westside,GIANTX,cypher,True,100,50,0,0,1,6,False
1370.102,5867,POST_ROUND,11,3,8,,,1.635,MiniBoo,Team Heretics,raze,False,,25,0,0,0,1,False,RieNs,Team Heretics,fade,False,,25,0,0,0,5,False,Boo,Team Heretics,omen,False,,25,0,0,0,3,False,benjyfishy,Team Heretics,deadlock,False,,25,0,0,0,1,False,Wo0t,Team Heretics,chamber,False,,25,0,0,0,5,False,grubinho,GIANTX,omen,True,100,50,0,0,0,5,False,ara,GIANTX,raze,False,,14,0,0,0,3,False,Cloud,GIANTX,fade,True,100,50,0,0,1,3,False,Flickless,GIANTX,viper,True,100,50,0,0,0,1,False,westside,GIANTX,cypher,True,100,50,0,0,1,6,False
1370.336,5868,POST_ROUND,11,3,8,,,1.869,MiniBoo,Team Heretics,raze,False,,25,0,0,0,1,False,RieNs,Team Heretics,fade,False,,25,0,0,0,5,False,Boo,Team Heretics,omen,False,,25,0,0,0,3,False,benjyfishy,Team Heretics,deadlock,False,,25,0,0,0,1,False,Wo0t,Team Heretics,chamber,False,,25,0,0,0,5,False,grubinho,GIANTX,omen,True,100,50,0,0,0,5,False,ara,GIANTX,raze,False,,14,0,0,0,3,False,Cloud,GIANTX,fade,True,100,50,0,0,1,3,False,Flickless,GIANTX,viper,True,100,50,0,0,0,1,False,westside,GIANTX,cypher,True,100,50,0,0,1,6,False
1370.569,5869,POST_ROUND,11,3,8,,,2.102,MiniBoo,Team Heretics,raze,False,,25,0,0,0,1,False,RieNs,Team Heretics,fade,False,,25,0,0,0,5,False,Boo,Team Heretics,omen,False,,25,0,0,0,3,False,benjyfishy,Team Heretics,deadlock,False,,25,0,0,0,1,False,Wo0t,Team Heretics,chamber,False,,25,0,0,0,5,False,grubinho,GIANTX,omen,True,100,50,0,0,0,5,False,ara,GIANTX,raze,False,,14,0,0,0,3,False,Cloud,GIANTX,fade,True,100,50,0,0,1,3,False,Flickless,GIANTX,viper,True,100,50,0,0,0,1,False,westside,GIANTX,cypher,True,100,50,0,0,1,6,False
1370.803,5870,POST_ROUND,11,3,8,,,2.336,MiniBoo,Team Heretics,raze,False,,25,0,0,0,1,False,RieNs,Team Heretics,fade,False,,25,0,0,0,5,False,Boo,Team Heretics,omen,False,,25,0,0,0,3,False,benjyfishy,Team Heretics,deadlock,False,,25,0,0,0,1,False,Wo0t,Team Heretics,chamber,False,,25,0,0,0,5,False,grubinho,GIANTX,omen,True,100,50,0,0,0,5,False,ara,GIANTX,raze,False,,14,0,0,0,3,False,Cloud,GIANTX,fade,True,100,50,0,0,1,3,False,Flickless,GIANTX,viper,True,100,50,0,0,0,1,False,westside,GIANTX,cypher,True,100,50,0,0,1,6,False
1371.036,5871,POST_ROUND,11,3,8,,,2.569,MiniBoo,Team Heretics,raze,False,,25,0,0,0,1,False,RieNs,Team Heretics,fade,False,,25,0,0,0,5,False,Boo,Team Heretics,omen,False,,25,0,0,0,3,False,benjyfishy,Team Heretics,deadlock,False,,25,0,0,0,1,False,Wo0t,Team Heretics,chamber,False,,25,0,0,0,5,False,grubinho,GIANTX,omen,True,100,50,0,0,0,5,False,ara,GIANTX,raze,False,,14,0,0,0,3,False,Cloud,GIANTX,fade,True,100,50,0,0,1,3,False,Flickless,GIANTX,viper,True,100,50,0,0,0,1,False,westside,GIANTX,cypher,True,100,50,0,0,1,6,False
1371.270,5872,POST_ROUND,11,3,8,,,2.803,MiniBoo,Team Heretics,raze,False,,25,0,0,0,1,False,RieNs,Team Heretics,fade,False,,25,0,0,0,5,False,Boo,Team Heretics,omen,False,,25,0,0,0,3,False,benjyfishy,Team Heretics,deadlock,False,,25,0,0,0,1,False,Wo0t,Team Heretics,chamber,False,,25,0,0,0,5,False,grubinho,GIANTX,omen,True,100,50,0,0,0,5,False,ara,GIANTX,raze,False,,14,0,0,0,3,False,Cloud,GIANTX,fade,True,100,50,0,0,1,3,False,Flickless,GIANTX,viper,True,100,50,0,0,0,1,False,westside,GIANTX,cypher,True,100,50,0,0,1,6,False
1371.503,5873,POST_ROUND,11,3,8,,,3.036,MiniBoo,Team Heretics,raze,False,,25,0,0,0,1,False,RieNs,Team Heretics,fade,False,,25,0,0,0,5,False,Boo,Team Heretics,omen,False,,25,0,0,0,3,False,benjyfishy,Team Heretics,deadlock,False,,25,0,0,0,1,False,Wo0t,Team Heretics,chamber,False,,25,0,0,0,5,False,grubinho,GIANTX,omen,True,100,50,0,0,0,5,False,ara,GIANTX,raze,False,,14,0,0,0,3,False,Cloud,GIANTX,fade,True,100,50,0,0,1,3,False,Flickless,GIANTX,viper,True,100,50,0,0,0,1,False,westside,GIANTX,cypher,True,100,50,0,0,1,6,False
1371.737,5874,POST_ROUND,11,3,8,,,3.270,MiniBoo,Team Heretics,raze,False,,25,0,0,0,1,False,RieNs,Team Heretics,fade,False,,25,0,0,0,5,False,Boo,Team Heretics,omen,False,,25,0,0,0,3,False,benjyfishy,Team Heretics,deadlock,False,,25,0,0,0,1,False,Wo0t,Team Heretics,chamber,False,,25,0,0,0,5,False,grubinho,GIANTX,omen,True,100,50,0,0,0,5,False,ara,GIANTX,raze,False,,14,0,0,0,3,False,Cloud,GIANTX,fade,True,100,50,0,0,1,3,False,Flickless,GIANTX,viper,True,100,50,0,0,0,1,False,westside,GIANTX,cypher,True,100,50,0,0,1,6,False
1371.971,5875,POST_ROUND,11,3,8,,,3.504,MiniBoo,Team Heretics,raze,False,,25,0,0,0,1,False,RieNs,Team Heretics,fade,False,,25,0,0,0,5,False,Boo,Team Heretics,omen,False,,25,0,0,0,3,False,benjyfishy,Team Heretics,deadlock,False,,25,0,0,0,1,False,Wo0t,Team Heretics,chamber,False,,25,0,0,0,5,False,grubinho,GIANTX,omen,True,100,50,0,0,0,5,False,ara,GIANTX,raze,False,,14,0,0,0,3,False,Cloud,GIANTX,fade,True,100,50,0,0,1,3,False,Flickless,GIANTX,viper,True,100,50,0,0,0,1,False,westside,GIANTX,cypher,True,100,8,0,0,1,6,False
1372.204,5876,POST_ROUND,11,3,8,,,3.737,MiniBoo,Team Heretics,raze,False,,25,0,0,0,1,False,RieNs,Team Heretics,fade,False,,25,0,0,0,5,False,Boo,Team Heretics,omen,False,,25,0,0,0,3,False,benjyfishy,Team Heretics,deadlock,False,,25,0,0,0,1,False,Wo0t,Team Heretics,chamber,False,,25,0,0,0,5,False,grubinho,GIANTX,omen,True,100,50,0,0,0,5,False,ara,GIANTX,raze,False,,14,0,0,0,3,False,Cloud,GIANTX,fade,True,100,50,0,0,1,3,False,Flickless,GIANTX,viper,True,100,50,0,0,0,1,False,westside,GIANTX,cypher,True,100,50,0,0,1,6,False
1372.438,5877,POST_ROUND,11,3,8,,,3.971,MiniBoo,Team Heretics,raze,False,,25,0,0,0,1,False,RieNs,Team Heretics,fade,False,,25,0,0,0,5,False,Boo,Team Heretics,omen,False,,25,0,0,0,3,False,benjyfishy,Team Heretics,deadlock,False,,25,0,0,0,1,False,Wo0t,Team Heretics,chamber,False,,25,0,0,0,5,False,grubinho,GIANTX,omen,True,100,50,0,0,0,5,False,ara,GIANTX,raze,False,,14,0,0,0,3,False,Cloud,GIANTX,fade,True,100,50,0,0,1,3,False,Flickless,GIANTX,viper,True,100,50,0,0,0,1,False,westside,GIANTX,cypher,True,100,50,0,0,1,6,False
1372.671,5878,POST_ROUND,11,3,8,,,4.204,MiniBoo,Team Heretics,raze,False,,25,0,0,0,1,False,RieNs,Team Heretics,fade,False,,25,0,0,0,5,False,Boo,Team Heretics,omen,False,,25,0,0,0,3,False,benjyfishy,Team Heretics,deadlock,False,,25,0,0,0,1,False,Wo0t,Team Heretics,chamber,False,,25,0,0,0,5,False,grubinho,GIANTX,omen,True,100,50,0,0,0,5,False,ara,GIANTX,raze,False,,14,0,0,0,3,False,Cloud,GIANTX,fade,True,100,50,0,0,1,3,False,Flickless,GIANTX,viper,True,100,50,0,0,0,1,False,westside,GIANTX,cypher,True,100,50,0,0,1,6,False
1372.905,5879,POST_ROUND,11,3,8,,,4.438,MiniBoo,Team Heretics,raze,False,,25,0,0,0,1,False,RieNs,Team Heretics,fade,False,,25,0,0,0,5,False,Boo,Team Heretics,omen,False,,25,0,0,0,3,False,benjyfishy,Team Heretics,deadlock,False,,25,0,0,0,1,False,Wo0t,Team Heretics,chamber,False,,25,0,0,0,5,False,grubinho,GIANTX,omen,True,100,50,0,0,0,5,False,ara,GIANTX,raze,False,,14,0,0,0,3,False,Cloud,GIANTX,fade,True,100,50,0,0,1,3,False,Flickless,GIANTX,viper,True,100,50,0,0,0,1,False,westside,GIANTX,cypher,True,100,50,0,0,1,6,False
1395.561,5976,PREROUND,12,3,8,,,,MiniBoo,Team Heretics,raze,True,,,1,2,1,2,False,RieNs,Team Heretics,fade,True,,,2,1,1,5,False,Boo,Team Heretics,omen,True,,,2,1,2,4,False,benjyfishy,Team Heretics,deadlock,True,,,1,0,1,2,False,Wo0t,Team Heretics,chamber,True,,,1,7,1,6,False,grubinho,GIANTX,omen,True,,,2,1,2,5,False,ara,GIANTX,raze,True,,,1,2,1,3,False,Cloud,GIANTX,fade,True,,,2,1,1,3,False,Flickless,GIANTX,viper,True,,,1,1,0,1,False,westside,GIANTX,cypher,True,,,0,2,1,6,False
1395.794,5977,PREROUND,12,3,8,,,,MiniBoo,Team Heretics,raze,True,,,1,2,1,2,False,RieNs,Team Heretics,fade,True,,,2,1,1,5,False,Boo,Team Heretics,omen,True,,,2,1,2,4,False,benjyfishy,Team Heretics,deadlock,True,,,1,0,1,2,False,Wo0t,Team Heretics,chamber,True,,,1,7,1,6,False,grubinho,GIANTX,omen,True,,,2,1,2,5,False,ara,GIANTX,raze,True,,,1,2,1,3,False,Cloud,GIANTX,fade,True,,,2,1,1,3,False,Flickless,GIANTX,viper,True,,,1,1,0,1,False,westside,GIANTX,cypher,True,,,0,2,1,6,False
1396.028,5978,PREROUND,12,3,8,,,,MiniBoo,Team Heretics,raze,True,,,1,2,1,2,False,RieNs,Team Heretics,fade,True,,,2,1,1,5,False,Boo,Team Heretics,omen,True,,,2,1,2,4,False,benjyfishy,Team Heretics,deadlock,True,,,1,0,1,2,False,Wo0t,Team Heretics,chamber,True,,,1,7,1,6,False,grubinho,GIANTX,omen,True,,,2,1,2,5,False,ara,GIANTX,raze,True,,,1,2,1,3,False,Cloud,GIANTX,fade,True,,,2,1,1,3,False,Flickless,GIANTX,viper,True,,,1,1,0,1,False,westside,GIANTX,cypher,True,,,0,2,1,6,False
1396.262,5979,PREROUND,12,3,8,,,,MiniBoo,Team Heretics,raze,True,,,1,2,1,2,False,RieNs,Team Heretics,fade,True,,,2,1,1,5,False,Boo,Team Heretics,omen,True,,,2,1,2,4,False,benjyfishy,Team Heretics,deadlock,True,,,1,0,1,2,False,Wo0t,Team Heretics,chamber,True,,,1,7,1,6,False,grubinho,GIANTX,omen,True,,,2,1,2,5,False,ara,GIANTX,raze,True,,,1,2,1,3,False,Cloud,GIANTX,fade,True,,,2,1,1,3,False,Flickless,GIANTX,viper,True,,,1,1,0,1,False,westside,GIANTX,cypher,True,,,0,2,1,6,False
1396.495,5980,PREROUND,12,3,8,,,,MiniBoo,Team Heretics,raze,True,,,1,2,1,2,False,RieNs,Team Heretics,fade,True,,,2,1,1,5,False,Boo,Team Heretics,omen,True,,,2,1,2,4,False,benjyfishy,Team Heretics,deadlock,True,,,1,0,1,2,False,Wo0t,Team Heretics,chamber,True,,,1,7,1,6,False,grubinho,GIANTX,omen,True,,,2,1,2,5,False,ara,GIANTX,raze,True,,,1,2,1,3,False,Cloud,GIANTX,fade,True,,,2,1,1,3,False,Flickless,GIANTX,viper,True,,,1,1,0,1,False,westside,GIANTX,cypher,True,,,0,2,1,6,False
1396.729,5981,PREROUND,12,3,8,,,,MiniBoo,Team Heretics,raze,True,,,1,2,1,2,False,RieNs,Team Heretics,fade,True,,,2,1,1,5,False,Boo,Team Heretics,omen,True,,,2,1,2,4,False,benjyfishy,Team Heretics,deadlock,True,,,1,0,1,2,False,Wo0t,Team Heretics,chamber,True,,,1,7,1,6,False,grubinho,GIANTX,omen,True,,,2,1,2,5,False,ara,GIANTX,raze,True,,,1,2,1,3,False,Cloud,GIANTX,fade,True,,,2,1,1,3,False,Flickless,GIANTX,viper,True,,,1,1,0,1,False,westside,GIANTX,cypher,True,,,0,2,1,6,False
1396.962,5982,PREROUND,12,3,8,,,,MiniBoo,Team Heretics,raze,True,,,1,2,1,2,False,RieNs,Team Heretics,fade,True,,,2,1,1,5,False,Boo,Team Heretics,omen,True,,,2,1,2,4,False,benjyfishy,Team Heretics,deadlock,True,,,1,0,1,2,False,Wo0t,Team Heretics,chamber,True,,,1,7,1,6,False,grubinho,GIANTX,omen,True,,,2,1,2,5,False,ara,GIANTX,raze,True,,,1,2,1,3,False,Cloud,GIANTX,fade,True,,,2,1,1,3,False,Flickless,GIANTX,viper,True,,,1,1,0,1,False,westside,GIANTX,cypher,True,,,0,2,1,6,False
1397.196,5983,PREROUND,12,3,8,,,,MiniBoo,Team Heretics,raze,True,,,1,2,1,2,False,RieNs,Team Heretics,fade,True,,,2,1,1,5,False,Boo,Team Heretics,omen,True,,,2,1,2,4,False,benjyfishy,Team Heretics,deadlock,True,,,1,0,1,2,False,Wo0t,Team Heretics,chamber,True,,,1,7,1,6,False,grubinho,GIANTX,omen,True,,,2,1,2,5,False,ara,GIANTX,raze,True,,,1,2,1,3,False,Cloud,GIANTX,fade,True,,,2,1,1,3,False,Flickless,GIANTX,viper,True,,,1,1,0,1,False,westside,GIANTX,cypher,True,,,0,2,1,6,False
1397.429,5984,PREROUND,12,3,8,,,,MiniBoo,Team Heretics,raze,True,,,1,2,1,2,False,RieNs,Team Heretics,fade,True,,,2,1,1,5,False,Boo,Team Heretics,omen,True,,,2,1,2,4,False,benjyfishy,Team Heretics,deadlock,True,,,1,0,1,2,False,Wo0t,Team Heretics,chamber,True,,,1,7,1,6,False,grubinho,GIANTX,omen,True,,,2,1,2,5,False,ara,GIANTX,raze,True,,,1,2,1,3,False,Cloud,GIANTX,fade,True,,,2,1,1,3,False,Flickless,GIANTX,viper,True,,,1,1,0,1,False,westside,GIANTX,cypher,True,,,0,2,1,6,False
1397.663,5985,PREROUND,12,3,8,,,,MiniBoo,Team Heretics,raze,True,,,1,2,1,2,False,RieNs,Team Heretics,fade,True,,,2,1,1,5,False,Boo,Team Heretics,omen,True,,,2,1,2,4,False,benjyfishy,Team Heretics,deadlock,True,,,1,0,1,2,False,Wo0t,Team Heretics,chamber,True,,,1,7,1,6,False,grubinho,GIANTX,omen,True,,,2,1,2,5,False,ara,GIANTX,raze,True,,,1,2,1,3,False,Cloud,GIANTX,fade,True,,,2,1,1,3,False,Flickless,GIANTX,viper,True,,,1,1,0,1,False,westside,GIANTX,cypher,True,,,0,2,1,6,False
1397.897,5986,PREROUND,12,3,8,,,,MiniBoo,Team Heretics,raze,True,,,1,2,1,2,False,RieNs,Team Heretics,fade,True,,,2,1,1,5,False,Boo,Team Heretics,omen,True,,,2,1,2,4,False,benjyfishy,Team Heretics,deadlock,True,,,1,0,1,2,False,Wo0t,Team Heretics,chamber,True,,,1,7,1,6,False,grubinho,GIANTX,omen,True,,,2,1,2,5,False,ara,GIANTX,raze,True,,,1,2,1,3,False,Cloud,GIANTX,fade,True,,,2,1,1,3,False,Flickless,GIANTX,viper,True,,,1,1,0,1,False,westside,GIANTX,cypher,True,,,0,2,1,6,False
1398.130,5987,PREROUND,12,3,8,,,,MiniBoo,Team Heretics,raze,True,,,1,2,1,2,False,RieNs,Team Heretics,fade,True,,,2,1,1,5,False,Boo,Team Heretics,omen,True,,,2,1,2,4,False,benjyfishy,Team Heretics,deadlock,True,,,1,0,1,2,False,Wo0t,Team Heretics,chamber,True,,,1,7,1,6,False,grubinho,GIANTX,omen,True,,,2,1,2,5,False,ara,GIANTX,raze,True,,,1,2,1,3,False,Cloud,GIANTX,fade,True,,,2,1,1,3,False,Flickless,GIANTX,viper,True,,,1,1,0,1,False,westside,GIANTX,cypher,True,,,0,2,1,6,False
1398.364,5988,PREROUND,12,3,8,,,,MiniBoo,Team Heretics,raze,True,,,1,2,1,2,False,RieNs,Team Heretics,fade,True,,,2,1,1,5,False,Boo,Team Heretics,omen,True,,,2,1,2,4,False,benjyfishy,Team Heretics,deadlock,True,,,1,0,1,2,False,Wo0t,Team Heretics,chamber,True,,,1,7,1,6,False,grubinho,GIANTX,omen,True,,,2,1,2,5,False,ara,GIANTX,raze,True,,,1,2,1,3,False,Cloud,GIANTX,fade,True,,,2,1,1,3,False,Flickless,GIANTX,viper,True,,,1,1,0,1,False,westside,GIANTX,cypher,True,,,0,2,1,6,False
1398.597,5989,PREROUND,12,3,8,,,,MiniBoo,Team Heretics,raze,True,,,1,2,1,2,False,RieNs,Team Heretics,fade,True,,,2,1,1,5,False,Boo,Team Heretics,omen,True,,,2,1,2,4,False,benjyfishy,Team Heretics,deadlock,True,,,1,0,1,2,False,Wo0t,Team Heretics,chamber,True,,,1,7,1,6,False,grubinho,GIANTX,omen,True,,,2,1,2,5,False,ara,GIANTX,raze,True,,,1,2,1,3,False,Cloud,GIANTX,fade,True,,,2,1,1,3,False,Flickless,GIANTX,viper,True,,,1,1,0,1,False,westside,GIANTX,cypher,True,,,0,2,1,6,False
1398.831,5990,PREROUND,12,3,8,,,,MiniBoo,Team Heretics,raze,True,,,1,2,1,2,False,RieNs,Team Heretics,fade,True,,,2,1,1,5,False,Boo,Team Heretics,omen,True,,,2,1,2,4,False,benjyfishy,Team Heretics,deadlock,True,,,1,0,1,2,False,Wo0t,Team Heretics,chamber,True,,,1,7,1,6,False,grubinho,GIANTX,omen,True,,,2,1,2,5,False,ara,GIANTX,raze,True,,,1,2,1,3,False,Cloud,GIANTX,fade,True,,,2,1,1,3,False,Flickless,GIANTX,viper,True,,,1,1,0,1,False,westside,GIANTX,cypher,True,,,0,2,1,6,False
1399.064,5991,PREROUND,12,3,8,,,,MiniBoo,Team Heretics,raze,True,,,1,2,1,2,False,RieNs,Team Heretics,fade,True,,,2,1,1,5,False,Boo,Team Heretics,omen,True,,,2,1,2,4,False,benjyfishy,Team Heretics,deadlock,True,,,1,0,1,2,False,Wo0t,Team Heretics,chamber,True,,,1,7,1,6,False,grubinho,GIANTX,omen,True,,,2,1,2,5,False,ara,GIANTX,raze,True,,,1,2,1,3,False,Cloud,GIANTX,fade,True,,,2,1,1,3,False,Flickless,GIANTX,viper,True,,,1,1,0,1,False,westside,GIANTX,cypher,True,,,0,2,1,6,False
1399.298,5992,PREROUND,12,3,8,,,,MiniBoo,Team Heretics,raze,True,,,1,2,1,2,False,RieNs,Team Heretics,fade,True,,,2,1,1,5,False,Boo,Team Heretics,omen,True,,,2,1,2,4,False,benjyfishy,Team Heretics,deadlock,True,,,1,0,1,2,False,Wo0t,Team Heretics,chamber,True,,,0,7,1,6,False,grubinho,GIANTX,omen,True,,,2,1,2,5,False,ara,GIANTX,raze,True,,,1,2,1,3,False,Cloud,GIANTX,fade,True,,,2,1,1,3,False,Flickless,GIANTX,viper,True,,,1,1,0,1,False,westside,GIANTX,cypher,True,,,0,2,1,6,False
1399.531,5993,PREROUND,12,3,8,,,,MiniBoo,Team Heretics,raze,True,,,1,2,1,2,False,RieNs,Team Heretics,fade,True,,,2,1,1,5,False,Boo,Team Heretics,omen,True,,,2,1,2,4,False,benjyfishy,Team Heretics,deadlock,True,,,1,0,1,2,False,Wo0t,Team Heretics,chamber,True,,,0,7,1,6,False,grubinho,GIANTX,omen,True,,,2,1,2,5,False,ara,GIANTX,raze,True,,,1,2,1,3,False,Cloud,GIANTX,fade,True,,,2,1,1,3,False,Flickless,GIANTX,viper,True,,,1,1,0,1,False,westside,GIANTX,cypher,True,,,0,2,1,6,False
1399.765,5994,PREROUND,12,3,8,,,,MiniBoo,Team Heretics,raze,True,,,1,2,1,2,False,RieNs,Team Heretics,fade,True,,,2,1,1,5,False,Boo,Team Heretics,omen,True,,,2,1,2,4,False,benjyfishy,Team Heretics,deadlock,True,,,1,0,1,2,False,Wo0t,Team Heretics,chamber,True,,,0,7,1,6,False,grubinho,GIANTX,omen,True,,,2,1,2,5,False,ara,GIANTX,raze,True,,,1,2,1,3,False,Cloud,GIANTX,fade,True,,,2,1,1,3,False,Flickless,GIANTX,viper,True,,,1,1,0,1,False,westside,GIANTX,cypher,True,,,0,2,1,6,False
1399.999,5995,PREROUND,12,3,8,,,,MiniBoo,Team Heretics,raze,True,,,1,2,1,2,False,RieNs,Team Heretics,fade,True,,,2,1,1,5,False,Boo,Team Heretics,omen,True,,,2,1,2,4,False,benjyfishy,Team Heretics,deadlock,True,,,1,0,1,2,False,Wo0t,Team Heretics,chamber,True,,,0,7,1,6,False,grubinho,GIANTX,omen,True,,,2,1,2,5,False,ara,GIANTX,raze,True,,,1,2,1,3,False,Cloud,GIANTX,fade,True,,,2,1,1,3,False,Flickless,GIANTX,viper,True,,,1,1,0,1,False,westside,GIANTX,cypher,True,,,0,2,1,6,False
1400.232,5996,PREROUND,12,3,8,,,,MiniBoo,Team Heretics,raze,True,,,1,2,1,2,False,RieNs,Team Heretics,fade,True,,,2,1,1,5,False,Boo,Team Heretics,omen,True,,,2,1,2,4,False,benjyfishy,Team Heretics,deadlock,True,,,1,0,1,2,False,Wo0t,Team Heretics,chamber,True,,,0,7,1,6,False,grubinho,GIANTX,omen,True,,,2,1,2,5,False,ara,GIANTX,raze,True,,,1,2,1,3,False,Cloud,GIANTX,fade,True,,,2,1,1,3,False,Flickless,GIANTX,viper,True,,,1,1,0,1,False,westside,GIANTX,cypher,True,,,0,2,1,6,False
1400.466,5997,PREROUND,12,3,8,,,,MiniBoo,Team Heretics,raze,True,,,1,2,1,2,False,RieNs,Team Heretics,fade,True,,,2,1,1,5,False,Boo,Team Heretics,omen,True,,,2,1,2,4,False,benjyfishy,Team Heretics,deadlock,True,,,1,0,1,2,False,Wo0t,Team Heretics,chamber,True,,,0,7,1,6,False,grubinho,GIANTX,omen,True,,,2,1,2,5,False,ara,GIANTX,raze,True,,,1,2,1,3,False,Cloud,GIANTX,fade,True,,,2,1,1,3,False,Flickless,GIANTX,viper,True,,,1,1,0,1,False,westside,GIANTX,cypher,True,,,0,2,1,6,False
1400.699,5998,PREROUND,12,3,8,,,,MiniBoo,Team Heretics,raze,True,,,1,2,1,2,False,RieNs,Team Heretics,fade,True,,,2,1,1,5,False,Boo,Team Heretics,omen,True,,,2,1,2,4,False,benjyfishy,Team Heretics,deadlock,True,,,1,0,1,2,False,Wo0t,Team Heretics,chamber,True,,,0,7,1,6,False,grubinho,GIANTX,omen,True,,,2,1,2,5,False,ara,GIANTX,raze,True,,,1,2,1,3,False,Cloud,GIANTX,fade,True,,,2,1,1,3,False,Flickless,GIANTX,viper,True,,,1,1,0,1,False,westside,GIANTX,cypher,True,,,0,2,1,6,False
1400.933,5999,PREROUND,12,3,8,,,,MiniBoo,Team Heretics,raze,True,,,1,2,1,2,False,RieNs,Team Heretics,fade,True,,,2,1,1,5,False,Boo,Team Heretics,omen,True,,,2,1,2,4,False,benjyfishy,Team Heretics,deadlock,True,,,1,0,1,2,False,Wo0t,Team Heretics,chamber,True,,,0,7,1,6,False,grubinho,GIANTX,omen,True,,,2,1,2,5,False,ara,GIANTX,raze,True,,,1,2,1,3,False,Cloud,GIANTX,fade,True,,,2,1,1,3,False,Flickless,GIANTX,viper,True,,,1,1,0,1,False,westside,GIANTX,cypher,True,,,0,2,1,6,False
1401.166,6000,PREROUND,12,3,8,,,,MiniBoo,Team Heretics,raze,True,,,1,2,1,2,False,RieNs,Team Heretics,fade,True,,,2,1,1,5,False,Boo,Team Heretics,omen,True,,,2,1,2,4,False,benjyfishy,Team Heretics,deadlock,True,,,1,0,1,2,False,Wo0t,Team Heretics,chamber,True,,,0,7,1,6,False,grubinho,GIANTX,omen,True,,,2,1,2,5,False,ara,GIANTX,raze,True,,,1,2,1,3,False,Cloud,GIANTX,fade,True,,,2,1,1,3,False,Flickless,GIANTX,viper,True,,,1,1,0,1,False,westside,GIANTX,cypher,True,,,0,2,1,6,False
1401.400,6001,PREROUND,12,3,8,,,,MiniBoo,Team Heretics,raze,True,,,1,2,1,2,False,RieNs,Team Heretics,fade,True,,,2,1,1,5,False,Boo,Team Heretics,omen,True,,,2,1,2,4,False,benjyfishy,Team Heretics,deadlock,True,,,1,0,1,2,False,Wo0t,Team Heretics,chamber,True,,,0,7,1,6,False,grubinho,GIANTX,omen,True,,,2,1,2,5,False,ara,GIANTX,raze,True,,,1,2,1,3,False,Cloud,GIANTX,fade,True,,,2,1,1,3,False,Flickless,GIANTX,viper,True,,,1,1,0,1,False,westside,GIANTX,cypher,True,,,0,2,1,6,False
1401.634,6002,PREROUND,12,3,8,,,,MiniBoo,Team Heretics,raze,True,,,1,2,1,2,False,RieNs,Team Heretics,fade,True,,,2,1,1,5,False,Boo,Team Heretics,omen,True,,,2,1,2,4,False,benjyfishy,Team Heretics,deadlock,True,,,1,0,1,2,False,Wo0t,Team Heretics,chamber,True,,,0,7,1,6,False,grubinho,GIANTX,omen,True,,,2,1,2,5,False,ara,GIANTX,raze,True,,,1,2,1,3,False,Cloud,GIANTX,fade,True,,,2,1,1,3,False,Flickless,GIANTX,viper,True,,,1,1,0,1,False,westside,GIANTX,cypher,True,,,0,2,1,6,False
1401.867,6003,PREROUND,12,3,8,,,,MiniBoo,Team Heretics,raze,True,,,1,2,1,2,False,RieNs,Team Heretics,fade,True,,,2,1,1,5,False,Boo,Team Heretics,omen,True,,,2,1,2,4,False,benjyfishy,Team Heretics,deadlock,True,,,1,0,1,2,False,Wo0t,Team Heretics,chamber,True,,,0,7,1,6,False,grubinho,GIANTX,omen,True,,,2,1,2,5,False,ara,GIANTX,raze,True,,,1,2,1,3,False,Cloud,GIANTX,fade,True,,,2,1,1,3,False,Flickless,GIANTX,viper,True,,,1,1,0,1,False,westside,GIANTX,cypher,True,,,0,2,1,6,False
1402.101,6004,PREROUND,12,3,8,,,,MiniBoo,Team Heretics,raze,True,,,1,2,1,2,False,RieNs,Team Heretics,fade,True,,,2,1,1,5,False,Boo,Team Heretics,omen,True,,,2,1,2,4,False,benjyfishy,Team Heretics,deadlock,True,,,1,0,1,2,False,Wo0t,Team Heretics,chamber,True,,,0,7,1,6,False,grubinho,GIANTX,omen,True,,,2,1,2,5,False,ara,GIANTX,raze,True,,,1,2,1,3,False,Cloud,GIANTX,fade,True,,,2,1,1,3,False,Flickless,GIANTX,viper,True,,,1,1,0,1,False,westside,GIANTX,cypher,True,,,0,2,1,6,False
1402.334,6005,PREROUND,12,3,8,,,,MiniBoo,Team Heretics,raze,True,,,1,2,1,2,False,RieNs,Team Heretics,fade,True,,,2,1,1,5,False,Boo,Team Heretics,omen,True,,,2,1,2,4,False,benjyfishy,Team Heretics,deadlock,True,,,1,0,1,2,False,Wo0t,Team Heretics,chamber,True,,,0,7,1,6,False,grubinho,GIANTX,omen,True,,,2,1,2,5,False,ara,GIANTX,raze,True,,,1,2,1,3,False,Cloud,GIANTX,fade,True,,,2,1,1,3,False,Flickless,GIANTX,viper,True,,,1,1,0,1,False,westside,GIANTX,cypher,True,,,0,2,1,6,False
1402.568,6006,PREROUND,12,3,8,,,,MiniBoo,Team Heretics,raze,True,,,1,2,1,2,False,RieNs,Team Heretics,fade,True,,,2,1,1,5,False,Boo,Team Heretics,omen,True,,,2,1,2,4,False,benjyfishy,Team Heretics,deadlock,True,,,1,0,1,2,False,Wo0t,Team Heretics,chamber,True,,,0,7,1,6,False,grubinho,GIANTX,omen,True,,,2,1,2,5,False,ara,GIANTX,raze,True,,,1,2,1,3,False,Cloud,GIANTX,fade,True,,,2,1,1,3,False,Flickless,GIANTX,viper,True,,,1,1,0,1,False,westside,GIANTX,cypher,True,,,0,2,1,6,False
1402.801,6007,PREROUND,12,3,8,,,,MiniBoo,Team Heretics,raze,True,,,1,2,1,2,False,RieNs,Team Heretics,fade,True,,,2,1,1,5,False,Boo,Team Heretics,omen,True,,,2,1,2,4,False,benjyfishy,Team Heretics,deadlock,True,,,1,0,1,2,False,Wo0t,Team Heretics,chamber,True,,,0,7,1,6,False,grubinho,GIANTX,omen,True,,,2,1,2,5,False,ara,GIANTX,raze,True,,,1,2,1,3,False,Cloud,GIANTX,fade,True,,,2,1,1,3,False,Flickless,GIANTX,viper,True,,,1,1,0,1,False,westside,GIANTX,cypher,True,,,0,2,1,6,False
1403.035,6008,PREROUND,12,3,8,,,,MiniBoo,Team Heretics,raze,True,,,1,2,1,2,False,RieNs,Team Heretics,fade,True,,,2,1,1,5,False,Boo,Team Heretics,omen,True,,,2,1,2,4,False,benjyfishy,Team Heretics,deadlock,True,,,1,0,1,2,False,Wo0t,Team Heretics,chamber,True,,,0,7,1,6,False,grubinho,GIANTX,omen,True,,,2,1,2,5,False,ara,GIANTX,raze,True,,,1,2,1,3,False,Cloud,GIANTX,fade,True,,,2,1,1,3,False,Flickless,GIANTX,viper,True,,,1,1,0,1,False,westside,GIANTX,cypher,True,,,0,2,1,6,False
1403.269,6009,PREROUND,12,3,8,,,,MiniBoo,Team Heretics,raze,True,,,1,2,1,2,False,RieNs,Team Heretics,fade,True,,,2,1,1,5,False,Boo,Team Heretics,omen,True,,,2,1,2,4,False,benjyfishy,Team Heretics,deadlock,True,,,1,0,1,2,False,Wo0t,Team Heretics,chamber,True,,,0,7,0,6,False,grubinho,GIANTX,omen,True,,,2,1,2,5,False,ara,GIANTX,raze,True,,,1,2,1,3,False,Cloud,GIANTX,fade,True,,,2,1,1,3,False,Flickless,GIANTX,viper,True,,,1,1,0,1,False,westside,GIANTX,cypher,True,,,0,2,1,6,False
1403.502,6010,PREROUND,12,3,8,,,,MiniBoo,Team Heretics,raze,True,,,1,2,1,2,False,RieNs,Team Heretics,fade,True,,,2,1,1,5,False,Boo,Team Heretics,omen,True,,,2,1,2,4,False,benjyfishy,Team Heretics,deadlock,True,,,1,0,1,2,False,Wo0t,Team Heretics,chamber,True,,,0,7,0,6,False,grubinho,GIANTX,omen,True,,,2,1,2,5,False,ara,GIANTX,raze,True,,,1,2,1,3,False,Cloud,GIANTX,fade,True,,,2,1,1,3,False,Flickless,GIANTX,viper,True,,,1,1,0,1,False,westside,GIANTX,cypher,True,,,0,2,1,6,False
1403.736,6011,PREROUND,12,3,8,,,,MiniBoo,Team Heretics,raze,True,,,1,2,1,2,False,RieNs,Team Heretics,fade,True,,,2,1,1,5,False,Boo,Team Heretics,omen,True,,,2,1,2,4,False,benjyfishy,Team Heretics,deadlock,True,,,1,0,1,2,False,Wo0t,Team Heretics,chamber,True,,,0,7,0,6,False,grubinho,GIANTX,omen,True,,,2,1,2,5,False,ara,GIANTX,raze,True,,,1,2,1,3,False,Cloud,GIANTX,fade,True,,,2,1,1,3,False,Flickless,GIANTX,viper,True,,,1,1,0,1,False,westside,GIANTX,cypher,True,,,0,2,1,6,False
1403.969,6012,PREROUND,12,3,8,,,,MiniBoo,Team Heretics,raze,True,,,1,2,1,2,False,RieNs,Team Heretics,fade,True,,,2,1,1,5,False,Boo,Team Heretics,omen,True,,,2,1,2,4,False,benjyfishy,Team Heretics,deadlock,True,,,1,0,1,2,False,Wo0t,Team Heretics,chamber,True,,,0,7,0,6,False,grubinho,GIANTX,omen,True,,,2,1,2,5,False,ara,GIANTX,raze,True,,,1,2,1,3,False,Cloud,GIANTX,fade,True,,,2,1,1,3,False,Flickless,GIANTX,viper,True,,,1,1,0,1,False,westside,GIANTX,cypher,True,,,0,2,1,6,False
1404.203,6013,PREROUND,12,3,8,,,,MiniBoo,Team Heretics,raze,True,,,1,2,1,2,False,RieNs,Team Heretics,fade,True,,,2,1,1,5,False,Boo,Team Heretics,omen,True,,,2,1,2,4,False,benjyfishy,Team Heretics,deadlock,True,,,1,0,1,2,False,Wo0t,Team Heretics,chamber,True,,,0,7,0,6,False,grubinho,GIANTX,omen,True,,,2,1,2,5,False,ara,GIANTX,raze,True,,,1,2,1,3,False,Cloud,GIANTX,fade,True,,,2,1,1,3,False,Flickless,GIANTX,viper,True,,,1,1,0,1,False,westside,GIANTX,cypher,True,,,0,2,1,6,False
1404.436,6014,PREROUND,12,3,8,,,,MiniBoo,Team Heretics,raze,True,,,1,2,1,2,False,RieNs,Team Heretics,fade,True,,,2,1,1,5,False,Boo,Team Heretics,omen,True,,,2,1,2,4,False,benjyfishy,Team Heretics,deadlock,True,,,1,0,1,2,False,Wo0t,Team Heretics,chamber,True,,,0,7,0,6,False,grubinho,GIANTX,omen,True,,,2,1,2,5,False,ara,GIANTX,raze,True,,,1,2,1,3,False,Cloud,GIANTX,fade,True,,,2,1,1,3,False,Flickless,GIANTX,viper,True,,,1,1,0,1,False,westside,GIANTX,cypher,True,,,0,2,1,6,False
1404.670,6015,PREROUND,12,3,8,,,,MiniBoo,Team Heretics,raze,True,,,1,2,1,2,False,RieNs,Team Heretics,fade,True,,,2,1,1,5,False,Boo,Team Heretics,omen,True,,,2,1,2,4,False,benjyfishy,Team Heretics,deadlock,True,,,1,0,1,2,False,Wo0t,Team Heretics,chamber,True,,,0,7,0,6,False,grubinho,GIANTX,omen,True,,,2,1,2,5,False,ara,GIANTX,raze,True,,,1,2,1,3,False,Cloud,GIANTX,fade,True,,,2,1,1,3,False,Flickless,GIANTX,viper,True,,,1,1,0,1,False,westside,GIANTX,cypher,True,,,0,2,1,6,False
1404.904,6016,PREROUND,12,3,8,,,,MiniBoo,Team Heretics,raze,True,,,1,2,1,2,False,RieNs,Team Heretics,fade,True,,,2,1,1,5,False,Boo,Team Heretics,omen,True,,,2,1,2,4,False,benjyfishy,Team Heretics,deadlock,True,,,1,0,1,2,False,Wo0t,Team Heretics,chamber,True,,,0,7,0,6,False,grubinho,GIANTX,omen,True,,,2,1,2,5,False,ara,GIANTX,raze,True,,,1,2,1,3,False,Cloud,GIANTX,fade,True,,,2,1,1,3,False,Flickless,GIANTX,viper,True,,,1,1,0,1,False,westside,GIANTX,cypher,True,,,0,2,1,6,False
1405.137,6017,PREROUND,12,3,8,,,,MiniBoo,Team Heretics,raze,True,,,1,2,1,2,False,RieNs,Team Heretics,fade,True,,,2,1,1,5,False,Boo,Team Heretics,omen,True,,,2,1,2,4,False,benjyfishy,Team Heretics,deadlock,True,,,1,0,1,2,False,Wo0t,Team Heretics,chamber,True,,,0,7,0,6,False,grubinho,GIANTX,omen,True,,,2,1,2,5,False,ara,GIANTX,raze,True,,,1,2,1,3,False,Cloud,GIANTX,fade,True,,,2,1,1,3,False,Flickless,GIANTX,viper,True,,,1,1,0,1,False,westside,GIANTX,cypher,True,,,0,2,1,6,False
1405.371,6018,ACTIVE_ROUND,12,3,8,0.000,,,MiniBoo,Team Heretics,raze,True,,,1,2,1,2,False,RieNs,Team Heretics,fade,True,,,2,1,1,5,False,Boo,Team Heretics,omen,True,,,2,1,2,4,False,benjyfishy,Team Heretics,deadlock,True,,,1,0,1,2,False,Wo0t,Team Heretics,chamber,True,,,0,7,0,6,False,grubinho,GIANTX,omen,True,,,2,1,2,5,False,ara,GIANTX,raze,True,,,1,2,1,3,False,Cloud,GIANTX,fade,True,,,2,1,1,3,False,Flickless,GIANTX,viper,True,,,1,1,0,1,False,westside,GIANTX,cypher,True,,,0,2,1,6,False
1405.604,6019,ACTIVE_ROUND,12,3,8,99.000,,,MiniBoo,Team Heretics,raze,True,100,25,1,2,1,2,False,RieNs,Team Heretics,fade,True,100,50,2,1,1,5,False,Boo,Team Heretics,omen,True,100,50,2,1,2,4,False,benjyfishy,Team Heretics,deadlock,True,100,25,1,0,1,2,False,Wo0t,Team Heretics,chamber,True,100,25,0,7,0,6,False,grubinho,GIANTX,omen,True,100,50,2,1,2,4,False,ara,GIANTX,raze,True,100,50,1,2,1,3,False,Cloud,GIANTX,fade,True,100,50,2,1,1,3,False,Flickless,GIANTX,viper,True,100,50,1,1,0,1,False,westside,GIANTX,cypher,True,100,50,0,2,1,5,False
1405.838,6020,ACTIVE_ROUND,12,3,8,99.000,,,MiniBoo,Team Heretics,raze,True,100,25,1,2,1,2,False,RieNs,Team Heretics,fade,True,100,50,2,1,1,5,False,Boo,Team Heretics,omen,True,100,50,2,1,2,4,False,benjyfishy,Team Heretics,deadlock,True,100,25,1,0,1,2,False,Wo0t,Team Heretics,chamber,True,100,25,0,7,0,6,False,grubinho,GIANTX,omen,True,100,50,2,1,2,5,False,ara,GIANTX,raze,True,100,50,1,2,1,3,False,Cloud,GIANTX,fade,True,100,50,2,1,1,3,False,Flickless,GIANTX,viper,True,100,50,1,1,0,1,False,westside,GIANTX,cypher,True,100,50,0,2,1,6,False
1406.071,6021,ACTIVE_ROUND,12,3,8,99.000,,,MiniBoo,Team Heretics,raze,True,100,25,1,2,1,2,False,RieNs,Team Heretics,fade,True,100,50,2,1,1,5,False,Boo,Team Heretics,omen,True,100,50,2,1,2,4,False,benjyfishy,Team Heretics,deadlock,True,100,25,1,0,1,2,False,Wo0t,Team Heretics,chamber,True,100,25,0,7,0,6,False,grubinho,GIANTX,omen,True,100,50,2,1,2,5,False,ara,GIANTX,raze,True,100,50,1,2,1,3,False,Cloud,GIANTX,fade,True,100,50,2,1,1,3,False,Flickless,GIANTX,viper,True,100,50,1,1,0,1,False,westside,GIANTX,cypher,True,100,50,0,2,1,6,False
1406.305,6022,ACTIVE_ROUND,12,3,8,99.000,,,MiniBoo,Team Heretics,raze,True,100,25,1,2,1,2,False,RieNs,Team Heretics,fade,True,100,50,2,1,1,5,False,Boo,Team Heretics,omen,True,100,50,2,1,1,4,False,benjyfishy,Team Heretics,deadlock,True,100,25,1,0,1,2,False,Wo0t,Team Heretics,chamber,True,100,25,0,7,1,6,False,grubinho,GIANTX,omen,True,100,50,2,1,1,5,False,ara,GIANTX,raze,True,100,50,1,2,1,3,False,Cloud,GIANTX,fade,True,100,50,2,1,1,3,False,Flickless,GIANTX,viper,True,100,50,1,1,0,1,False,westside,GIANTX,cypher,True,100,50,0,2,0,6,False
1406.538,6023,ACTIVE_ROUND,12,3,8,98.000,,,MiniBoo,Team Heretics,raze,True,100,25,1,2,1,2,False,RieNs,Team Heretics,fade,True,100,50,2,1,1,5,False,Boo,Team Heretics,omen,True,100,50,2,1,1,4,False,benjyfishy,Team Heretics,deadlock,True,100,25,1,0,1,2,False,Wo0t,Team Heretics,chamber,True,100,25,0,7,1,6,False,grubinho,GIANTX,omen,True,100,50,2,1,1,5,False,ara,GIANTX,raze,True,100,50,1,2,1,3,False,Cloud,GIANTX,fade,True,100,50,2,1,1,3,False,Flickless,GIANTX,viper,True,100,50,1,1,0,1,False,westside,GIANTX,cypher,True,100,50,0,2,0,6,False
1406.772,6024,ACTIVE_ROUND,12,3,8,98.000,,,MiniBoo,Team Heretics,raze,True,100,25,1,2,1,2,False,RieNs,Team Heretics,fade,True,100,50,2,1,1,5,False,Boo,Team Heretics,omen,True,100,50,2,1,1,4,False,benjyfishy,Team Heretics,deadlock,True,100,25,1,0,1,2,False,Wo0t,Team Heretics,chamber,True,100,25,0,7,1,6,False,grubinho,GIANTX,omen,True,100,50,2,1,1,5,False,ara,GIANTX,raze,True,100,50,1,2,1,3,False,Cloud,GIANTX,fade,True,100,50,2,1,1,3,False,Flickless,GIANTX,viper,True,100,50,1,1,0,1,False,westside,GIANTX,cypher,True,100,50,0,2,0,6,False
1407.006,6025,ACTIVE_ROUND,12,3,8,98.000,,,MiniBoo,Team Heretics,raze,True,100,25,1,2,1,2,False,RieNs,Team Heretics,fade,True,100,50,2,1,1,5,False,Boo,Team Heretics,omen,True,100,50,2,1,1,4,False,benjyfishy,Team Heretics,deadlock,True,100,25,1,0,1,2,False,Wo0t,Team Heretics,chamber,True,100,25,0,7,1,6,False,grubinho,GIANTX,omen,True,100,50,2,1,1,5,False,ara,GIANTX,raze,True,100,50,1,2,1,3,False,Cloud,GIANTX,fade,True,100,50,2,1,1,3,False,Flickless,GIANTX,viper,True,100,50,1,1,0,1,False,westside,GIANTX,cypher,True,100,50,0,2,0,6,False
1407.239,6026,ACTIVE_ROUND,12,3,8,98.000,,,MiniBoo,Team Heretics,raze,True,100,25,1,2,1,2,False,RieNs,Team Heretics,fade,True,100,50,2,1,0,5,False,Boo,Team Heretics,omen,True,100,50,2,1,1,4,False,benjyfishy,Team Heretics,deadlock,True,100,25,1,0,1,2,False,Wo0t,Team Heretics,chamber,True,100,25,0,7,1,6,False,grubinho,GIANTX,omen,True,100,50,2,1,1,5,False,ara,GIANTX,raze,True,100,50,1,2,1,3,False,Cloud,GIANTX,fade,True,100,50,2,1,1,3,False,Flickless,GIANTX,viper,True,100,50,1,1,0,1,False,westside,GIANTX,cypher,True,100,50,0,2,0,6,False
1407.473,6027,ACTIVE_ROUND,12,3,8,97.000,,,MiniBoo,Team Heretics,raze,True,100,25,1,2,1,2,False,RieNs,Team Heretics,fade,True,100,50,2,1,0,5,False,Boo,Team Heretics,omen,True,100,50,2,1,1,4,False,benjyfishy,Team Heretics,deadlock,True,100,25,1,0,1,2,False,Wo0t,Team Heretics,chamber,True,100,25,0,7,1,6,False,grubinho,GIANTX,omen,True,100,50,2,1,1,5,False,ara,GIANTX,raze,True,100,50,1,2,1,3,False,Cloud,GIANTX,fade,True,100,50,2,1,1,3,False,Flickless,GIANTX,viper,True,100,50,1,1,0,1,False,westside,GIANTX,cypher,True,100,50,0,2,0,6,False
1407.706,6028,ACTIVE_ROUND,12,3,8,97.000,,,MiniBoo,Team Heretics,raze,True,100,25,1,2,1,2,False,RieNs,Team Heretics,fade,True,100,50,2,1,0,5,False,Boo,Team Heretics,omen,True,100,50,2,1,1,4,False,benjyfishy,Team Heretics,deadlock,True,100,25,1,0,1,2,False,Wo0t,Team Heretics,chamber,True,100,25,0,7,1,6,False,grubinho,GIANTX,omen,True,100,50,2,1,1,5,False,ara,GIANTX,raze,True,100,50,1,2,1,3,False,Cloud,GIANTX,fade,True,100,50,2,1,1,3,False,Flickless,GIANTX,viper,True,100,50,1,1,0,1,False,westside,GIANTX,cypher,True,100,50,0,2,0,6,False
1407.940,6029,ACTIVE_ROUND,12,3,8,97.000,,,MiniBoo,Team Heretics,raze,True,100,25,1,2,1,2,False,RieNs,Team Heretics,fade,True,100,50,2,1,0,5,False,Boo,Team Heretics,omen,True,100,50,2,1,1,4,False,benjyfishy,Team Heretics,deadlock,True,100,25,1,0,1,2,False,Wo0t,Team Heretics,chamber,True,100,25,0,7,1,6,False,grubinho,GIANTX,omen,True,100,50,2,1,1,5,False,ara,GIANTX,raze,True,100,50,1,2,1,3,False,Cloud,GIANTX,fade,True,100,50,2,1,1,3,False,Flickless,GIANTX,viper,True,100,8,1,1,0,1,False,westside,GIANTX,cypher,True,100,50,0,2,0,6,False
1408.173,6030,ACTIVE_ROUND,12,3,8,97.000,,,MiniBoo,Team Heretics,raze,True,100,25,1,2,1,2,False,RieNs,Team Heretics,fade,True,100,50,2,1,0,5,False,Boo,Team Heretics,omen,True,100,50,2,1,1,4,False,benjyfishy,Team Heretics,deadlock,True,100,25,1,0,1,2,False,Wo0t,Team Heretics,chamber,True,100,25,0,7,1,6,False,grubinho,GIANTX,omen,True,100,50,2,1,1,5,False,ara,GIANTX,raze,True,100,50,1,2,1,3,False,Cloud,GIANTX,fade,True,100,50,2,1,1,3,False,Flickless,GIANTX,viper,True,100,8,1,1,0,1,False,westside,GIANTX,cypher,True,100,50,0,2,0,6,False
1408.407,6031,ACTIVE_ROUND,12,3,8,96.000,,,MiniBoo,Team Heretics,raze,True,100,25,1,2,1,2,False,RieNs,Team Heretics,fade,True,100,50,2,1,0,5,False,Boo,Team Heretics,omen,True,100,50,2,1,1,4,False,benjyfishy,Team Heretics,deadlock,True,100,25,1,0,1,2,False,Wo0t,Team Heretics,chamber,True,100,25,0,7,1,6,False,grubinho,GIANTX,omen,True,100,50,2,1,1,5,False,ara,GIANTX,raze,True,100,50,1,2,1,3,False,Cloud,GIANTX,fade,True,100,50,2,1,1,3,False,Flickless,GIANTX,viper,True,100,8,1,1,0,1,False,westside,GIANTX,cypher,True,100,50,0,2,0,6,False
1408.641,6032,ACTIVE_ROUND,12,3,8,96.000,,,MiniBoo,Team Heretics,raze,True,100,25,1,2,1,2,False,RieNs,Team Heretics,fade,True,100,50,2,1,0,5,False,Boo,Team Heretics,omen,True,100,50,2,1,1,4,False,benjyfishy,Team Heretics,deadlock,True,100,25,1,0,1,2,False,Wo0t,Team Heretics,chamber,True,100,25,0,7,1,6,False,grubinho,GIANTX,omen,True,100,50,2,1,1,5,False,ara,GIANTX,raze,True,100,50,1,2,1,3,False,Cloud,GIANTX,fade,True,100,50,2,1,1,3,False,Flickless,GIANTX,viper,True,100,50,1,1,0,1,False,westside,GIANTX,cypher,True,100,50,0,2,0,6,False
1408.874,6033,ACTIVE_ROUND,12,3,8,96.000,,,MiniBoo,Team Heretics,raze,True,100,25,1,2,1,2,False,RieNs,Team Heretics,fade,True,100,50,2,1,0,5,False,Boo,Team Heretics,omen,True,100,50,2,1,1,4,False,benjyfishy,Team Heretics,deadlock,True,100,25,1,0,1,2,False,Wo0t,Team Heretics,chamber,True,100,25,0,7,1,6,False,grubinho,GIANTX,omen,True,100,50,2,1,1,5,False,ara,GIANTX,raze,True,100,50,1,2,1,3,False,Cloud,GIANTX,fade,True,100,50,2,1,1,3,False,Flickless,GIANTX,viper,True,100,50,1,1,0,1,False,westside,GIANTX,cypher,True,100,50,0,2,0,6,False
1409.108,6034,ACTIVE_ROUND,12,3,8,96.000,,,MiniBoo,Team Heretics,raze,True,100,25,1,2,1,2,False,RieNs,Team Heretics,fade,True,100,50,2,1,0,5,False,Boo,Team Heretics,omen,True,100,50,2,1,1,4,False,benjyfishy,Team Heretics,deadlock,True,100,25,1,0,1,2,False,Wo0t,Team Heretics,chamber,True,100,25,0,7,1,6,False,grubinho,GIANTX,omen,True,100,50,2,1,1,5,False,ara,GIANTX,raze,True,100,50,1,2,1,3,False,Cloud,GIANTX,fade,True,100,50,2,1,1,3,False,Flickless,GIANTX,viper,True,100,50,1,1,0,1,False,westside,GIANTX,cypher,True,100,50,0,2,0,6,False
1409.341,6035,ACTIVE_ROUND,12,3,8,96.000,,,MiniBoo,Team Heretics,raze,True,100,25,1,2,1,2,False,RieNs,Team Heretics,fade,True,100,50,2,1,0,5,False,Boo,Team Heretics,omen,True,100,50,2,1,1,4,False,benjyfishy,Team Heretics,deadlock,True,100,25,1,0,1,2,False,Wo0t,Team Heretics,chamber,True,100,25,0,7,1,6,False,grubinho,GIANTX,omen,True,100,50,2,1,1,5,False,ara,GIANTX,raze,True,100,50,1,2,1,3,False,Cloud,GIANTX,fade,True,100,50,2,1,1,3,False,Flickless,GIANTX,viper,True,100,50,1,1,0,1,False,westside,GIANTX,cypher,True,100,50,0,2,0,6,False
1409.575,6036,ACTIVE_ROUND,12,3,8,95.000,,,MiniBoo,Team Heretics,raze,True,100,25,1,2,1,2,False,RieNs,Team Heretics,fade,True,100,50,2,1,0,5,False,Boo,Team Heretics,omen,True,100,50,2,1,1,4,False,benjyfishy,Team Heretics,deadlock,True,100,25,1,0,1,2,False,Wo0t,Team Heretics,chamber,True,100,25,0,7,1,6,False,grubinho,GIANTX,omen,True,100,50,2,1,1,5,False,ara,GIANTX,raze,True,100,50,1,2,1,3,False,Cloud,GIANTX,fade,True,100,50,2,1,1,3,False,Flickless,GIANTX,viper,True,100,50,1,1,0,1,False,westside,GIANTX,cypher,True,100,50,0,2,0,6,False
1409.808,6037,ACTIVE_ROUND,12,3,8,95.000,,,MiniBoo,Team Heretics,raze,True,100,25,1,2,1,2,False,RieNs,Team Heretics,fade,True,100,50,2,1,0,5,False,Boo,Team Heretics,omen,True,100,50,2,1,1,4,False,benjyfishy,Team Heretics,deadlock,True,100,25,1,0,1,2,False,Wo0t,Team Heretics,chamber,True,100,25,0,7,1,6,False,grubinho,GIANTX,omen,True,100,50,2,1,1,5,False,ara,GIANTX,raze,True,100,50,1,2,1,3,False,Cloud,GIANTX,fade,True,100,50,2,1,1,3,False,Flickless,GIANTX,viper,True,100,50,1,1,0,1,False,westside,GIANTX,cypher,True,100,50,0,2,0,6,False
1410.042,6038,ACTIVE_ROUND,12,3,8,95.000,,,MiniBoo,Team Heretics,raze,True,100,25,1,2,1,2,False,RieNs,Team Heretics,fade,True,100,50,2,1,0,5,False,Boo,Team Heretics,omen,True,100,50,2,1,1,4,False,benjyfishy,Team Heretics,deadlock,True,100,25,1,0,1,2,False,Wo0t,Team Heretics,chamber,True,100,25,0,7,1,6,False,grubinho,GIANTX,omen,True,100,50,2,1,1,5,False,ara,GIANTX,raze,True,100,50,1,2,1,3,False,Cloud,GIANTX,fade,True,100,50,2,1,1,3,False,Flickless,GIANTX,viper,True,100,50,1,1,0,1,False,westside,GIANTX,cypher,True,100,50,0,2,0,6,False
1410.276,6039,ACTIVE_ROUND,12,3,8,95.000,,,MiniBoo,Team Heretics,raze,True,100,25,1,2,1,2,False,RieNs,Team Heretics,fade,True,100,50,2,1,0,5,False,Boo,Team Heretics,omen,True,100,50,2,1,1,4,False,benjyfishy,Team Heretics,deadlock,True,100,25,1,0,1,2,False,Wo0t,Team Heretics,chamber,True,100,25,0,7,1,6,False,grubinho,GIANTX,omen,True,100,50,2,1,1,5,False,ara,GIANTX,raze,True,100,50,1,2,1,3,False,Cloud,GIANTX,fade,True,100,50,2,1,1,3,False,Flickless,GIANTX,viper,True,100,50,1,1,0,1,False,westside,GIANTX,cypher,True,100,50,0,2,0,6,False
1410.509,6040,ACTIVE_ROUND,12,3,8,94.000,,,MiniBoo,Team Heretics,raze,True,100,25,1,2,1,2,False,RieNs,Team Heretics,fade,True,100,50,2,1,0,5,False,Boo,Team Heretics,omen,True,100,50,2,1,1,4,False,benjyfishy,Team Heretics,deadlock,True,100,25,1,0,1,2,False,Wo0t,Team Heretics,chamber,True,100,25,0,7,1,6,False,grubinho,GIANTX,omen,True,100,50,2,1,1,5,False,ara,GIANTX,raze,True,100,50,1,2,1,3,False,Cloud,GIANTX,fade,True,100,50,2,1,1,3,False,Flickless,GIANTX,viper,True,100,50,1,1,0,1,False,westside,GIANTX,cypher,True,100,50,0,2,0,6,False
1410.743,6041,ACTIVE_ROUND,12,3,8,94.000,,,MiniBoo,Team Heretics,raze,True,100,25,1,2,1,2,False,RieNs,Team Heretics,fade,True,100,50,2,1,0,5,False,Boo,Team Heretics,omen,True,100,50,2,1,1,4,False,benjyfishy,Team Heretics,deadlock,True,100,25,1,0,1,2,False,Wo0t,Team Heretics,chamber,True,100,25,0,7,1,6,False,grubinho,GIANTX,omen,True,100,50,2,1,1,5,False,ara,GIANTX,raze,True,100,50,1,2,1,3,False,Cloud,GIANTX,fade,True,100,50,2,1,1,3,False,Flickless,GIANTX,viper,True,100,50,1,1,0,1,False,westside,GIANTX,cypher,True,100,50,0,2,0,6,False
1410.976,6042,ACTIVE_ROUND,12,3,8,94.000,,,MiniBoo,Team Heretics,raze,True,100,25,1,2,1,2,False,RieNs,Team Heretics,fade,True,100,50,2,1,0,5,False,Boo,Team Heretics,omen,True,100,50,2,1,1,4,False,benjyfishy,Team Heretics,deadlock,True,100,25,1,0,1,2,False,Wo0t,Team Heretics,chamber,True,100,25,0,7,1,6,False,grubinho,GIANTX,omen,True,100,50,2,1,1,5,False,ara,GIANTX,raze,True,100,50,1,2,1,3,False,Cloud,GIANTX,fade,True,100,50,2,1,1,3,False,Flickless,GIANTX,viper,True,100,50,1,1,0,1,False,westside,GIANTX,cypher,True,100,50,0,2,0,6,False
1411.210,6043,ACTIVE_ROUND,12,3,8,94.000,,,MiniBoo,Team Heretics,raze,True,100,25,0,2,1,2,False,RieNs,Team Heretics,fade,True,100,50,2,1,0,5,False,Boo,Team Heretics,omen,True,100,50,2,1,1,4,False,benjyfishy,Team Heretics,deadlock,True,100,25,1,0,1,2,False,Wo0t,Team Heretics,chamber,True,100,25,0,7,1,6,False,grubinho,GIANTX,omen,True,100,50,2,1,1,5,False,ara,GIANTX,raze,True,100,50,1,2,1,3,False,Cloud,GIANTX,fade,True,100,50,1,1,1,3,False,Flickless,GIANTX,viper,True,100,50,1,1,0,1,False,westside,GIANTX,cypher,True,100,50,0,2,0,6,False
1411.443,6044,ACTIVE_ROUND,12,3,8,93.000,,,MiniBoo,Team Heretics,raze,True,100,25,0,2,1,2,False,RieNs,Team Heretics,fade,True,100,50,2,1,0,5,False,Boo,Team Heretics,omen,True,100,50,2,1,1,4,False,benjyfishy,Team Heretics,deadlock,True,100,25,1,0,1,2,False,Wo0t,Team Heretics,chamber,True,100,25,0,7,1,6,False,grubinho,GIANTX,omen,True,100,50,2,1,1,5,False,ara,GIANTX,raze,True,100,50,1,2,1,3,False,Cloud,GIANTX,fade,True,100,50,1,1,1,3,False,Flickless,GIANTX,viper,True,100,50,1,1,0,1,False,westside,GIANTX,cypher,True,100,50,0,2,0,6,False
1411.677,6045,ACTIVE_ROUND,12,3,8,93.000,,,MiniBoo,Team Heretics,raze,True,100,25,0,2,1,2,False,RieNs,Team Heretics,fade,True,100,50,2,1,0,5,False,Boo,Team Heretics,omen,True,100,50,2,1,1,4,False,benjyfishy,Team Heretics,deadlock,True,100,25,1,0,1,2,False,Wo0t,Team Heretics,chamber,True,100,25,0,7,1,6,False,grubinho,GIANTX,omen,True,100,50,2,1,1,5,False,ara,GIANTX,raze,True,100,50,1,2,1,3,False,Cloud,GIANTX,fade,True,100,50,1,1,1,3,False,Flickless,GIANTX,viper,True,100,50,1,1,0,1,False,westside,GIANTX,cypher,True,100,50,0,2,0,6,False
1411.910,6046,ACTIVE_ROUND,12,3,8,93.000,,,MiniBoo,Team Heretics,raze,True,100,25,0,2,1,2,False,RieNs,Team Heretics,fade,True,100,50,2,1,0,5,False,Boo,Team Heretics,omen,True,100,50,2,1,1,4,False,benjyfishy,Team Heretics,deadlock,True,100,25,1,0,1,2,False,Wo0t,Team Heretics,chamber,True,100,25,0,7,1,6,False,grubinho,GIANTX,omen,True,100,50,2,1,1,5,False,ara,GIANTX,raze,True,100,50,1,2,1,3,False,Cloud,GIANTX,fade,True,100,50,1,1,1,3,False,Flickless,GIANTX,viper,True,100,50,1,1,0,1,False,westside,GIANTX,cypher,True,100,50,0,2,0,6,False
1412.144,6047,ACTIVE_ROUND,12,3,8,93.000,,,MiniBoo,Team Heretics,raze,True,100,25,0,2,1,2,False,RieNs,Team Heretics,fade,True,100,50,2,1,0,5,False,Boo,Team Heretics,omen,True,100,50,2,1,1,4,False,benjyfishy,Team Heretics,deadlock,True,100,25,1,0,1,2,False,Wo0t,Team Heretics,chamber,True,100,25,0,7,1,6,False,grubinho,GIANTX,omen,True,100,50,2,1,1,5,False,ara,GIANTX,raze,True,100,50,1,2,1,3,False,Cloud,GIANTX,fade,True,100,50,1,1,1,3,False,Flickless,GIANTX,viper,True,100,50,1,1,0,1,False,westside,GIANTX,cypher,True,100,50,0,2,0,6,False
1412.378,6048,ACTIVE_ROUND,12,3,8,93.000,,,MiniBoo,Team Heretics,raze,True,100,25,0,2,1,2,False,RieNs,Team Heretics,fade,True,100,50,2,1,0,5,False,Boo,Team Heretics,omen,True,100,50,2,1,1,4,False,benjyfishy,Team Heretics,deadlock,True,100,25,1,0,1,2,False,Wo0t,Team Heretics,chamber,True,100,25,0,7,1,6,False,grubinho,GIANTX,omen,True,100,50,2,1,1,5,False,ara,GIANTX,raze,True,100,50,1,2,1,3,False,Cloud,GIANTX,fade,True,100,50,1,1,1,3,False,Flickless,GIANTX,viper,True,100,50,1,1,0,1,False,westside,GIANTX,cypher,True,100,50,0,2,0,6,False
1412.611,6049,ACTIVE_ROUND,12,3,8,92.000,,,MiniBoo,Team Heretics,raze,True,100,25,0,2,1,2,False,RieNs,Team Heretics,fade,True,100,50,2,1,0,5,False,Boo,Team Heretics,omen,True,100,50,2,1,1,4,False,benjyfishy,Team Heretics,deadlock,True,100,25,1,0,1,2,False,Wo0t,Team Heretics,chamber,True,100,25,0,7,1,6,False,grubinho,GIANTX,omen,True,100,50,2,1,1,5,False,ara,GIANTX,raze,True,100,50,1,2,1,3,False,Cloud,GIANTX,fade,True,100,50,1,1,1,3,False,Flickless,GIANTX,viper,True,100,50,1,1,0,1,False,westside,GIANTX,cypher,True,100,50,0,2,0,6,False
1412.845,6050,ACTIVE_ROUND,12,3,8,92.000,,,MiniBoo,Team Heretics,raze,True,100,25,0,2,1,2,False,RieNs,Team Heretics,fade,True,100,50,2,1,0,5,False,Boo,Team Heretics,omen,True,100,50,2,1,1,4,False,benjyfishy,Team Heretics,deadlock,True,100,25,1,0,1,2,False,Wo0t,Team Heretics,chamber,True,100,25,0,7,1,6,False,grubinho,GIANTX,omen,True,100,50,2,1,1,5,False,ara,GIANTX,raze,True,100,50,1,2,1,3,False,Cloud,GIANTX,fade,True,100,50,1,1,1,3,False,Flickless,GIANTX,viper,True,100,50,1,1,0,1,False,westside,GIANTX,cypher,True,100,50,0,2,0,6,False
1413.078,6051,ACTIVE_ROUND,12,3,8,92.000,,,MiniBoo,Team Heretics,raze,True,100,25,0,2,1,2,False,RieNs,Team Heretics,fade,True,100,50,2,1,0,5,False,Boo,Team Heretics,omen,True,100,50,2,1,1,4,False,benjyfishy,Team Heretics,deadlock,True,100,25,1,0,1,2,False,Wo0t,Team Heretics,chamber,True,100,25,0,7,1,6,False,grubinho,GIANTX,omen,True,100,50,2,1,1,5,False,ara,GIANTX,raze,True,100,50,1,2,1,3,False,Cloud,GIANTX,fade,True,100,50,1,1,1,3,False,Flickless,GIANTX,viper,True,100,50,1,1,0,1,False,westside,GIANTX,cypher,True,100,50,0,2,0,6,False
1413.312,6052,ACTIVE_ROUND,12,3,8,92.000,,,MiniBoo,Team Heretics,raze,True,100,25,0,2,1,2,False,RieNs,Team Heretics,fade,True,100,50,2,1,0,5,False,Boo,Team Heretics,omen,True,100,50,2,1,1,4,False,benjyfishy,Team Heretics,deadlock,True,100,25,1,0,1,2,False,Wo0t,Team Heretics,chamber,True,100,25,0,7,1,6,False,grubinho,GIANTX,omen,True,100,50,2,1,1,5,False,ara,GIANTX,raze,True,100,50,1,2,1,3,False,Cloud,GIANTX,fade,True,100,50,1,1,1,3,False,Flickless,GIANTX,viper,True,100,50,1,1,0,1,False,westside,GIANTX,cypher,True,100,50,0,2,0,6,False
1413.545,6053,ACTIVE_ROUND,12,3,8,91.000,,,MiniBoo,Team Heretics,raze,True,100,25,0,2,1,2,False,RieNs,Team Heretics,fade,True,100,50,2,1,0,5,False,Boo,Team Heretics,omen,True,100,50,2,1,1,4,False,benjyfishy,Team Heretics,deadlock,True,100,25,1,0,1,2,False,Wo0t,Team Heretics,chamber,True,100,25,0,7,1,6,False,grubinho,GIANTX,omen,True,100,50,2,1,1,5,False,ara,GIANTX,raze,True,100,50,1,2,1,3,False,Cloud,GIANTX,fade,True,100,50,1,1,1,3,False,Flickless,GIANTX,viper,True,100,50,1,1,0,1,False,westside,GIANTX,cypher,True,100,50,0,2,0,6,False
1413.779,6054,ACTIVE_ROUND,12,3,8,91.000,,,MiniBoo,Team Heretics,raze,True,100,25,0,2,1,2,False,RieNs,Team Heretics,fade,True,100,50,2,1,0,5,False,Boo,Team Heretics,omen,True,100,50,2,1,1,4,False,benjyfishy,Team Heretics,deadlock,True,100,25,1,0,1,2,False,Wo0t,Team Heretics,chamber,True,100,25,0,7,1,6,False,grubinho,GIANTX,omen,True,100,50,2,1,1,5,False,ara,GIANTX,raze,True,100,50,1,2,1,3,False,Cloud,GIANTX,fade,True,100,50,1,1,1,3,False,Flickless,GIANTX,viper,True,100,50,1,1,0,1,False,westside,GIANTX,cypher,True,100,50,0,2,0,6,False
1414.013,6055,ACTIVE_ROUND,12,3,8,91.000,,,MiniBoo,Team Heretics,raze,True,100,25,0,2,1,2,False,RieNs,Team Heretics,fade,True,100,50,2,1,0,5,False,Boo,Team Heretics,omen,True,100,50,2,1,1,4,False,benjyfishy,Team Heretics,deadlock,True,100,25,1,0,1,2,False,Wo0t,Team Heretics,chamber,True,100,25,0,7,1,6,False,grubinho,GIANTX,omen,True,100,50,2,1,1,5,False,ara,GIANTX,raze,True,100,50,1,2,1,3,False,Cloud,GIANTX,fade,True,100,50,1,1,1,3,False,Flickless,GIANTX,viper,True,100,50,1,1,0,1,False,westside,GIANTX,cypher,True,100,50,0,2,0,6,False
1414.246,6056,ACTIVE_ROUND,12,3,8,91.000,,,MiniBoo,Team Heretics,raze,True,100,25,0,2,1,2,False,RieNs,Team Heretics,fade,True,100,50,2,1,0,5,False,Boo,Team Heretics,omen,True,100,50,2,1,1,4,False,benjyfishy,Team Heretics,deadlock,True,100,25,1,0,1,2,False,Wo0t,Team Heretics,chamber,True,100,25,0,7,1,6,False,grubinho,GIANTX,omen,True,100,50,2,1,1,5,False,ara,GIANTX,raze,True,100,50,1,2,1,3,False,Cloud,GIANTX,fade,True,100,50,0,1,1,3,False,Flickless,GIANTX,viper,True,100,50,1,1,0,1,False,westside,GIANTX,cypher,True,100,50,0,2,0,6,False
1414.480,6057,ACTIVE_ROUND,12,3,8,90.000,,,MiniBoo,Team Heretics,raze,True,100,25,0,2,1,2,False,RieNs,Team Heretics,fade,True,100,50,2,1,0,5,False,Boo,Team Heretics,omen,True,100,50,2,1,1,4,False,benjyfishy,Team Heretics,deadlock,True,100,25,1,0,1,2,False,Wo0t,Team Heretics,chamber,True,100,25,0,7,1,6,False,grubinho,GIANTX,omen,True,100,50,2,1,1,5,False,ara,GIANTX,raze,True,100,50,1,2,1,3,False,Cloud,GIANTX,fade,True,100,50,0,1,1,3,False,Flickless,GIANTX,viper,True,100,50,1,1,0,1,False,westside,GIANTX,cypher,True,100,50,0,2,0,6,False
1414.713,6058,ACTIVE_ROUND,12,3,8,90.000,,,MiniBoo,Team Heretics,raze,True,100,25,0,2,1,2,False,RieNs,Team Heretics,fade,True,100,50,2,1,0,5,False,Boo,Team Heretics,omen,True,100,50,2,1,1,4,False,benjyfishy,Team Heretics,deadlock,True,100,25,1,0,1,2,False,Wo0t,Team Heretics,chamber,True,100,25,0,7,1,6,False,grubinho,GIANTX,omen,True,100,50,2,1,1,5,False,ara,GIANTX,raze,True,100,50,1,2,1,3,False,Cloud,GIANTX,fade,True,100,50,0,1,1,3,False,Flickless,GIANTX,viper,True,100,50,1,1,0,1,False,westside,GIANTX,cypher,True,100,50,0,2,0,6,False
1414.947,6059,ACTIVE_ROUND,12,3,8,90.000,,,MiniBoo,Team Heretics,raze,True,100,25,0,2,1,2,False,RieNs,Team Heretics,fade,True,100,50,2,1,0,5,False,Boo,Team Heretics,omen,True,100,50,2,1,1,4,False,benjyfishy,Team Heretics,deadlock,True,100,25,1,0,1,2,False,Wo0t,Team Heretics,chamber,True,100,25,0,0,0,6,False,grubinho,GIANTX,omen,True,100,50,2,1,1,5,False,ara,GIANTX,raze,True,100,50,1,2,1,3,False,Cloud,GIANTX,fade,True,100,50,0,1,1,3,False,Flickless,GIANTX,viper,True,100,50,1,1,0,1,False,westside,GIANTX,cypher,True,100,50,0,2,0,6,False
1415.180,6060,ACTIVE_ROUND,12,3,8,90.000,,,MiniBoo,Team Heretics,raze,True,100,25,0,2,1,2,False,RieNs,Team Heretics,fade,True,100,50,2,1,0,5,False,Boo,Team Heretics,omen,True,100,50,2,1,1,4,False,benjyfishy,Team Heretics,deadlock,True,100,25,1,0,1,2,False,Wo0t,Team Heretics,chamber,False,,25,0,0,0,7,False,grubinho,GIANTX,omen,True,100,50,2,1,1,5,False,ara,GIANTX,raze,True,100,50,1,2,1,4,False,Cloud,GIANTX,fade,True,100,50,0,1,1,3,False,Flickless,GIANTX,viper,True,100,50,1,1,0,1,False,westside,GIANTX,cypher,True,100,50,0,2,0,6,False
1415.414,6061,ACTIVE_ROUND,12,3,8,89.000,,,MiniBoo,Team Heretics,raze,True,100,25,0,2,1,2,False,RieNs,Team Heretics,fade,True,100,50,2,1,0,5,False,Boo,Team Heretics,omen,True,100,50,2,1,1,4,False,benjyfishy,Team Heretics,deadlock,True,100,25,1,0,1,2,False,Wo0t,Team Heretics,chamber,False,,25,0,0,0,7,False,grubinho,GIANTX,omen,True,100,50,2,1,1,5,False,ara,GIANTX,raze,True,100,50,1,2,1,4,False,Cloud,GIANTX,fade,True,100,50,0,1,1,3,False,Flickless,GIANTX,viper,True,100,50,1,1,0,1,False,westside,GIANTX,cypher,True,100,50,0,2,0,6,False
1415.648,6062,ACTIVE_ROUND,12,3,8,89.000,,,MiniBoo,Team Heretics,raze,True,100,25,0,2,1,2,False,RieNs,Team Heretics,fade,True,100,50,2,1,0,5,False,Boo,Team Heretics,omen,True,100,50,2,1,1,4,False,benjyfishy,Team Heretics,deadlock,True,100,25,1,0,1,2,False,Wo0t,Team Heretics,chamber,False,,25,0,0,0,7,False,grubinho,GIANTX,omen,True,100,50,2,1,1,5,False,ara,GIANTX,raze,True,100,50,1,2,1,4,False,Cloud,GIANTX,fade,True,100,50,0,1,1,3,False,Flickless,GIANTX,viper,True,100,50,1,1,0,1,False,westside,GIANTX,cypher,True,100,50,0,2,0,6,False
1415.881,6063,ACTIVE_ROUND,12,3,8,89.000,,,MiniBoo,Team Heretics,raze,True,100,25,0,2,1,2,False,RieNs,Team Heretics,fade,True,100,50,2,1,0,5,False,Boo,Team Heretics,omen,True,100,50,2,1,1,4,False,benjyfishy,Team Heretics,deadlock,True,100,25,1,0,1,2,False,Wo0t,Team Heretics,chamber,False,,25,0,0,0,7,False,grubinho,GIANTX,omen,True,100,50,2,1,1,5,False,ara,GIANTX,raze,True,100,50,1,2,1,4,False,Cloud,GIANTX,fade,True,100,50,0,1,1,3,False,Flickless,GIANTX,viper,True,100,50,1,1,0,1,False,westside,GIANTX,cypher,True,100,50,0,2,0,6,False
1416.115,6064,ACTIVE_ROUND,12,3,8,89.000,,,MiniBoo,Team Heretics,raze,True,100,25,0,2,1,2,False,RieNs,Team Heretics,fade,True,100,50,2,1,0,5,False,Boo,Team Heretics,omen,True,100,50,2,1,1,4,False,benjyfishy,Team Heretics,deadlock,True,100,25,1,0,1,2,False,Wo0t,Team Heretics,chamber,False,,25,0,0,0,7,False,grubinho,GIANTX,omen,True,100,50,2,1,1,5,False,ara,GIANTX,raze,True,100,50,1,2,1,4,False,Cloud,GIANTX,fade,True,100,50,0,1,1,3,False,Flickless,GIANTX,viper,True,100,50,1,1,0,1,False,westside,GIANTX,cypher,True,100,50,0,2,0,6,False
1416.348,6065,ACTIVE_ROUND,12,3,8,89.000,,,MiniBoo,Team Heretics,raze,True,100,25,0,2,1,2,False,RieNs,Team Heretics,fade,True,100,50,2,1,0,5,False,Boo,Team Heretics,omen,True,100,50,2,1,1,4,False,benjyfishy,Team Heretics,deadlock,True,100,25,1,0,1,2,False,Wo0t,Team Heretics,chamber,False,,25,0,0,0,7,False,grubinho,GIANTX,omen,True,100,50,2,1,1,5,False,ara,GIANTX,raze,True,100,50,1,2,1,4,False,Cloud,GIANTX,fade,True,100,50,0,1,1,3,False,Flickless,GIANTX,viper,True,100,50,1,1,0,1,False,westside,GIANTX,cypher,True,100,50,0,2,0,6,False
1416.582,6066,ACTIVE_ROUND,12,3,8,88.000,,,MiniBoo,Team Heretics,raze,True,100,25,0,2,1,2,False,RieNs,Team Heretics,fade,True,100,50,2,1,0,5,False,Boo,Team Heretics,omen,True,100,50,2,1,1,4,False,benjyfishy,Team Heretics,deadlock,True,100,25,1,0,1,2,False,Wo0t,Team Heretics,chamber,False,,25,0,0,0,7,False,grubinho,GIANTX,omen,True,100,50,2,1,1,5,False,ara,GIANTX,raze,True,100,50,1,2,1,4,False,Cloud,GIANTX,fade,True,100,50,0,1,1,3,False,Flickless,GIANTX,viper,True,100,50,1,1,0,1,False,westside,GIANTX,cypher,True,100,50,0,2,0,6,False
1416.815,6067,ACTIVE_ROUND,12,3,8,88.000,,,MiniBoo,Team Heretics,raze,True,100,25,0,2,1,2,False,RieNs,Team Heretics,fade,True,100,50,2,1,0,5,False,Boo,Team Heretics,omen,True,100,50,2,1,1,4,False,benjyfishy,Team Heretics,deadlock,True,100,25,1,0,1,2,False,Wo0t,Team Heretics,chamber,False,,25,0,0,0,7,False,grubinho,GIANTX,omen,True,100,50,2,1,1,5,False,ara,GIANTX,raze,True,100,50,1,2,1,4,False,Cloud,GIANTX,fade,True,100,50,0,1,1,3,False,Flickless,GIANTX,viper,True,100,50,1,1,0,1,False,westside,GIANTX,cypher,True,100,50,0,2,0,6,False
1417.049,6068,ACTIVE_ROUND,12,3,8,88.000,,,MiniBoo,Team Heretics,raze,True,100,25,0,2,1,2,False,RieNs,Team Heretics,fade,True,100,50,2,1,0,5,False,Boo,Team Heretics,omen,True,100,50,2,1,1,4,False,benjyfishy,Team Heretics,deadlock,True,100,25,1,0,1,2,False,Wo0t,Team Heretics,chamber,False,,25,0,0,0,7,False,grubinho,GIANTX,omen,True,100,50,2,1,1,5,False,ara,GIANTX,raze,True,100,50,1,2,1,4,False,Cloud,GIANTX,fade,True,100,50,0,1,1,3,False,Flickless,GIANTX,viper,True,100,50,1,1,0,1,False,westside,GIANTX,cypher,True,100,50,0,2,0,6,False
1417.283,6069,ACTIVE_ROUND,12,3,8,88.000,,,MiniBoo,Team Heretics,raze,True,100,25,0,2,1,2,False,RieNs,Team Heretics,fade,True,100,50,2,1,0,5,False,Boo,Team Heretics,omen,True,100,50,2,1,1,4,False,benjyfishy,Team Heretics,deadlock,True,100,25,1,0,1,2,False,Wo0t,Team Heretics,chamber,False,,25,0,0,0,7,False,grubinho,GIANTX,omen,True,100,50,2,1,1,5,False,ara,GIANTX,raze,True,100,50,0,2,1,4,False,Cloud,GIANTX,fade,True,100,50,0,1,1,3,False,Flickless,GIANTX,viper,True,100,50,1,1,0,1,False,westside,GIANTX,cypher,True,100,50,0,2,0,6,False
1417.516,6070,ACTIVE_ROUND,12,3,8,87.000,,,MiniBoo,Team Heretics,raze,True,100,25,0,2,1,2,False,RieNs,Team Heretics,fade,True,100,50,2,1,0,5,False,Boo,Team Heretics,omen,True,100,50,2,1,1,4,False,benjyfishy,Team Heretics,deadlock,True,100,25,1,0,1,2,False,Wo0t,Team Heretics,chamber,False,,25,0,0,0,7,False,grubinho,GIANTX,omen,True,100,50,2,1,1,5,False,ara,GIANTX,raze,True,100,50,0,2,1,4,False,Cloud,GIANTX,fade,True,100,50,0,1,1,3,False,Flickless,GIANTX,viper,True,100,50,1,1,0,1,False,westside,GIANTX,cypher,True,100,50,0,2,0,6,False
1417.750,6071,ACTIVE_ROUND,12,3,8,87.000,,,MiniBoo,Team Heretics,raze,True,100,25,0,2,1,2,False,RieNs,Team Heretics,fade,True,100,50,2,1,0,5,False,Boo,Team Heretics,omen,True,100,50,2,1,1,4,False,benjyfishy,Team Heretics,deadlock,True,100,25,1,0,1,2,False,Wo0t,Team Heretics,chamber,False,,25,0,0,0,7,False,grubinho,GIANTX,omen,True,100,50,2,1,1,5,False,ara,GIANTX,raze,True,100,50,0,2,1,4,False,Cloud,GIANTX,fade,True,100,50,0,1,1,3,False,Flickless,GIANTX,viper,True,100,50,1,1,0,1,False,westside,GIANTX,cypher,True,100,50,0,2,0,6,False
1417.983,6072,ACTIVE_ROUND,12,3,8,87.000,,,MiniBoo,Team Heretics,raze,True,100,25,0,2,1,2,False,RieNs,Team Heretics,fade,True,100,50,2,1,0,5,False,Boo,Team Heretics,omen,True,100,50,2,1,1,4,False,benjyfishy,Team Heretics,deadlock,True,100,25,1,0,1,2,False,Wo0t,Team Heretics,chamber,False,,25,0,0,0,7,False,grubinho,GIANTX,omen,True,100,50,2,1,1,5,False,ara,GIANTX,raze,True,100,50,0,2,1,4,False,Cloud,GIANTX,fade,True,100,50,0,1,1,3,False,Flickless,GIANTX,viper,True,100,50,1,1,0,1,False,westside,GIANTX,cypher,True,100,50,0,2,0,6,False
1418.217,6073,ACTIVE_ROUND,12,3,8,87.000,,,MiniBoo,Team Heretics,raze,True,100,25,0,2,1,2,False,RieNs,Team Heretics,fade,True,100,50,2,1,0,5,False,Boo,Team Heretics,omen,True,100,50,2,1,1,4,False,benjyfishy,Team Heretics,deadlock,True,100,25,1,0,1,2,False,Wo0t,Team Heretics,chamber,False,,25,0,0,0,7,False,grubinho,GIANTX,omen,True,100,50,2,1,1,5,False,ara,GIANTX,raze,True,100,50,0,2,1,4,False,Cloud,GIANTX,fade,True,100,50,0,1,0,3,False,Flickless,GIANTX,viper,True,100,50,1,1,0,1,False,westside,GIANTX,cypher,True,100,50,0,2,0,6,False
1418.450,6074,ACTIVE_ROUND,12,3,8,86.000,,,MiniBoo,Team Heretics,raze,True,100,25,0,2,1,2,False,RieNs,Team Heretics,fade,True,100,50,2,1,0,5,False,Boo,Team Heretics,omen,True,100,50,2,1,1,4,False,benjyfishy,Team Heretics,deadlock,True,100,25,1,0,1,2,False,Wo0t,Team Heretics,chamber,False,,25,0,0,0,7,False,grubinho,GIANTX,omen,True,100,50,2,1,1,5,False,ara,GIANTX,raze,True,100,50,0,2,1,4,False,Cloud,GIANTX,fade,True,100,50,0,1,0,3,False,Flickless,GIANTX,viper,True,100,50,1,1,0,1,False,westside,GIANTX,cypher,True,100,50,0,2,0,6,False
1418.684,6075,ACTIVE_ROUND,12,3,8,86.000,,,MiniBoo,Team Heretics,raze,True,100,25,0,2,1,2,False,RieNs,Team Heretics,fade,True,100,50,2,1,0,5,False,Boo,Team Heretics,omen,True,100,50,2,1,1,4,False,benjyfishy,Team Heretics,deadlock,True,100,25,1,0,1,2,False,Wo0t,Team Heretics,chamber,False,,25,0,0,0,7,False,grubinho,GIANTX,omen,True,100,50,2,1,1,5,False,ara,GIANTX,raze,True,100,50,0,2,1,4,False,Cloud,GIANTX,fade,True,100,50,0,1,0,3,False,Flickless,GIANTX,viper,True,100,50,1,1,0,1,False,westside,GIANTX,cypher,True,100,50,0,2,0,6,False
1418.918,6076,ACTIVE_ROUND,12,3,8,86.000,,,MiniBoo,Team Heretics,raze,True,100,25,0,2,1,2,False,RieNs,Team Heretics,fade,True,100,50,2,1,0,5,False,Boo,Team Heretics,omen,True,100,50,2,1,1,4,False,benjyfishy,Team Heretics,deadlock,True,100,25,1,0,1,2,False,Wo0t,Team Heretics,chamber,False,,25,0,0,0,7,False,grubinho,GIANTX,omen,True,100,50,2,1,1,5,False,ara,GIANTX,raze,True,100,50,0,2,1,4,False,Cloud,GIANTX,fade,True,100,50,0,1,0,3,False,Flickless,GIANTX,viper,True,100,50,1,1,0,1,False,westside,GIANTX,cypher,True,100,50,0,2,0,6,False
1419.151,6077,ACTIVE_ROUND,12,3,8,86.000,,,MiniBoo,Team Heretics,raze,True,100,25,0,2,1,2,False,RieNs,Team Heretics,fade,True,100,50,2,1,0,5,False,Boo,Team Heretics,omen,True,100,50,2,1,1,4,False,benjyfishy,Team Heretics,deadlock,True,100,25,1,0,1,2,False,Wo0t,Team Heretics,chamber,False,,25,0,0,0,7,False,grubinho,GIANTX,omen,True,100,50,2,1,1,5,False,ara,GIANTX,raze,True,100,50,0,2,1,4,False,Cloud,GIANTX,fade,True,100,50,0,1,0,3,False,Flickless,GIANTX,viper,True,100,50,1,1,0,1,False,westside,GIANTX,cypher,True,100,50,0,2,0,6,False
1419.385,6078,ACTIVE_ROUND,12,3,8,86.000,,,MiniBoo,Team Heretics,raze,True,100,25,0,2,1,2,False,RieNs,Team Heretics,fade,True,100,50,2,1,0,5,False,Boo,Team Heretics,omen,True,100,50,2,1,1,4,False,benjyfishy,Team Heretics,deadlock,True,100,25,1,0,1,2,False,Wo0t,Team Heretics,chamber,False,,25,0,0,0,7,False,grubinho,GIANTX,omen,True,100,50,2,1,1,5,False,ara,GIANTX,raze,True,100,50,0,2,1,4,False,Cloud,GIANTX,fade,True,100,50,0,1,0,3,False,Flickless,GIANTX,viper,True,100,50,1,1,0,1,False,westside,GIANTX,cypher,True,100,50,0,2,0,6,False
1419.618,6079,ACTIVE_ROUND,12,3,8,85.000,,,MiniBoo,Team Heretics,raze,True,100,25,0,2,1,2,False,RieNs,Team Heretics,fade,True,100,50,2,1,0,5,False,Boo,Team Heretics,omen,True,100,50,2,1,1,4,False,benjyfishy,Team Heretics,deadlock,True,100,25,1,0,1,2,False,Wo0t,Team Heretics,chamber,False,,25,0,0,0,7,False,grubinho,GIANTX,omen,True,100,50,2,1,1,5,False,ara,GIANTX,raze,True,100,50,0,2,1,4,False,Cloud,GIANTX,fade,True,100,50,0,1,0,3,False,Flickless,GIANTX,viper,True,100,50,1,1,0,1,False,westside,GIANTX,cypher,True,100,50,0,2,0,6,False
1419.852,6080,ACTIVE_ROUND,12,3,8,85.000,,,MiniBoo,Team Heretics,raze,True,100,25,0,2,1,2,False,RieNs,Team Heretics,fade,True,100,50,2,1,0,5,False,Boo,Team Heretics,omen,True,100,50,2,1,1,4,False,benjyfishy,Team Heretics,deadlock,True,100,25,1,0,1,2,False,Wo0t,Team Heretics,chamber,False,,25,0,0,0,7,False,grubinho,GIANTX,omen,True,100,50,2,1,1,5,False,ara,GIANTX,raze,True,100,50,0,2,1,4,False,Cloud,GIANTX,fade,True,100,50,0,1,0,3,False,Flickless,GIANTX,viper,True,100,50,1,1,0,1,False,westside,GIANTX,cypher,True,100,50,0,2,0,6,False
1420.085,6081,ACTIVE_ROUND,12,3,8,85.000,,,MiniBoo,Team Heretics,raze,True,100,25,0,2,1,2,False,RieNs,Team Heretics,fade,True,100,50,2,1,0,5,False,Boo,Team Heretics,omen,True,100,50,2,1,1,4,False,benjyfishy,Team Heretics,deadlock,True,100,25,1,0,1,2,False,Wo0t,Team Heretics,chamber,False,,25,0,0,0,7,False,grubinho,GIANTX,omen,True,100,50,2,1,1,5,False,ara,GIANTX,raze,True,100,50,0,2,1,4,False,Cloud,GIANTX,fade,True,100,50,0,1,0,3,False,Flickless,GIANTX,viper,True,100,50,1,1,0,1,False,westside,GIANTX,cypher,True,100,50,0,2,0,6,False
1420.319,6082,ACTIVE_ROUND,12,3,8,85.000,,,MiniBoo,Team Heretics,raze,True,100,25,0,2,1,2,False,RieNs,Team Heretics,fade,True,100,50,2,1,0,5,False,Boo,Team Heretics,omen,True,100,50,2,1,1,4,False,benjyfishy,Team Heretics,deadlock,True,100,25,1,0,1,2,False,Wo0t,Team Heretics,chamber,False,,25,0,0,0,7,False,grubinho,GIANTX,omen,True,100,50,2,1,1,5,False,ara,GIANTX,raze,True,100,50,0,2,1,4,False,Cloud,GIANTX,fade,True,100,50,0,1,0,3,False,Flickless,GIANTX,viper,True,100,50,1,1,0,1,False,westside,GIANTX,cypher,True,100,50,0,2,0,6,False
1420.552,6083,ACTIVE_ROUND,12,3,8,84.000,,,MiniBoo,Team Heretics,raze,True,100,25,0,2,1,2,False,RieNs,Team Heretics,fade,True,100,50,2,1,0,5,False,Boo,Team Heretics,omen,True,100,50,2,1,1,4,False,benjyfishy,Team Heretics,deadlock,True,100,25,1,0,1,2,False,Wo0t,Team Heretics,chamber,False,,25,0,0,0,7,False,grubinho,GIANTX,omen,True,100,50,2,1,1,5,False,ara,GIANTX,raze,True,100,50,0,2,1,4,False,Cloud,GIANTX,fade,True,100,50,0,1,0,3,False,Flickless,GIANTX,viper,True,100,50,1,1,0,1,False,westside,GIANTX,cypher,True,100,50,0,2,0,6,False
1420.786,6084,ACTIVE_ROUND,12,3,8,84.000,,,MiniBoo,Team Heretics,raze,True,100,25,0,2,1,2,False,RieNs,Team Heretics,fade,True,100,50,2,1,0,5,False,Boo,Team Heretics,omen,True,100,50,2,1,1,4,False,benjyfishy,Team Heretics,deadlock,True,100,25,1,0,1,2,False,Wo0t,Team Heretics,chamber,False,,25,0,0,0,7,False,grubinho,GIANTX,omen,True,100,50,2,1,1,5,False,ara,GIANTX,raze,True,100,50,0,2,1,4,False,Cloud,GIANTX,fade,True,100,50,0,1,0,3,False,Flickless,GIANTX,viper,True,100,50,1,1,0,1,False,westside,GIANTX,cypher,True,100,50,0,2,0,6,False
1421.020,6085,ACTIVE_ROUND,12,3,8,84.000,,,MiniBoo,Team Heretics,raze,True,100,25,0,2,1,2,False,RieNs,Team Heretics,fade,True,100,50,2,1,0,5,False,Boo,Team Heretics,omen,True,100,50,2,1,1,4,False,benjyfishy,Team Heretics,deadlock,True,100,25,1,0,1,2,False,Wo0t,Team Heretics,chamber,False,,25,0,0,0,7,False,grubinho,GIANTX,omen,True,100,50,2,1,1,5,False,ara,GIANTX,raze,True,100,50,0,2,1,4,False,Cloud,GIANTX,fade,True,100,50,0,1,0,3,False,Flickless,GIANTX,viper,True,100,50,1,1,0,1,False,westside,GIANTX,cypher,True,100,50,0,2,0,6,False
1421.253,6086,ACTIVE_ROUND,12,3,8,84.000,,,MiniBoo,Team Heretics,raze,True,100,25,0,2,1,2,False,RieNs,Team Heretics,fade,True,100,50,2,1,0,5,False,Boo,Team Heretics,omen,True,100,50,2,1,1,4,False,benjyfishy,Team Heretics,deadlock,True,100,25,1,0,1,2,False,Wo0t,Team Heretics,chamber,False,,25,0,0,0,7,False,grubinho,GIANTX,omen,True,100,50,2,1,1,5,False,ara,GIANTX,raze,True,100,50,0,2,1,4,False,Cloud,GIANTX,fade,True,100,50,0,1,0,3,False,Flickless,GIANTX,viper,True,100,50,1,1,0,1,False,westside,GIANTX,cypher,True,100,50,0,2,0,6,False
1421.487,6087,ACTIVE_ROUND,12,3,8,83.000,,,MiniBoo,Team Heretics,raze,True,100,25,0,2,1,2,False,RieNs,Team Heretics,fade,True,100,50,2,1,0,5,False,Boo,Team Heretics,omen,True,100,50,2,1,1,4,False,benjyfishy,Team Heretics,deadlock,True,100,25,1,0,1,2,False,Wo0t,Team Heretics,chamber,False,,25,0,0,0,7,False,grubinho,GIANTX,omen,True,100,50,2,1,1,5,False,ara,GIANTX,raze,True,100,50,0,2,1,4,False,Cloud,GIANTX,fade,True,100,50,0,1,0,3,False,Flickless,GIANTX,viper,True,100,50,1,1,0,1,False,westside,GIANTX,cypher,True,100,50,0,2,0,6,False
1421.720,6088,ACTIVE_ROUND,12,3,8,83.000,,,MiniBoo,Team Heretics,raze,True,100,25,0,2,1,2,False,RieNs,Team Heretics,fade,True,100,50,2,1,0,5,False,Boo,Team Heretics,omen,True,100,50,2,1,1,4,False,benjyfishy,Team Heretics,deadlock,True,100,25,1,0,1,2,False,Wo0t,Team Heretics,chamber,False,,25,0,0,0,7,False,grubinho,GIANTX,omen,True,100,50,2,1,1,5,False,ara,GIANTX,raze,True,100,50,0,2,1,4,False,Cloud,GIANTX,fade,True,100,50,0,1,0,3,False,Flickless,GIANTX,viper,True,100,50,1,1,0,1,False,westside,GIANTX,cypher,True,100,50,0,2,0,6,False
1421.954,6089,ACTIVE_ROUND,12,3,8,83.000,,,MiniBoo,Team Heretics,raze,True,100,25,0,2,1,2,False,RieNs,Team Heretics,fade,True,100,50,2,1,0,5,False,Boo,Team Heretics,omen,True,100,50,2,1,1,4,False,benjyfishy,Team Heretics,deadlock,True,100,25,1,0,1,2,False,Wo0t,Team Heretics,chamber,False,,25,0,0,0,7,False,grubinho,GIANTX,omen,True,100,50,2,1,1,5,False,ara,GIANTX,raze,True,100,50,0,2,1,4,False,Cloud,GIANTX,fade,True,100,50,0,1,0,3,False,Flickless,GIANTX,viper,True,100,50,1,1,0,1,False,westside,GIANTX,cypher,True,100,50,0,2,0,6,False
1422.187,6090,ACTIVE_ROUND,12,3,8,83.000,,,MiniBoo,Team Heretics,raze,True,100,25,0,2,1,2,False,RieNs,Team Heretics,fade,True,100,50,2,1,0,5,False,Boo,Team Heretics,omen,True,100,50,2,1,1,4,False,benjyfishy,Team Heretics,deadlock,True,100,25,1,0,1,2,False,Wo0t,Team Heretics,chamber,False,,25,0,0,0,7,False,grubinho,GIANTX,omen,True,100,50,2,1,1,5,False,ara,GIANTX,raze,True,100,50,0,2,1,4,False,Cloud,GIANTX,fade,True,100,50,0,1,0,3,False,Flickless,GIANTX,viper,True,100,50,1,1,0,1,False,westside,GIANTX,cypher,True,100,50,0,1,0,6,False
1422.421,6091,ACTIVE_ROUND,12,3,8,82.000,,,MiniBoo,Team Heretics,raze,True,100,25,0,2,1,2,False,RieNs,Team Heretics,fade,True,100,50,2,1,0,5,False,Boo,Team Heretics,omen,True,100,50,2,1,1,4,False,benjyfishy,Team Heretics,deadlock,True,100,25,1,0,1,2,False,Wo0t,Team Heretics,chamber,False,,25,0,0,0,7,False,grubinho,GIANTX,omen,True,100,50,2,1,1,5,False,ara,GIANTX,raze,True,100,50,0,2,1,4,False,Cloud,GIANTX,fade,True,100,50,0,1,0,3,False,Flickless,GIANTX,viper,True,100,50,1,1,0,1,False,westside,GIANTX,cypher,True,100,50,0,1,0,6,False
1422.655,6092,ACTIVE_ROUND,12,3,8,82.000,,,MiniBoo,Team Heretics,raze,True,100,25,0,2,1,2,False,RieNs,Team Heretics,fade,True,100,50,2,1,0,5,False,Boo,Team Heretics,omen,True,100,50,2,1,1,4,False,benjyfishy,Team Heretics,deadlock,True,100,25,1,0,1,2,False,Wo0t,Team Heretics,chamber,False,,25,0,0,0,7,False,grubinho,GIANTX,omen,True,100,50,2,1,1,5,False,ara,GIANTX,raze,True,100,50,0,2,1,4,False,Cloud,GIANTX,fade,True,100,50,0,1,0,3,False,Flickless,GIANTX,viper,True,100,50,1,1,0,1,False,westside,GIANTX,cypher,True,100,50,0,1,0,6,False
1422.888,6093,ACTIVE_ROUND,12,3,8,82.000,,,MiniBoo,Team Heretics,raze,True,100,25,0,2,1,2,False,RieNs,Team Heretics,fade,True,100,50,2,1,0,5,False,Boo,Team Heretics,omen,True,100,50,2,1,1,4,False,benjyfishy,Team Heretics,deadlock,True,100,25,1,0,1,2,False,Wo0t,Team Heretics,chamber,False,,25,0,0,0,7,False,grubinho,GIANTX,omen,True,100,50,2,1,1,5,False,ara,GIANTX,raze,True,100,50,0,2,1,4,False,Cloud,GIANTX,fade,True,100,50,0,1,0,3,False,Flickless,GIANTX,viper,True,100,50,1,1,0,1,False,westside,GIANTX,cypher,True,100,50,0,1,0,6,False
1423.122,6094,ACTIVE_ROUND,12,3,8,82.000,,,MiniBoo,Team Heretics,raze,True,100,25,0,2,1,2,False,RieNs,Team Heretics,fade,True,100,50,2,1,0,5,False,Boo,Team Heretics,omen,True,100,50,2,1,1,4,False,benjyfishy,Team Heretics,deadlock,True,100,25,1,0,1,2,False,Wo0t,Team Heretics,chamber,False,,25,0,0,0,7,False,grubinho,GIANTX,omen,True,100,50,2,1,1,5,False,ara,GIANTX,raze,True,100,50,0,2,1,4,False,Cloud,GIANTX,fade,True,100,50,0,1,0,3,False,Flickless,GIANTX,viper,True,100,50,1,1,0,1,False,westside,GIANTX,cypher,True,100,50,0,1,0,6,False
1423.355,6095,ACTIVE_ROUND,12,3,8,82.000,,,MiniBoo,Team Heretics,raze,True,100,25,0,2,1,2,False,RieNs,Team Heretics,fade,True,100,50,2,1,0,5,False,Boo,Team Heretics,omen,True,100,50,2,1,1,4,False,benjyfishy,Team Heretics,deadlock,True,100,25,1,0,1,2,False,Wo0t,Team Heretics,chamber,False,,25,0,0,0,7,False,grubinho,GIANTX,omen,True,100,50,2,1,1,5,False,ara,GIANTX,raze,True,100,50,0,2,1,4,False,Cloud,GIANTX,fade,True,100,50,0,1,0,3,False,Flickless,GIANTX,viper,True,100,50,1,1,0,1,False,westside,GIANTX,cypher,True,100,50,0,1,0,6,False
1423.589,6096,ACTIVE_ROUND,12,3,8,81.000,,,MiniBoo,Team Heretics,raze,True,100,25,0,2,1,2,False,RieNs,Team Heretics,fade,True,100,50,2,1,0,5,False,Boo,Team Heretics,omen,True,100,50,2,1,1,4,False,benjyfishy,Team Heretics,deadlock,True,100,25,1,0,1,2,False,Wo0t,Team Heretics,chamber,False,,25,0,0,0,7,False,grubinho,GIANTX,omen,True,100,50,2,1,1,5,False,ara,GIANTX,raze,True,100,50,0,2,1,4,False,Cloud,GIANTX,fade,True,100,50,0,1,0,3,False,Flickless,GIANTX,viper,True,100,50,1,1,0,1,False,westside,GIANTX,cypher,True,100,50,0,1,0,6,False
1423.822,6097,ACTIVE_ROUND,12,3,8,81.000,,,MiniBoo,Team Heretics,raze,True,100,25,0,2,1,2,False,RieNs,Team Heretics,fade,True,100,50,2,1,0,5,False,Boo,Team Heretics,omen,True,100,50,2,1,1,4,False,benjyfishy,Team Heretics,deadlock,True,100,25,1,0,1,2,False,Wo0t,Team Heretics,chamber,False,,25,0,0,0,7,False,grubinho,GIANTX,omen,True,100,50,2,1,1,5,False,ara,GIANTX,raze,True,100,50,0,2,1,4,False,Cloud,GIANTX,fade,True,100,50,0,1,0,3,False,Flickless,GIANTX,viper,True,100,50,1,1,0,1,False,westside,GIANTX,cypher,True,100,50,0,1,0,6,False
1424.056,6098,ACTIVE_ROUND,12,3,8,81.000,,,MiniBoo,Team Heretics,raze,True,100,25,0,2,1,2,False,RieNs,Team Heretics,fade,True,100,50,2,1,0,5,False,Boo,Team Heretics,omen,True,100,50,2,1,1,4,False,benjyfishy,Team Heretics,deadlock,True,100,25,1,0,1,2,False,Wo0t,Team Heretics,chamber,False,,25,0,0,0,7,False,grubinho,GIANTX,omen,True,100,50,2,1,1,5,False,ara,GIANTX,raze,True,100,50,0,2,1,4,False,Cloud,GIANTX,fade,True,100,50,0,1,0,3,False,Flickless,GIANTX,viper,True,100,50,1,1,0,1,False,westside,GIANTX,cypher,True,100,50,0,1,0,6,False
1424.290,6099,ACTIVE_ROUND,12,3,8,81.000,,,MiniBoo,Team Heretics,raze,True,100,25,0,2,1,2,False,RieNs,Team Heretics,fade,True,100,50,2,1,0,5,False,Boo,Team Heretics,omen,True,100,50,2,1,1,4,False,benjyfishy,Team Heretics,deadlock,True,100,25,1,0,1,2,False,Wo0t,Team Heretics,chamber,False,,25,0,0,0,7,False,grubinho,GIANTX,omen,True,100,50,2,1,1,5,False,ara,GIANTX,raze,True,100,50,0,2,1,4,False,Cloud,GIANTX,fade,True,100,50,0,1,0,3,False,Flickless,GIANTX,viper,True,100,50,1,1,0,1,False,westside,GIANTX,cypher,True,100,50,0,1,0,6,False
1424.523,6100,ACTIVE_ROUND,12,3,8,80.000,,,MiniBoo,Team Heretics,raze,True,100,25,0,2,1,2,False,RieNs,Team Heretics,fade,True,100,50,2,1,0,5,False,Boo,Team Heretics,omen,True,100,50,2,1,1,4,False,benjyfishy,Team Heretics,deadlock,True,100,25,1,0,1,2,False,Wo0t,Team Heretics,chamber,False,,25,0,0,0,7,False,grubinho,GIANTX,omen,True,100,50,2,1,1,5,False,ara,GIANTX,raze,True,100,50,0,2,1,4,False,Cloud,GIANTX,fade,True,100,50,0,1,0,3,False,Flickless,GIANTX,viper,True,100,50,1,1,0,1,False,westside,GIANTX,cypher,True,100,50,0,1,0,6,False
1424.757,6101,ACTIVE_ROUND,12,3,8,80.000,,,MiniBoo,Team Heretics,raze,True,100,25,0,2,1,2,False,RieNs,Team Heretics,fade,True,100,50,2,1,0,5,False,Boo,Team Heretics,omen,True,100,50,2,1,1,4,False,benjyfishy,Team Heretics,deadlock,True,100,25,1,0,1,2,False,Wo0t,Team Heretics,chamber,False,,25,0,0,0,7,False,grubinho,GIANTX,omen,True,100,50,2,1,1,5,False,ara,GIANTX,raze,True,100,50,0,2,1,4,False,Cloud,GIANTX,fade,True,100,50,0,1,0,3,False,Flickless,GIANTX,viper,True,100,50,1,1,0,1,False,westside,GIANTX,cypher,True,100,50,0,1,0,6,False
1424.990,6102,ACTIVE_ROUND,12,3,8,80.000,,,MiniBoo,Team Heretics,raze,True,100,25,0,2,1,2,False,RieNs,Team Heretics,fade,True,100,50,2,1,0,5,False,Boo,Team Heretics,omen,True,100,50,2,1,1,4,False,benjyfishy,Team Heretics,deadlock,True,100,25,1,0,1,2,False,Wo0t,Team Heretics,chamber,False,,25,0,0,0,7,False,grubinho,GIANTX,omen,True,100,50,2,1,1,5,False,ara,GIANTX,raze,True,100,50,0,2,1,4,False,Cloud,GIANTX,fade,True,100,50,0,1,0,3,False,Flickless,GIANTX,viper,True,100,50,1,1,0,1,False,westside,GIANTX,cypher,True,100,50,0,1,0,6,False
1425.224,6103,ACTIVE_ROUND,12,3,8,80.000,,,MiniBoo,Team Heretics,raze,True,100,25,0,2,1,2,False,RieNs,Team Heretics,fade,True,100,50,2,1,0,5,False,Boo,Team Heretics,omen,True,100,50,2,1,1,4,False,benjyfishy,Team Heretics,deadlock,True,100,25,1,0,1,2,False,Wo0t,Team Heretics,chamber,False,,25,0,0,0,7,False,grubinho,GIANTX,omen,True,100,50,2,1,1,5,False,ara,GIANTX,raze,True,100,50,0,2,1,4,False,Cloud,GIANTX,fade,True,100,50,0,1,0,3,False,Flickless,GIANTX,viper,True,100,50,1,1,0,1,False,westside,GIANTX,cypher,True,100,50,0,1,0,6,False
1425.457,6104,ACTIVE_ROUND,12,3,8,79.000,,,MiniBoo,Team Heretics,raze,True,100,25,0,2,1,2,False,RieNs,Team Heretics,fade,True,100,50,2,1,0,5,False,Boo,Team Heretics,omen,True,100,50,2,1,1,4,False,benjyfishy,Team Heretics,deadlock,True,100,25,1,0,1,2,False,Wo0t,Team Heretics,chamber,False,,25,0,0,0,7,False,grubinho,GIANTX,omen,True,100,50,2,1,1,5,False,ara,GIANTX,raze,True,100,50,0,2,1,4,False,Cloud,GIANTX,fade,True,100,50,0,1,0,3,False,Flickless,GIANTX,viper,True,100,50,1,1,0,1,False,westside,GIANTX,cypher,True,100,50,0,1,0,6,False
1425.691,6105,ACTIVE_ROUND,12,3,8,79.000,,,MiniBoo,Team Heretics,raze,True,100,25,0,2,1,2,False,RieNs,Team Heretics,fade,True,100,50,2,1,0,5,False,Boo,Team Heretics,omen,True,100,50,2,1,1,4,False,benjyfishy,Team Heretics,deadlock,True,100,25,1,0,1,2,False,Wo0t,Team Heretics,chamber,False,,25,0,0,0,7,False,grubinho,GIANTX,omen,True,100,50,2,1,1,5,False,ara,GIANTX,raze,True,100,50,0,2,1,4,False,Cloud,GIANTX,fade,True,100,50,0,1,0,3,False,Flickless,GIANTX,viper,True,100,50,1,1,0,1,False,westside,GIANTX,cypher,True,100,50,0,1,0,6,False
1425.925,6106,ACTIVE_ROUND,12,3,8,79.000,,,MiniBoo,Team Heretics,raze,True,100,25,0,2,1,2,False,RieNs,Team Heretics,fade,True,100,50,2,1,0,5,False,Boo,Team Heretics,omen,True,100,50,2,1,1,4,False,benjyfishy,Team Heretics,deadlock,True,100,25,1,0,1,2,False,Wo0t,Team Heretics,chamber,False,,25,0,0,0,7,False,grubinho,GIANTX,omen,True,100,50,2,1,1,5,False,ara,GIANTX,raze,True,100,50,0,2,1,4,False,Cloud,GIANTX,fade,True,100,50,0,1,0,3,False,Flickless,GIANTX,viper,True,100,50,1,1,0,1,False,westside,GIANTX,cypher,True,100,50,0,1,0,6,False
1426.158,6107,ACTIVE_ROUND,12,3,8,79.000,,,MiniBoo,Team Heretics,raze,True,100,25,0,2,1,2,False,RieNs,Team Heretics,fade,True,100,50,1,1,0,5,False,Boo,Team Heretics,omen,True,100,50,2,1,1,4,False,benjyfishy,Team Heretics,deadlock,True,100,25,1,0,1,2,False,Wo0t,Team Heretics,chamber,False,,25,0,0,0,7,False,grubinho,GIANTX,omen,True,100,50,2,1,1,5,False,ara,GIANTX,raze,True,100,50,0,2,1,4,False,Cloud,GIANTX,fade,True,100,50,0,1,0,3,False,Flickless,GIANTX,viper,True,100,50,1,1,0,1,False,westside,GIANTX,cypher,True,100,50,0,1,0,6,False
1426.392,6108,ACTIVE_ROUND,12,3,8,79.000,,,MiniBoo,Team Heretics,raze,True,100,25,0,2,1,2,False,RieNs,Team Heretics,fade,True,100,50,1,1,0,5,False,Boo,Team Heretics,omen,True,100,50,2,1,1,4,False,benjyfishy,Team Heretics,deadlock,True,100,25,1,0,1,2,False,Wo0t,Team Heretics,chamber,False,,25,0,0,0,7,False,grubinho,GIANTX,omen,True,100,50,2,1,1,5,False,ara,GIANTX,raze,True,100,50,0,2,1,4,False,Cloud,GIANTX,fade,True,100,50,0,1,0,3,False,Flickless,GIANTX,viper,True,100,50,1,1,0,1,False,westside,GIANTX,cypher,True,100,50,0,1,0,6,False
1426.625,6109,ACTIVE_ROUND,12,3,8,78.000,,,MiniBoo,Team Heretics,raze,True,100,25,0,2,1,2,False,RieNs,Team Heretics,fade,True,100,50,1,1,0,5,False,Boo,Team Heretics,omen,True,100,50,2,1,1,4,False,benjyfishy,Team Heretics,deadlock,True,100,25,1,0,1,2,False,Wo0t,Team Heretics,chamber,False,,25,0,0,0,7,False,grubinho,GIANTX,omen,True,100,50,2,1,1,5,False,ara,GIANTX,raze,True,100,50,0,2,1,4,False,Cloud,GIANTX,fade,True,100,50,0,1,0,3,False,Flickless,GIANTX,viper,True,100,50,1,1,0,1,False,westside,GIANTX,cypher,True,100,50,0,1,0,6,False
1426.859,6110,ACTIVE_ROUND,12,3,8,78.000,,,MiniBoo,Team Heretics,raze,True,100,25,0,2,1,2,False,RieNs,Team Heretics,fade,True,100,50,1,1,0,5,False,Boo,Team Heretics,omen,True,100,50,2,1,1,4,False,benjyfishy,Team Heretics,deadlock,True,100,25,1,0,1,2,False,Wo0t,Team Heretics,chamber,False,,25,0,0,0,7,False,grubinho,GIANTX,omen,True,100,50,2,1,1,5,False,ara,GIANTX,raze,True,100,50,0,2,1,4,False,Cloud,GIANTX,fade,True,100,50,0,1,0,3,False,Flickless,GIANTX,viper,True,100,50,1,1,0,1,False,westside,GIANTX,cypher,True,100,50,0,1,0,6,False
1427.092,6111,ACTIVE_ROUND,12,3,8,78.000,,,MiniBoo,Team Heretics,raze,True,100,25,0,2,1,2,False,RieNs,Team Heretics,fade,True,100,50,1,1,0,5,False,Boo,Team Heretics,omen,True,100,50,2,1,1,4,False,benjyfishy,Team Heretics,deadlock,True,100,25,1,0,1,2,False,Wo0t,Team Heretics,chamber,False,,25,0,0,0,7,False,grubinho,GIANTX,omen,True,100,50,2,1,1,5,False,ara,GIANTX,raze,True,100,50,0,2,1,4,False,Cloud,GIANTX,fade,True,100,50,0,1,0,3,False,Flickless,GIANTX,viper,True,100,50,1,1,0,1,False,westside,GIANTX,cypher,True,100,50,0,1,0,6,False
1427.326,6112,ACTIVE_ROUND,12,3,8,78.000,,,MiniBoo,Team Heretics,raze,True,100,25,0,2,1,2,False,RieNs,Team Heretics,fade,True,100,50,1,1,0,5,False,Boo,Team Heretics,omen,True,100,50,2,1,1,4,False,benjyfishy,Team Heretics,deadlock,True,100,25,1,0,1,2,False,Wo0t,Team Heretics,chamber,False,,25,0,0,0,7,False,grubinho,GIANTX,omen,True,100,50,2,1,1,5,False,ara,GIANTX,raze,True,100,50,0,2,1,4,False,Cloud,GIANTX,fade,True,100,50,0,1,0,3,False,Flickless,GIANTX,viper,True,100,50,1,1,0,1,False,westside,GIANTX,cypher,True,100,50,0,1,0,6,False
1427.559,6113,ACTIVE_ROUND,12,3,8,77.000,,,MiniBoo,Team Heretics,raze,True,100,25,0,2,1,2,False,RieNs,Team Heretics,fade,True,100,50,1,1,0,5,False,Boo,Team Heretics,omen,True,100,50,2,1,1,4,False,benjyfishy,Team Heretics,deadlock,True,100,25,1,0,1,2,False,Wo0t,Team Heretics,chamber,False,,25,0,0,0,7,False,grubinho,GIANTX,omen,True,100,50,2,1,1,5,False,ara,GIANTX,raze,True,100,50,0,2,1,4,False,Cloud,GIANTX,fade,True,100,50,0,1,0,3,False,Flickless,GIANTX,viper,True,100,50,1,1,0,1,False,westside,GIANTX,cypher,True,100,50,0,1,0,6,False
1427.793,6114,ACTIVE_ROUND,12,3,8,77.000,,,MiniBoo,Team Heretics,raze,True,100,25,0,2,1,2,False,RieNs,Team Heretics,fade,True,100,50,1,1,0,5,False,Boo,Team Heretics,omen,True,100,50,2,1,1,4,False,benjyfishy,Team Heretics,deadlock,True,100,2,1,0,1,2,False,Wo0t,Team Heretics,chamber,False,,25,0,0,0,7,False,grubinho,GIANTX,omen,True,100,50,2,1,1,5,False,ara,GIANTX,raze,True,100,50,0,2,1,4,False,Cloud,GIANTX,fade,True,100,50,0,1,0,3,False,Flickless,GIANTX,viper,True,100,8,1,1,0,1,False,westside,GIANTX,cypher,True,100,50,0,1,0,6,False
1428.027,6115,ACTIVE_ROUND,12,3,8,77.000,,,MiniBoo,Team Heretics,raze,True,100,25,0,2,1,2,False,RieNs,Team Heretics,fade,True,100,50,1,1,0,5,False,Boo,Team Heretics,omen,True,100,50,2,1,1,4,False,benjyfishy,Team Heretics,deadlock,True,100,2,1,0,1,2,False,Wo0t,Team Heretics,chamber,False,,25,0,0,0,7,False,grubinho,GIANTX,omen,True,100,50,2,1,1,5,False,ara,GIANTX,raze,True,100,50,0,2,1,4,False,Cloud,GIANTX,fade,True,100,50,0,1,0,3,False,Flickless,GIANTX,viper,True,100,8,1,1,0,1,False,westside,GIANTX,cypher,True,100,50,0,1,0,6,False
1428.260,6116,ACTIVE_ROUND,12,3,8,77.000,,,MiniBoo,Team Heretics,raze,True,100,25,0,2,1,2,False,RieNs,Team Heretics,fade,True,100,50,1,1,0,5,False,Boo,Team Heretics,omen,True,100,50,2,1,1,4,False,benjyfishy,Team Heretics,deadlock,True,100,5,1,0,1,2,False,Wo0t,Team Heretics,chamber,False,,25,0,0,0,7,False,grubinho,GIANTX,omen,True,100,50,2,1,1,5,False,ara,GIANTX,raze,True,100,50,0,2,1,4,False,Cloud,GIANTX,fade,True,100,50,0,1,0,3,False,Flickless,GIANTX,viper,True,100,8,1,1,0,1,False,westside,GIANTX,cypher,True,100,50,0,1,0,6,False
1428.494,6117,ACTIVE_ROUND,12,3,8,76.000,,,MiniBoo,Team Heretics,raze,True,100,25,0,2,1,2,False,RieNs,Team Heretics,fade,True,100,50,1,1,0,5,False,Boo,Team Heretics,omen,True,100,50,2,1,1,4,False,benjyfishy,Team Heretics,deadlock,True,100,5,1,0,1,2,False,Wo0t,Team Heretics,chamber,False,,25,0,0,0,7,False,grubinho,GIANTX,omen,True,100,50,2,1,1,5,False,ara,GIANTX,raze,True,100,50,0,2,1,4,False,Cloud,GIANTX,fade,True,100,50,0,1,0,3,False,Flickless,GIANTX,viper,True,100,8,1,1,0,1,False,westside,GIANTX,cypher,True,100,50,0,1,0,6,False
1428.727,6118,ACTIVE_ROUND,12,3,8,76.000,,,MiniBoo,Team Heretics,raze,True,100,25,0,2,1,2,False,RieNs,Team Heretics,fade,True,100,50,1,1,0,5,False,Boo,Team Heretics,omen,True,100,50,2,1,1,4,False,benjyfishy,Team Heretics,deadlock,True,100,25,1,0,1,2,False,Wo0t,Team Heretics,chamber,False,,25,0,0,0,7,False,grubinho,GIANTX,omen,True,100,50,2,1,1,5,False,ara,GIANTX,raze,True,100,50,0,2,1,4,False,Cloud,GIANTX,fade,True,100,50,0,1,0,3,False,Flickless,GIANTX,viper,True,100,8,1,1,0,1,False,westside,GIANTX,cypher,True,100,50,0,1,0,6,False
1428.961,6119,ACTIVE_ROUND,12,3,8,76.000,,,MiniBoo,Team Heretics,raze,True,100,25,0,2,1,2,False,RieNs,Team Heretics,fade,True,100,50,1,1,0,5,False,Boo,Team Heretics,omen,True,100,50,2,1,1,4,False,benjyfishy,Team Heretics,deadlock,True,100,25,1,0,1,2,False,Wo0t,Team Heretics,chamber,False,,25,0,0,0,7,False,grubinho,GIANTX,omen,True,100,50,2,1,1,5,False,ara,GIANTX,raze,True,100,50,0,2,1,4,False,Cloud,GIANTX,fade,True,100,50,0,1,0,3,False,Flickless,GIANTX,viper,True,100,8,1,1,0,1,False,westside,GIANTX,cypher,True,100,50,0,1,0,6,False
1429.194,6120,ACTIVE_ROUND,12,3,8,76.000,,,MiniBoo,Team Heretics,raze,True,100,25,0,2,1,2,False,RieNs,Team Heretics,fade,True,100,50,1,1,0,5,False,Boo,Team Heretics,omen,True,100,50,2,1,1,4,False,benjyfishy,Team Heretics,deadlock,True,100,25,1,0,1,2,False,Wo0t,Team Heretics,chamber,False,,25,0,0,0,7,False,grubinho,GIANTX,omen,True,100,50,2,1,1,5,False,ara,GIANTX,raze,True,100,50,0,2,1,4,False,Cloud,GIANTX,fade,True,100,50,0,1,0,3,False,Flickless,GIANTX,viper,True,100,50,1,1,0,1,False,westside,GIANTX,cypher,True,100,50,0,1,0,6,False
1429.428,6121,ACTIVE_ROUND,12,3,8,75.000,,,MiniBoo,Team Heretics,raze,True,100,25,0,2,1,2,False,RieNs,Team Heretics,fade,True,100,50,1,1,0,5,False,Boo,Team Heretics,omen,True,100,50,2,1,1,4,False,benjyfishy,Team Heretics,deadlock,True,100,25,1,0,1,2,False,Wo0t,Team Heretics,chamber,False,,25,0,0,0,7,False,grubinho,GIANTX,omen,True,100,50,2,1,1,5,False,ara,GIANTX,raze,True,100,50,0,2,1,4,False,Cloud,GIANTX,fade,True,100,50,0,1,0,3,False,Flickless,GIANTX,viper,True,100,50,1,1,0,1,False,westside,GIANTX,cypher,True,100,8,0,1,0,6,False
1429.662,6122,ACTIVE_ROUND,12,3,8,75.000,,,MiniBoo,Team Heretics,raze,True,100,25,0,2,1,2,False,RieNs,Team Heretics,fade,True,100,50,1,1,0,5,False,Boo,Team Heretics,omen,True,100,50,2,1,1,4,False,benjyfishy,Team Heretics,deadlock,True,100,25,1,0,1,2,False,Wo0t,Team Heretics,chamber,False,,25,0,0,0,7,False,grubinho,GIANTX,omen,True,100,50,2,1,1,5,False,ara,GIANTX,raze,True,100,50,0,2,1,4,False,Cloud,GIANTX,fade,True,100,50,0,1,0,3,False,Flickless,GIANTX,viper,True,100,50,1,1,0,1,False,westside,GIANTX,cypher,True,100,50,0,1,0,6,False
1429.895,6123,ACTIVE_ROUND,12,3,8,75.000,,,MiniBoo,Team Heretics,raze,True,100,25,0,2,1,2,False,RieNs,Team Heretics,fade,True,100,50,1,1,0,5,False,Boo,Team Heretics,omen,True,100,50,2,1,1,4,False,benjyfishy,Team Heretics,deadlock,True,100,25,1,0,1,2,False,Wo0t,Team Heretics,chamber,False,,25,0,0,0,7,False,grubinho,GIANTX,omen,True,100,50,2,1,1,5,False,ara,GIANTX,raze,True,100,50,0,2,1,4,False,Cloud,GIANTX,fade,True,100,50,0,1,0,3,False,Flickless,GIANTX,viper,True,100,50,1,1,0,1,False,westside,GIANTX,cypher,True,100,50,0,1,0,6,False
1430.129,6124,ACTIVE_ROUND,12,3,8,75.000,,,MiniBoo,Team Heretics,raze,True,100,25,0,2,1,2,False,RieNs,Team Heretics,fade,True,100,50,1,1,0,5,False,Boo,Team Heretics,omen,True,100,50,2,1,1,4,False,benjyfishy,Team Heretics,deadlock,True,100,25,1,0,1,2,False,Wo0t,Team Heretics,chamber,False,,25,0,0,0,7,False,grubinho,GIANTX,omen,True,100,50,2,1,1,5,False,ara,GIANTX,raze,True,100,50,0,2,1,4,False,Cloud,GIANTX,fade,True,100,50,0,1,0,3,False,Flickless,GIANTX,viper,True,100,50,1,1,0,1,False,westside,GIANTX,cypher,True,100,50,0,1,0,6,False
1430.362,6125,ACTIVE_ROUND,12,3,8,75.000,,,MiniBoo,Team Heretics,raze,True,100,25,0,2,1,2,False,RieNs,Team Heretics,fade,True,100,50,1,1,0,5,False,Boo,Team Heretics,omen,True,100,50,2,1,1,4,False,benjyfishy,Team Heretics,deadlock,True,100,25,1,0,1,2,False,Wo0t,Team Heretics,chamber,False,,25,0,0,0,7,False,grubinho,GIANTX,omen,True,100,50,2,1,1,5,False,ara,GIANTX,raze,True,100,50,0,2,1,4,False,Cloud,GIANTX,fade,True,100,50,0,1,0,3,False,Flickless,GIANTX,viper,True,100,50,1,1,0,1,False,westside,GIANTX,cypher,True,100,50,0,1,0,6,False
1430.596,6126,ACTIVE_ROUND,12,3,8,74.000,,,MiniBoo,Team Heretics,raze,True,100,25,0,2,1,2,False,RieNs,Team Heretics,fade,True,100,50,1,1,0,5,False,Boo,Team Heretics,omen,True,100,50,2,1,1,4,False,benjyfishy,Team Heretics,deadlock,True,100,25,1,0,1,2,False,Wo0t,Team Heretics,chamber,False,,25,0,0,0,7,False,grubinho,GIANTX,omen,True,100,50,2,1,1,5,False,ara,GIANTX,raze,True,100,50,0,2,1,4,False,Cloud,GIANTX,fade,True,100,50,0,1,0,3,False,Flickless,GIANTX,viper,True,100,50,1,1,0,1,False,westside,GIANTX,cypher,True,100,50,0,1,0,6,False
1430.829,6127,ACTIVE_ROUND,12,3,8,74.000,,,MiniBoo,Team Heretics,raze,True,100,25,0,2,1,2,False,RieNs,Team Heretics,fade,True,100,50,1,1,0,5,False,Boo,Team Heretics,omen,True,100,50,2,1,1,4,False,benjyfishy,Team Heretics,deadlock,True,100,25,1,0,1,2,False,Wo0t,Team Heretics,chamber,False,,25,0,0,0,7,False,grubinho,GIANTX,omen,True,100,50,2,1,1,5,False,ara,GIANTX,raze,True,100,50,0,2,1,4,False,Cloud,GIANTX,fade,True,100,50,0,1,0,3,False,Flickless,GIANTX,viper,True,100,50,1,1,0,1,False,westside,GIANTX,cypher,True,100,50,0,1,0,6,False
1431.063,6128,ACTIVE_ROUND,12,3,8,74.000,,,MiniBoo,Team Heretics,raze,True,100,25,0,2,1,2,False,RieNs,Team Heretics,fade,True,100,50,1,1,0,5,False,Boo,Team Heretics,omen,True,100,50,2,1,1,4,False,benjyfishy,Team Heretics,deadlock,True,100,25,1,0,1,2,False,Wo0t,Team Heretics,chamber,False,,25,0,0,0,7,False,grubinho,GIANTX,omen,True,100,50,2,1,1,5,False,ara,GIANTX,raze,True,100,50,0,2,1,4,False,Cloud,GIANTX,fade,True,100,50,0,1,0,3,False,Flickless,GIANTX,viper,True,100,50,1,1,0,1,False,westside,GIANTX,cypher,True,100,50,0,1,0,6,False
1431.297,6129,ACTIVE_ROUND,12,3,8,74.000,,,MiniBoo,Team Heretics,raze,True,100,25,0,2,1,2,False,RieNs,Team Heretics,fade,True,100,50,1,1,0,5,False,Boo,Team Heretics,omen,True,100,50,2,1,1,4,False,benjyfishy,Team Heretics,deadlock,True,100,25,1,0,1,2,False,Wo0t,Team Heretics,chamber,False,,25,0,0,0,7,False,grubinho,GIANTX,omen,True,100,50,2,1,1,5,False,ara,GIANTX,raze,True,100,50,0,2,1,4,False,Cloud,GIANTX,fade,True,100,50,0,1,0,3,False,Flickless,GIANTX,viper,True,100,50,1,1,0,1,False,westside,GIANTX,cypher,True,100,8,0,1,0,6,False
1431.530,6130,ACTIVE_ROUND,12,3,8,73.000,,,MiniBoo,Team Heretics,raze,True,100,25,0,2,1,2,False,RieNs,Team Heretics,fade,True,100,50,1,1,0,5,False,Boo,Team Heretics,omen,True,100,50,2,1,1,4,False,benjyfishy,Team Heretics,deadlock,True,100,25,1,0,1,2,False,Wo0t,Team Heretics,chamber,False,,25,0,0,0,7,False,grubinho,GIANTX,omen,True,100,50,2,1,1,5,False,ara,GIANTX,raze,True,100,50,0,2,1,4,False,Cloud,GIANTX,fade,True,100,50,0,1,0,3,False,Flickless,GIANTX,viper,True,100,50,1,1,0,1,False,westside,GIANTX,cypher,True,100,8,0,1,0,6,False
1431.764,6131,ACTIVE_ROUND,12,3,8,73.000,,,MiniBoo,Team Heretics,raze,True,100,25,0,2,1,2,False,RieNs,Team Heretics,fade,True,100,50,1,1,0,5,False,Boo,Team Heretics,omen,True,100,50,2,1,1,4,False,benjyfishy,Team Heretics,deadlock,True,100,25,1,0,1,2,False,Wo0t,Team Heretics,chamber,False,,25,0,0,0,7,False,grubinho,GIANTX,omen,True,100,50,2,1,1,5,False,ara,GIANTX,raze,True,100,50,0,2,1,4,False,Cloud,GIANTX,fade,True,100,50,0,1,0,3,False,Flickless,GIANTX,viper,True,100,50,1,1,0,1,False,westside,GIANTX,cypher,True,100,50,0,1,0,6,False
1431.997,6132,ACTIVE_ROUND,12,3,8,73.000,,,MiniBoo,Team Heretics,raze,True,100,25,0,2,1,2,False,RieNs,Team Heretics,fade,True,100,50,1,1,0,5,False,Boo,Team Heretics,omen,True,100,50,2,1,1,4,False,benjyfishy,Team Heretics,deadlock,True,100,25,1,0,1,2,False,Wo0t,Team Heretics,chamber,False,,25,0,0,0,7,False,grubinho,GIANTX,omen,True,100,50,2,1,1,5,False,ara,GIANTX,raze,True,100,50,0,2,1,4,False,Cloud,GIANTX,fade,True,100,50,0,1,0,3,False,Flickless,GIANTX,viper,True,100,50,1,1,0,1,False,westside,GIANTX,cypher,True,100,8,0,1,0,6,False
1432.231,6133,ACTIVE_ROUND,12,3,8,73.000,,,MiniBoo,Team Heretics,raze,True,100,25,0,2,1,2,False,RieNs,Team Heretics,fade,True,100,50,1,1,0,5,False,Boo,Team Heretics,omen,True,100,50,2,1,1,4,False,benjyfishy,Team Heretics,deadlock,True,100,25,1,0,1,2,False,Wo0t,Team Heretics,chamber,False,,25,0,0,0,7,False,grubinho,GIANTX,omen,True,100,50,2,1,1,5,False,ara,GIANTX,raze,True,100,50,0,2,1,4,False,Cloud,GIANTX,fade,True,100,50,0,1,0,3,False,Flickless,GIANTX,viper,True,100,50,1,1,0,1,False,westside,GIANTX,cypher,True,100,50,0,1,0,6,False
1432.464,6134,ACTIVE_ROUND,12,3,8,72.000,,,MiniBoo,Team Heretics,raze,True,100,25,0,2,1,2,False,RieNs,Team Heretics,fade,True,100,50,1,1,0,5,False,Boo,Team Heretics,omen,True,100,50,2,1,1,4,False,benjyfishy,Team Heretics,deadlock,True,100,25,1,0,1,2,False,Wo0t,Team Heretics,chamber,False,,25,0,0,0,7,False,grubinho,GIANTX,omen,True,100,50,2,1,1,5,False,ara,GIANTX,raze,True,100,50,0,2,1,4,False,Cloud,GIANTX,fade,True,100,50,0,1,0,3,False,Flickless,GIANTX,viper,True,100,50,1,1,0,1,False,westside,GIANTX,cypher,True,100,50,0,1,0,6,False
1432.698,6135,ACTIVE_ROUND,12,3,8,72.000,,,MiniBoo,Team Heretics,raze,True,100,25,0,2,1,2,False,RieNs,Team Heretics,fade,True,100,50,1,1,0,5,False,Boo,Team Heretics,omen,True,100,50,2,1,1,4,False,benjyfishy,Team Heretics,deadlock,True,100,25,1,0,1,2,False,Wo0t,Team Heretics,chamber,False,,25,0,0,0,7,False,grubinho,GIANTX,omen,True,100,50,2,1,1,5,False,ara,GIANTX,raze,True,100,50,0,2,1,4,False,Cloud,GIANTX,fade,True,100,50,0,1,0,3,False,Flickless,GIANTX,viper,True,100,50,1,1,0,1,False,westside,GIANTX,cypher,True,100,50,0,1,0,6,False
1432.931,6136,ACTIVE_ROUND,12,3,8,72.000,,,MiniBoo,Team Heretics,raze,True,100,25,0,2,1,2,False,RieNs,Team Heretics,fade,True,100,50,1,1,0,5,False,Boo,Team Heretics,omen,True,100,50,2,1,1,4,False,benjyfishy,Team Heretics,deadlock,True,100,25,1,0,1,2,False,Wo0t,Team Heretics,chamber,False,,25,0,0,0,7,False,grubinho,GIANTX,omen,True,100,50,2,1,1,5,False,ara,GIANTX,raze,True,100,50,0,2,1,4,False,Cloud,GIANTX,fade,True,100,50,0,1,0,3,False,Flickless,GIANTX,viper,True,100,50,1,1,0,1,False,westside,GIANTX,cypher,True,100,50,0,1,0,6,False
1433.165,6137,ACTIVE_ROUND,12,3,8,72.000,,,MiniBoo,Team Heretics,raze,True,100,25,0,2,1,2,False,RieNs,Team Heretics,fade,True,100,50,1,1,0,5,False,Boo,Team Heretics,omen,True,100,50,2,1,1,4,False,benjyfishy,Team Heretics,deadlock,True,100,25,1,0,1,2,False,Wo0t,Team Heretics,chamber,False,,25,0,0,0,7,False,grubinho,GIANTX,omen,True,100,50,2,1,1,5,False,ara,GIANTX,raze,True,100,50,0,2,1,4,False,Cloud,GIANTX,fade,True,100,50,0,1,0,3,False,Flickless,GIANTX,viper,True,100,50,1,1,0,1,False,westside,GIANTX,cypher,True,100,50,0,1,0,6,False
1433.399,6138,ACTIVE_ROUND,12,3,8,72.000,,,MiniBoo,Team Heretics,raze,True,100,25,0,2,1,2,False,RieNs,Team Heretics,fade,True,100,50,1,1,0,5,False,Boo,Team Heretics,omen,True,100,50,2,1,1,4,False,benjyfishy,Team Heretics,deadlock,True,100,25,1,0,1,2,False,Wo0t,Team Heretics,chamber,False,,25,0,0,0,7,False,grubinho,GIANTX,omen,True,100,50,2,1,1,5,False,ara,GIANTX,raze,True,100,50,0,2,1,4,False,Cloud,GIANTX,fade,True,100,50,0,1,0,3,False,Flickless,GIANTX,viper,True,100,50,1,1,0,1,False,westside,GIANTX,cypher,True,100,50,0,1,0,6,False
1433.632,6139,ACTIVE_ROUND,12,3,8,71.000,,,MiniBoo,Team Heretics,raze,True,100,25,0,2,1,2,False,RieNs,Team Heretics,fade,True,100,50,1,1,0,5,False,Boo,Team Heretics,omen,True,100,50,2,1,1,4,False,benjyfishy,Team Heretics,deadlock,True,100,25,1,0,1,2,False,Wo0t,Team Heretics,chamber,False,,25,0,0,0,7,False,grubinho,GIANTX,omen,True,100,50,2,1,1,5,False,ara,GIANTX,raze,True,100,50,0,2,1,4,False,Cloud,GIANTX,fade,True,100,50,0,1,0,3,False,Flickless,GIANTX,viper,True,100,50,1,1,0,1,False,westside,GIANTX,cypher,True,100,50,0,1,0,6,False
1433.866,6140,ACTIVE_ROUND,12,3,8,71.000,,,MiniBoo,Team Heretics,raze,True,100,25,0,2,1,2,False,RieNs,Team Heretics,fade,True,100,50,1,1,0,5,False,Boo,Team Heretics,omen,True,100,50,2,1,1,4,False,benjyfishy,Team Heretics,deadlock,True,100,25,1,0,1,2,False,Wo0t,Team Heretics,chamber,False,,25,0,0,0,7,False,grubinho,GIANTX,omen,True,100,50,2,1,1,5,False,ara,GIANTX,raze,True,100,50,0,2,1,4,False,Cloud,GIANTX,fade,True,100,50,0,1,0,3,False,Flickless,GIANTX,viper,True,100,50,1,1,0,1,False,westside,GIANTX,cypher,True,100,50,0,1,0,6,False
1434.099,6141,ACTIVE_ROUND,12,3,8,71.000,,,MiniBoo,Team Heretics,raze,True,100,25,0,2,1,2,False,RieNs,Team Heretics,fade,True,100,50,1,1,0,5,False,Boo,Team Heretics,omen,True,100,50,2,1,0,4,False,benjyfishy,Team Heretics,deadlock,True,100,25,1,0,1,2,False,Wo0t,Team Heretics,chamber,False,,25,0,0,0,7,False,grubinho,GIANTX,omen,True,100,50,2,1,0,5,False,ara,GIANTX,raze,True,100,50,0,2,1,4,False,Cloud,GIANTX,fade,True,100,50,0,1,0,3,False,Flickless,GIANTX,viper,True,100,50,1,1,0,1,False,westside,GIANTX,cypher,True,100,50,0,1,0,6,False
1434.333,6142,ACTIVE_ROUND,12,3,8,71.000,,,MiniBoo,Team Heretics,raze,True,100,25,0,2,1,2,False,RieNs,Team Heretics,fade,True,100,50,1,1,0,5,False,Boo,Team Heretics,omen,True,100,50,2,1,0,4,False,benjyfishy,Team Heretics,deadlock,True,100,25,1,0,1,2,False,Wo0t,Team Heretics,chamber,False,,25,0,0,0,7,False,grubinho,GIANTX,omen,True,100,50,2,1,0,5,False,ara,GIANTX,raze,True,100,50,0,2,1,4,False,Cloud,GIANTX,fade,True,100,50,0,1,0,3,False,Flickless,GIANTX,viper,True,100,50,1,1,0,1,False,westside,GIANTX,cypher,True,100,50,0,1,0,6,False
1434.566,6143,ACTIVE_ROUND,12,3,8,70.000,,,MiniBoo,Team Heretics,raze,True,100,25,0,2,1,2,False,RieNs,Team Heretics,fade,True,100,50,1,1,0,5,False,Boo,Team Heretics,omen,True,100,50,2,1,0,4,False,benjyfishy,Team Heretics,deadlock,True,100,25,1,0,1,2,False,Wo0t,Team Heretics,chamber,False,,25,0,0,0,7,False,grubinho,GIANTX,omen,True,100,50,2,1,0,5,False,ara,GIANTX,raze,True,100,50,0,2,1,4,False,Cloud,GIANTX,fade,True,100,50,0,1,0,3,False,Flickless,GIANTX,viper,True,100,50,1,1,0,1,False,westside,GIANTX,cypher,True,100,50,0,1,0,6,False
1434.800,6144,ACTIVE_ROUND,12,3,8,70.000,,,MiniBoo,Team Heretics,raze,True,100,25,0,2,1,2,False,RieNs,Team Heretics,fade,True,100,50,1,1,0,5,False,Boo,Team Heretics,omen,True,100,50,2,1,0,4,False,benjyfishy,Team Heretics,deadlock,True,100,25,1,0,1,2,False,Wo0t,Team Heretics,chamber,False,,25,0,0,0,7,False,grubinho,GIANTX,omen,True,100,50,2,1,0,5,False,ara,GIANTX,raze,True,100,50,0,2,1,4,False,Cloud,GIANTX,fade,True,100,50,0,1,0,3,False,Flickless,GIANTX,viper,True,100,50,1,1,0,1,False,westside,GIANTX,cypher,True,100,50,0,1,0,6,False
1435.034,6145,ACTIVE_ROUND,12,3,8,70.000,,,MiniBoo,Team Heretics,raze,True,100,25,0,2,1,2,False,RieNs,Team Heretics,fade,True,100,50,1,1,0,5,False,Boo,Team Heretics,omen,True,100,50,2,1,0,4,False,benjyfishy,Team Heretics,deadlock,True,100,25,1,0,1,2,False,Wo0t,Team Heretics,chamber,False,,25,0,0,0,7,False,grubinho,GIANTX,omen,True,100,50,2,1,0,5,False,ara,GIANTX,raze,True,100,50,0,2,1,4,False,Cloud,GIANTX,fade,True,100,50,0,1,0,3,False,Flickless,GIANTX,viper,True,100,50,1,1,0,1,False,westside,GIANTX,cypher,True,100,50,0,1,0,6,False
1435.267,6146,ACTIVE_ROUND,12,3,8,70.000,,,MiniBoo,Team Heretics,raze,True,100,25,0,2,1,2,False,RieNs,Team Heretics,fade,True,100,50,1,1,0,5,False,Boo,Team Heretics,omen,True,100,50,2,1,0,4,False,benjyfishy,Team Heretics,deadlock,True,100,25,1,0,1,2,False,Wo0t,Team Heretics,chamber,False,,25,0,0,0,7,False,grubinho,GIANTX,omen,True,100,50,2,1,0,5,False,ara,GIANTX,raze,True,100,50,0,2,1,4,False,Cloud,GIANTX,fade,True,100,50,0,1,0,3,False,Flickless,GIANTX,viper,True,100,50,1,1,0,1,False,westside,GIANTX,cypher,True,100,50,0,1,0,6,False
1435.501,6147,ACTIVE_ROUND,12,3,8,69.000,,,MiniBoo,Team Heretics,raze,True,100,25,0,2,1,2,False,RieNs,Team Heretics,fade,True,100,50,1,1,0,5,False,Boo,Team Heretics,omen,True,100,50,2,1,0,4,False,benjyfishy,Team Heretics,deadlock,True,100,25,1,0,1,2,False,Wo0t,Team Heretics,chamber,False,,25,0,0,0,7,False,grubinho,GIANTX,omen,True,100,50,2,1,0,5,False,ara,GIANTX,raze,True,100,50,0,2,1,4,False,Cloud,GIANTX,fade,True,100,50,0,1,0,3,False,Flickless,GIANTX,viper,True,100,50,1,1,0,1,False,westside,GIANTX,cypher,True,100,50,0,1,0,6,False
1435.734,6148,ACTIVE_ROUND,12,3,8,69.000,,,MiniBoo,Team Heretics,raze,True,100,25,0,2,1,2,False,RieNs,Team Heretics,fade,True,100,50,1,1,0,5,False,Boo,Team Heretics,omen,True,100,50,2,1,0,4,False,benjyfishy,Team Heretics,deadlock,True,100,25,1,0,1,2,False,Wo0t,Team Heretics,chamber,False,,25,0,0,0,7,False,grubinho,GIANTX,omen,True,100,50,2,1,0,5,False,ara,GIANTX,raze,True,100,50,0,2,1,4,False,Cloud,GIANTX,fade,True,100,50,0,1,0,3,False,Flickless,GIANTX,viper,True,100,50,1,1,0,1,False,westside,GIANTX,cypher,True,100,50,0,1,0,6,False
1435.968,6149,ACTIVE_ROUND,12,3,8,69.000,,,MiniBoo,Team Heretics,raze,True,100,25,0,2,1,2,False,RieNs,Team Heretics,fade,True,100,50,1,1,0,5,False,Boo,Team Heretics,omen,True,100,50,2,1,0,4,False,benjyfishy,Team Heretics,deadlock,True,100,25,1,0,1,2,False,Wo0t,Team Heretics,chamber,False,,25,0,0,0,7,False,grubinho,GIANTX,omen,True,100,50,2,1,0,5,False,ara,GIANTX,raze,True,100,50,0,2,1,4,False,Cloud,GIANTX,fade,True,100,50,0,1,0,3,False,Flickless,GIANTX,viper,True,100,50,1,1,0,1,False,westside,GIANTX,cypher,True,100,50,0,1,0,6,False
1436.201,6150,ACTIVE_ROUND,12,3,8,69.000,,,MiniBoo,Team Heretics,raze,True,100,25,0,2,1,2,False,RieNs,Team Heretics,fade,True,100,50,1,1,0,5,False,Boo,Team Heretics,omen,True,100,50,2,1,1,4,False,benjyfishy,Team Heretics,deadlock,True,100,25,1,0,1,2,False,Wo0t,Team Heretics,chamber,False,,25,0,0,0,7,False,grubinho,GIANTX,omen,True,100,50,2,1,1,5,False,ara,GIANTX,raze,True,100,50,0,2,1,4,False,Cloud,GIANTX,fade,True,100,50,0,0,0,3,False,Flickless,GIANTX,viper,True,100,50,1,1,0,1,False,westside,GIANTX,cypher,True,100,50,0,1,0,6,False
1436.435,6151,ACTIVE_ROUND,12,3,8,68.000,,,MiniBoo,Team Heretics,raze,True,100,25,0,2,1,2,False,RieNs,Team Heretics,fade,True,100,50,1,1,0,5,False,Boo,Team Heretics,omen,True,100,50,2,1,1,4,False,benjyfishy,Team Heretics,deadlock,True,100,25,1,0,1,2,False,Wo0t,Team Heretics,chamber,False,,25,0,0,0,7,False,grubinho,GIANTX,omen,True,100,50,2,1,1,5,False,ara,GIANTX,raze,True,100,50,0,2,1,4,False,Cloud,GIANTX,fade,True,100,50,0,0,0,3,False,Flickless,GIANTX,viper,True,100,50,1,1,0,1,False,westside,GIANTX,cypher,True,100,50,0,1,0,6,False
1436.669,6152,ACTIVE_ROUND,12,3,8,68.000,,,MiniBoo,Team Heretics,raze,True,100,25,0,2,1,2,False,RieNs,Team Heretics,fade,True,100,50,1,1,0,5,False,Boo,Team Heretics,omen,True,100,50,2,1,1,4,False,benjyfishy,Team Heretics,deadlock,True,100,25,1,0,1,2,False,Wo0t,Team Heretics,chamber,False,,25,0,0,0,7,False,grubinho,GIANTX,omen,True,100,50,2,1,1,5,False,ara,GIANTX,raze,True,100,50,0,2,1,4,False,Cloud,GIANTX,fade,True,100,50,0,0,0,3,False,Flickless,GIANTX,viper,True,100,50,1,1,0,1,False,westside,GIANTX,cypher,True,100,50,0,1,0,6,False
1436.902,6153,ACTIVE_ROUND,12,3,8,68.000,,,MiniBoo,Team Heretics,raze,True,100,25,0,2,1,2,False,RieNs,Team Heretics,fade,True,100,50,1,1,0,5,False,Boo,Team Heretics,omen,True,100,50,2,1,1,4,False,benjyfishy,Team Heretics,deadlock,True,100,25,1,0,1,2,False,Wo0t,Team Heretics,chamber,False,,25,0,0,0,7,False,grubinho,GIANTX,omen,True,100,50,2,1,1,5,False,ara,GIANTX,raze,True,100,50,0,2,1,4,False,Cloud,GIANTX,fade,True,100,50,0,0,0,3,False,Flickless,GIANTX,viper,True,100,50,1,1,0,1,False,westside,GIANTX,cypher,True,100,50,0,1,0,6,False
1437.136,6154,ACTIVE_ROUND,12,3,8,68.000,,,MiniBoo,Team Heretics,raze,True,100,25,0,2,1,2,False,RieNs,Team Heretics,fade,True,100,50,1,1,0,5,False,Boo,Team Heretics,omen,True,100,50,2,1,1,4,False,benjyfishy,Team Heretics,deadlock,True,100,25,1,0,1,2,False,Wo0t,Team Heretics,chamber,False,,25,0,0,0,7,False,grubinho,GIANTX,omen,True,100,50,2,1,1,5,False,ara,GIANTX,raze,True,100,50,0,2,1,4,False,Cloud,GIANTX,fade,True,100,50,0,0,0,3,False,Flickless,GIANTX,viper,True,100,50,1,1,0,1,False,westside,GIANTX,cypher,True,100,50,0,1,0,6,False
1437.369,6155,ACTIVE_ROUND,12,3,8,68.000,,,MiniBoo,Team Heretics,raze,True,100,25,0,2,1,2,False,RieNs,Team Heretics,fade,True,100,50,1,1,0,5,False,Boo,Team Heretics,omen,True,100,50,2,1,1,4,False,benjyfishy,Team Heretics,deadlock,True,100,25,1,0,1,2,False,Wo0t,Team Heretics,chamber,False,,25,0,0,0,7,False,grubinho,GIANTX,omen,True,100,50,2,1,1,5,False,ara,GIANTX,raze,True,100,50,0,2,1,4,False,Cloud,GIANTX,fade,True,100,50,0,0,0,3,False,Flickless,GIANTX,viper,True,100,50,1,1,0,1,False,westside,GIANTX,cypher,True,100,50,0,1,0,6,False
1437.603,6156,ACTIVE_ROUND,12,3,8,67.000,,,MiniBoo,Team Heretics,raze,True,100,25,0,2,1,2,False,RieNs,Team Heretics,fade,True,100,50,1,1,0,5,False,Boo,Team Heretics,omen,True,100,50,2,1,1,4,False,benjyfishy,Team Heretics,deadlock,True,100,25,1,0,1,2,False,Wo0t,Team Heretics,chamber,False,,25,0,0,0,7,False,grubinho,GIANTX,omen,True,100,50,2,1,1,5,False,ara,GIANTX,raze,True,100,50,0,2,1,4,False,Cloud,GIANTX,fade,True,100,50,0,0,0,3,False,Flickless,GIANTX,viper,True,100,50,1,1,0,1,False,westside,GIANTX,cypher,True,100,50,0,1,0,6,False
1437.836,6157,ACTIVE_ROUND,12,3,8,67.000,,,MiniBoo,Team Heretics,raze,True,100,25,0,2,1,2,False,RieNs,Team Heretics,fade,True,100,50,1,1,0,5,False,Boo,Team Heretics,omen,True,100,50,2,1,1,4,False,benjyfishy,Team Heretics,deadlock,True,100,25,1,0,1,2,False,Wo0t,Team Heretics,chamber,False,,25,0,0,0,7,False,grubinho,GIANTX,omen,True,100,50,2,1,1,5,False,ara,GIANTX,raze,True,100,50,0,2,1,4,False,Cloud,GIANTX,fade,True,100,50,0,0,0,3,False,Flickless,GIANTX,viper,True,100,50,1,1,0,1,False,westside,GIANTX,cypher,True,100,50,0,1,0,6,False
1438.070,6158,ACTIVE_ROUND,12,3,8,67.000,,,MiniBoo,Team Heretics,raze,True,100,25,0,2,1,2,False,RieNs,Team Heretics,fade,True,100,50,1,1,0,5,False,Boo,Team Heretics,omen,True,100,50,2,1,1,4,False,benjyfishy,Team Heretics,deadlock,True,100,25,1,0,1,2,False,Wo0t,Team Heretics,chamber,False,,25,0,0,0,7,False,grubinho,GIANTX,omen,True,100,50,2,1,1,5,False,ara,GIANTX,raze,True,100,50,0,2,1,4,False,Cloud,GIANTX,fade,True,100,50,0,0,0,3,False,Flickless,GIANTX,viper,True,100,50,1,1,0,1,False,westside,GIANTX,cypher,True,100,50,0,1,0,6,False
1438.304,6159,ACTIVE_ROUND,12,3,8,67.000,,,MiniBoo,Team Heretics,raze,True,100,25,0,2,1,2,False,RieNs,Team Heretics,fade,True,100,50,1,1,0,5,False,Boo,Team Heretics,omen,True,100,50,2,1,1,4,False,benjyfishy,Team Heretics,deadlock,True,100,25,1,0,1,2,False,Wo0t,Team Heretics,chamber,False,,25,0,0,0,7,False,grubinho,GIANTX,omen,True,100,50,2,1,1,5,False,ara,GIANTX,raze,True,100,50,0,2,1,4,False,Cloud,GIANTX,fade,True,100,50,0,0,0,3,False,Flickless,GIANTX,viper,True,100,50,1,1,0,1,False,westside,GIANTX,cypher,True,100,50,0,1,0,6,False
1438.537,6160,ACTIVE_ROUND,12,3,8,66.000,,,MiniBoo,Team Heretics,raze,True,100,25,0,2,1,2,False,RieNs,Team Heretics,fade,True,100,50,1,1,0,5,False,Boo,Team Heretics,omen,True,100,50,2,1,1,4,False,benjyfishy,Team Heretics,deadlock,True,100,25,1,0,1,2,False,Wo0t,Team Heretics,chamber,False,,25,0,0,0,7,False,grubinho,GIANTX,omen,True,100,50,2,1,1,5,False,ara,GIANTX,raze,True,100,50,0,2,1,4,False,Cloud,GIANTX,fade,True,100,50,0,0,0,3,False,Flickless,GIANTX,viper,True,100,50,1,1,0,1,False,westside,GIANTX,cypher,True,100,50,0,1,0,6,False
1438.771,6161,ACTIVE_ROUND,12,3,8,66.000,,,MiniBoo,Team Heretics,raze,True,100,25,0,2,1,2,False,RieNs,Team Heretics,fade,True,100,50,1,1,0,5,False,Boo,Team Heretics,omen,True,100,50,2,1,1,4,False,benjyfishy,Team Heretics,deadlock,True,100,25,1,0,1,2,False,Wo0t,Team Heretics,chamber,False,,25,0,0,0,7,False,grubinho,GIANTX,omen,True,100,50,2,1,1,5,False,ara,GIANTX,raze,True,100,50,0,2,1,4,False,Cloud,GIANTX,fade,True,100,50,0,0,0,3,False,Flickless,GIANTX,viper,True,100,50,1,1,0,1,False,westside,GIANTX,cypher,True,100,50,0,1,0,6,False
1439.004,6162,ACTIVE_ROUND,12,3,8,66.000,,,MiniBoo,Team Heretics,raze,True,100,25,0,2,1,2,False,RieNs,Team Heretics,fade,True,100,50,1,1,0,5,False,Boo,Team Heretics,omen,True,100,50,2,1,1,4,False,benjyfishy,Team Heretics,deadlock,True,100,25,1,0,1,2,False,Wo0t,Team Heretics,chamber,False,,25,0,0,0,7,False,grubinho,GIANTX,omen,True,100,50,2,1,1,5,False,ara,GIANTX,raze,True,100,50,0,2,1,4,False,Cloud,GIANTX,fade,True,100,50,0,0,0,3,False,Flickless,GIANTX,viper,True,100,50,1,1,0,1,False,westside,GIANTX,cypher,True,100,50,0,1,0,6,False
1439.238,6163,ACTIVE_ROUND,12,3,8,66.000,,,MiniBoo,Team Heretics,raze,True,100,25,0,2,1,2,False,RieNs,Team Heretics,fade,True,100,50,1,1,0,5,False,Boo,Team Heretics,omen,True,100,50,2,1,1,4,False,benjyfishy,Team Heretics,deadlock,True,100,25,1,0,1,2,False,Wo0t,Team Heretics,chamber,False,,25,0,0,0,7,False,grubinho,GIANTX,omen,True,100,50,2,1,1,5,False,ara,GIANTX,raze,True,100,50,0,2,1,4,False,Cloud,GIANTX,fade,True,100,50,0,0,0,3,False,Flickless,GIANTX,viper,True,100,50,1,1,0,1,False,westside,GIANTX,cypher,True,100,50,0,1,0,6,False
1439.471,6164,ACTIVE_ROUND,12,3,8,65.000,,,MiniBoo,Team Heretics,raze,True,100,25,0,2,1,2,False,RieNs,Team Heretics,fade,True,100,50,1,1,0,5,False,Boo,Team Heretics,omen,True,100,50,2,1,1,4,False,benjyfishy,Team Heretics,deadlock,True,100,25,1,0,1,2,False,Wo0t,Team Heretics,chamber,False,,25,0,0,0,7,False,grubinho,GIANTX,omen,True,100,50,2,1,1,5,False,ara,GIANTX,raze,True,100,50,0,2,1,4,False,Cloud,GIANTX,fade,True,100,50,0,0,0,3,False,Flickless,GIANTX,viper,True,100,50,1,1,0,1,False,westside,GIANTX,cypher,True,100,50,0,1,0,6,False
1439.705,6165,ACTIVE_ROUND,12,3,8,65.000,,,MiniBoo,Team Heretics,raze,True,100,25,0,2,1,2,False,RieNs,Team Heretics,fade,True,100,50,1,1,0,5,False,Boo,Team Heretics,omen,True,100,50,2,1,1,4,False,benjyfishy,Team Heretics,deadlock,True,100,25,1,0,1,2,False,Wo0t,Team Heretics,chamber,False,,25,0,0,0,7,False,grubinho,GIANTX,omen,True,100,50,2,1,1,5,False,ara,GIANTX,raze,True,100,50,0,2,1,4,False,Cloud,GIANTX,fade,True,100,50,0,0,0,3,False,Flickless,GIANTX,viper,True,100,50,1,1,0,1,False,westside,GIANTX,cypher,True,100,50,0,1,0,6,False
1439.938,6166,ACTIVE_ROUND,12,3,8,65.000,,,MiniBoo,Team Heretics,raze,True,100,25,0,2,1,2,False,RieNs,Team Heretics,fade,True,100,50,1,1,0,5,False,Boo,Team Heretics,omen,True,100,50,2,1,1,4,False,benjyfishy,Team Heretics,deadlock,True,100,25,1,0,1,2,False,Wo0t,Team Heretics,chamber,False,,25,0,0,0,7,False,grubinho,GIANTX,omen,True,100,50,2,1,1,5,False,ara,GIANTX,raze,True,100,50,0,2,1,4,False,Cloud,GIANTX,fade,True,100,50,0,0,0,3,False,Flickless,GIANTX,viper,True,100,50,1,1,0,1,False,westside,GIANTX,cypher,True,100,50,0,1,0,6,False
1440.172,6167,ACTIVE_ROUND,12,3,8,65.000,,,MiniBoo,Team Heretics,raze,True,100,25,0,2,1,2,False,RieNs,Team Heretics,fade,True,100,50,1,1,0,5,False,Boo,Team Heretics,omen,True,100,50,2,1,1,4,False,benjyfishy,Team Heretics,deadlock,True,100,25,1,0,1,2,False,Wo0t,Team Heretics,chamber,False,,25,0,0,0,7,False,grubinho,GIANTX,omen,True,100,50,2,1,1,5,False,ara,GIANTX,raze,True,100,50,0,2,1,4,False,Cloud,GIANTX,fade,True,100,50,0,0,0,3,False,Flickless,GIANTX,viper,True,100,50,1,1,0,1,False,westside,GIANTX,cypher,True,100,50,0,1,0,6,False
1440.406,6168,ACTIVE_ROUND,12,3,8,64.000,,,MiniBoo,Team Heretics,raze,True,100,25,0,2,1,2,False,RieNs,Team Heretics,fade,True,100,50,1,1,0,5,False,Boo,Team Heretics,omen,True,100,50,2,1,1,4,False,benjyfishy,Team Heretics,deadlock,True,100,25,1,0,1,2,False,Wo0t,Team Heretics,chamber,False,,25,0,0,0,7,False,grubinho,GIANTX,omen,True,100,50,2,1,1,5,False,ara,GIANTX,raze,True,100,50,0,2,1,4,False,Cloud,GIANTX,fade,True,100,50,0,0,0,3,False,Flickless,GIANTX,viper,True,100,50,1,1,0,1,False,westside,GIANTX,cypher,True,100,50,0,1,0,6,False
1440.639,6169,ACTIVE_ROUND,12,3,8,64.000,,,MiniBoo,Team Heretics,raze,True,100,25,0,2,1,2,False,RieNs,Team Heretics,fade,True,100,50,1,1,0,5,False,Boo,Team Heretics,omen,True,100,50,2,1,1,4,False,benjyfishy,Team Heretics,deadlock,True,100,25,1,0,1,2,False,Wo0t,Team Heretics,chamber,False,,25,0,0,0,7,False,grubinho,GIANTX,omen,True,100,50,2,1,1,5,False,ara,GIANTX,raze,True,100,50,0,2,1,4,False,Cloud,GIANTX,fade,True,100,50,0,0,0,3,False,Flickless,GIANTX,viper,True,100,50,1,1,0,1,False,westside,GIANTX,cypher,True,100,50,0,1,0,6,False
1440.873,6170,ACTIVE_ROUND,12,3,8,64.000,,,MiniBoo,Team Heretics,raze,True,100,25,0,2,1,2,False,RieNs,Team Heretics,fade,True,100,50,1,1,0,5,False,Boo,Team Heretics,omen,True,100,50,2,1,1,4,False,benjyfishy,Team Heretics,deadlock,True,100,25,1,0,1,2,False,Wo0t,Team Heretics,chamber,False,,25,0,0,0,7,False,grubinho,GIANTX,omen,True,100,50,2,1,1,5,False,ara,GIANTX,raze,True,100,50,0,2,1,4,False,Cloud,GIANTX,fade,True,100,50,0,0,0,3,False,Flickless,GIANTX,viper,True,100,50,1,1,0,1,False,westside,GIANTX,cypher,True,100,50,0,1,0,6,False
1441.106,6171,ACTIVE_ROUND,12,3,8,64.000,,,MiniBoo,Team Heretics,raze,True,100,25,0,2,1,2,False,RieNs,Team Heretics,fade,True,100,50,1,1,0,5,False,Boo,Team Heretics,omen,True,100,50,2,1,1,4,False,benjyfishy,Team Heretics,deadlock,True,100,25,1,0,1,2,False,Wo0t,Team Heretics,chamber,False,,25,0,0,0,7,False,grubinho,GIANTX,omen,True,100,50,2,1,1,5,False,ara,GIANTX,raze,True,100,50,0,2,1,4,False,Cloud,GIANTX,fade,True,100,50,0,0,0,3,False,Flickless,GIANTX,viper,True,100,50,1,1,0,1,False,westside,GIANTX,cypher,True,100,50,0,1,0,6,False
1441.340,6172,ACTIVE_ROUND,12,3,8,64.000,,,MiniBoo,Team Heretics,raze,True,100,25,0,2,1,2,False,RieNs,Team Heretics,fade,True,100,50,1,1,0,5,False,Boo,Team Heretics,omen,True,100,50,2,1,1,4,False,benjyfishy,Team Heretics,deadlock,True,100,25,1,0,1,2,False,Wo0t,Team Heretics,chamber,False,,25,0,0,0,7,False,grubinho,GIANTX,omen,True,100,50,2,1,1,5,False,ara,GIANTX,raze,True,100,50,0,2,1,4,False,Cloud,GIANTX,fade,True,100,50,0,0,0,3,False,Flickless,GIANTX,viper,True,100,50,1,1,0,1,False,westside,GIANTX,cypher,True,100,50,0,1,0,6,False
1441.573,6173,ACTIVE_ROUND,12,3,8,63.000,,,MiniBoo,Team Heretics,raze,True,100,25,0,2,1,2,False,RieNs,Team Heretics,fade,True,100,50,1,1,0,5,False,Boo,Team Heretics,omen,True,100,50,2,1,1,4,False,benjyfishy,Team Heretics,deadlock,True,100,25,1,0,1,2,False,Wo0t,Team Heretics,chamber,False,,25,0,0,0,7,False,grubinho,GIANTX,omen,True,100,50,2,1,1,5,False,ara,GIANTX,raze,True,100,50,0,2,1,4,False,Cloud,GIANTX,fade,True,100,50,0,0,0,3,False,Flickless,GIANTX,viper,True,100,50,1,1,0,1,False,westside,GIANTX,cypher,True,100,50,0,1,0,6,False
1441.807,6174,ACTIVE_ROUND,12,3,8,63.000,,,MiniBoo,Team Heretics,raze,True,100,25,0,2,1,2,False,RieNs,Team Heretics,fade,True,100,50,1,1,0,5,False,Boo,Team Heretics,omen,True,100,50,2,1,1,4,False,benjyfishy,Team Heretics,deadlock,True,100,25,1,0,1,2,False,Wo0t,Team Heretics,chamber,False,,25,0,0,0,7,False,grubinho,GIANTX,omen,True,100,50,2,1,1,5,False,ara,GIANTX,raze,True,100,50,0,2,1,4,False,Cloud,GIANTX,fade,True,100,50,0,0,0,3,False,Flickless,GIANTX,viper,True,100,50,1,1,0,1,False,westside,GIANTX,cypher,True,100,50,0,1,0,6,False
1442.041,6175,ACTIVE_ROUND,12,3,8,63.000,,,MiniBoo,Team Heretics,raze,True,100,25,0,2,1,2,False,RieNs,Team Heretics,fade,True,100,50,1,1,0,5,False,Boo,Team Heretics,omen,True,100,50,2,1,1,4,False,benjyfishy,Team Heretics,deadlock,True,100,25,1,0,1,2,False,Wo0t,Team Heretics,chamber,False,,25,0,0,0,7,False,grubinho,GIANTX,omen,True,100,50,2,1,1,5,False,ara,GIANTX,raze,True,100,50,0,2,1,4,False,Cloud,GIANTX,fade,True,100,50,0,0,0,3,False,Flickless,GIANTX,viper,True,100,50,1,1,0,1,False,westside,GIANTX,cypher,True,100,50,0,1,0,6,False
1442.274,6176,ACTIVE_ROUND,12,3,8,63.000,,,MiniBoo,Team Heretics,raze,True,100,25,0,2,1,2,False,RieNs,Team Heretics,fade,True,100,50,1,1,0,5,False,Boo,Team Heretics,omen,True,100,50,2,1,1,4,False,benjyfishy,Team Heretics,deadlock,True,100,25,1,0,1,2,False,Wo0t,Team Heretics,chamber,False,,25,0,0,0,7,False,grubinho,GIANTX,omen,True,100,50,2,1,1,5,False,ara,GIANTX,raze,True,100,50,0,2,1,4,False,Cloud,GIANTX,fade,True,100,50,0,0,0,3,False,Flickless,GIANTX,viper,True,100,50,1,1,0,1,False,westside,GIANTX,cypher,True,100,50,0,1,0,6,False
1442.508,6177,ACTIVE_ROUND,12,3,8,62.000,,,MiniBoo,Team Heretics,raze,True,100,25,0,2,1,2,False,RieNs,Team Heretics,fade,True,100,50,1,1,0,5,False,Boo,Team Heretics,omen,True,100,50,2,1,1,4,False,benjyfishy,Team Heretics,deadlock,True,100,25,1,0,1,2,False,Wo0t,Team Heretics,chamber,False,,25,0,0,0,7,False,grubinho,GIANTX,omen,True,100,50,2,1,1,5,False,ara,GIANTX,raze,True,100,50,0,2,1,4,False,Cloud,GIANTX,fade,True,100,50,0,0,0,3,False,Flickless,GIANTX,viper,True,100,50,1,1,0,1,False,westside,GIANTX,cypher,True,100,50,0,1,0,6,False
1442.741,6178,ACTIVE_ROUND,12,3,8,62.000,,,MiniBoo,Team Heretics,raze,True,100,25,0,2,1,2,False,RieNs,Team Heretics,fade,True,100,50,1,1,0,5,False,Boo,Team Heretics,omen,True,100,50,2,1,1,4,False,benjyfishy,Team Heretics,deadlock,True,100,25,1,0,1,2,False,Wo0t,Team Heretics,chamber,False,,25,0,0,0,7,False,grubinho,GIANTX,omen,True,100,50,2,1,1,5,False,ara,GIANTX,raze,True,100,50,0,2,1,4,False,Cloud,GIANTX,fade,True,100,50,0,0,0,3,False,Flickless,GIANTX,viper,True,100,50,1,1,0,1,False,westside,GIANTX,cypher,True,100,50,0,1,0,6,False
1442.975,6179,ACTIVE_ROUND,12,3,8,62.000,,,MiniBoo,Team Heretics,raze,True,100,25,0,2,1,2,False,RieNs,Team Heretics,fade,True,100,50,1,1,0,5,False,Boo,Team Heretics,omen,True,100,50,2,1,1,4,False,benjyfishy,Team Heretics,deadlock,True,100,25,1,0,1,2,False,Wo0t,Team Heretics,chamber,False,,25,0,0,0,7,False,grubinho,GIANTX,omen,True,100,50,2,1,1,5,False,ara,GIANTX,raze,True,100,50,0,2,1,4,False,Cloud,GIANTX,fade,True,100,50,0,0,0,3,False,Flickless,GIANTX,viper,True,100,50,1,1,0,1,False,westside,GIANTX,cypher,True,100,50,0,1,0,6,False
1443.208,6180,ACTIVE_ROUND,12,3,8,62.000,,,MiniBoo,Team Heretics,raze,True,100,25,0,2,1,2,False,RieNs,Team Heretics,fade,True,100,50,1,1,0,5,False,Boo,Team Heretics,omen,True,100,50,2,1,1,4,False,benjyfishy,Team Heretics,deadlock,True,100,25,1,0,1,2,False,Wo0t,Team Heretics,chamber,False,,25,0,0,0,7,False,grubinho,GIANTX,omen,True,100,50,2,1,1,5,False,ara,GIANTX,raze,True,100,50,0,2,1,4,False,Cloud,GIANTX,fade,True,100,50,0,0,0,3,False,Flickless,GIANTX,viper,True,100,50,1,1,0,1,False,westside,GIANTX,cypher,True,100,50,0,1,0,6,False
1443.442,6181,ACTIVE_ROUND,12,3,8,61.000,,,MiniBoo,Team Heretics,raze,True,100,25,0,2,1,2,False,RieNs,Team Heretics,fade,True,100,50,1,1,0,5,False,Boo,Team Heretics,omen,True,100,50,2,1,1,4,False,benjyfishy,Team Heretics,deadlock,True,100,25,1,0,1,2,False,Wo0t,Team Heretics,chamber,False,,25,0,0,0,7,False,grubinho,GIANTX,omen,True,100,50,2,1,1,5,False,ara,GIANTX,raze,True,100,50,0,2,1,4,False,Cloud,GIANTX,fade,True,100,50,0,0,0,3,False,Flickless,GIANTX,viper,True,100,50,1,1,0,1,False,westside,GIANTX,cypher,True,100,50,0,1,0,6,False
1443.676,6182,ACTIVE_ROUND,12,3,8,61.000,,,MiniBoo,Team Heretics,raze,True,100,25,0,2,1,2,False,RieNs,Team Heretics,fade,True,100,50,1,1,0,5,False,Boo,Team Heretics,omen,True,100,50,2,1,1,4,False,benjyfishy,Team Heretics,deadlock,True,100,25,1,0,1,2,False,Wo0t,Team Heretics,chamber,False,,25,0,0,0,7,False,grubinho,GIANTX,omen,True,100,50,2,1,1,5,False,ara,GIANTX,raze,True,100,50,0,2,1,4,False,Cloud,GIANTX,fade,True,100,50,0,0,0,3,False,Flickless,GIANTX,viper,True,100,50,1,1,0,1,False,westside,GIANTX,cypher,True,100,50,0,1,0,6,False
1443.909,6183,ACTIVE_ROUND,12,3,8,61.000,,,MiniBoo,Team Heretics,raze,True,100,25,0,2,1,2,False,RieNs,Team Heretics,fade,True,100,50,1,1,0,5,False,Boo,Team Heretics,omen,True,100,50,2,1,1,4,False,benjyfishy,Team Heretics,deadlock,True,100,25,1,0,1,2,False,Wo0t,Team Heretics,chamber,False,,25,0,0,0,7,False,grubinho,GIANTX,omen,True,100,50,2,1,1,5,False,ara,GIANTX,raze,True,100,50,0,2,1,4,False,Cloud,GIANTX,fade,True,100,50,0,0,0,3,False,Flickless,GIANTX,viper,True,100,50,1,1,0,1,False,westside,GIANTX,cypher,True,100,50,0,1,0,6,False
1444.143,6184,ACTIVE_ROUND,12,3,8,61.000,,,MiniBoo,Team Heretics,raze,True,100,25,0,2,1,2,False,RieNs,Team Heretics,fade,True,100,50,1,1,0,5,False,Boo,Team Heretics,omen,True,100,50,2,1,1,4,False,benjyfishy,Team Heretics,deadlock,True,100,25,0,0,1,2,False,Wo0t,Team Heretics,chamber,False,,25,0,0,0,7,False,grubinho,GIANTX,omen,True,100,50,2,1,1,5,False,ara,GIANTX,raze,True,100,50,0,2,1,4,False,Cloud,GIANTX,fade,True,100,50,0,0,0,3,False,Flickless,GIANTX,viper,True,100,50,1,1,0,1,False,westside,GIANTX,cypher,True,100,50,0,1,0,7,True
1444.376,6185,ACTIVE_ROUND,12,3,8,61.000,,,MiniBoo,Team Heretics,raze,True,100,25,0,2,1,2,False,RieNs,Team Heretics,fade,True,100,50,1,1,0,5,False,Boo,Team Heretics,omen,True,100,50,2,1,1,4,False,benjyfishy,Team Heretics,deadlock,True,100,25,0,0,1,2,False,Wo0t,Team Heretics,chamber,False,,25,0,0,0,7,False,grubinho,GIANTX,omen,True,100,50,2,1,1,5,False,ara,GIANTX,raze,True,100,50,0,2,1,4,False,Cloud,GIANTX,fade,True,100,50,0,0,0,3,False,Flickless,GIANTX,viper,True,100,50,1,1,0,1,False,westside,GIANTX,cypher,True,100,50,0,1,0,7,True
1444.610,6186,ACTIVE_ROUND,12,3,8,60.000,,,MiniBoo,Team Heretics,raze,True,100,25,0,2,1,2,False,RieNs,Team Heretics,fade,True,100,50,1,1,0,5,False,Boo,Team Heretics,omen,True,100,50,2,1,1,4,False,benjyfishy,Team Heretics,deadlock,True,100,25,0,0,1,2,False,Wo0t,Team Heretics,chamber,False,,25,0,0,0,7,False,grubinho,GIANTX,omen,True,100,50,2,1,1,5,False,ara,GIANTX,raze,True,100,50,0,2,1,4,False,Cloud,GIANTX,fade,True,100,50,0,0,0,3,False,Flickless,GIANTX,viper,True,100,50,1,1,0,1,False,westside,GIANTX,cypher,True,100,50,0,1,0,7,True
1444.843,6187,ACTIVE_ROUND,12,3,8,60.000,,,MiniBoo,Team Heretics,raze,True,100,25,0,2,1,2,False,RieNs,Team Heretics,fade,True,100,50,1,1,0,5,False,Boo,Team Heretics,omen,True,100,50,2,1,1,4,False,benjyfishy,Team Heretics,deadlock,True,100,25,0,0,1,2,False,Wo0t,Team Heretics,chamber,False,,25,0,0,0,7,False,grubinho,GIANTX,omen,True,100,50,2,1,1,5,False,ara,GIANTX,raze,True,100,50,0,2,1,4,False,Cloud,GIANTX,fade,True,100,50,0,0,0,3,False,Flickless,GIANTX,viper,True,100,50,1,1,0,1,False,westside,GIANTX,cypher,True,100,50,0,1,0,7,True
1445.077,6188,ACTIVE_ROUND,12,3,8,60.000,,,MiniBoo,Team Heretics,raze,True,100,25,0,2,1,2,False,RieNs,Team Heretics,fade,True,100,50,1,1,0,5,False,Boo,Team Heretics,omen,True,100,50,2,1,1,4,False,benjyfishy,Team Heretics,deadlock,True,100,25,0,0,1,2,False,Wo0t,Team Heretics,chamber,False,,25,0,0,0,7,False,grubinho,GIANTX,omen,True,100,50,2,1,1,5,False,ara,GIANTX,raze,True,100,50,0,2,1,4,False,Cloud,GIANTX,fade,True,100,50,0,0,0,3,False,Flickless,GIANTX,viper,True,100,50,1,1,0,1,False,westside,GIANTX,cypher,True,100,50,0,0,0,7,True
1445.311,6189,ACTIVE_ROUND,12,3,8,60.000,,,MiniBoo,Team Heretics,raze,True,100,25,0,2,1,2,False,RieNs,Team Heretics,fade,True,100,50,1,1,0,5,False,Boo,Team Heretics,omen,True,100,50,2,1,1,4,False,benjyfishy,Team Heretics,deadlock,True,100,25,0,0,1,2,False,Wo0t,Team Heretics,chamber,False,,25,0,0,0,7,False,grubinho,GIANTX,omen,True,100,50,2,1,1,5,False,ara,GIANTX,raze,True,100,50,0,2,1,4,False,Cloud,GIANTX,fade,True,100,50,0,0,0,3,False,Flickless,GIANTX,viper,True,100,50,1,1,0,1,False,westside,GIANTX,cypher,True,100,50,0,0,0,7,True
1445.544,6190,ACTIVE_ROUND,12,3,8,59.000,,,MiniBoo,Team Heretics,raze,True,100,25,0,2,1,2,False,RieNs,Team Heretics,fade,True,100,50,1,1,0,5,False,Boo,Team Heretics,omen,True,100,50,2,1,1,4,False,benjyfishy,Team Heretics,deadlock,True,100,25,0,0,1,2,False,Wo0t,Team Heretics,chamber,False,,25,0,0,0,7,False,grubinho,GIANTX,omen,True,100,50,2,1,1,5,False,ara,GIANTX,raze,True,100,50,0,2,1,4,False,Cloud,GIANTX,fade,True,100,50,0,0,0,3,False,Flickless,GIANTX,viper,True,100,50,1,1,0,1,False,westside,GIANTX,cypher,True,100,50,0,0,0,7,True
1445.778,6191,ACTIVE_ROUND,12,3,8,59.000,,,MiniBoo,Team Heretics,raze,True,100,25,0,2,1,2,False,RieNs,Team Heretics,fade,True,100,50,1,1,0,5,False,Boo,Team Heretics,omen,True,100,50,2,1,1,4,False,benjyfishy,Team Heretics,deadlock,True,100,25,0,0,1,2,False,Wo0t,Team Heretics,chamber,False,,25,0,0,0,7,False,grubinho,GIANTX,omen,True,100,50,2,1,1,5,False,ara,GIANTX,raze,True,100,50,0,2,1,4,False,Cloud,GIANTX,fade,True,100,50,0,0,0,3,False,Flickless,GIANTX,viper,True,100,50,1,1,0,1,False,westside,GIANTX,cypher,True,100,50,0,0,0,7,True
1446.011,6192,ACTIVE_ROUND,12,3,8,59.000,,,MiniBoo,Team Heretics,raze,True,100,25,0,2,1,2,False,RieNs,Team Heretics,fade,True,100,50,1,1,0,5,False,Boo,Team Heretics,omen,True,100,50,2,1,1,4,False,benjyfishy,Team Heretics,deadlock,True,100,25,0,0,1,2,False,Wo0t,Team Heretics,chamber,False,,25,0,0,0,7,False,grubinho,GIANTX,omen,True,100,50,2,1,1,5,False,ara,GIANTX,raze,True,100,50,0,2,1,4,False,Cloud,GIANTX,fade,True,100,50,0,0,0,3,False,Flickless,GIANTX,viper,True,100,50,1,1,0,1,False,westside,GIANTX,cypher,True,100,50,0,0,0,7,True
1446.245,6193,ACTIVE_ROUND,12,3,8,59.000,,,MiniBoo,Team Heretics,raze,True,100,25,0,2,1,2,False,RieNs,Team Heretics,fade,True,100,50,0,1,0,5,False,Boo,Team Heretics,omen,True,100,50,2,1,1,4,False,benjyfishy,Team Heretics,deadlock,True,100,25,0,0,1,2,False,Wo0t,Team Heretics,chamber,False,,25,0,0,0,7,False,grubinho,GIANTX,omen,True,100,50,2,1,1,5,False,ara,GIANTX,raze,True,100,50,0,2,1,4,False,Cloud,GIANTX,fade,True,100,50,0,0,0,3,False,Flickless,GIANTX,viper,True,100,50,1,1,0,1,False,westside,GIANTX,cypher,True,100,50,0,0,0,7,True
1446.478,6194,ACTIVE_ROUND,12,3,8,58.000,,,MiniBoo,Team Heretics,raze,True,100,25,0,2,1,2,False,RieNs,Team Heretics,fade,True,100,50,0,1,0,5,False,Boo,Team Heretics,omen,True,100,50,2,1,1,4,False,benjyfishy,Team Heretics,deadlock,True,100,25,0,0,1,2,False,Wo0t,Team Heretics,chamber,False,,25,0,0,0,7,False,grubinho,GIANTX,omen,True,100,50,2,1,1,5,False,ara,GIANTX,raze,True,100,50,0,2,1,4,False,Cloud,GIANTX,fade,True,100,50,0,0,0,3,False,Flickless,GIANTX,viper,True,100,50,1,1,0,1,False,westside,GIANTX,cypher,True,100,50,0,0,0,7,True
1446.712,6195,ACTIVE_ROUND,12,3,8,58.000,,,MiniBoo,Team Heretics,raze,True,100,25,0,2,1,2,False,RieNs,Team Heretics,fade,True,100,50,0,1,0,5,False,Boo,Team Heretics,omen,True,100,50,2,1,1,4,False,benjyfishy,Team Heretics,deadlock,True,100,25,0,0,1,2,False,Wo0t,Team Heretics,chamber,False,,25,0,0,0,7,False,grubinho,GIANTX,omen,True,100,50,2,1,1,5,False,ara,GIANTX,raze,True,100,50,0,2,1,4,False,Cloud,GIANTX,fade,True,100,50,0,0,0,3,False,Flickless,GIANTX,viper,True,100,50,1,1,0,1,False,westside,GIANTX,cypher,True,100,50,0,0,0,7,True
1446.946,6196,ACTIVE_ROUND,12,3,8,58.000,,,MiniBoo,Team Heretics,raze,True,100,25,0,2,1,2,False,RieNs,Team Heretics,fade,True,100,50,0,1,0,5,False,Boo,Team Heretics,omen,True,100,50,2,1,1,4,False,benjyfishy,Team Heretics,deadlock,True,100,25,0,0,1,2,False,Wo0t,Team Heretics,chamber,False,,25,0,0,0,7,False,grubinho,GIANTX,omen,True,100,50,2,1,1,5,False,ara,GIANTX,raze,True,100,50,0,2,1,4,False,Cloud,GIANTX,fade,True,100,50,0,0,0,3,False,Flickless,GIANTX,viper,True,100,50,1,1,0,1,False,westside,GIANTX,cypher,True,100,50,0,0,0,7,True
1447.179,6197,ACTIVE_ROUND,12,3,8,58.000,,,MiniBoo,Team Heretics,raze,True,100,25,0,2,1,2,False,RieNs,Team Heretics,fade,True,100,50,0,1,1,5,False,Boo,Team Heretics,omen,True,100,50,2,1,1,4,False,benjyfishy,Team Heretics,deadlock,True,100,25,0,0,1,2,False,Wo0t,Team Heretics,chamber,False,,25,0,0,0,7,False,grubinho,GIANTX,omen,True,100,50,2,1,1,5,False,ara,GIANTX,raze,True,100,50,0,2,1,4,False,Cloud,GIANTX,fade,True,100,50,0,0,0,3,False,Flickless,GIANTX,viper,True,100,50,1,1,0,1,False,westside,GIANTX,cypher,True,100,50,0,0,0,7,True
1447.413,6198,ACTIVE_ROUND,12,3,8,57.000,,,MiniBoo,Team Heretics,raze,True,100,25,0,2,1,2,False,RieNs,Team Heretics,fade,True,100,50,0,1,1,5,False,Boo,Team Heretics,omen,True,100,50,2,1,1,4,False,benjyfishy,Team Heretics,deadlock,True,100,25,0,0,1,2,False,Wo0t,Team Heretics,chamber,False,,25,0,0,0,7,False,grubinho,GIANTX,omen,True,100,50,2,1,1,5,False,ara,GIANTX,raze,True,100,50,0,2,1,4,False,Cloud,GIANTX,fade,True,100,50,0,0,0,3,False,Flickless,GIANTX,viper,True,100,50,1,1,0,1,False,westside,GIANTX,cypher,True,100,50,0,0,0,7,True
1447.646,6199,ACTIVE_ROUND,12,3,8,57.000,,,MiniBoo,Team Heretics,raze,True,100,25,0,2,1,2,False,RieNs,Team Heretics,fade,True,100,50,0,1,1,5,False,Boo,Team Heretics,omen,True,100,50,2,1,1,4,False,benjyfishy,Team Heretics,deadlock,True,100,25,0,0,1,2,False,Wo0t,Team Heretics,chamber,False,,25,0,0,0,7,False,grubinho,GIANTX,omen,True,100,50,2,1,1,5,False,ara,GIANTX,raze,True,100,50,0,2,1,4,False,Cloud,GIANTX,fade,True,100,50,0,0,0,3,False,Flickless,GIANTX,viper,True,100,50,1,1,0,1,False,westside,GIANTX,cypher,True,100,50,0,0,0,7,True
1447.880,6200,ACTIVE_ROUND,12,3,8,57.000,,,MiniBoo,Team Heretics,raze,True,100,25,0,2,1,2,False,RieNs,Team Heretics,fade,True,100,50,0,1,1,5,False,Boo,Team Heretics,omen,True,100,50,2,1,1,4,False,benjyfishy,Team Heretics,deadlock,True,100,25,0,0,1,2,False,Wo0t,Team Heretics,chamber,False,,25,0,0,0,7,False,grubinho,GIANTX,omen,True,100,50,2,1,1,5,False,ara,GIANTX,raze,True,100,50,0,2,1,4,False,Cloud,GIANTX,fade,True,100,50,0,0,0,3,False,Flickless,GIANTX,viper,True,100,50,1,1,0,1,False,westside,GIANTX,cypher,True,100,50,0,0,0,7,True
1448.113,6201,ACTIVE_ROUND,12,3,8,57.000,,,MiniBoo,Team Heretics,raze,True,100,25,0,2,1,2,False,RieNs,Team Heretics,fade,True,100,50,0,1,1,5,False,Boo,Team Heretics,omen,True,100,50,2,1,1,4,False,benjyfishy,Team Heretics,deadlock,True,100,25,0,0,1,2,False,Wo0t,Team Heretics,chamber,False,,25,0,0,0,7,False,grubinho,GIANTX,omen,True,100,50,2,1,1,5,False,ara,GIANTX,raze,True,100,50,0,2,1,4,False,Cloud,GIANTX,fade,True,100,50,0,0,0,3,False,Flickless,GIANTX,viper,True,100,50,1,1,0,1,False,westside,GIANTX,cypher,True,100,50,0,0,0,0,False
1448.347,6202,ACTIVE_ROUND,12,3,8,57.000,,,MiniBoo,Team Heretics,raze,True,100,25,0,2,1,2,False,RieNs,Team Heretics,fade,True,100,50,0,1,1,5,False,Boo,Team Heretics,omen,True,100,50,2,1,1,4,False,benjyfishy,Team Heretics,deadlock,True,100,25,0,0,1,2,False,Wo0t,Team Heretics,chamber,False,,25,0,0,0,7,False,grubinho,GIANTX,omen,True,100,50,2,1,1,5,False,ara,GIANTX,raze,True,100,50,0,2,1,4,False,Cloud,GIANTX,fade,True,100,50,0,0,0,3,False,Flickless,GIANTX,viper,True,100,50,1,1,0,1,False,westside,GIANTX,cypher,True,100,50,0,0,0,0,False
1448.580,6203,ACTIVE_ROUND,12,3,8,56.000,,,MiniBoo,Team Heretics,raze,True,100,25,0,2,1,2,False,RieNs,Team Heretics,fade,True,100,50,0,1,1,5,False,Boo,Team Heretics,omen,True,100,50,2,1,1,4,False,benjyfishy,Team Heretics,deadlock,True,100,25,0,0,1,2,False,Wo0t,Team Heretics,chamber,False,,25,0,0,0,7,False,grubinho,GIANTX,omen,True,100,50,2,1,1,5,False,ara,GIANTX,raze,True,100,50,0,2,1,4,False,Cloud,GIANTX,fade,True,100,50,0,0,0,3,False,Flickless,GIANTX,viper,True,100,50,1,1,0,1,False,westside,GIANTX,cypher,True,100,50,0,0,0,0,False
1448.814,6204,ACTIVE_ROUND,12,3,8,56.000,,,MiniBoo,Team Heretics,raze,True,100,25,0,2,1,2,False,RieNs,Team Heretics,fade,True,100,50,0,1,1,5,False,Boo,Team Heretics,omen,True,100,50,2,1,1,4,False,benjyfishy,Team Heretics,deadlock,True,100,25,0,0,1,2,False,Wo0t,Team Heretics,chamber,False,,25,0,0,0,7,False,grubinho,GIANTX,omen,True,100,50,2,1,1,5,False,ara,GIANTX,raze,True,100,50,0,2,1,4,False,Cloud,GIANTX,fade,True,100,50,0,0,0,3,False,Flickless,GIANTX,viper,True,100,50,1,1,0,1,False,westside,GIANTX,cypher,True,100,50,0,0,0,0,False
1449.048,6205,ACTIVE_ROUND,12,3,8,56.000,,,MiniBoo,Team Heretics,raze,True,100,25,0,2,1,2,False,RieNs,Team Heretics,fade,True,100,50,0,1,1,5,False,Boo,Team Heretics,omen,True,100,50,2,1,1,4,False,benjyfishy,Team Heretics,deadlock,True,100,25,0,0,1,2,False,Wo0t,Team Heretics,chamber,False,,25,0,0,0,7,False,grubinho,GIANTX,omen,True,100,50,2,1,1,5,False,ara,GIANTX,raze,True,100,50,0,2,1,4,False,Cloud,GIANTX,fade,True,100,50,0,0,0,3,False,Flickless,GIANTX,viper,True,100,50,1,1,0,1,False,westside,GIANTX,cypher,True,100,50,0,0,0,0,False
1449.281,6206,ACTIVE_ROUND,12,3,8,56.000,,,MiniBoo,Team Heretics,raze,True,100,25,0,2,1,2,False,RieNs,Team Heretics,fade,True,100,50,0,1,1,5,False,Boo,Team Heretics,omen,True,100,50,2,1,1,4,False,benjyfishy,Team Heretics,deadlock,True,100,25,0,0,1,2,False,Wo0t,Team Heretics,chamber,False,,25,0,0,0,7,False,grubinho,GIANTX,omen,True,100,50,2,1,1,5,False,ara,GIANTX,raze,True,100,50,0,2,1,4,False,Cloud,GIANTX,fade,True,100,50,0,0,0,3,False,Flickless,GIANTX,viper,True,100,50,1,1,0,1,False,westside,GIANTX,cypher,True,100,50,0,0,0,0,False
1449.515,6207,ACTIVE_ROUND,12,3,8,55.000,,,MiniBoo,Team Heretics,raze,True,100,25,0,2,1,2,False,RieNs,Team Heretics,fade,True,100,50,0,1,1,5,False,Boo,Team Heretics,omen,True,100,50,2,1,1,4,False,benjyfishy,Team Heretics,deadlock,True,100,25,0,0,1,2,False,Wo0t,Team Heretics,chamber,False,,25,0,0,0,7,False,grubinho,GIANTX,omen,True,100,50,2,1,1,5,False,ara,GIANTX,raze,True,100,50,0,2,1,4,False,Cloud,GIANTX,fade,True,100,50,0,0,0,3,False,Flickless,GIANTX,viper,True,100,50,1,1,0,1,False,westside,GIANTX,cypher,True,100,50,0,0,0,0,False
1449.748,6208,ACTIVE_ROUND,12,3,8,55.000,,,MiniBoo,Team Heretics,raze,True,100,25,0,2,1,2,False,RieNs,Team Heretics,fade,True,100,50,0,1,1,5,False,Boo,Team Heretics,omen,True,100,50,2,1,1,4,False,benjyfishy,Team Heretics,deadlock,True,100,25,0,0,1,2,False,Wo0t,Team Heretics,chamber,False,,25,0,0,0,7,False,grubinho,GIANTX,omen,True,100,50,2,1,1,5,False,ara,GIANTX,raze,True,100,50,0,2,1,4,False,Cloud,GIANTX,fade,True,100,50,0,0,0,3,False,Flickless,GIANTX,viper,True,100,50,1,1,0,1,False,westside,GIANTX,cypher,True,100,50,0,0,0,0,False
1449.982,6209,ACTIVE_ROUND,12,3,8,55.000,,,MiniBoo,Team Heretics,raze,True,100,25,0,2,1,2,False,RieNs,Team Heretics,fade,True,100,50,0,1,1,5,False,Boo,Team Heretics,omen,True,100,50,2,1,1,4,False,benjyfishy,Team Heretics,deadlock,True,100,25,0,0,1,2,False,Wo0t,Team Heretics,chamber,False,,25,0,0,0,7,False,grubinho,GIANTX,omen,True,100,50,2,1,1,5,False,ara,GIANTX,raze,True,100,50,0,2,1,4,False,Cloud,GIANTX,fade,True,100,50,0,0,0,3,False,Flickless,GIANTX,viper,True,100,50,1,1,0,1,False,westside,GIANTX,cypher,True,100,50,0,0,0,0,False
1450.215,6210,ACTIVE_ROUND,12,3,8,55.000,,,MiniBoo,Team Heretics,raze,True,100,25,0,2,1,2,False,RieNs,Team Heretics,fade,True,100,50,0,1,1,5,False,Boo,Team Heretics,omen,True,100,50,2,1,1,4,False,benjyfishy,Team Heretics,deadlock,True,100,25,0,0,1,2,False,Wo0t,Team Heretics,chamber,False,,25,0,0,0,7,False,grubinho,GIANTX,omen,True,100,50,2,1,1,5,False,ara,GIANTX,raze,True,100,50,0,2,1,4,False,Cloud,GIANTX,fade,True,100,50,0,0,0,3,False,Flickless,GIANTX,viper,True,100,50,1,1,0,1,False,westside,GIANTX,cypher,True,100,50,0,0,0,0,False
1450.449,6211,ACTIVE_ROUND,12,3,8,54.000,,,MiniBoo,Team Heretics,raze,True,100,25,0,2,1,2,False,RieNs,Team Heretics,fade,True,100,50,0,1,1,5,False,Boo,Team Heretics,omen,True,100,50,2,1,1,4,False,benjyfishy,Team Heretics,deadlock,True,100,25,0,0,1,2,False,Wo0t,Team Heretics,chamber,False,,25,0,0,0,7,False,grubinho,GIANTX,omen,True,100,50,2,1,1,5,False,ara,GIANTX,raze,True,100,50,0,2,1,4,False,Cloud,GIANTX,fade,True,100,50,0,0,0,3,False,Flickless,GIANTX,viper,True,100,50,1,1,0,1,False,westside,GIANTX,cypher,True,100,50,0,0,0,0,False
1450.683,6212,ACTIVE_ROUND,12,3,8,54.000,,,MiniBoo,Team Heretics,raze,True,100,25,0,2,1,2,False,RieNs,Team Heretics,fade,True,100,50,0,1,1,5,False,Boo,Team Heretics,omen,True,100,50,2,1,1,4,False,benjyfishy,Team Heretics,deadlock,True,100,25,0,0,1,2,False,Wo0t,Team Heretics,chamber,False,,25,0,0,0,7,False,grubinho,GIANTX,omen,True,100,50,2,1,1,5,False,ara,GIANTX,raze,True,100,50,0,2,1,4,False,Cloud,GIANTX,fade,True,100,50,0,0,0,3,False,Flickless,GIANTX,viper,True,100,50,1,1,0,1,False,westside,GIANTX,cypher,True,100,50,0,0,0,0,False
1450.916,6213,ACTIVE_ROUND,12,3,8,54.000,,,MiniBoo,Team Heretics,raze,True,100,25,0,2,1,2,False,RieNs,Team Heretics,fade,True,100,50,0,1,1,5,False,Boo,Team Heretics,omen,True,100,50,2,1,1,4,False,benjyfishy,Team Heretics,deadlock,True,100,25,0,0,1,2,False,Wo0t,Team Heretics,chamber,False,,25,0,0,0,7,False,grubinho,GIANTX,omen,True,100,50,2,1,1,5,False,ara,GIANTX,raze,True,100,50,0,2,1,4,False,Cloud,GIANTX,fade,True,100,50,0,0,0,3,False,Flickless,GIANTX,viper,True,100,50,1,1,0,1,False,westside,GIANTX,cypher,True,100,50,0,0,0,0,False
1451.150,6214,ACTIVE_ROUND,12,3,8,54.000,,,MiniBoo,Team Heretics,raze,True,100,25,0,2,1,2,False,RieNs,Team Heretics,fade,True,100,50,0,0,1,5,False,Boo,Team Heretics,omen,True,100,50,2,1,1,4,False,benjyfishy,Team Heretics,deadlock,True,100,25,0,0,1,2,False,Wo0t,Team Heretics,chamber,False,,25,0,0,0,7,False,grubinho,GIANTX,omen,True,100,50,2,1,1,5,False,ara,GIANTX,raze,True,100,50,0,2,1,4,False,Cloud,GIANTX,fade,True,100,50,0,0,0,3,False,Flickless,GIANTX,viper,True,100,50,1,1,0,1,False,westside,GIANTX,cypher,True,100,50,0,0,0,0,False
1451.383,6215,ACTIVE_ROUND,12,3,8,54.000,,,MiniBoo,Team Heretics,raze,True,100,25,0,2,1,2,False,RieNs,Team Heretics,fade,True,100,50,0,0,1,5,False,Boo,Team Heretics,omen,True,100,50,2,1,1,4,False,benjyfishy,Team Heretics,deadlock,True,100,25,0,0,1,2,False,Wo0t,Team Heretics,chamber,False,,25,0,0,0,7,False,grubinho,GIANTX,omen,True,100,50,2,1,1,5,False,ara,GIANTX,raze,True,100,50,0,2,1,4,False,Cloud,GIANTX,fade,True,100,50,0,0,0,3,False,Flickless,GIANTX,viper,True,100,50,1,1,0,1,False,westside,GIANTX,cypher,True,100,50,0,0,0,0,False
1451.617,6216,ACTIVE_ROUND,12,3,8,53.000,,,MiniBoo,Team Heretics,raze,True,100,25,0,2,1,2,False,RieNs,Team Heretics,fade,True,100,50,0,0,1,5,False,Boo,Team Heretics,omen,True,100,50,2,1,1,4,False,benjyfishy,Team Heretics,deadlock,True,100,25,0,0,1,2,False,Wo0t,Team Heretics,chamber,False,,25,0,0,0,7,False,grubinho,GIANTX,omen,True,100,50,2,1,1,5,False,ara,GIANTX,raze,True,100,50,0,2,1,4,False,Cloud,GIANTX,fade,True,100,50,0,0,0,3,False,Flickless,GIANTX,viper,True,100,8,1,1,0,1,False,westside,GIANTX,cypher,True,100,50,0,0,0,0,False
1451.850,6217,ACTIVE_ROUND,12,3,8,53.000,,,MiniBoo,Team Heretics,raze,True,100,25,0,2,1,2,False,RieNs,Team Heretics,fade,True,100,50,0,0,1,5,False,Boo,Team Heretics,omen,True,100,50,2,1,1,4,False,benjyfishy,Team Heretics,deadlock,True,100,25,0,0,1,2,False,Wo0t,Team Heretics,chamber,False,,25,0,0,0,7,False,grubinho,GIANTX,omen,True,100,50,2,1,1,5,False,ara,GIANTX,raze,True,100,50,0,2,1,4,False,Cloud,GIANTX,fade,True,100,50,0,0,0,3,False,Flickless,GIANTX,viper,True,100,50,1,1,0,1,False,westside,GIANTX,cypher,True,100,50,0,0,0,0,False
1452.084,6218,ACTIVE_ROUND,12,3,8,53.000,,,MiniBoo,Team Heretics,raze,True,100,25,0,2,1,2,False,RieNs,Team Heretics,fade,True,100,50,0,0,1,5,False,Boo,Team Heretics,omen,True,100,50,2,1,1,4,False,benjyfishy,Team Heretics,deadlock,True,100,25,0,0,1,2,False,Wo0t,Team Heretics,chamber,False,,25,0,0,0,7,False,grubinho,GIANTX,omen,True,100,50,2,1,1,5,False,ara,GIANTX,raze,True,100,50,0,2,1,4,False,Cloud,GIANTX,fade,True,100,50,0,0,0,3,False,Flickless,GIANTX,viper,True,100,50,1,1,0,1,False,westside,GIANTX,cypher,True,100,50,0,0,0,0,False
1452.318,6219,ACTIVE_ROUND,12,3,8,53.000,,,MiniBoo,Team Heretics,raze,True,100,25,0,2,1,2,False,RieNs,Team Heretics,fade,True,100,50,0,0,1,5,False,Boo,Team Heretics,omen,True,100,50,2,1,1,4,False,benjyfishy,Team Heretics,deadlock,True,100,25,0,0,1,2,False,Wo0t,Team Heretics,chamber,False,,25,0,0,0,7,False,grubinho,GIANTX,omen,True,100,50,2,1,1,5,False,ara,GIANTX,raze,True,100,50,0,2,1,4,False,Cloud,GIANTX,fade,True,100,50,0,0,0,3,False,Flickless,GIANTX,viper,True,100,50,1,1,0,1,False,westside,GIANTX,cypher,True,100,50,0,0,0,0,False
1452.551,6220,ACTIVE_ROUND,12,3,8,52.000,,,MiniBoo,Team Heretics,raze,True,100,25,0,2,1,2,False,RieNs,Team Heretics,fade,True,100,50,0,0,1,5,False,Boo,Team Heretics,omen,True,100,50,2,1,1,4,False,benjyfishy,Team Heretics,deadlock,True,100,25,0,0,1,2,False,Wo0t,Team Heretics,chamber,False,,25,0,0,0,7,False,grubinho,GIANTX,omen,True,100,50,2,1,1,5,False,ara,GIANTX,raze,True,100,50,0,2,1,4,False,Cloud,GIANTX,fade,True,100,50,0,0,0,3,False,Flickless,GIANTX,viper,True,100,50,1,1,0,1,False,westside,GIANTX,cypher,True,100,50,0,0,0,0,False
1452.785,6221,ACTIVE_ROUND,12,3,8,52.000,,,MiniBoo,Team Heretics,raze,True,100,25,0,2,1,2,False,RieNs,Team Heretics,fade,True,100,50,0,0,1,5,False,Boo,Team Heretics,omen,True,100,50,2,1,1,4,False,benjyfishy,Team Heretics,deadlock,True,100,25,0,0,1,2,False,Wo0t,Team Heretics,chamber,False,,25,0,0,0,7,False,grubinho,GIANTX,omen,True,100,50,2,1,1,5,False,ara,GIANTX,raze,True,100,50,0,2,1,4,False,Cloud,GIANTX,fade,True,100,50,0,0,0,3,False,Flickless,GIANTX,viper,True,100,50,1,1,0,1,False,westside,GIANTX,cypher,True,100,50,0,0,0,0,False
1453.018,6222,ACTIVE_ROUND,12,3,8,52.000,,,MiniBoo,Team Heretics,raze,True,100,25,0,2,1,2,False,RieNs,Team Heretics,fade,True,100,50,0,0,1,5,False,Boo,Team Heretics,omen,True,100,50,2,1,1,4,False,benjyfishy,Team Heretics,deadlock,True,100,25,0,0,1,2,False,Wo0t,Team Heretics,chamber,False,,25,0,0,0,7,False,grubinho,GIANTX,omen,True,100,50,2,1,1,5,False,ara,GIANTX,raze,True,100,50,0,2,1,4,False,Cloud,GIANTX,fade,True,100,50,0,0,0,3,False,Flickless,GIANTX,viper,True,100,50,1,1,0,1,False,westside,GIANTX,cypher,True,100,50,0,0,0,0,False
1453.252,6223,ACTIVE_ROUND,12,3,8,52.000,,,MiniBoo,Team Heretics,raze,True,100,25,0,2,1,2,False,RieNs,Team Heretics,fade,True,100,50,0,0,1,5,False,Boo,Team Heretics,omen,True,100,50,2,1,1,4,False,benjyfishy,Team Heretics,deadlock,True,100,25,0,0,1,2,False,Wo0t,Team Heretics,chamber,False,,25,0,0,0,7,False,grubinho,GIANTX,omen,True,100,50,2,1,1,5,False,ara,GIANTX,raze,True,100,50,0,2,1,4,False,Cloud,GIANTX,fade,True,100,50,0,0,0,3,False,Flickless,GIANTX,viper,True,100,50,1,1,0,1,False,westside,GIANTX,cypher,True,100,50,0,0,0,0,False
1453.485,6224,ACTIVE_ROUND,12,3,8,51.000,,,MiniBoo,Team Heretics,raze,True,100,25,0,2,1,2,False,RieNs,Team Heretics,fade,True,100,50,0,0,1,5,False,Boo,Team Heretics,omen,True,100,50,2,1,1,4,False,benjyfishy,Team Heretics,deadlock,True,100,25,0,0,1,2,False,Wo0t,Team Heretics,chamber,False,,25,0,0,0,7,False,grubinho,GIANTX,omen,True,100,50,2,1,1,5,False,ara,GIANTX,raze,True,100,50,0,2,1,4,False,Cloud,GIANTX,fade,True,100,50,0,0,0,3,False,Flickless,GIANTX,viper,True,100,50,1,1,0,1,False,westside,GIANTX,cypher,True,100,50,0,0,0,0,False
1453.719,6225,ACTIVE_ROUND,12,3,8,51.000,,,MiniBoo,Team Heretics,raze,True,100,25,0,2,1,2,False,RieNs,Team Heretics,fade,True,100,50,0,0,1,5,False,Boo,Team Heretics,omen,True,100,50,2,1,1,4,False,benjyfishy,Team Heretics,deadlock,True,100,25,0,0,1,2,False,Wo0t,Team Heretics,chamber,False,,25,0,0,0,7,False,grubinho,GIANTX,omen,True,100,50,2,1,1,5,False,ara,GIANTX,raze,True,100,50,0,2,1,4,False,Cloud,GIANTX,fade,True,100,50,0,0,0,3,False,Flickless,GIANTX,viper,True,100,50,1,1,0,1,False,westside,GIANTX,cypher,True,100,50,0,0,0,0,False
1453.953,6226,ACTIVE_ROUND,12,3,8,51.000,,,MiniBoo,Team Heretics,raze,True,100,25,0,2,1,2,False,RieNs,Team Heretics,fade,True,100,50,0,0,1,5,False,Boo,Team Heretics,omen,True,100,50,2,1,1,4,False,benjyfishy,Team Heretics,deadlock,True,100,25,0,0,1,2,False,Wo0t,Team Heretics,chamber,False,,25,0,0,0,7,False,grubinho,GIANTX,omen,True,100,50,2,1,1,5,False,ara,GIANTX,raze,True,100,50,0,2,1,4,False,Cloud,GIANTX,fade,True,100,50,0,0,0,3,False,Flickless,GIANTX,viper,True,100,50,1,1,0,1,False,westside,GIANTX,cypher,True,100,50,0,0,0,0,False
1454.186,6227,ACTIVE_ROUND,12,3,8,51.000,,,MiniBoo,Team Heretics,raze,True,100,25,0,2,1,2,False,RieNs,Team Heretics,fade,True,100,50,0,0,1,5,False,Boo,Team Heretics,omen,True,100,50,2,1,1,4,False,benjyfishy,Team Heretics,deadlock,True,100,25,0,0,1,2,False,Wo0t,Team Heretics,chamber,False,,25,0,0,0,7,False,grubinho,GIANTX,omen,True,100,50,2,1,0,5,False,ara,GIANTX,raze,True,100,50,0,2,1,4,False,Cloud,GIANTX,fade,True,100,50,0,0,0,3,False,Flickless,GIANTX,viper,True,100,50,1,1,0,1,False,westside,GIANTX,cypher,True,100,50,0,0,0,0,False
1454.420,6228,ACTIVE_ROUND,12,3,8,50.000,,,MiniBoo,Team Heretics,raze,True,100,25,0,2,1,2,False,RieNs,Team Heretics,fade,True,100,50,0,0,1,5,False,Boo,Team Heretics,omen,True,100,50,2,1,1,4,False,benjyfishy,Team Heretics,deadlock,True,100,25,0,0,1,2,False,Wo0t,Team Heretics,chamber,False,,25,0,0,0,7,False,grubinho,GIANTX,omen,True,100,50,2,1,0,5,False,ara,GIANTX,raze,True,100,50,0,2,1,4,False,Cloud,GIANTX,fade,True,100,50,0,0,0,3,False,Flickless,GIANTX,viper,True,100,50,1,1,0,1,False,westside,GIANTX,cypher,True,100,50,0,0,0,0,False
1454.653,6229,ACTIVE_ROUND,12,3,8,50.000,,,MiniBoo,Team Heretics,raze,True,100,25,0,2,1,2,False,RieNs,Team Heretics,fade,True,100,50,0,0,1,5,False,Boo,Team Heretics,omen,True,100,50,2,1,1,4,False,benjyfishy,Team Heretics,deadlock,True,100,25,0,0,1,2,False,Wo0t,Team Heretics,chamber,False,,25,0,0,0,7,False,grubinho,GIANTX,omen,True,100,50,2,1,0,5,False,ara,GIANTX,raze,True,100,50,0,2,1,4,False,Cloud,GIANTX,fade,True,100,50,0,0,0,3,False,Flickless,GIANTX,viper,True,100,50,1,1,0,1,False,westside,GIANTX,cypher,True,100,50,0,0,0,0,False
1454.887,6230,ACTIVE_ROUND,12,3,8,50.000,,,MiniBoo,Team Heretics,raze,True,100,25,0,2,1,2,False,RieNs,Team Heretics,fade,True,100,50,0,0,1,5,False,Boo,Team Heretics,omen,True,100,50,2,1,1,4,False,benjyfishy,Team Heretics,deadlock,True,100,25,0,0,1,2,False,Wo0t,Team Heretics,chamber,False,,25,0,0,0,7,False,grubinho,GIANTX,omen,True,100,50,2,1,0,5,False,ara,GIANTX,raze,True,100,50,0,2,1,4,False,Cloud,GIANTX,fade,True,100,50,0,0,0,3,False,Flickless,GIANTX,viper,True,100,50,1,1,0,1,False,westside,GIANTX,cypher,True,100,50,0,0,0,0,False
1455.120,6231,ACTIVE_ROUND,12,3,8,50.000,,,MiniBoo,Team Heretics,raze,True,100,25,0,2,1,2,False,RieNs,Team Heretics,fade,True,100,50,0,0,1,5,False,Boo,Team Heretics,omen,True,100,50,2,1,1,4,False,benjyfishy,Team Heretics,deadlock,True,100,25,0,0,1,2,False,Wo0t,Team Heretics,chamber,False,,25,0,0,0,7,False,grubinho,GIANTX,omen,True,100,50,2,1,0,5,False,ara,GIANTX,raze,True,100,50,0,2,1,4,False,Cloud,GIANTX,fade,True,100,50,0,0,0,3,False,Flickless,GIANTX,viper,True,100,50,1,1,0,1,False,westside,GIANTX,cypher,True,100,50,0,0,0,0,False
1455.354,6232,ACTIVE_ROUND,12,3,8,50.000,,,MiniBoo,Team Heretics,raze,True,100,25,0,2,1,2,False,RieNs,Team Heretics,fade,True,100,50,0,0,1,5,False,Boo,Team Heretics,omen,True,100,50,2,1,1,4,False,benjyfishy,Team Heretics,deadlock,True,100,25,0,0,1,2,False,Wo0t,Team Heretics,chamber,False,,25,0,0,0,7,False,grubinho,GIANTX,omen,True,100,50,2,1,0,5,False,ara,GIANTX,raze,True,100,50,0,2,1,4,False,Cloud,GIANTX,fade,True,100,50,0,0,0,3,False,Flickless,GIANTX,viper,True,100,50,1,1,0,1,False,westside,GIANTX,cypher,True,100,50,0,0,0,0,False
1455.587,6233,ACTIVE_ROUND,12,3,8,49.000,,,MiniBoo,Team Heretics,raze,True,100,25,0,2,1,2,False,RieNs,Team Heretics,fade,True,100,50,0,0,1,5,False,Boo,Team Heretics,omen,True,100,50,2,1,1,4,False,benjyfishy,Team Heretics,deadlock,True,100,25,0,0,1,2,False,Wo0t,Team Heretics,chamber,False,,25,0,0,0,7,False,grubinho,GIANTX,omen,True,100,50,2,1,0,5,False,ara,GIANTX,raze,True,100,50,0,2,1,4,False,Cloud,GIANTX,fade,True,100,50,0,0,0,3,False,Flickless,GIANTX,viper,True,100,50,1,1,0,1,False,westside,GIANTX,cypher,True,100,50,0,0,0,0,False
1455.821,6234,ACTIVE_ROUND,12,3,8,49.000,,,MiniBoo,Team Heretics,raze,True,100,25,0,2,1,2,False,RieNs,Team Heretics,fade,True,100,50,0,0,1,5,False,Boo,Team Heretics,omen,True,100,50,2,1,1,4,False,benjyfishy,Team Heretics,deadlock,True,100,25,0,0,1,2,False,Wo0t,Team Heretics,chamber,False,,25,0,0,0,7,False,grubinho,GIANTX,omen,True,100,50,2,1,0,5,False,ara,GIANTX,raze,True,100,50,0,2,1,4,False,Cloud,GIANTX,fade,True,100,50,0,0,0,3,False,Flickless,GIANTX,viper,True,100,50,1,1,0,1,False,westside,GIANTX,cypher,True,100,50,0,0,0,0,False
1456.055,6235,ACTIVE_ROUND,12,3,8,49.000,,,MiniBoo,Team Heretics,raze,True,100,25,0,2,1,2,False,RieNs,Team Heretics,fade,True,100,50,0,0,1,5,False,Boo,Team Heretics,omen,True,100,50,2,1,1,4,False,benjyfishy,Team Heretics,deadlock,True,100,25,0,0,1,2,False,Wo0t,Team Heretics,chamber,False,,25,0,0,0,7,False,grubinho,GIANTX,omen,True,100,50,2,1,0,5,False,ara,GIANTX,raze,True,100,50,0,2,1,4,False,Cloud,GIANTX,fade,True,100,50,0,0,0,3,False,Flickless,GIANTX,viper,True,100,50,1,1,0,1,False,westside,GIANTX,cypher,True,100,50,0,0,0,0,False
1456.288,6236,ACTIVE_ROUND,12,3,8,49.000,,,MiniBoo,Team Heretics,raze,True,100,25,0,1,1,2,False,RieNs,Team Heretics,fade,True,100,50,0,0,1,5,False,Boo,Team Heretics,omen,True,100,50,2,1,1,4,False,benjyfishy,Team Heretics,deadlock,True,100,25,0,0,1,2,False,Wo0t,Team Heretics,chamber,False,,25,0,0,0,7,False,grubinho,GIANTX,omen,True,100,50,2,1,0,5,False,ara,GIANTX,raze,True,100,50,0,2,1,4,False,Cloud,GIANTX,fade,True,100,50,0,0,0,3,False,Flickless,GIANTX,viper,True,100,50,1,1,0,1,False,westside,GIANTX,cypher,True,100,50,0,0,0,0,False
1456.522,6237,ACTIVE_ROUND,12,3,8,48.000,,,MiniBoo,Team Heretics,raze,True,100,25,0,1,1,2,False,RieNs,Team Heretics,fade,True,100,50,0,0,1,5,False,Boo,Team Heretics,omen,True,100,50,2,1,1,4,False,benjyfishy,Team Heretics,deadlock,True,100,25,0,0,1,2,False,Wo0t,Team Heretics,chamber,False,,25,0,0,0,7,False,grubinho,GIANTX,omen,True,100,50,2,1,0,5,False,ara,GIANTX,raze,True,100,50,0,2,1,4,False,Cloud,GIANTX,fade,True,100,50,0,0,0,3,False,Flickless,GIANTX,viper,True,100,50,1,1,0,1,False,westside,GIANTX,cypher,True,100,50,0,0,0,0,False
1456.755,6238,ACTIVE_ROUND,12,3,8,48.000,,,MiniBoo,Team Heretics,raze,True,100,25,0,1,1,2,False,RieNs,Team Heretics,fade,True,100,50,0,0,1,5,False,Boo,Team Heretics,omen,True,100,50,2,1,1,4,False,benjyfishy,Team Heretics,deadlock,True,100,25,0,0,1,2,False,Wo0t,Team Heretics,chamber,False,,25,0,0,0,7,False,grubinho,GIANTX,omen,True,100,50,2,1,0,5,False,ara,GIANTX,raze,True,100,50,0,2,1,4,False,Cloud,GIANTX,fade,True,100,50,0,0,0,3,False,Flickless,GIANTX,viper,True,100,50,1,1,0,1,False,westside,GIANTX,cypher,True,100,50,0,0,0,0,False
1456.989,6239,ACTIVE_ROUND,12,3,8,48.000,,,MiniBoo,Team Heretics,raze,True,100,25,0,1,1,2,False,RieNs,Team Heretics,fade,True,100,50,0,0,1,5,False,Boo,Team Heretics,omen,True,100,50,2,1,1,4,False,benjyfishy,Team Heretics,deadlock,True,100,25,0,0,1,2,False,Wo0t,Team Heretics,chamber,False,,25,0,0,0,7,False,grubinho,GIANTX,omen,True,100,50,2,1,0,5,False,ara,GIANTX,raze,True,100,50,0,2,1,4,False,Cloud,GIANTX,fade,True,100,50,0,0,0,3,False,Flickless,GIANTX,viper,True,100,50,1,1,0,1,False,westside,GIANTX,cypher,True,100,50,0,0,0,0,False
1457.222,6240,ACTIVE_ROUND,12,3,8,48.000,,,MiniBoo,Team Heretics,raze,True,100,25,0,1,1,2,False,RieNs,Team Heretics,fade,True,100,50,0,0,1,5,False,Boo,Team Heretics,omen,True,100,50,2,1,1,4,False,benjyfishy,Team Heretics,deadlock,True,100,25,0,0,1,2,False,Wo0t,Team Heretics,chamber,False,,25,0,0,0,7,False,grubinho,GIANTX,omen,True,100,50,2,1,0,5,False,ara,GIANTX,raze,True,100,50,0,2,0,4,False,Cloud,GIANTX,fade,True,100,50,0,0,0,3,False,Flickless,GIANTX,viper,True,100,50,1,1,0,1,False,westside,GIANTX,cypher,True,100,50,0,0,0,0,False
1457.456,6241,ACTIVE_ROUND,12,3,8,47.000,,,MiniBoo,Team Heretics,raze,True,100,25,0,1,1,2,False,RieNs,Team Heretics,fade,True,100,50,0,0,1,5,False,Boo,Team Heretics,omen,True,100,50,2,1,1,4,False,benjyfishy,Team Heretics,deadlock,True,100,25,0,0,1,2,False,Wo0t,Team Heretics,chamber,False,,25,0,0,0,7,False,grubinho,GIANTX,omen,True,100,50,2,1,0,5,False,ara,GIANTX,raze,True,100,50,0,2,0,4,False,Cloud,GIANTX,fade,True,100,50,0,0,0,3,False,Flickless,GIANTX,viper,True,100,50,1,1,0,1,False,westside,GIANTX,cypher,True,100,50,0,0,0,0,False
1457.690,6242,ACTIVE_ROUND,12,3,8,47.000,,,MiniBoo,Team Heretics,raze,True,100,25,0,1,1,2,False,RieNs,Team Heretics,fade,True,100,50,0,0,1,5,False,Boo,Team Heretics,omen,True,100,50,2,1,1,4,False,benjyfishy,Team Heretics,deadlock,True,100,25,0,0,1,2,False,Wo0t,Team Heretics,chamber,False,,25,0,0,0,7,False,grubinho,GIANTX,omen,True,100,50,2,1,0,5,False,ara,GIANTX,raze,True,100,50,0,2,0,4,False,Cloud,GIANTX,fade,True,100,50,0,0,0,3,False,Flickless,GIANTX,viper,True,100,50,1,1,0,1,False,westside,GIANTX,cypher,True,100,50,0,0,0,0,False
1457.923,6243,ACTIVE_ROUND,12,3,8,47.000,,,MiniBoo,Team Heretics,raze,True,100,25,0,1,1,2,False,RieNs,Team Heretics,fade,True,100,50,0,0,1,5,False,Boo,Team Heretics,omen,True,100,50,2,1,1,4,False,benjyfishy,Team Heretics,deadlock,True,100,25,0,0,1,2,False,Wo0t,Team Heretics,chamber,False,,25,0,0,0,7,False,grubinho,GIANTX,omen,True,100,50,2,1,0,5,False,ara,GIANTX,raze,True,100,50,0,2,0,4,False,Cloud,GIANTX,fade,True,100,50,0,0,0,3,False,Flickless,GIANTX,viper,True,100,50,1,1,0,1,False,westside,GIANTX,cypher,True,100,50,0,0,0,0,False
1458.157,6244,ACTIVE_ROUND,12,3,8,47.000,,,MiniBoo,Team Heretics,raze,True,100,25,0,1,1,2,False,RieNs,Team Heretics,fade,True,100,50,0,0,0,5,False,Boo,Team Heretics,omen,True,100,50,2,1,1,4,False,benjyfishy,Team Heretics,deadlock,True,100,25,0,0,0,2,False,Wo0t,Team Heretics,chamber,False,,25,0,0,0,7,False,grubinho,GIANTX,omen,True,100,50,2,0,0,5,False,ara,GIANTX,raze,True,100,50,0,2,0,4,False,Cloud,GIANTX,fade,True,100,50,0,0,1,3,False,Flickless,GIANTX,viper,True,100,50,1,1,0,1,False,westside,GIANTX,cypher,True,100,50,0,0,0,0,False
1458.390,6245,ACTIVE_ROUND,12,3,8,47.000,,,MiniBoo,Team Heretics,raze,True,100,25,0,1,1,2,False,RieNs,Team Heretics,fade,True,100,50,0,0,0,5,False,Boo,Team Heretics,omen,True,100,50,2,1,1,4,False,benjyfishy,Team Heretics,deadlock,True,100,25,0,0,0,2,False,Wo0t,Team Heretics,chamber,False,,25,0,0,0,7,False,grubinho,GIANTX,omen,True,100,50,2,0,0,5,False,ara,GIANTX,raze,True,100,50,0,2,0,4,False,Cloud,GIANTX,fade,True,100,50,0,0,1,3,False,Flickless,GIANTX,viper,True,100,50,1,1,0,1,False,westside,GIANTX,cypher,True,100,50,0,0,0,0,False
1458.624,6246,ACTIVE_ROUND,12,3,8,46.000,,,MiniBoo,Team Heretics,raze,True,100,25,0,1,1,2,False,RieNs,Team Heretics,fade,True,100,50,0,0,0,5,False,Boo,Team Heretics,omen,True,100,50,2,1,1,4,False,benjyfishy,Team Heretics,deadlock,True,100,25,0,0,0,2,False,Wo0t,Team Heretics,chamber,False,,25,0,0,0,7,False,grubinho,GIANTX,omen,True,100,50,2,0,0,5,False,ara,GIANTX,raze,True,100,50,0,2,0,4,False,Cloud,GIANTX,fade,True,100,50,0,0,1,3,False,Flickless,GIANTX,viper,True,100,50,1,1,0,1,False,westside,GIANTX,cypher,True,100,50,0,0,0,0,False
1458.857,6247,ACTIVE_ROUND,12,3,8,46.000,,,MiniBoo,Team Heretics,raze,True,100,25,0,1,1,2,False,RieNs,Team Heretics,fade,True,100,50,0,0,0,5,False,Boo,Team Heretics,omen,True,100,50,2,1,1,4,False,benjyfishy,Team Heretics,deadlock,True,100,25,0,0,0,2,False,Wo0t,Team Heretics,chamber,False,,25,0,0,0,7,False,grubinho,GIANTX,omen,True,100,50,2,0,0,5,False,ara,GIANTX,raze,True,100,50,0,2,0,4,False,Cloud,GIANTX,fade,True,100,50,0,0,1,3,False,Flickless,GIANTX,viper,True,100,50,1,1,0,1,False,westside,GIANTX,cypher,True,100,50,0,0,0,0,False
1459.091,6248,ACTIVE_ROUND,12,3,8,46.000,,,MiniBoo,Team Heretics,raze,True,100,25,0,1,1,2,False,RieNs,Team Heretics,fade,True,86,22,0,0,0,5,False,Boo,Team Heretics,omen,True,100,50,2,1,1,4,False,benjyfishy,Team Heretics,deadlock,True,100,25,0,0,0,2,False,Wo0t,Team Heretics,chamber,False,,25,0,0,0,7,False,grubinho,GIANTX,omen,True,100,50,2,0,0,5,False,ara,GIANTX,raze,True,100,50,0,2,0,4,False,Cloud,GIANTX,fade,True,100,50,0,0,1,3,False,Flickless,GIANTX,viper,True,100,50,1,1,0,1,False,westside,GIANTX,cypher,True,100,50,0,0,0,0,False
1459.325,6249,ACTIVE_ROUND,12,3,8,46.000,,,MiniBoo,Team Heretics,raze,True,100,25,0,1,1,2,False,RieNs,Team Heretics,fade,True,86,22,0,0,0,5,False,Boo,Team Heretics,omen,True,100,50,2,1,1,4,False,benjyfishy,Team Heretics,deadlock,True,100,25,0,0,0,2,False,Wo0t,Team Heretics,chamber,False,,25,0,0,0,7,False,grubinho,GIANTX,omen,True,100,50,2,0,0,5,False,ara,GIANTX,raze,True,100,50,0,2,0,4,False,Cloud,GIANTX,fade,True,100,50,0,0,1,3,False,Flickless,GIANTX,viper,True,100,50,1,1,0,1,False,westside,GIANTX,cypher,True,100,50,0,0,0,0,False
1459.558,6250,ACTIVE_ROUND,12,3,8,45.000,,,MiniBoo,Team Heretics,raze,True,100,25,0,1,1,2,False,RieNs,Team Heretics,fade,True,86,22,0,0,0,5,False,Boo,Team Heretics,omen,True,100,50,2,1,1,4,False,benjyfishy,Team Heretics,deadlock,True,100,25,0,0,0,2,False,Wo0t,Team Heretics,chamber,False,,25,0,0,0,7,False,grubinho,GIANTX,omen,True,100,50,2,0,0,5,False,ara,GIANTX,raze,True,100,50,0,2,0,4,False,Cloud,GIANTX,fade,True,100,50,0,0,1,3,False,Flickless,GIANTX,viper,True,100,50,1,1,0,1,False,westside,GIANTX,cypher,True,100,50,0,0,0,0,False
1459.792,6251,ACTIVE_ROUND,12,3,8,45.000,,,MiniBoo,Team Heretics,raze,True,100,25,0,1,1,2,False,RieNs,Team Heretics,fade,True,86,22,0,0,0,5,False,Boo,Team Heretics,omen,True,100,50,2,1,1,4,False,benjyfishy,Team Heretics,deadlock,True,100,25,0,0,0,2,False,Wo0t,Team Heretics,chamber,False,,25,0,0,0,7,False,grubinho,GIANTX,omen,True,100,50,2,0,0,5,False,ara,GIANTX,raze,True,100,50,0,2,0,4,False,Cloud,GIANTX,fade,True,100,50,0,0,1,3,False,Flickless,GIANTX,viper,True,100,50,1,1,0,1,False,westside,GIANTX,cypher,True,100,50,0,0,0,0,False
1460.025,6252,ACTIVE_ROUND,12,3,8,45.000,,,MiniBoo,Team Heretics,raze,True,100,25,0,1,1,2,False,RieNs,Team Heretics,fade,True,86,22,0,0,0,5,False,Boo,Team Heretics,omen,True,100,50,2,1,1,4,False,benjyfishy,Team Heretics,deadlock,True,100,25,0,0,0,2,False,Wo0t,Team Heretics,chamber,False,,25,0,0,0,7,False,grubinho,GIANTX,omen,True,100,50,2,0,0,5,False,ara,GIANTX,raze,True,100,50,0,2,0,4,False,Cloud,GIANTX,fade,True,100,50,0,0,1,3,False,Flickless,GIANTX,viper,True,100,50,1,1,0,1,False,westside,GIANTX,cypher,True,100,50,0,0,0,0,False
1460.259,6253,ACTIVE_ROUND,12,3,8,45.000,,,MiniBoo,Team Heretics,raze,True,100,25,0,1,1,2,False,RieNs,Team Heretics,fade,False,,22,0,0,0,6,False,Boo,Team Heretics,omen,True,100,50,2,1,1,4,False,benjyfishy,Team Heretics,deadlock,True,100,25,0,0,0,2,False,Wo0t,Team Heretics,chamber,False,,25,0,0,0,7,False,grubinho,GIANTX,omen,True,100,50,1,0,0,5,False,ara,GIANTX,raze,True,100,50,0,2,0,4,False,Cloud,GIANTX,fade,True,10,50,0,0,1,4,False,Flickless,GIANTX,viper,True,100,50,1,1,0,1,False,westside,GIANTX,cypher,True,100,50,0,0,0,0,False
1460.492,6254,ACTIVE_ROUND,12,3,8,44.000,,,MiniBoo,Team Heretics,raze,True,100,25,0,1,1,2,False,RieNs,Team Heretics,fade,False,,22,0,0,0,6,False,Boo,Team Heretics,omen,True,100,50,2,1,1,4,False,benjyfishy,Team Heretics,deadlock,True,100,25,0,0,0,2,False,Wo0t,Team Heretics,chamber,False,,25,0,0,0,7,False,grubinho,GIANTX,omen,True,100,50,1,0,0,5,False,ara,GIANTX,raze,True,100,50,0,2,0,4,False,Cloud,GIANTX,fade,True,10,50,0,0,1,4,False,Flickless,GIANTX,viper,True,100,50,1,1,0,1,False,westside,GIANTX,cypher,True,100,50,0,0,0,0,False
1460.726,6255,ACTIVE_ROUND,12,3,8,44.000,,,MiniBoo,Team Heretics,raze,True,100,25,0,1,1,2,False,RieNs,Team Heretics,fade,False,,22,0,0,0,6,False,Boo,Team Heretics,omen,True,100,50,2,1,1,4,False,benjyfishy,Team Heretics,deadlock,True,100,25,0,0,0,2,False,Wo0t,Team Heretics,chamber,False,,25,0,0,0,7,False,grubinho,GIANTX,omen,True,100,50,1,0,0,5,False,ara,GIANTX,raze,True,100,50,0,2,0,4,False,Cloud,GIANTX,fade,True,10,50,0,0,1,4,False,Flickless,GIANTX,viper,True,100,50,1,1,0,1,False,westside,GIANTX,cypher,True,100,50,0,0,0,0,False
1460.959,6256,ACTIVE_ROUND,12,3,8,44.000,,,MiniBoo,Team Heretics,raze,True,100,25,0,1,1,2,False,RieNs,Team Heretics,fade,False,,22,0,0,0,6,False,Boo,Team Heretics,omen,True,100,50,2,1,1,4,False,benjyfishy,Team Heretics,deadlock,True,100,25,0,0,0,2,False,Wo0t,Team Heretics,chamber,False,,25,0,0,0,7,False,grubinho,GIANTX,omen,True,100,50,1,0,0,5,False,ara,GIANTX,raze,True,100,50,0,2,0,4,False,Cloud,GIANTX,fade,True,10,50,0,0,1,4,False,Flickless,GIANTX,viper,True,100,50,1,1,0,1,False,westside,GIANTX,cypher,True,100,50,0,0,0,0,False
1461.193,6257,ACTIVE_ROUND,12,3,8,44.000,,,MiniBoo,Team Heretics,raze,True,100,25,0,1,1,2,False,RieNs,Team Heretics,fade,False,,22,0,0,0,6,False,Boo,Team Heretics,omen,True,100,50,2,1,0,4,False,benjyfishy,Team Heretics,deadlock,True,100,25,0,0,0,2,False,Wo0t,Team Heretics,chamber,False,,25,0,0,0,7,False,grubinho,GIANTX,omen,True,100,50,1,0,0,5,False,ara,GIANTX,raze,True,100,50,0,2,0,4,False,Cloud,GIANTX,fade,True,10,50,0,0,1,4,False,Flickless,GIANTX,viper,True,100,50,1,1,0,1,False,westside,GIANTX,cypher,True,100,50,0,0,0,0,False
1461.427,6258,ACTIVE_ROUND,12,3,8,43.000,,,MiniBoo,Team Heretics,raze,True,100,25,0,1,1,2,False,RieNs,Team Heretics,fade,False,,22,0,0,0,6,False,Boo,Team Heretics,omen,True,100,50,2,1,0,4,False,benjyfishy,Team Heretics,deadlock,True,100,25,0,0,0,2,False,Wo0t,Team Heretics,chamber,False,,25,0,0,0,7,False,grubinho,GIANTX,omen,True,100,50,1,0,0,5,False,ara,GIANTX,raze,True,100,50,0,2,0,4,False,Cloud,GIANTX,fade,True,10,50,0,0,1,4,False,Flickless,GIANTX,viper,True,100,50,1,1,0,1,False,westside,GIANTX,cypher,True,100,50,0,0,0,0,False
1461.660,6259,ACTIVE_ROUND,12,3,8,43.000,,,MiniBoo,Team Heretics,raze,True,100,25,0,1,1,2,False,RieNs,Team Heretics,fade,False,,22,0,0,0,6,False,Boo,Team Heretics,omen,True,100,50,2,1,0,4,False,benjyfishy,Team Heretics,deadlock,True,100,25,0,0,0,2,False,Wo0t,Team Heretics,chamber,False,,25,0,0,0,7,False,grubinho,GIANTX,omen,True,100,50,1,0,0,5,False,ara,GIANTX,raze,True,100,50,0,2,0,4,False,Cloud,GIANTX,fade,True,10,50,0,0,1,4,False,Flickless,GIANTX,viper,True,100,50,1,1,0,1,False,westside,GIANTX,cypher,True,100,50,0,0,0,0,False
1461.894,6260,ACTIVE_ROUND,12,3,8,43.000,,,MiniBoo,Team Heretics,raze,True,100,25,0,1,1,2,False,RieNs,Team Heretics,fade,False,,22,0,0,0,6,False,Boo,Team Heretics,omen,True,100,50,2,1,0,4,False,benjyfishy,Team Heretics,deadlock,True,100,25,0,0,0,2,False,Wo0t,Team Heretics,chamber,False,,25,0,0,0,7,False,grubinho,GIANTX,omen,True,100,50,1,0,0,5,False,ara,GIANTX,raze,True,100,50,0,2,0,4,False,Cloud,GIANTX,fade,True,10,50,0,0,1,4,False,Flickless,GIANTX,viper,True,100,50,1,1,0,1,False,westside,GIANTX,cypher,True,100,50,0,0,0,0,False
1462.127,6261,ACTIVE_ROUND,12,3,8,43.000,,,MiniBoo,Team Heretics,raze,True,100,25,0,1,1,2,False,RieNs,Team Heretics,fade,False,,22,0,0,0,6,False,Boo,Team Heretics,omen,True,100,50,2,1,0,4,False,benjyfishy,Team Heretics,deadlock,True,100,25,0,0,0,2,False,Wo0t,Team Heretics,chamber,False,,25,0,0,0,7,False,grubinho,GIANTX,omen,True,100,50,1,0,0,5,False,ara,GIANTX,raze,True,100,50,0,2,0,4,False,Cloud,GIANTX,fade,True,10,50,0,0,1,4,False,Flickless,GIANTX,viper,True,100,50,1,1,0,1,False,westside,GIANTX,cypher,True,100,50,0,0,0,0,False
1462.361,6262,ACTIVE_ROUND,12,3,8,43.000,,,MiniBoo,Team Heretics,raze,True,100,25,0,1,1,2,False,RieNs,Team Heretics,fade,False,,22,0,0,0,6,False,Boo,Team Heretics,omen,True,100,50,2,1,0,4,False,benjyfishy,Team Heretics,deadlock,True,100,25,0,0,0,2,False,Wo0t,Team Heretics,chamber,False,,25,0,0,0,7,False,grubinho,GIANTX,omen,True,100,50,1,0,0,5,False,ara,GIANTX,raze,True,100,50,0,2,0,4,False,Cloud,GIANTX,fade,True,10,50,0,0,1,4,False,Flickless,GIANTX,viper,True,100,50,1,1,0,1,False,westside,GIANTX,cypher,True,100,50,0,0,0,0,False
1462.594,6263,ACTIVE_ROUND,12,3,8,42.000,,,MiniBoo,Team Heretics,raze,True,100,25,0,1,1,2,False,RieNs,Team Heretics,fade,False,,22,0,0,0,6,False,Boo,Team Heretics,omen,True,100,50,2,1,0,4,False,benjyfishy,Team Heretics,deadlock,True,100,25,0,0,0,2,False,Wo0t,Team Heretics,chamber,False,,25,0,0,0,7,False,grubinho,GIANTX,omen,True,100,50,1,0,0,5,False,ara,GIANTX,raze,True,100,50,0,2,0,4,False,Cloud,GIANTX,fade,True,10,50,0,0,1,4,False,Flickless,GIANTX,viper,True,100,50,1,1,0,1,False,westside,GIANTX,cypher,True,100,50,0,0,0,0,False
1462.828,6264,ACTIVE_ROUND,12,3,8,42.000,,,MiniBoo,Team Heretics,raze,True,100,25,0,1,1,2,False,RieNs,Team Heretics,fade,False,,22,0,0,0,6,False,Boo,Team Heretics,omen,True,100,50,2,1,0,4,False,benjyfishy,Team Heretics,deadlock,True,100,25,0,0,0,2,False,Wo0t,Team Heretics,chamber,False,,25,0,0,0,7,False,grubinho,GIANTX,omen,True,100,50,1,0,0,5,False,ara,GIANTX,raze,True,100,50,0,2,0,4,False,Cloud,GIANTX,fade,True,10,50,0,0,1,4,False,Flickless,GIANTX,viper,True,100,50,1,1,0,1,False,westside,GIANTX,cypher,True,100,50,0,0,0,0,False
1463.062,6265,ACTIVE_ROUND,12,3,8,42.000,,,MiniBoo,Team Heretics,raze,True,100,25,0,1,1,2,False,RieNs,Team Heretics,fade,False,,22,0,0,0,6,False,Boo,Team Heretics,omen,True,100,50,2,1,0,4,False,benjyfishy,Team Heretics,deadlock,True,100,25,0,0,0,2,False,Wo0t,Team Heretics,chamber,False,,25,0,0,0,7,False,grubinho,GIANTX,omen,True,100,50,1,0,0,5,False,ara,GIANTX,raze,True,100,50,0,2,0,4,False,Cloud,GIANTX,fade,True,10,50,0,0,1,4,False,Flickless,GIANTX,viper,True,100,50,1,1,0,1,False,westside,GIANTX,cypher,True,100,50,0,0,0,0,False
1463.295,6266,ACTIVE_ROUND,12,3,8,42.000,,,MiniBoo,Team Heretics,raze,True,100,25,0,1,1,2,False,RieNs,Team Heretics,fade,False,,22,0,0,0,6,False,Boo,Team Heretics,omen,True,100,50,2,1,0,4,False,benjyfishy,Team Heretics,deadlock,True,100,25,0,0,0,2,False,Wo0t,Team Heretics,chamber,False,,25,0,0,0,7,False,grubinho,GIANTX,omen,True,100,50,1,0,0,5,False,ara,GIANTX,raze,True,100,50,0,2,0,4,False,Cloud,GIANTX,fade,True,10,50,0,0,1,4,False,Flickless,GIANTX,viper,True,100,50,1,1,0,1,False,westside,GIANTX,cypher,True,100,50,0,0,0,0,False
1463.529,6267,ACTIVE_ROUND,12,3,8,41.000,,,MiniBoo,Team Heretics,raze,True,100,25,0,1,1,2,False,RieNs,Team Heretics,fade,False,,22,0,0,0,6,False,Boo,Team Heretics,omen,True,100,50,2,1,0,4,False,benjyfishy,Team Heretics,deadlock,True,100,25,0,0,0,2,False,Wo0t,Team Heretics,chamber,False,,25,0,0,0,7,False,grubinho,GIANTX,omen,True,100,50,1,0,0,5,False,ara,GIANTX,raze,True,100,50,0,2,0,4,False,Cloud,GIANTX,fade,True,10,50,0,0,1,4,False,Flickless,GIANTX,viper,True,100,50,1,1,0,1,False,westside,GIANTX,cypher,True,100,50,0,0,0,0,False
1463.762,6268,ACTIVE_ROUND,12,3,8,41.000,,,MiniBoo,Team Heretics,raze,True,100,25,0,1,1,2,False,RieNs,Team Heretics,fade,False,,22,0,0,0,6,False,Boo,Team Heretics,omen,True,100,50,2,1,0,4,False,benjyfishy,Team Heretics,deadlock,True,100,25,0,0,0,2,False,Wo0t,Team Heretics,chamber,False,,25,0,0,0,7,False,grubinho,GIANTX,omen,True,100,50,1,0,0,5,False,ara,GIANTX,raze,True,100,50,0,2,0,4,False,Cloud,GIANTX,fade,True,10,50,0,0,1,4,False,Flickless,GIANTX,viper,True,100,50,1,1,0,1,False,westside,GIANTX,cypher,True,100,50,0,0,0,0,False
1463.996,6269,ACTIVE_ROUND,12,3,8,41.000,,,MiniBoo,Team Heretics,raze,True,100,25,0,1,1,2,False,RieNs,Team Heretics,fade,False,,22,0,0,0,6,False,Boo,Team Heretics,omen,True,100,50,2,1,0,4,False,benjyfishy,Team Heretics,deadlock,True,100,25,0,0,0,2,False,Wo0t,Team Heretics,chamber,False,,25,0,0,0,7,False,grubinho,GIANTX,omen,True,100,50,1,0,0,5,False,ara,GIANTX,raze,True,100,50,0,2,0,4,False,Cloud,GIANTX,fade,True,10,50,0,0,1,4,False,Flickless,GIANTX,viper,True,100,50,1,1,0,1,False,westside,GIANTX,cypher,True,100,50,0,0,0,0,False
1464.229,6270,ACTIVE_ROUND,12,3,8,41.000,,,MiniBoo,Team Heretics,raze,True,100,25,0,1,1,2,False,RieNs,Team Heretics,fade,False,,22,0,0,0,6,False,Boo,Team Heretics,omen,True,100,50,2,1,0,4,False,benjyfishy,Team Heretics,deadlock,True,100,25,0,0,0,2,False,Wo0t,Team Heretics,chamber,False,,25,0,0,0,7,False,grubinho,GIANTX,omen,True,100,50,1,0,0,5,False,ara,GIANTX,raze,True,100,50,0,2,0,4,False,Cloud,GIANTX,fade,True,10,50,0,0,1,4,False,Flickless,GIANTX,viper,True,100,50,1,1,0,1,False,westside,GIANTX,cypher,True,100,50,0,0,1,0,False
1464.463,6271,ACTIVE_ROUND,12,3,8,40.000,,,MiniBoo,Team Heretics,raze,True,100,25,0,1,1,2,False,RieNs,Team Heretics,fade,False,,22,0,0,0,6,False,Boo,Team Heretics,omen,True,100,50,2,1,0,4,False,benjyfishy,Team Heretics,deadlock,True,100,25,0,0,0,2,False,Wo0t,Team Heretics,chamber,False,,25,0,0,0,7,False,grubinho,GIANTX,omen,True,100,50,1,0,0,5,False,ara,GIANTX,raze,True,100,50,0,2,0,4,False,Cloud,GIANTX,fade,True,10,50,0,0,1,4,False,Flickless,GIANTX,viper,True,100,50,1,1,0,1,False,westside,GIANTX,cypher,True,100,50,0,0,1,0,False
1464.697,6272,ACTIVE_ROUND,12,3,8,40.000,,,MiniBoo,Team Heretics,raze,True,100,25,0,1,1,2,False,RieNs,Team Heretics,fade,False,,22,0,0,0,6,False,Boo,Team Heretics,omen,True,100,50,2,1,0,4,False,benjyfishy,Team Heretics,deadlock,True,100,25,0,0,0,2,False,Wo0t,Team Heretics,chamber,False,,25,0,0,0,7,False,grubinho,GIANTX,omen,True,100,50,1,0,0,5,False,ara,GIANTX,raze,True,100,50,0,2,0,4,False,Cloud,GIANTX,fade,True,10,50,0,0,1,4,False,Flickless,GIANTX,viper,True,100,50,1,1,0,1,False,westside,GIANTX,cypher,True,100,50,0,0,1,0,False
1464.930,6273,ACTIVE_ROUND,12,3,8,40.000,,,MiniBoo,Team Heretics,raze,True,100,25,0,1,1,2,False,RieNs,Team Heretics,fade,False,,22,0,0,0,6,False,Boo,Team Heretics,omen,True,100,50,2,1,0,4,False,benjyfishy,Team Heretics,deadlock,True,100,25,0,0,0,2,False,Wo0t,Team Heretics,chamber,False,,25,0,0,0,7,False,grubinho,GIANTX,omen,True,100,50,1,0,0,5,False,ara,GIANTX,raze,True,100,50,0,2,0,4,False,Cloud,GIANTX,fade,True,10,50,0,0,1,4,False,Flickless,GIANTX,viper,True,100,50,1,1,0,1,False,westside,GIANTX,cypher,True,100,50,0,0,1,0,False
1465.164,6274,ACTIVE_ROUND,12,3,8,40.000,,,MiniBoo,Team Heretics,raze,True,100,25,0,1,1,2,False,RieNs,Team Heretics,fade,False,,22,0,0,0,6,False,Boo,Team Heretics,omen,True,100,50,2,1,0,4,False,benjyfishy,Team Heretics,deadlock,True,100,25,0,0,0,2,False,Wo0t,Team Heretics,chamber,False,,25,0,0,0,7,False,grubinho,GIANTX,omen,True,100,50,1,0,0,5,False,ara,GIANTX,raze,True,100,50,0,2,0,4,False,Cloud,GIANTX,fade,True,10,50,0,0,1,4,False,Flickless,GIANTX,viper,True,100,50,1,1,0,1,False,westside,GIANTX,cypher,True,100,50,0,0,1,0,False
1465.397,6275,ACTIVE_ROUND,12,3,8,40.000,,,MiniBoo,Team Heretics,raze,True,100,25,0,1,1,2,False,RieNs,Team Heretics,fade,False,,22,0,0,0,6,False,Boo,Team Heretics,omen,True,100,50,2,1,0,4,False,benjyfishy,Team Heretics,deadlock,True,100,25,0,0,0,2,False,Wo0t,Team Heretics,chamber,False,,25,0,0,0,7,False,grubinho,GIANTX,omen,True,100,50,1,0,0,5,False,ara,GIANTX,raze,True,100,50,0,2,0,4,False,Cloud,GIANTX,fade,True,10,50,0,0,1,4,False,Flickless,GIANTX,viper,True,100,50,1,1,0,1,False,westside,GIANTX,cypher,True,100,50,0,0,1,0,False
1465.631,6276,ACTIVE_ROUND,12,3,8,39.000,,,MiniBoo,Team Heretics,raze,True,100,25,0,1,1,2,False,RieNs,Team Heretics,fade,False,,22,0,0,0,6,False,Boo,Team Heretics,omen,True,100,50,2,1,0,4,False,benjyfishy,Team Heretics,deadlock,True,100,25,0,0,0,2,False,Wo0t,Team Heretics,chamber,False,,25,0,0,0,7,False,grubinho,GIANTX,omen,True,100,50,1,0,0,5,False,ara,GIANTX,raze,True,100,50,0,2,0,4,False,Cloud,GIANTX,fade,True,10,50,0,0,1,4,False,Flickless,GIANTX,viper,True,100,50,1,1,0,1,False,westside,GIANTX,cypher,True,100,50,0,0,1,0,False
1465.864,6277,ACTIVE_ROUND,12,3,8,39.000,,,MiniBoo,Team Heretics,raze,True,100,25,0,1,1,2,False,RieNs,Team Heretics,fade,False,,22,0,0,0,6,False,Boo,Team Heretics,omen,True,100,50,2,1,0,4,False,benjyfishy,Team Heretics,deadlock,True,100,25,0,0,0,2,False,Wo0t,Team Heretics,chamber,False,,25,0,0,0,7,False,grubinho,GIANTX,omen,True,100,50,1,0,0,5,False,ara,GIANTX,raze,True,100,50,0,2,0,4,False,Cloud,GIANTX,fade,True,10,50,0,0,1,4,False,Flickless,GIANTX,viper,True,100,50,1,1,0,1,False,westside,GIANTX,cypher,True,100,50,0,0,1,0,False
1466.098,6278,ACTIVE_ROUND,12,3,8,39.000,,,MiniBoo,Team Heretics,raze,True,100,25,0,1,1,2,False,RieNs,Team Heretics,fade,False,,22,0,0,0,6,False,Boo,Team Heretics,omen,True,100,50,2,1,1,4,False,benjyfishy,Team Heretics,deadlock,True,100,25,0,0,0,2,False,Wo0t,Team Heretics,chamber,False,,25,0,0,0,7,False,grubinho,GIANTX,omen,True,100,50,1,0,1,5,False,ara,GIANTX,raze,True,100,50,0,2,0,4,False,Cloud,GIANTX,fade,True,10,50,0,0,1,4,False,Flickless,GIANTX,viper,True,100,50,1,1,0,1,False,westside,GIANTX,cypher,True,100,50,0,0,1,0,False
1466.332,6279,ACTIVE_ROUND,12,3,8,39.000,,,MiniBoo,Team Heretics,raze,True,100,25,0,1,1,2,False,RieNs,Team Heretics,fade,False,,22,0,0,0,6,False,Boo,Team Heretics,omen,True,100,50,2,1,1,4,False,benjyfishy,Team Heretics,deadlock,True,100,25,0,0,0,2,False,Wo0t,Team Heretics,chamber,False,,25,0,0,0,7,False,grubinho,GIANTX,omen,True,100,50,1,0,1,5,False,ara,GIANTX,raze,True,100,50,0,2,0,4,False,Cloud,GIANTX,fade,True,10,50,0,0,1,4,False,Flickless,GIANTX,viper,True,100,50,1,1,0,1,False,westside,GIANTX,cypher,True,100,50,0,0,1,0,False
1466.565,6280,ACTIVE_ROUND,12,3,8,38.000,,,MiniBoo,Team Heretics,raze,True,100,25,0,1,1,2,False,RieNs,Team Heretics,fade,False,,22,0,0,0,6,False,Boo,Team Heretics,omen,True,100,50,2,1,1,4,False,benjyfishy,Team Heretics,deadlock,True,100,25,0,0,0,2,False,Wo0t,Team Heretics,chamber,False,,25,0,0,0,7,False,grubinho,GIANTX,omen,True,100,50,1,0,1,5,False,ara,GIANTX,raze,True,100,50,0,2,0,4,False,Cloud,GIANTX,fade,True,10,50,0,0,1,4,False,Flickless,GIANTX,viper,True,100,50,1,1,0,1,False,westside,GIANTX,cypher,True,100,50,0,0,1,0,False
1466.799,6281,ACTIVE_ROUND,12,3,8,38.000,,,MiniBoo,Team Heretics,raze,True,100,25,0,1,1,2,False,RieNs,Team Heretics,fade,False,,22,0,0,0,6,False,Boo,Team Heretics,omen,True,100,50,2,1,1,4,False,benjyfishy,Team Heretics,deadlock,True,100,25,0,0,0,2,False,Wo0t,Team Heretics,chamber,False,,25,0,0,0,7,False,grubinho,GIANTX,omen,True,100,50,1,0,1,5,False,ara,GIANTX,raze,True,100,50,0,2,0,4,False,Cloud,GIANTX,fade,True,10,50,0,0,1,4,False,Flickless,GIANTX,viper,True,100,50,1,1,0,1,False,westside,GIANTX,cypher,True,100,50,0,0,1,0,False
1467.032,6282,ACTIVE_ROUND,12,3,8,38.000,,,MiniBoo,Team Heretics,raze,True,100,25,0,1,1,2,False,RieNs,Team Heretics,fade,False,,22,0,0,0,6,False,Boo,Team Heretics,omen,True,100,50,2,1,1,4,False,benjyfishy,Team Heretics,deadlock,True,100,25,0,0,0,2,False,Wo0t,Team Heretics,chamber,False,,25,0,0,0,7,False,grubinho,GIANTX,omen,True,100,50,1,0,1,5,False,ara,GIANTX,raze,True,100,50,0,2,0,4,False,Cloud,GIANTX,fade,True,10,50,0,0,1,4,False,Flickless,GIANTX,viper,True,100,50,1,1,0,1,False,westside,GIANTX,cypher,True,100,50,0,0,1,0,False
1467.266,6283,ACTIVE_ROUND,12,3,8,38.000,,,MiniBoo,Team Heretics,raze,True,100,25,0,1,1,2,False,RieNs,Team Heretics,fade,False,,22,0,0,0,6,False,Boo,Team Heretics,omen,True,100,50,2,1,1,4,False,benjyfishy,Team Heretics,deadlock,True,100,25,0,0,0,2,False,Wo0t,Team Heretics,chamber,False,,25,0,0,0,7,False,grubinho,GIANTX,omen,True,100,50,1,0,1,5,False,ara,GIANTX,raze,True,100,50,0,2,0,4,False,Cloud,GIANTX,fade,True,10,50,0,0,1,4,False,Flickless,GIANTX,viper,True,100,50,1,1,0,1,False,westside,GIANTX,cypher,True,100,50,0,0,1,0,False
1467.499,6284,ACTIVE_ROUND,12,3,8,37.000,,,MiniBoo,Team Heretics,raze,True,100,25,0,1,1,2,False,RieNs,Team Heretics,fade,False,,22,0,0,0,6,False,Boo,Team Heretics,omen,True,100,50,2,1,1,4,False,benjyfishy,Team Heretics,deadlock,True,100,25,0,0,0,2,False,Wo0t,Team Heretics,chamber,False,,25,0,0,0,7,False,grubinho,GIANTX,omen,True,100,50,1,0,1,5,False,ara,GIANTX,raze,True,100,50,0,2,0,4,False,Cloud,GIANTX,fade,True,10,50,0,0,1,4,False,Flickless,GIANTX,viper,True,100,50,1,1,0,1,False,westside,GIANTX,cypher,True,100,50,0,0,1,0,False
1467.733,6285,ACTIVE_ROUND,12,3,8,37.000,,,MiniBoo,Team Heretics,raze,True,100,25,0,1,1,2,False,RieNs,Team Heretics,fade,False,,22,0,0,0,6,False,Boo,Team Heretics,omen,True,100,50,2,1,1,4,False,benjyfishy,Team Heretics,deadlock,True,100,25,0,0,0,2,False,Wo0t,Team Heretics,chamber,False,,25,0,0,0,7,False,grubinho,GIANTX,omen,True,100,50,1,0,1,5,False,ara,GIANTX,raze,True,100,50,0,2,0,4,False,Cloud,GIANTX,fade,True,10,50,0,0,1,4,False,Flickless,GIANTX,viper,True,100,50,1,1,0,1,False,westside,GIANTX,cypher,True,100,50,0,0,1,0,False
1467.966,6286,ACTIVE_ROUND,12,3,8,37.000,,,MiniBoo,Team Heretics,raze,True,100,25,0,1,1,2,False,RieNs,Team Heretics,fade,False,,22,0,0,0,6,False,Boo,Team Heretics,omen,True,100,50,2,1,1,4,False,benjyfishy,Team Heretics,deadlock,True,100,25,0,0,0,2,False,Wo0t,Team Heretics,chamber,False,,25,0,0,0,7,False,grubinho,GIANTX,omen,True,100,50,1,0,1,5,False,ara,GIANTX,raze,True,100,50,0,2,0,4,False,Cloud,GIANTX,fade,True,10,50,0,0,1,4,False,Flickless,GIANTX,viper,True,100,50,1,1,0,1,False,westside,GIANTX,cypher,True,100,50,0,0,1,0,False
1468.200,6287,ACTIVE_ROUND,12,3,8,37.000,,,MiniBoo,Team Heretics,raze,True,100,25,0,1,1,2,False,RieNs,Team Heretics,fade,False,,22,0,0,0,6,False,Boo,Team Heretics,omen,True,100,50,2,1,1,4,False,benjyfishy,Team Heretics,deadlock,True,100,25,0,0,0,2,False,Wo0t,Team Heretics,chamber,False,,25,0,0,0,7,False,grubinho,GIANTX,omen,True,100,50,1,0,1,5,False,ara,GIANTX,raze,True,100,50,0,2,0,4,False,Cloud,GIANTX,fade,True,10,50,0,0,1,4,False,Flickless,GIANTX,viper,True,100,50,1,1,0,1,False,westside,GIANTX,cypher,True,100,50,0,0,1,0,False
1468.434,6288,ACTIVE_ROUND,12,3,8,36.000,,,MiniBoo,Team Heretics,raze,True,100,25,0,1,1,2,False,RieNs,Team Heretics,fade,False,,22,0,0,0,6,False,Boo,Team Heretics,omen,True,100,50,2,1,1,4,False,benjyfishy,Team Heretics,deadlock,True,100,25,0,0,0,2,False,Wo0t,Team Heretics,chamber,False,,25,0,0,0,7,False,grubinho,GIANTX,omen,True,100,50,1,0,1,5,False,ara,GIANTX,raze,True,100,50,0,2,0,4,False,Cloud,GIANTX,fade,True,10,50,0,0,1,4,False,Flickless,GIANTX,viper,True,100,50,1,1,0,1,False,westside,GIANTX,cypher,True,100,50,0,0,1,0,False
1468.667,6289,ACTIVE_ROUND,12,3,8,36.000,,,MiniBoo,Team Heretics,raze,True,100,25,0,1,1,2,False,RieNs,Team Heretics,fade,False,,22,0,0,0,6,False,Boo,Team Heretics,omen,True,100,50,2,1,1,4,False,benjyfishy,Team Heretics,deadlock,True,100,25,0,0,0,2,False,Wo0t,Team Heretics,chamber,False,,25,0,0,0,7,False,grubinho,GIANTX,omen,True,100,50,1,0,1,5,False,ara,GIANTX,raze,True,100,50,0,2,0,4,False,Cloud,GIANTX,fade,True,10,50,0,0,1,4,False,Flickless,GIANTX,viper,True,100,50,1,1,0,1,False,westside,GIANTX,cypher,True,100,50,0,0,1,0,False
1468.901,6290,ACTIVE_ROUND,12,3,8,36.000,,,MiniBoo,Team Heretics,raze,True,100,25,0,1,1,2,False,RieNs,Team Heretics,fade,False,,22,0,0,0,6,False,Boo,Team Heretics,omen,True,100,50,2,1,1,4,False,benjyfishy,Team Heretics,deadlock,True,100,25,0,0,0,2,False,Wo0t,Team Heretics,chamber,False,,25,0,0,0,7,False,grubinho,GIANTX,omen,True,100,50,1,0,1,5,False,ara,GIANTX,raze,True,100,50,0,2,0,4,False,Cloud,GIANTX,fade,True,10,50,0,0,1,4,False,Flickless,GIANTX,viper,True,100,50,1,1,0,1,False,westside,GIANTX,cypher,True,100,50,0,0,1,0,False
1469.134,6291,ACTIVE_ROUND,12,3,8,36.000,,,MiniBoo,Team Heretics,raze,True,100,25,0,1,1,2,False,RieNs,Team Heretics,fade,False,,22,0,0,0,6,False,Boo,Team Heretics,omen,True,100,50,2,1,1,4,False,benjyfishy,Team Heretics,deadlock,True,100,25,0,0,0,2,False,Wo0t,Team Heretics,chamber,False,,25,0,0,0,7,False,grubinho,GIANTX,omen,True,100,50,1,0,1,5,False,ara,GIANTX,raze,True,100,50,0,2,0,4,False,Cloud,GIANTX,fade,True,10,50,0,0,1,4,False,Flickless,GIANTX,viper,True,100,50,1,1,0,1,False,westside,GIANTX,cypher,True,100,50,0,0,1,0,False
1469.368,6292,ACTIVE_ROUND,12,3,8,36.000,,,MiniBoo,Team Heretics,raze,True,100,25,0,1,1,2,False,RieNs,Team Heretics,fade,False,,22,0,0,0,6,False,Boo,Team Heretics,omen,True,100,50,2,1,1,4,False,benjyfishy,Team Heretics,deadlock,True,100,25,0,0,0,2,False,Wo0t,Team Heretics,chamber,False,,25,0,0,0,7,False,grubinho,GIANTX,omen,True,100,50,1,0,1,5,False,ara,GIANTX,raze,True,100,50,0,2,0,4,False,Cloud,GIANTX,fade,True,10,50,0,0,1,4,False,Flickless,GIANTX,viper,True,100,50,1,1,0,1,False,westside,GIANTX,cypher,True,100,50,0,0,1,0,False
1469.601,6293,ACTIVE_ROUND,12,3,8,35.000,,,MiniBoo,Team Heretics,raze,True,100,25,0,1,1,2,False,RieNs,Team Heretics,fade,False,,22,0,0,0,6,False,Boo,Team Heretics,omen,True,100,50,2,1,1,4,False,benjyfishy,Team Heretics,deadlock,True,100,25,0,0,0,2,False,Wo0t,Team Heretics,chamber,False,,25,0,0,0,7,False,grubinho,GIANTX,omen,True,100,50,1,0,1,5,False,ara,GIANTX,raze,True,100,50,0,2,0,4,False,Cloud,GIANTX,fade,True,10,50,0,0,1,4,False,Flickless,GIANTX,viper,True,100,50,1,1,0,1,False,westside,GIANTX,cypher,True,100,50,0,0,1,0,False
1469.835,6294,ACTIVE_ROUND,12,3,8,35.000,,,MiniBoo,Team Heretics,raze,True,100,25,0,1,1,2,False,RieNs,Team Heretics,fade,False,,22,0,0,0,6,False,Boo,Team Heretics,omen,True,100,50,2,1,1,4,False,benjyfishy,Team Heretics,deadlock,True,100,25,0,0,0,2,False,Wo0t,Team Heretics,chamber,False,,25,0,0,0,7,False,grubinho,GIANTX,omen,True,100,50,1,0,1,5,False,ara,GIANTX,raze,True,100,50,0,2,0,4,False,Cloud,GIANTX,fade,True,10,50,0,0,1,4,False,Flickless,GIANTX,viper,True,100,50,1,1,0,1,False,westside,GIANTX,cypher,True,100,50,0,0,1,0,False
1470.069,6295,ACTIVE_ROUND,12,3,8,35.000,,,MiniBoo,Team Heretics,raze,True,100,25,0,1,1,2,False,RieNs,Team Heretics,fade,False,,22,0,0,0,6,False,Boo,Team Heretics,omen,True,100,50,2,1,1,4,False,benjyfishy,Team Heretics,deadlock,True,100,25,0,0,0,2,False,Wo0t,Team Heretics,chamber,False,,25,0,0,0,7,False,grubinho,GIANTX,omen,True,100,50,1,0,1,5,False,ara,GIANTX,raze,True,100,50,0,2,0,4,False,Cloud,GIANTX,fade,True,10,50,0,0,1,4,False,Flickless,GIANTX,viper,True,100,50,1,1,0,1,False,westside,GIANTX,cypher,True,100,50,0,0,1,0,False
1470.302,6296,ACTIVE_ROUND,12,3,8,35.000,,,MiniBoo,Team Heretics,raze,True,100,25,0,1,1,2,False,RieNs,Team Heretics,fade,False,,22,0,0,0,6,False,Boo,Team Heretics,omen,True,100,50,2,1,1,4,False,benjyfishy,Team Heretics,deadlock,True,100,25,0,0,0,2,False,Wo0t,Team Heretics,chamber,False,,25,0,0,0,7,False,grubinho,GIANTX,omen,True,100,50,1,0,1,5,False,ara,GIANTX,raze,True,100,50,0,2,0,4,False,Cloud,GIANTX,fade,True,10,50,0,0,1,4,False,Flickless,GIANTX,viper,True,100,50,1,1,0,1,False,westside,GIANTX,cypher,True,100,50,0,0,1,0,False
1470.536,6297,ACTIVE_ROUND,12,3,8,34.000,,,MiniBoo,Team Heretics,raze,True,100,25,0,1,1,2,False,RieNs,Team Heretics,fade,False,,22,0,0,0,6,False,Boo,Team Heretics,omen,True,100,50,2,1,1,4,False,benjyfishy,Team Heretics,deadlock,True,100,25,0,0,0,2,False,Wo0t,Team Heretics,chamber,False,,25,0,0,0,7,False,grubinho,GIANTX,omen,True,100,50,1,0,1,5,False,ara,GIANTX,raze,True,100,50,0,2,0,4,False,Cloud,GIANTX,fade,True,10,50,0,0,1,4,False,Flickless,GIANTX,viper,True,100,50,1,1,0,1,False,westside,GIANTX,cypher,True,100,50,0,0,1,0,False
1470.769,6298,ACTIVE_ROUND,12,3,8,34.000,,,MiniBoo,Team Heretics,raze,True,100,25,0,1,1,2,False,RieNs,Team Heretics,fade,False,,22,0,0,0,6,False,Boo,Team Heretics,omen,True,100,50,2,1,1,4,False,benjyfishy,Team Heretics,deadlock,True,100,25,0,0,0,2,False,Wo0t,Team Heretics,chamber,False,,25,0,0,0,7,False,grubinho,GIANTX,omen,True,100,50,1,0,1,5,False,ara,GIANTX,raze,True,100,50,0,2,0,4,False,Cloud,GIANTX,fade,True,10,50,0,0,1,4,False,Flickless,GIANTX,viper,True,100,50,1,1,0,1,False,westside,GIANTX,cypher,True,100,50,0,0,1,0,False
1471.003,6299,ACTIVE_ROUND,12,3,8,34.000,,,MiniBoo,Team Heretics,raze,True,100,25,0,1,1,2,False,RieNs,Team Heretics,fade,False,,22,0,0,0,6,False,Boo,Team Heretics,omen,True,100,50,2,1,1,4,False,benjyfishy,Team Heretics,deadlock,True,100,25,0,0,0,2,False,Wo0t,Team Heretics,chamber,False,,25,0,0,0,7,False,grubinho,GIANTX,omen,True,100,50,1,0,1,5,False,ara,GIANTX,raze,True,100,50,0,2,0,4,False,Cloud,GIANTX,fade,True,10,50,0,0,1,4,False,Flickless,GIANTX,viper,True,100,50,1,1,0,1,False,westside,GIANTX,cypher,True,100,50,0,0,1,0,False
1471.236,6300,ACTIVE_ROUND,12,3,8,34.000,,,MiniBoo,Team Heretics,raze,True,100,25,0,1,1,2,False,RieNs,Team Heretics,fade,False,,22,0,0,0,6,False,Boo,Team Heretics,omen,True,100,50,2,1,1,4,False,benjyfishy,Team Heretics,deadlock,True,100,25,0,0,0,2,False,Wo0t,Team Heretics,chamber,False,,25,0,0,0,7,False,grubinho,GIANTX,omen,True,100,50,1,0,1,5,False,ara,GIANTX,raze,True,100,50,0,2,0,4,False,Cloud,GIANTX,fade,True,10,50,0,0,1,4,False,Flickless,GIANTX,viper,True,100,50,1,1,0,1,False,westside,GIANTX,cypher,True,100,50,0,0,1,0,False
1471.470,6301,ACTIVE_ROUND,12,3,8,33.000,,,MiniBoo,Team Heretics,raze,True,100,25,0,1,1,2,False,RieNs,Team Heretics,fade,False,,22,0,0,0,6,False,Boo,Team Heretics,omen,True,100,50,2,1,1,4,False,benjyfishy,Team Heretics,deadlock,True,100,25,0,0,0,2,False,Wo0t,Team Heretics,chamber,False,,25,0,0,0,7,False,grubinho,GIANTX,omen,True,100,50,1,0,1,5,False,ara,GIANTX,raze,True,100,50,0,2,0,4,False,Cloud,GIANTX,fade,True,10,50,0,0,1,4,False,Flickless,GIANTX,viper,True,100,50,1,1,0,1,False,westside,GIANTX,cypher,True,100,50,0,0,1,0,False
1471.704,6302,ACTIVE_ROUND,12,3,8,33.000,,,MiniBoo,Team Heretics,raze,True,100,25,0,1,1,2,False,RieNs,Team Heretics,fade,False,,22,0,0,0,6,False,Boo,Team Heretics,omen,True,100,50,2,1,1,4,False,benjyfishy,Team Heretics,deadlock,True,100,25,0,0,0,2,False,Wo0t,Team Heretics,chamber,False,,25,0,0,0,7,False,grubinho,GIANTX,omen,True,100,50,1,0,1,5,False,ara,GIANTX,raze,True,100,50,0,2,0,4,False,Cloud,GIANTX,fade,True,10,50,0,0,1,4,False,Flickless,GIANTX,viper,True,100,50,1,1,0,1,False,westside,GIANTX,cypher,True,100,50,0,0,1,0,False
1471.937,6303,ACTIVE_ROUND,12,3,8,33.000,,,MiniBoo,Team Heretics,raze,True,100,25,0,1,1,2,False,RieNs,Team Heretics,fade,False,,22,0,0,0,6,False,Boo,Team Heretics,omen,True,100,50,2,1,1,4,False,benjyfishy,Team Heretics,deadlock,True,100,25,0,0,0,2,False,Wo0t,Team Heretics,chamber,False,,25,0,0,0,7,False,grubinho,GIANTX,omen,True,100,50,1,0,1,5,False,ara,GIANTX,raze,True,100,50,0,2,0,4,False,Cloud,GIANTX,fade,True,10,50,0,0,1,4,False,Flickless,GIANTX,viper,True,100,50,1,1,0,1,False,westside,GIANTX,cypher,True,100,50,0,0,1,0,False
1472.171,6304,ACTIVE_ROUND,12,3,8,33.000,,,MiniBoo,Team Heretics,raze,True,100,25,0,1,1,2,False,RieNs,Team Heretics,fade,False,,22,0,0,0,6,False,Boo,Team Heretics,omen,True,100,50,2,1,1,4,False,benjyfishy,Team Heretics,deadlock,True,100,25,0,0,0,2,False,Wo0t,Team Heretics,chamber,False,,25,0,0,0,7,False,grubinho,GIANTX,omen,True,100,50,1,0,1,5,False,ara,GIANTX,raze,True,100,50,0,2,0,4,False,Cloud,GIANTX,fade,True,10,50,0,0,1,4,False,Flickless,GIANTX,viper,True,100,50,1,1,0,1,False,westside,GIANTX,cypher,True,100,50,0,0,1,0,False
1472.404,6305,ACTIVE_ROUND,12,3,8,32.000,,,MiniBoo,Team Heretics,raze,True,100,25,0,1,1,2,False,RieNs,Team Heretics,fade,False,,22,0,0,0,6,False,Boo,Team Heretics,omen,True,100,50,2,1,1,4,False,benjyfishy,Team Heretics,deadlock,True,100,25,0,0,0,2,False,Wo0t,Team Heretics,chamber,False,,25,0,0,0,7,False,grubinho,GIANTX,omen,True,100,50,1,0,1,5,False,ara,GIANTX,raze,True,100,50,0,2,0,4,False,Cloud,GIANTX,fade,True,10,50,0,0,1,4,False,Flickless,GIANTX,viper,True,100,50,1,1,0,1,False,westside,GIANTX,cypher,True,100,50,0,0,1,0,False
1472.638,6306,ACTIVE_ROUND,12,3,8,32.000,,,MiniBoo,Team Heretics,raze,True,100,25,0,1,1,2,False,RieNs,Team Heretics,fade,False,,22,0,0,0,6,False,Boo,Team Heretics,omen,True,100,50,2,1,1,4,False,benjyfishy,Team Heretics,deadlock,True,100,25,0,0,0,2,False,Wo0t,Team Heretics,chamber,False,,25,0,0,0,7,False,grubinho,GIANTX,omen,True,100,50,1,0,1,5,False,ara,GIANTX,raze,True,100,50,0,2,0,4,False,Cloud,GIANTX,fade,True,10,50,0,0,1,4,False,Flickless,GIANTX,viper,True,100,50,1,1,0,1,False,westside,GIANTX,cypher,True,100,50,0,0,1,0,False
1472.871,6307,ACTIVE_ROUND,12,3,8,32.000,,,MiniBoo,Team Heretics,raze,True,100,25,0,1,1,2,False,RieNs,Team Heretics,fade,False,,22,0,0,0,6,False,Boo,Team Heretics,omen,True,100,50,2,1,1,4,False,benjyfishy,Team Heretics,deadlock,True,100,25,0,0,0,2,False,Wo0t,Team Heretics,chamber,False,,25,0,0,0,7,False,grubinho,GIANTX,omen,True,100,50,1,0,1,5,False,ara,GIANTX,raze,True,100,50,0,2,0,4,False,Cloud,GIANTX,fade,True,10,50,0,0,1,4,False,Flickless,GIANTX,viper,True,100,50,1,1,0,1,False,westside,GIANTX,cypher,True,100,50,0,0,1,0,False
1473.105,6308,ACTIVE_ROUND,12,3,8,32.000,,,MiniBoo,Team Heretics,raze,True,100,25,0,1,1,2,False,RieNs,Team Heretics,fade,False,,22,0,0,0,6,False,Boo,Team Heretics,omen,True,100,50,2,1,1,4,False,benjyfishy,Team Heretics,deadlock,True,100,25,0,0,0,2,False,Wo0t,Team Heretics,chamber,False,,25,0,0,0,7,False,grubinho,GIANTX,omen,True,100,50,1,0,1,5,False,ara,GIANTX,raze,True,100,50,0,2,0,4,False,Cloud,GIANTX,fade,True,10,50,0,0,1,4,False,Flickless,GIANTX,viper,True,100,50,1,1,0,1,False,westside,GIANTX,cypher,True,100,50,0,0,1,0,False
1473.339,6309,ACTIVE_ROUND,12,3,8,32.000,,,MiniBoo,Team Heretics,raze,True,100,25,0,1,1,2,False,RieNs,Team Heretics,fade,False,,22,0,0,0,6,False,Boo,Team Heretics,omen,True,100,50,2,1,1,4,False,benjyfishy,Team Heretics,deadlock,True,100,25,0,0,0,2,False,Wo0t,Team Heretics,chamber,False,,25,0,0,0,7,False,grubinho,GIANTX,omen,True,100,50,1,0,1,5,False,ara,GIANTX,raze,True,100,50,0,2,0,4,False,Cloud,GIANTX,fade,True,10,50,0,0,1,4,False,Flickless,GIANTX,viper,True,100,50,1,1,0,1,False,westside,GIANTX,cypher,True,100,50,0,0,1,0,False
1473.572,6310,ACTIVE_ROUND,12,3,8,31.000,,,MiniBoo,Team Heretics,raze,True,100,25,0,1,1,2,False,RieNs,Team Heretics,fade,False,,22,0,0,0,6,False,Boo,Team Heretics,omen,True,100,50,2,1,1,4,False,benjyfishy,Team Heretics,deadlock,True,100,25,0,0,0,2,False,Wo0t,Team Heretics,chamber,False,,25,0,0,0,7,False,grubinho,GIANTX,omen,True,100,50,1,0,1,5,False,ara,GIANTX,raze,True,100,50,0,2,0,4,False,Cloud,GIANTX,fade,True,10,50,0,0,1,4,False,Flickless,GIANTX,viper,True,100,50,1,1,0,1,False,westside,GIANTX,cypher,True,100,50,0,0,1,0,False
1473.806,6311,ACTIVE_ROUND,12,3,8,31.000,,,MiniBoo,Team Heretics,raze,True,100,25,0,1,1,2,False,RieNs,Team Heretics,fade,False,,22,0,0,0,6,False,Boo,Team Heretics,omen,True,100,50,0,0,0,4,False,benjyfishy,Team Heretics,deadlock,True,100,25,0,0,0,2,False,Wo0t,Team Heretics,chamber,False,,25,0,0,0,7,False,grubinho,GIANTX,omen,True,100,50,1,0,1,5,False,ara,GIANTX,raze,True,100,50,0,2,0,4,False,Cloud,GIANTX,fade,True,10,50,0,0,1,4,False,Flickless,GIANTX,viper,True,100,50,1,1,0,1,False,westside,GIANTX,cypher,True,100,50,0,0,1,0,False
1474.039,6312,ACTIVE_ROUND,12,3,8,31.000,,,MiniBoo,Team Heretics,raze,True,100,25,0,1,1,2,False,RieNs,Team Heretics,fade,False,,22,0,0,0,6,False,Boo,Team Heretics,omen,False,,50,0,0,0,4,False,benjyfishy,Team Heretics,deadlock,True,100,25,0,0,0,2,False,Wo0t,Team Heretics,chamber,False,,25,0,0,0,7,False,grubinho,GIANTX,omen,True,100,50,1,0,1,5,False,ara,GIANTX,raze,True,100,50,0,2,0,4,False,Cloud,GIANTX,fade,True,10,50,0,0,1,4,False,Flickless,GIANTX,viper,True,100,50,1,1,0,1,False,westside,GIANTX,cypher,True,100,50,0,0,1,0,False
1474.273,6313,ACTIVE_ROUND,12,3,8,31.000,,,MiniBoo,Team Heretics,raze,True,100,25,0,1,1,2,False,RieNs,Team Heretics,fade,False,,22,0,0,0,6,False,Boo,Team Heretics,omen,False,,50,0,0,0,4,False,benjyfishy,Team Heretics,deadlock,True,100,25,0,0,0,2,False,Wo0t,Team Heretics,chamber,False,,25,0,0,0,7,False,grubinho,GIANTX,omen,True,100,50,1,0,1,5,False,ara,GIANTX,raze,True,100,50,0,2,0,4,False,Cloud,GIANTX,fade,True,10,50,0,0,1,4,False,Flickless,GIANTX,viper,True,100,50,1,1,0,2,False,westside,GIANTX,cypher,True,100,50,0,0,1,0,False
1474.506,6314,ACTIVE_ROUND,12,3,8,30.000,,,MiniBoo,Team Heretics,raze,True,100,25,0,1,1,2,False,RieNs,Team Heretics,fade,False,,22,0,0,0,6,False,Boo,Team Heretics,omen,False,,50,0,0,0,4,False,benjyfishy,Team Heretics,deadlock,True,100,25,0,0,0,2,False,Wo0t,Team Heretics,chamber,False,,25,0,0,0,7,False,grubinho,GIANTX,omen,True,100,50,1,0,1,5,False,ara,GIANTX,raze,True,100,50,0,2,0,4,False,Cloud,GIANTX,fade,True,10,50,0,0,1,4,False,Flickless,GIANTX,viper,True,100,50,1,1,0,2,False,westside,GIANTX,cypher,True,100,50,0,0,1,0,False
1474.740,6315,ACTIVE_ROUND,12,3,8,30.000,,,MiniBoo,Team Heretics,raze,True,100,25,0,1,1,2,False,RieNs,Team Heretics,fade,False,,22,0,0,0,6,False,Boo,Team Heretics,omen,False,,50,0,0,0,4,False,benjyfishy,Team Heretics,deadlock,True,100,25,0,0,0,2,False,Wo0t,Team Heretics,chamber,False,,25,0,0,0,7,False,grubinho,GIANTX,omen,True,100,50,1,0,1,5,False,ara,GIANTX,raze,True,100,50,0,2,0,4,False,Cloud,GIANTX,fade,True,10,50,0,0,1,4,False,Flickless,GIANTX,viper,True,100,50,1,1,0,2,False,westside,GIANTX,cypher,True,100,50,0,0,1,0,False
1474.974,6316,ACTIVE_ROUND,12,3,8,30.000,,,MiniBoo,Team Heretics,raze,True,100,25,0,1,1,2,False,RieNs,Team Heretics,fade,False,,22,0,0,0,6,False,Boo,Team Heretics,omen,False,,50,0,0,0,4,False,benjyfishy,Team Heretics,deadlock,True,100,25,0,0,0,2,False,Wo0t,Team Heretics,chamber,False,,25,0,0,0,7,False,grubinho,GIANTX,omen,True,100,50,1,0,1,5,False,ara,GIANTX,raze,True,100,50,0,2,0,4,False,Cloud,GIANTX,fade,True,10,50,0,0,1,4,False,Flickless,GIANTX,viper,True,100,50,1,1,0,2,False,westside,GIANTX,cypher,True,100,50,0,0,1,0,False
1475.207,6317,ACTIVE_ROUND,12,3,8,30.000,,,MiniBoo,Team Heretics,raze,True,100,25,0,1,1,2,False,RieNs,Team Heretics,fade,False,,22,0,0,0,6,False,Boo,Team Heretics,omen,False,,50,0,0,0,4,False,benjyfishy,Team Heretics,deadlock,True,100,25,0,0,0,2,False,Wo0t,Team Heretics,chamber,False,,25,0,0,0,7,False,grubinho,GIANTX,omen,True,100,50,1,0,1,5,False,ara,GIANTX,raze,True,100,50,0,1,0,4,False,Cloud,GIANTX,fade,True,10,50,0,0,1,4,False,Flickless,GIANTX,viper,True,100,50,1,1,0,2,False,westside,GIANTX,cypher,True,100,50,0,0,1,0,False
1475.441,6318,ACTIVE_ROUND,12,3,8,29.000,,,MiniBoo,Team Heretics,raze,True,100,25,0,1,1,2,False,RieNs,Team Heretics,fade,False,,22,0,0,0,6,False,Boo,Team Heretics,omen,False,,50,0,0,0,4,False,benjyfishy,Team Heretics,deadlock,True,100,25,0,0,0,2,False,Wo0t,Team Heretics,chamber,False,,25,0,0,0,7,False,grubinho,GIANTX,omen,True,100,50,1,0,1,5,False,ara,GIANTX,raze,True,100,50,0,1,0,4,False,Cloud,GIANTX,fade,True,10,50,0,0,1,4,False,Flickless,GIANTX,viper,True,100,50,1,1,0,2,False,westside,GIANTX,cypher,True,100,50,0,0,1,0,False
1475.674,6319,ACTIVE_ROUND,12,3,8,29.000,,,MiniBoo,Team Heretics,raze,True,100,25,0,1,1,2,False,RieNs,Team Heretics,fade,False,,22,0,0,0,6,False,Boo,Team Heretics,omen,False,,50,0,0,0,4,False,benjyfishy,Team Heretics,deadlock,True,100,25,0,0,0,2,False,Wo0t,Team Heretics,chamber,False,,25,0,0,0,7,False,grubinho,GIANTX,omen,True,100,50,1,0,1,5,False,ara,GIANTX,raze,True,100,50,0,1,0,4,False,Cloud,GIANTX,fade,True,10,50,0,0,1,4,False,Flickless,GIANTX,viper,True,100,50,1,1,0,2,False,westside,GIANTX,cypher,True,100,50,0,0,1,0,False
1475.908,6320,ACTIVE_ROUND,12,3,8,29.000,,,MiniBoo,Team Heretics,raze,True,100,25,0,1,1,2,False,RieNs,Team Heretics,fade,False,,22,0,0,0,6,False,Boo,Team Heretics,omen,False,,50,0,0,0,4,False,benjyfishy,Team Heretics,deadlock,True,100,25,0,0,0,2,False,Wo0t,Team Heretics,chamber,False,,25,0,0,0,7,False,grubinho,GIANTX,omen,True,100,50,1,0,1,5,False,ara,GIANTX,raze,True,100,50,0,1,0,4,False,Cloud,GIANTX,fade,True,10,50,0,0,1,4,False,Flickless,GIANTX,viper,True,100,50,1,1,0,2,False,westside,GIANTX,cypher,True,100,50,0,0,1,0,False
1476.141,6321,ACTIVE_ROUND,12,3,8,29.000,,,MiniBoo,Team Heretics,raze,True,100,25,0,1,1,2,False,RieNs,Team Heretics,fade,False,,22,0,0,0,6,False,Boo,Team Heretics,omen,False,,50,0,0,0,4,False,benjyfishy,Team Heretics,deadlock,True,100,25,0,0,0,2,False,Wo0t,Team Heretics,chamber,False,,25,0,0,0,7,False,grubinho,GIANTX,omen,True,100,50,1,0,1,5,False,ara,GIANTX,raze,True,100,50,0,1,0,4,False,Cloud,GIANTX,fade,True,10,50,0,0,1,4,False,Flickless,GIANTX,viper,True,100,50,1,1,0,2,False,westside,GIANTX,cypher,True,100,50,0,0,1,0,False
1476.375,6322,ACTIVE_ROUND,12,3,8,29.000,,,MiniBoo,Team Heretics,raze,True,100,25,0,1,1,2,False,RieNs,Team Heretics,fade,False,,22,0,0,0,6,False,Boo,Team Heretics,omen,False,,50,0,0,0,4,False,benjyfishy,Team Heretics,deadlock,True,100,25,0,0,0,2,False,Wo0t,Team Heretics,chamber,False,,25,0,0,0,7,False,grubinho,GIANTX,omen,True,100,50,1,0,1,5,False,ara,GIANTX,raze,True,100,50,0,1,0,4,False,Cloud,GIANTX,fade,True,10,50,0,0,1,4,False,Flickless,GIANTX,viper,True,100,50,1,1,0,2,False,westside,GIANTX,cypher,True,100,50,0,0,1,0,False
1476.608,6323,ACTIVE_ROUND,12,3,8,28.000,,,MiniBoo,Team Heretics,raze,True,100,25,0,1,1,2,False,RieNs,Team Heretics,fade,False,,22,0,0,0,6,False,Boo,Team Heretics,omen,False,,50,0,0,0,4,False,benjyfishy,Team Heretics,deadlock,True,100,25,0,0,0,2,False,Wo0t,Team Heretics,chamber,False,,25,0,0,0,7,False,grubinho,GIANTX,omen,True,100,50,1,0,1,5,False,ara,GIANTX,raze,True,100,50,0,1,0,4,False,Cloud,GIANTX,fade,True,10,50,0,0,1,4,False,Flickless,GIANTX,viper,True,100,50,1,1,0,2,False,westside,GIANTX,cypher,True,100,50,0,0,1,0,False
1476.842,6324,ACTIVE_ROUND,12,3,8,28.000,,,MiniBoo,Team Heretics,raze,True,100,25,0,1,1,2,False,RieNs,Team Heretics,fade,False,,22,0,0,0,6,False,Boo,Team Heretics,omen,False,,50,0,0,0,4,False,benjyfishy,Team Heretics,deadlock,True,100,25,0,0,0,2,False,Wo0t,Team Heretics,chamber,False,,25,0,0,0,7,False,grubinho,GIANTX,omen,True,100,50,1,0,1,5,False,ara,GIANTX,raze,True,100,50,0,1,0,4,False,Cloud,GIANTX,fade,True,10,50,0,0,1,4,False,Flickless,GIANTX,viper,True,100,50,1,1,0,2,False,westside,GIANTX,cypher,True,100,50,0,0,1,0,False
1477.076,6325,ACTIVE_ROUND,12,3,8,28.000,,,MiniBoo,Team Heretics,raze,True,100,25,0,1,1,2,False,RieNs,Team Heretics,fade,False,,22,0,0,0,6,False,Boo,Team Heretics,omen,False,,50,0,0,0,4,False,benjyfishy,Team Heretics,deadlock,True,100,25,0,0,0,2,False,Wo0t,Team Heretics,chamber,False,,25,0,0,0,7,False,grubinho,GIANTX,omen,True,100,50,1,0,1,5,False,ara,GIANTX,raze,True,100,50,0,1,0,4,False,Cloud,GIANTX,fade,True,10,50,0,0,1,4,False,Flickless,GIANTX,viper,True,100,50,1,1,0,2,False,westside,GIANTX,cypher,True,100,50,0,0,1,0,False
1477.309,6326,ACTIVE_ROUND,12,3,8,28.000,,,MiniBoo,Team Heretics,raze,True,100,25,0,1,1,2,False,RieNs,Team Heretics,fade,False,,22,0,0,0,6,False,Boo,Team Heretics,omen,False,,50,0,0,0,4,False,benjyfishy,Team Heretics,deadlock,True,100,25,0,0,0,2,False,Wo0t,Team Heretics,chamber,False,,25,0,0,0,7,False,grubinho,GIANTX,omen,True,100,50,1,0,1,5,False,ara,GIANTX,raze,True,100,50,0,1,0,4,False,Cloud,GIANTX,fade,True,10,50,0,0,1,4,False,Flickless,GIANTX,viper,True,100,50,1,0,0,2,False,westside,GIANTX,cypher,True,100,50,0,0,1,0,False
1477.543,6327,ACTIVE_ROUND,12,3,8,27.000,,,MiniBoo,Team Heretics,raze,True,100,25,0,1,1,2,False,RieNs,Team Heretics,fade,False,,22,0,0,0,6,False,Boo,Team Heretics,omen,False,,50,0,0,0,4,False,benjyfishy,Team Heretics,deadlock,True,100,25,0,0,0,2,False,Wo0t,Team Heretics,chamber,False,,25,0,0,0,7,False,grubinho,GIANTX,omen,True,100,50,1,0,1,5,False,ara,GIANTX,raze,True,100,50,0,1,0,4,False,Cloud,GIANTX,fade,True,10,50,0,0,1,4,False,Flickless,GIANTX,viper,True,100,50,1,0,0,2,False,westside,GIANTX,cypher,True,100,50,0,0,1,0,False
1477.776,6328,ACTIVE_ROUND,12,3,8,27.000,,,MiniBoo,Team Heretics,raze,True,100,25,0,1,1,2,False,RieNs,Team Heretics,fade,False,,22,0,0,0,6,False,Boo,Team Heretics,omen,False,,50,0,0,0,4,False,benjyfishy,Team Heretics,deadlock,True,100,25,0,0,0,2,False,Wo0t,Team Heretics,chamber,False,,25,0,0,0,7,False,grubinho,GIANTX,omen,True,100,50,1,0,1,5,False,ara,GIANTX,raze,True,100,50,0,1,0,4,False,Cloud,GIANTX,fade,True,10,50,0,0,1,4,False,Flickless,GIANTX,viper,True,100,50,1,0,0,2,False,westside,GIANTX,cypher,True,100,50,0,0,1,0,False
1478.010,6329,ACTIVE_ROUND,12,3,8,27.000,,,MiniBoo,Team Heretics,raze,True,100,25,0,1,1,2,False,RieNs,Team Heretics,fade,False,,22,0,0,0,6,False,Boo,Team Heretics,omen,False,,50,0,0,0,4,False,benjyfishy,Team Heretics,deadlock,True,100,25,0,0,0,2,False,Wo0t,Team Heretics,chamber,False,,25,0,0,0,7,False,grubinho,GIANTX,omen,True,100,50,1,0,1,5,False,ara,GIANTX,raze,True,100,50,0,1,0,4,False,Cloud,GIANTX,fade,True,10,50,0,0,1,4,False,Flickless,GIANTX,viper,True,100,50,1,0,0,2,False,westside,GIANTX,cypher,True,100,50,0,0,1,0,False
1478.243,6330,ACTIVE_ROUND,12,3,8,27.000,,,MiniBoo,Team Heretics,raze,True,100,25,0,1,1,2,False,RieNs,Team Heretics,fade,False,,22,0,0,0,6,False,Boo,Team Heretics,omen,False,,50,0,0,0,4,False,benjyfishy,Team Heretics,deadlock,True,100,25,0,0,0,2,False,Wo0t,Team Heretics,chamber,False,,25,0,0,0,7,False,grubinho,GIANTX,omen,True,100,50,1,0,1,5,False,ara,GIANTX,raze,True,100,50,0,1,0,4,False,Cloud,GIANTX,fade,True,10,50,0,0,1,4,False,Flickless,GIANTX,viper,True,100,50,1,0,0,2,False,westside,GIANTX,cypher,True,100,50,0,0,1,0,False
1478.477,6331,ACTIVE_ROUND,12,3,8,26.000,,,MiniBoo,Team Heretics,raze,True,100,25,0,1,1,2,False,RieNs,Team Heretics,fade,False,,22,0,0,0,6,False,Boo,Team Heretics,omen,False,,50,0,0,0,4,False,benjyfishy,Team Heretics,deadlock,True,100,25,0,0,0,2,False,Wo0t,Team Heretics,chamber,False,,25,0,0,0,7,False,grubinho,GIANTX,omen,True,100,50,1,0,1,5,False,ara,GIANTX,raze,True,100,50,0,1,0,4,False,Cloud,GIANTX,fade,True,10,50,0,0,1,4,False,Flickless,GIANTX,viper,True,100,50,1,0,0,2,False,westside,GIANTX,cypher,True,100,50,0,0,1,0,False
1478.711,6332,ACTIVE_ROUND,12,3,8,26.000,,,MiniBoo,Team Heretics,raze,True,100,25,0,1,1,2,False,RieNs,Team Heretics,fade,False,,22,0,0,0,6,False,Boo,Team Heretics,omen,False,,50,0,0,0,4,False,benjyfishy,Team Heretics,deadlock,True,100,25,0,0,0,2,False,Wo0t,Team Heretics,chamber,False,,25,0,0,0,7,False,grubinho,GIANTX,omen,True,100,50,1,0,1,5,False,ara,GIANTX,raze,True,100,50,0,1,0,4,False,Cloud,GIANTX,fade,True,10,50,0,0,1,4,False,Flickless,GIANTX,viper,True,100,50,1,0,0,2,False,westside,GIANTX,cypher,True,100,50,0,0,1,0,False
1478.944,6333,ACTIVE_ROUND,12,3,8,26.000,,,MiniBoo,Team Heretics,raze,True,100,25,0,1,1,2,False,RieNs,Team Heretics,fade,False,,22,0,0,0,6,False,Boo,Team Heretics,omen,False,,50,0,0,0,4,False,benjyfishy,Team Heretics,deadlock,True,100,25,0,0,0,2,False,Wo0t,Team Heretics,chamber,False,,25,0,0,0,7,False,grubinho,GIANTX,omen,True,100,50,1,0,1,5,False,ara,GIANTX,raze,True,100,50,0,1,0,4,False,Cloud,GIANTX,fade,True,10,50,0,0,1,4,False,Flickless,GIANTX,viper,True,100,50,1,0,0,2,False,westside,GIANTX,cypher,True,100,50,0,0,1,0,False
1479.178,6334,ACTIVE_ROUND,12,3,8,26.000,,,MiniBoo,Team Heretics,raze,True,100,25,0,1,1,2,False,RieNs,Team Heretics,fade,False,,22,0,0,0,6,False,Boo,Team Heretics,omen,False,,50,0,0,0,4,False,benjyfishy,Team Heretics,deadlock,True,100,25,0,0,0,2,False,Wo0t,Team Heretics,chamber,False,,25,0,0,0,7,False,grubinho,GIANTX,omen,True,100,50,1,0,1,5,False,ara,GIANTX,raze,True,100,50,0,1,0,4,False,Cloud,GIANTX,fade,True,10,50,0,0,1,4,False,Flickless,GIANTX,viper,True,100,50,1,0,0,2,False,westside,GIANTX,cypher,True,100,50,0,0,1,0,False
1479.411,6335,ACTIVE_ROUND,12,3,8,25.000,,,MiniBoo,Team Heretics,raze,True,100,25,0,1,1,2,False,RieNs,Team Heretics,fade,False,,22,0,0,0,6,False,Boo,Team Heretics,omen,False,,50,0,0,0,4,False,benjyfishy,Team Heretics,deadlock,True,100,25,0,0,0,2,False,Wo0t,Team Heretics,chamber,False,,25,0,0,0,7,False,grubinho,GIANTX,omen,True,100,50,1,0,1,5,False,ara,GIANTX,raze,True,100,50,0,1,0,4,False,Cloud,GIANTX,fade,True,10,50,0,0,1,4,False,Flickless,GIANTX,viper,True,100,50,1,0,0,2,False,westside,GIANTX,cypher,True,100,50,0,0,1,0,False
1479.645,6336,ACTIVE_ROUND,12,3,8,25.000,,,MiniBoo,Team Heretics,raze,True,100,25,0,1,1,2,False,RieNs,Team Heretics,fade,False,,22,0,0,0,6,False,Boo,Team Heretics,omen,False,,50,0,0,0,4,False,benjyfishy,Team Heretics,deadlock,True,100,25,0,0,0,2,False,Wo0t,Team Heretics,chamber,False,,25,0,0,0,7,False,grubinho,GIANTX,omen,True,100,50,1,0,1,5,False,ara,GIANTX,raze,True,100,50,0,1,0,4,False,Cloud,GIANTX,fade,True,10,50,0,0,1,4,False,Flickless,GIANTX,viper,True,100,50,1,0,0,2,False,westside,GIANTX,cypher,True,100,50,0,0,1,0,False
1479.878,6337,ACTIVE_ROUND,12,3,8,25.000,,,MiniBoo,Team Heretics,raze,True,100,25,0,1,1,2,False,RieNs,Team Heretics,fade,False,,22,0,0,0,6,False,Boo,Team Heretics,omen,False,,50,0,0,0,4,False,benjyfishy,Team Heretics,deadlock,True,100,25,0,0,0,2,False,Wo0t,Team Heretics,chamber,False,,25,0,0,0,7,False,grubinho,GIANTX,omen,True,100,50,1,0,1,5,False,ara,GIANTX,raze,True,100,50,0,1,0,4,False,Cloud,GIANTX,fade,True,10,50,0,0,1,4,False,Flickless,GIANTX,viper,True,100,50,1,0,0,2,False,westside,GIANTX,cypher,True,100,50,0,0,1,0,False
1480.112,6338,ACTIVE_ROUND,12,3,8,25.000,,,MiniBoo,Team Heretics,raze,True,100,25,0,1,1,2,False,RieNs,Team Heretics,fade,False,,22,0,0,0,6,False,Boo,Team Heretics,omen,False,,50,0,0,0,4,False,benjyfishy,Team Heretics,deadlock,True,100,25,0,0,0,2,False,Wo0t,Team Heretics,chamber,False,,25,0,0,0,7,False,grubinho,GIANTX,omen,True,100,50,1,0,1,5,False,ara,GIANTX,raze,True,100,50,0,1,0,4,False,Cloud,GIANTX,fade,True,10,50,0,0,1,4,False,Flickless,GIANTX,viper,True,100,50,1,0,0,2,False,westside,GIANTX,cypher,True,100,50,0,0,1,0,False
1480.346,6339,ACTIVE_ROUND,12,3,8,25.000,,,MiniBoo,Team Heretics,raze,True,100,25,0,1,1,2,False,RieNs,Team Heretics,fade,False,,22,0,0,0,6,False,Boo,Team Heretics,omen,False,,50,0,0,0,4,False,benjyfishy,Team Heretics,deadlock,True,100,25,0,0,0,2,False,Wo0t,Team Heretics,chamber,False,,25,0,0,0,7,False,grubinho,GIANTX,omen,True,100,50,1,0,1,5,False,ara,GIANTX,raze,True,100,50,0,1,0,4,False,Cloud,GIANTX,fade,True,10,50,0,0,1,4,False,Flickless,GIANTX,viper,True,100,50,1,0,0,2,False,westside,GIANTX,cypher,True,100,50,0,0,1,0,False
1480.579,6340,ACTIVE_ROUND,12,3,8,24.000,,,MiniBoo,Team Heretics,raze,True,100,25,0,1,1,2,False,RieNs,Team Heretics,fade,False,,22,0,0,0,6,False,Boo,Team Heretics,omen,False,,50,0,0,0,4,False,benjyfishy,Team Heretics,deadlock,True,100,25,0,0,0,2,False,Wo0t,Team Heretics,chamber,False,,25,0,0,0,7,False,grubinho,GIANTX,omen,True,100,50,1,0,1,5,False,ara,GIANTX,raze,True,100,50,0,1,0,4,False,Cloud,GIANTX,fade,True,10,50,0,0,1,4,False,Flickless,GIANTX,viper,True,100,50,1,0,0,2,False,westside,GIANTX,cypher,True,100,50,0,0,1,0,False
1480.813,6341,ACTIVE_ROUND,12,3,8,24.000,,,MiniBoo,Team Heretics,raze,True,100,25,0,1,1,2,False,RieNs,Team Heretics,fade,False,,22,0,0,0,6,False,Boo,Team Heretics,omen,False,,50,0,0,0,4,False,benjyfishy,Team Heretics,deadlock,True,100,25,0,0,0,2,False,Wo0t,Team Heretics,chamber,False,,25,0,0,0,7,False,grubinho,GIANTX,omen,True,100,50,1,0,1,5,False,ara,GIANTX,raze,True,100,50,0,1,0,4,False,Cloud,GIANTX,fade,True,10,50,0,0,1,4,False,Flickless,GIANTX,viper,True,100,50,1,0,0,2,False,westside,GIANTX,cypher,True,100,50,0,0,1,0,False
1481.046,6342,ACTIVE_ROUND,12,3,8,24.000,,,MiniBoo,Team Heretics,raze,True,100,25,0,1,1,2,False,RieNs,Team Heretics,fade,False,,22,0,0,0,6,False,Boo,Team Heretics,omen,False,,50,0,0,0,4,False,benjyfishy,Team Heretics,deadlock,True,100,25,0,0,0,2,False,Wo0t,Team Heretics,chamber,False,,25,0,0,0,7,False,grubinho,GIANTX,omen,True,100,50,1,0,1,5,False,ara,GIANTX,raze,True,100,50,0,1,0,4,False,Cloud,GIANTX,fade,True,10,50,0,0,1,4,False,Flickless,GIANTX,viper,True,100,50,1,0,0,2,False,westside,GIANTX,cypher,True,100,50,0,0,1,0,False
1481.280,6343,ACTIVE_ROUND,12,3,8,24.000,,,MiniBoo,Team Heretics,raze,True,100,25,0,1,1,2,False,RieNs,Team Heretics,fade,False,,22,0,0,0,6,False,Boo,Team Heretics,omen,False,,50,0,0,0,4,False,benjyfishy,Team Heretics,deadlock,True,100,25,0,0,0,2,False,Wo0t,Team Heretics,chamber,False,,25,0,0,0,7,False,grubinho,GIANTX,omen,True,100,50,1,0,1,5,False,ara,GIANTX,raze,True,100,50,0,1,0,4,False,Cloud,GIANTX,fade,True,10,50,0,0,1,4,False,Flickless,GIANTX,viper,True,100,50,1,0,0,2,False,westside,GIANTX,cypher,True,100,50,0,0,1,0,False
1481.513,6344,ACTIVE_ROUND,12,3,8,23.000,,,MiniBoo,Team Heretics,raze,True,100,25,0,1,1,2,False,RieNs,Team Heretics,fade,False,,22,0,0,0,6,False,Boo,Team Heretics,omen,False,,50,0,0,0,4,False,benjyfishy,Team Heretics,deadlock,True,100,25,0,0,0,2,False,Wo0t,Team Heretics,chamber,False,,25,0,0,0,7,False,grubinho,GIANTX,omen,True,100,50,1,0,1,5,False,ara,GIANTX,raze,True,100,50,0,1,0,4,False,Cloud,GIANTX,fade,True,10,50,0,0,1,4,False,Flickless,GIANTX,viper,True,100,50,1,0,0,2,False,westside,GIANTX,cypher,True,100,50,0,0,1,0,False
1481.747,6345,ACTIVE_ROUND,12,3,8,23.000,,,MiniBoo,Team Heretics,raze,True,100,25,0,1,1,2,False,RieNs,Team Heretics,fade,False,,22,0,0,0,6,False,Boo,Team Heretics,omen,False,,50,0,0,0,4,False,benjyfishy,Team Heretics,deadlock,True,100,25,0,0,0,2,False,Wo0t,Team Heretics,chamber,False,,25,0,0,0,7,False,grubinho,GIANTX,omen,True,100,50,1,0,1,5,False,ara,GIANTX,raze,True,100,50,0,1,0,4,False,Cloud,GIANTX,fade,True,10,50,0,0,1,4,False,Flickless,GIANTX,viper,True,100,50,1,0,0,2,False,westside,GIANTX,cypher,True,100,50,0,0,1,0,False
1481.981,6346,ACTIVE_ROUND,12,3,8,23.000,,,MiniBoo,Team Heretics,raze,True,100,25,0,1,1,2,False,RieNs,Team Heretics,fade,False,,22,0,0,0,6,False,Boo,Team Heretics,omen,False,,50,0,0,0,4,False,benjyfishy,Team Heretics,deadlock,True,100,25,0,0,0,2,False,Wo0t,Team Heretics,chamber,False,,25,0,0,0,7,False,grubinho,GIANTX,omen,True,100,50,1,0,1,5,False,ara,GIANTX,raze,True,100,50,0,1,0,4,False,Cloud,GIANTX,fade,True,10,50,0,0,1,4,False,Flickless,GIANTX,viper,True,100,50,1,0,0,2,False,westside,GIANTX,cypher,True,100,50,0,0,1,0,False
1482.214,6347,ACTIVE_ROUND,12,3,8,23.000,,,MiniBoo,Team Heretics,raze,True,100,25,0,1,1,2,False,RieNs,Team Heretics,fade,False,,22,0,0,0,6,False,Boo,Team Heretics,omen,False,,50,0,0,0,4,False,benjyfishy,Team Heretics,deadlock,True,100,25,0,0,0,2,False,Wo0t,Team Heretics,chamber,False,,25,0,0,0,7,False,grubinho,GIANTX,omen,True,100,50,1,0,1,5,False,ara,GIANTX,raze,True,100,50,0,1,0,4,False,Cloud,GIANTX,fade,True,10,50,0,0,1,4,False,Flickless,GIANTX,viper,True,100,50,1,0,0,2,False,westside,GIANTX,cypher,True,100,50,0,0,1,0,False
1482.448,6348,ACTIVE_ROUND,12,3,8,22.000,,,MiniBoo,Team Heretics,raze,True,100,25,0,1,1,2,False,RieNs,Team Heretics,fade,False,,22,0,0,0,6,False,Boo,Team Heretics,omen,False,,50,0,0,0,4,False,benjyfishy,Team Heretics,deadlock,True,100,25,0,0,0,2,False,Wo0t,Team Heretics,chamber,False,,25,0,0,0,7,False,grubinho,GIANTX,omen,True,100,50,1,0,1,5,False,ara,GIANTX,raze,True,100,50,0,1,0,4,False,Cloud,GIANTX,fade,True,10,50,0,0,1,4,False,Flickless,GIANTX,viper,True,100,50,1,0,0,2,False,westside,GIANTX,cypher,True,100,50,0,0,1,0,False
1482.681,6349,ACTIVE_ROUND,12,3,8,22.000,,,MiniBoo,Team Heretics,raze,True,100,25,0,1,1,2,False,RieNs,Team Heretics,fade,False,,22,0,0,0,6,False,Boo,Team Heretics,omen,False,,50,0,0,0,4,False,benjyfishy,Team Heretics,deadlock,True,100,25,0,0,0,2,False,Wo0t,Team Heretics,chamber,False,,25,0,0,0,7,False,grubinho,GIANTX,omen,True,100,50,1,0,1,5,False,ara,GIANTX,raze,True,100,50,0,1,0,4,False,Cloud,GIANTX,fade,True,10,50,0,0,1,4,False,Flickless,GIANTX,viper,True,100,50,1,0,0,2,False,westside,GIANTX,cypher,True,100,50,0,0,1,0,False
1482.915,6350,ACTIVE_ROUND,12,3,8,22.000,,,MiniBoo,Team Heretics,raze,True,100,25,0,1,1,2,False,RieNs,Team Heretics,fade,False,,22,0,0,0,6,False,Boo,Team Heretics,omen,False,,50,0,0,0,4,False,benjyfishy,Team Heretics,deadlock,True,100,25,0,0,0,2,False,Wo0t,Team Heretics,chamber,False,,25,0,0,0,7,False,grubinho,GIANTX,omen,True,100,50,1,0,1,5,False,ara,GIANTX,raze,True,100,50,0,1,0,4,False,Cloud,GIANTX,fade,True,10,50,0,0,1,4,False,Flickless,GIANTX,viper,True,100,50,1,0,0,2,False,westside,GIANTX,cypher,True,100,50,0,0,1,0,False
1483.148,6351,ACTIVE_ROUND,12,3,8,22.000,,,MiniBoo,Team Heretics,raze,True,100,25,0,1,1,2,False,RieNs,Team Heretics,fade,False,,22,0,0,0,6,False,Boo,Team Heretics,omen,False,,50,0,0,0,4,False,benjyfishy,Team Heretics,deadlock,True,100,25,0,0,0,2,False,Wo0t,Team Heretics,chamber,False,,25,0,0,0,7,False,grubinho,GIANTX,omen,True,100,50,1,0,0,5,False,ara,GIANTX,raze,True,100,50,0,1,0,4,False,Cloud,GIANTX,fade,True,10,50,0,0,1,4,False,Flickless,GIANTX,viper,True,100,50,1,0,0,2,False,westside,GIANTX,cypher,True,100,50,0,0,1,0,False
1483.382,6352,ACTIVE_ROUND,12,3,8,22.000,,,MiniBoo,Team Heretics,raze,True,100,25,0,1,1,2,False,RieNs,Team Heretics,fade,False,,22,0,0,0,6,False,Boo,Team Heretics,omen,False,,50,0,0,0,4,False,benjyfishy,Team Heretics,deadlock,True,100,25,0,0,0,2,False,Wo0t,Team Heretics,chamber,False,,25,0,0,0,7,False,grubinho,GIANTX,omen,True,100,50,1,0,0,5,False,ara,GIANTX,raze,True,100,50,0,1,0,4,False,Cloud,GIANTX,fade,True,10,50,0,0,1,4,False,Flickless,GIANTX,viper,True,100,50,1,0,0,2,False,westside,GIANTX,cypher,True,100,50,0,0,1,0,False
1483.615,6353,ACTIVE_ROUND,12,3,8,21.000,,,MiniBoo,Team Heretics,raze,True,100,25,0,1,1,2,False,RieNs,Team Heretics,fade,False,,22,0,0,0,6,False,Boo,Team Heretics,omen,False,,50,0,0,0,4,False,benjyfishy,Team Heretics,deadlock,True,100,25,0,0,0,2,False,Wo0t,Team Heretics,chamber,False,,25,0,0,0,7,False,grubinho,GIANTX,omen,True,100,50,1,0,0,5,False,ara,GIANTX,raze,True,100,50,0,1,0,4,False,Cloud,GIANTX,fade,True,10,50,0,0,1,4,False,Flickless,GIANTX,viper,True,100,50,1,0,0,2,False,westside,GIANTX,cypher,True,100,50,0,0,1,0,False
1483.849,6354,ACTIVE_ROUND,12,3,8,21.000,,,MiniBoo,Team Heretics,raze,True,100,25,0,1,1,2,False,RieNs,Team Heretics,fade,False,,22,0,0,0,6,False,Boo,Team Heretics,omen,False,,50,0,0,0,4,False,benjyfishy,Team Heretics,deadlock,True,100,25,0,0,0,2,False,Wo0t,Team Heretics,chamber,False,,25,0,0,0,7,False,grubinho,GIANTX,omen,True,100,50,1,0,0,5,False,ara,GIANTX,raze,True,100,50,0,1,0,4,False,Cloud,GIANTX,fade,True,10,50,0,0,1,4,False,Flickless,GIANTX,viper,True,100,50,1,0,0,2,False,westside,GIANTX,cypher,True,100,50,0,0,1,0,False
1484.083,6355,ACTIVE_ROUND,12,3,8,21.000,,,MiniBoo,Team Heretics,raze,True,89,1,0,1,1,2,False,RieNs,Team Heretics,fade,False,,22,0,0,0,6,False,Boo,Team Heretics,omen,False,,50,0,0,0,4,False,benjyfishy,Team Heretics,deadlock,True,100,25,0,0,0,2,False,Wo0t,Team Heretics,chamber,False,,25,0,0,0,7,False,grubinho,GIANTX,omen,True,100,50,1,0,0,5,False,ara,GIANTX,raze,True,100,50,0,0,0,4,False,Cloud,GIANTX,fade,True,10,50,0,0,1,4,False,Flickless,GIANTX,viper,True,100,50,1,0,0,2,False,westside,GIANTX,cypher,True,100,50,0,0,1,0,False
1484.316,6356,ACTIVE_ROUND,12,3,8,21.000,,,MiniBoo,Team Heretics,raze,True,89,1,0,1,1,2,False,RieNs,Team Heretics,fade,False,,22,0,0,0,6,False,Boo,Team Heretics,omen,False,,50,0,0,0,4,False,benjyfishy,Team Heretics,deadlock,True,100,25,0,0,0,2,False,Wo0t,Team Heretics,chamber,False,,25,0,0,0,7,False,grubinho,GIANTX,omen,True,100,50,1,0,0,5,False,ara,GIANTX,raze,True,100,50,0,0,0,4,False,Cloud,GIANTX,fade,True,10,50,0,0,1,4,False,Flickless,GIANTX,viper,True,100,50,1,0,0,2,False,westside,GIANTX,cypher,True,100,50,0,0,1,0,False
1484.550,6357,ACTIVE_ROUND,12,3,8,20.000,,,MiniBoo,Team Heretics,raze,True,89,1,0,1,1,2,False,RieNs,Team Heretics,fade,False,,22,0,0,0,6,False,Boo,Team Heretics,omen,False,,50,0,0,0,4,False,benjyfishy,Team Heretics,deadlock,True,100,25,0,0,0,2,False,Wo0t,Team Heretics,chamber,False,,25,0,0,0,7,False,grubinho,GIANTX,omen,True,100,50,1,0,0,5,False,ara,GIANTX,raze,True,100,50,0,0,0,4,False,Cloud,GIANTX,fade,True,10,50,0,0,1,4,False,Flickless,GIANTX,viper,True,100,50,1,0,0,2,False,westside,GIANTX,cypher,True,100,50,0,0,1,0,False
1484.783,6358,ACTIVE_ROUND,12,3,8,20.000,,,MiniBoo,Team Heretics,raze,True,89,1,0,1,1,2,False,RieNs,Team Heretics,fade,False,,22,0,0,0,6,False,Boo,Team Heretics,omen,False,,50,0,0,0,4,False,benjyfishy,Team Heretics,deadlock,True,100,25,0,0,0,2,False,Wo0t,Team Heretics,chamber,False,,25,0,0,0,7,False,grubinho,GIANTX,omen,True,100,50,1,0,0,5,False,ara,GIANTX,raze,True,100,50,0,0,0,4,False,Cloud,GIANTX,fade,True,10,50,0,0,1,4,False,Flickless,GIANTX,viper,True,100,50,1,0,0,2,False,westside,GIANTX,cypher,True,100,50,0,0,1,0,False
1485.017,6359,ACTIVE_ROUND,12,3,8,20.000,,,MiniBoo,Team Heretics,raze,True,89,1,0,1,1,2,False,RieNs,Team Heretics,fade,False,,22,0,0,0,6,False,Boo,Team Heretics,omen,False,,50,0,0,0,4,False,benjyfishy,Team Heretics,deadlock,True,100,25,0,0,0,2,False,Wo0t,Team Heretics,chamber,False,,25,0,0,0,7,False,grubinho,GIANTX,omen,True,100,50,1,0,0,5,False,ara,GIANTX,raze,True,100,50,0,0,0,4,False,Cloud,GIANTX,fade,True,10,50,0,0,1,4,False,Flickless,GIANTX,viper,True,100,50,1,0,0,2,False,westside,GIANTX,cypher,True,100,50,0,0,1,0,False
1485.250,6360,ACTIVE_ROUND,12,3,8,20.000,,,MiniBoo,Team Heretics,raze,True,79,1,0,1,1,2,False,RieNs,Team Heretics,fade,False,,22,0,0,0,6,False,Boo,Team Heretics,omen,False,,50,0,0,0,4,False,benjyfishy,Team Heretics,deadlock,True,100,25,0,0,0,2,False,Wo0t,Team Heretics,chamber,False,,25,0,0,0,7,False,grubinho,GIANTX,omen,True,100,50,1,0,0,5,False,ara,GIANTX,raze,True,100,50,0,0,0,4,False,Cloud,GIANTX,fade,True,10,50,0,0,1,4,False,Flickless,GIANTX,viper,True,100,50,1,0,0,2,False,westside,GIANTX,cypher,True,100,50,0,0,1,0,False
1485.484,6361,ACTIVE_ROUND,12,3,8,19.000,,,MiniBoo,Team Heretics,raze,True,79,1,0,1,1,2,False,RieNs,Team Heretics,fade,False,,22,0,0,0,6,False,Boo,Team Heretics,omen,False,,50,0,0,0,4,False,benjyfishy,Team Heretics,deadlock,True,100,25,0,0,0,2,False,Wo0t,Team Heretics,chamber,False,,25,0,0,0,7,False,grubinho,GIANTX,omen,True,100,50,1,0,0,5,False,ara,GIANTX,raze,True,100,50,0,0,0,4,False,Cloud,GIANTX,fade,True,10,50,0,0,1,4,False,Flickless,GIANTX,viper,True,100,50,1,0,0,2,False,westside,GIANTX,cypher,True,100,50,0,0,1,0,False
1485.718,6362,ACTIVE_ROUND,12,3,8,19.000,,,MiniBoo,Team Heretics,raze,True,79,1,0,1,1,2,False,RieNs,Team Heretics,fade,False,,22,0,0,0,6,False,Boo,Team Heretics,omen,False,,50,0,0,0,4,False,benjyfishy,Team Heretics,deadlock,True,100,25,0,0,0,2,False,Wo0t,Team Heretics,chamber,False,,25,0,0,0,7,False,grubinho,GIANTX,omen,True,100,50,1,0,0,5,False,ara,GIANTX,raze,True,100,50,0,0,0,4,False,Cloud,GIANTX,fade,True,10,50,0,0,1,4,False,Flickless,GIANTX,viper,True,100,50,1,0,0,2,False,westside,GIANTX,cypher,True,100,50,0,0,1,0,False
1485.951,6363,ACTIVE_ROUND,12,3,8,19.000,,,MiniBoo,Team Heretics,raze,True,79,1,0,1,1,2,False,RieNs,Team Heretics,fade,False,,22,0,0,0,6,False,Boo,Team Heretics,omen,False,,50,0,0,0,4,False,benjyfishy,Team Heretics,deadlock,True,100,25,0,0,0,2,False,Wo0t,Team Heretics,chamber,False,,25,0,0,0,7,False,grubinho,GIANTX,omen,True,100,50,1,0,0,5,False,ara,GIANTX,raze,True,100,50,0,0,0,4,False,Cloud,GIANTX,fade,True,10,50,0,0,1,4,False,Flickless,GIANTX,viper,True,100,50,1,0,0,2,False,westside,GIANTX,cypher,True,100,50,0,0,1,0,False
1486.185,6364,ACTIVE_ROUND,12,3,8,19.000,,,MiniBoo,Team Heretics,raze,True,69,1,0,1,1,2,False,RieNs,Team Heretics,fade,False,,22,0,0,0,6,False,Boo,Team Heretics,omen,False,,50,0,0,0,4,False,benjyfishy,Team Heretics,deadlock,True,100,25,0,0,0,2,False,Wo0t,Team Heretics,chamber,False,,25,0,0,0,7,False,grubinho,GIANTX,omen,True,100,50,1,0,0,5,False,ara,GIANTX,raze,True,100,50,0,0,0,4,False,Cloud,GIANTX,fade,True,10,50,0,0,1,4,False,Flickless,GIANTX,viper,True,100,50,1,0,0,2,False,westside,GIANTX,cypher,True,100,50,0,0,1,0,False
1486.418,6365,ACTIVE_ROUND,12,3,8,18.000,,,MiniBoo,Team Heretics,raze,True,69,1,0,1,1,2,False,RieNs,Team Heretics,fade,False,,22,0,0,0,6,False,Boo,Team Heretics,omen,False,,50,0,0,0,4,False,benjyfishy,Team Heretics,deadlock,True,100,25,0,0,0,2,False,Wo0t,Team Heretics,chamber,False,,25,0,0,0,7,False,grubinho,GIANTX,omen,True,100,50,1,0,0,5,False,ara,GIANTX,raze,True,100,50,0,0,0,4,False,Cloud,GIANTX,fade,True,10,50,0,0,1,4,False,Flickless,GIANTX,viper,True,100,50,1,0,0,2,False,westside,GIANTX,cypher,True,100,50,0,0,1,0,False
1486.652,6366,ACTIVE_ROUND,12,3,8,18.000,,,MiniBoo,Team Heretics,raze,True,69,1,0,1,1,2,False,RieNs,Team Heretics,fade,False,,22,0,0,0,6,False,Boo,Team Heretics,omen,False,,50,0,0,0,4,False,benjyfishy,Team Heretics,deadlock,True,100,25,0,0,0,2,False,Wo0t,Team Heretics,chamber,False,,25,0,0,0,7,False,grubinho,GIANTX,omen,True,100,50,1,0,0,5,False,ara,GIANTX,raze,True,100,50,0,0,0,4,False,Cloud,GIANTX,fade,True,10,50,0,0,1,4,False,Flickless,GIANTX,viper,True,100,50,1,0,0,2,False,westside,GIANTX,cypher,True,100,50,0,0,1,0,False
1486.885,6367,ACTIVE_ROUND,12,3,8,18.000,,,MiniBoo,Team Heretics,raze,True,69,1,0,1,1,2,False,RieNs,Team Heretics,fade,False,,22,0,0,0,6,False,Boo,Team Heretics,omen,False,,50,0,0,0,4,False,benjyfishy,Team Heretics,deadlock,True,100,25,0,0,0,2,False,Wo0t,Team Heretics,chamber,False,,25,0,0,0,7,False,grubinho,GIANTX,omen,True,100,50,1,0,0,5,False,ara,GIANTX,raze,True,100,50,0,0,0,4,False,Cloud,GIANTX,fade,True,10,50,0,0,1,4,False,Flickless,GIANTX,viper,True,100,50,1,0,0,2,False,westside,GIANTX,cypher,True,100,50,0,0,1,0,False
1487.119,6368,ACTIVE_ROUND,12,3,8,18.000,,,MiniBoo,Team Heretics,raze,True,69,1,0,1,1,2,False,RieNs,Team Heretics,fade,False,,22,0,0,0,6,False,Boo,Team Heretics,omen,False,,50,0,0,0,4,False,benjyfishy,Team Heretics,deadlock,True,100,25,0,0,0,2,False,Wo0t,Team Heretics,chamber,False,,25,0,0,0,7,False,grubinho,GIANTX,omen,True,100,50,1,0,0,5,False,ara,GIANTX,raze,True,100,50,0,0,0,4,False,Cloud,GIANTX,fade,True,10,50,0,0,1,4,False,Flickless,GIANTX,viper,True,100,50,1,0,0,2,False,westside,GIANTX,cypher,True,100,50,0,0,1,0,False
1487.353,6369,ACTIVE_ROUND,12,3,8,18.000,,,MiniBoo,Team Heretics,raze,True,69,1,0,1,1,2,False,RieNs,Team Heretics,fade,False,,22,0,0,0,6,False,Boo,Team Heretics,omen,False,,50,0,0,0,4,False,benjyfishy,Team Heretics,deadlock,True,100,25,0,0,0,2,False,Wo0t,Team Heretics,chamber,False,,25,0,0,0,7,False,grubinho,GIANTX,omen,True,100,50,1,0,0,5,False,ara,GIANTX,raze,True,100,50,0,0,0,4,False,Cloud,GIANTX,fade,True,10,50,0,0,1,4,False,Flickless,GIANTX,viper,True,100,50,1,0,0,2,False,westside,GIANTX,cypher,True,100,50,0,0,1,0,False
1487.586,6370,ACTIVE_ROUND,12,3,8,17.000,,,MiniBoo,Team Heretics,raze,True,69,1,0,1,1,2,False,RieNs,Team Heretics,fade,False,,22,0,0,0,6,False,Boo,Team Heretics,omen,False,,50,0,0,0,4,False,benjyfishy,Team Heretics,deadlock,True,100,25,0,0,0,2,False,Wo0t,Team Heretics,chamber,False,,25,0,0,0,7,False,grubinho,GIANTX,omen,True,100,50,1,0,0,5,False,ara,GIANTX,raze,True,100,50,0,0,0,4,False,Cloud,GIANTX,fade,True,10,50,0,0,1,4,False,Flickless,GIANTX,viper,True,100,50,1,0,0,2,False,westside,GIANTX,cypher,True,100,50,0,0,1,0,False
1487.820,6371,ACTIVE_ROUND,12,3,8,17.000,,,MiniBoo,Team Heretics,raze,True,69,1,0,1,1,2,False,RieNs,Team Heretics,fade,False,,22,0,0,0,6,False,Boo,Team Heretics,omen,False,,50,0,0,0,4,False,benjyfishy,Team Heretics,deadlock,True,100,25,0,0,0,2,False,Wo0t,Team Heretics,chamber,False,,25,0,0,0,7,False,grubinho,GIANTX,omen,True,100,50,1,0,0,5,False,ara,GIANTX,raze,True,100,50,0,0,0,4,False,Cloud,GIANTX,fade,True,10,50,0,0,1,4,False,Flickless,GIANTX,viper,True,100,50,1,0,0,2,False,westside,GIANTX,cypher,True,100,50,0,0,1,0,False
1488.053,6372,ACTIVE_ROUND,12,3,8,17.000,,,MiniBoo,Team Heretics,raze,True,69,1,0,1,1,2,False,RieNs,Team Heretics,fade,False,,22,0,0,0,6,False,Boo,Team Heretics,omen,False,,50,0,0,0,4,False,benjyfishy,Team Heretics,deadlock,True,100,25,0,0,0,2,False,Wo0t,Team Heretics,chamber,False,,25,0,0,0,7,False,grubinho,GIANTX,omen,True,100,50,1,0,0,5,False,ara,GIANTX,raze,True,100,50,0,0,0,4,False,Cloud,GIANTX,fade,True,10,50,0,0,1,4,False,Flickless,GIANTX,viper,True,100,50,1,0,0,2,False,westside,GIANTX,cypher,True,100,50,0,0,1,0,False
1488.287,6373,ACTIVE_ROUND,12,3,8,17.000,,,MiniBoo,Team Heretics,raze,True,81,1,0,1,1,2,False,RieNs,Team Heretics,fade,False,,22,0,0,0,6,False,Boo,Team Heretics,omen,False,,50,0,0,0,4,False,benjyfishy,Team Heretics,deadlock,True,100,25,0,0,0,2,False,Wo0t,Team Heretics,chamber,False,,25,0,0,0,7,False,grubinho,GIANTX,omen,True,100,50,1,0,0,5,False,ara,GIANTX,raze,True,100,50,0,0,0,4,False,Cloud,GIANTX,fade,True,10,50,0,0,1,4,False,Flickless,GIANTX,viper,True,100,50,1,0,0,2,False,westside,GIANTX,cypher,True,100,50,0,0,1,0,False
1488.520,6374,ACTIVE_ROUND,12,3,8,16.000,,,MiniBoo,Team Heretics,raze,True,81,1,0,1,1,2,False,RieNs,Team Heretics,fade,False,,22,0,0,0,6,False,Boo,Team Heretics,omen,False,,50,0,0,0,4,False,benjyfishy,Team Heretics,deadlock,True,100,25,0,0,0,2,False,Wo0t,Team Heretics,chamber,False,,25,0,0,0,7,False,grubinho,GIANTX,omen,True,100,50,1,0,0,5,False,ara,GIANTX,raze,False,,50,0,0,0,4,False,Cloud,GIANTX,fade,True,10,50,0,0,1,4,False,Flickless,GIANTX,viper,True,100,50,1,0,0,2,False,westside,GIANTX,cypher,True,100,50,0,0,1,0,False
1488.754,6375,ACTIVE_ROUND,12,3,8,16.000,,,MiniBoo,Team Heretics,raze,True,81,1,0,1,1,2,False,RieNs,Team Heretics,fade,False,,22,0,0,0,6,False,Boo,Team Heretics,omen,False,,50,0,0,0,4,False,benjyfishy,Team Heretics,deadlock,True,100,25,0,0,0,2,False,Wo0t,Team Heretics,chamber,False,,25,0,0,0,7,False,grubinho,GIANTX,omen,True,100,50,1,0,0,5,False,ara,GIANTX,raze,False,,50,0,0,0,4,False,Cloud,GIANTX,fade,True,10,50,0,0,1,4,False,Flickless,GIANTX,viper,True,100,50,1,0,0,2,False,westside,GIANTX,cypher,True,100,50,0,0,1,0,False
1488.987,6376,ACTIVE_ROUND,12,3,8,16.000,,,MiniBoo,Team Heretics,raze,True,81,1,0,1,1,2,False,RieNs,Team Heretics,fade,False,,22,0,0,0,6,False,Boo,Team Heretics,omen,False,,50,0,0,0,4,False,benjyfishy,Team Heretics,deadlock,True,100,25,0,0,0,2,False,Wo0t,Team Heretics,chamber,False,,25,0,0,0,7,False,grubinho,GIANTX,omen,True,100,50,1,0,0,5,False,ara,GIANTX,raze,False,,50,0,0,0,4,False,Cloud,GIANTX,fade,True,10,50,0,0,1,4,False,Flickless,GIANTX,viper,True,100,50,1,0,0,2,False,westside,GIANTX,cypher,True,100,50,0,0,1,0,False
1489.221,6377,ACTIVE_ROUND,12,3,8,16.000,,,MiniBoo,Team Heretics,raze,True,81,1,0,0,1,3,False,RieNs,Team Heretics,fade,False,,22,0,0,0,6,False,Boo,Team Heretics,omen,False,,50,0,0,0,4,False,benjyfishy,Team Heretics,deadlock,True,100,25,0,0,0,2,False,Wo0t,Team Heretics,chamber,False,,25,0,0,0,7,False,grubinho,GIANTX,omen,True,100,50,1,0,0,5,False,ara,GIANTX,raze,False,,50,0,0,0,4,False,Cloud,GIANTX,fade,True,10,50,0,0,1,4,False,Flickless,GIANTX,viper,True,100,50,1,0,0,2,False,westside,GIANTX,cypher,True,100,50,0,0,1,0,False
1489.455,6378,ACTIVE_ROUND,12,3,8,15.000,,,MiniBoo,Team Heretics,raze,False,,1,0,0,1,3,False,RieNs,Team Heretics,fade,False,,22,0,0,0,6,False,Boo,Team Heretics,omen,False,,50,0,0,0,4,False,benjyfishy,Team Heretics,deadlock,True,100,25,0,0,0,2,False,Wo0t,Team Heretics,chamber,False,,25,0,0,0,7,False,grubinho,GIANTX,omen,True,100,50,1,0,0,5,False,ara,GIANTX,raze,False,,50,0,0,0,4,False,Cloud,GIANTX,fade,True,10,50,0,0,1,4,False,Flickless,GIANTX,viper,True,100,50,1,0,0,2,False,westside,GIANTX,cypher,True,100,50,0,0,1,0,False
1489.688,6379,ACTIVE_ROUND,12,3,8,15.000,,,MiniBoo,Team Heretics,raze,False,,1,0,0,1,3,False,RieNs,Team Heretics,fade,False,,22,0,0,0,6,False,Boo,Team Heretics,omen,False,,50,0,0,0,4,False,benjyfishy,Team Heretics,deadlock,True,100,25,0,0,0,2,False,Wo0t,Team Heretics,chamber,False,,25,0,0,0,7,False,grubinho,GIANTX,omen,True,100,50,1,0,0,5,False,ara,GIANTX,raze,False,,50,0,0,0,4,False,Cloud,GIANTX,fade,True,10,50,0,0,1,4,False,Flickless,GIANTX,viper,True,100,50,1,0,0,2,False,westside,GIANTX,cypher,True,100,50,0,0,1,0,False
1489.922,6380,ACTIVE_ROUND,12,3,8,15.000,,,MiniBoo,Team Heretics,raze,False,,1,0,0,1,3,False,RieNs,Team Heretics,fade,False,,22,0,0,0,6,False,Boo,Team Heretics,omen,False,,50,0,0,0,4,False,benjyfishy,Team Heretics,deadlock,True,100,25,0,0,0,2,False,Wo0t,Team Heretics,chamber,False,,25,0,0,0,7,False,grubinho,GIANTX,omen,True,100,50,1,0,0,5,False,ara,GIANTX,raze,False,,50,0,0,0,4,False,Cloud,GIANTX,fade,True,10,50,0,0,1,4,False,Flickless,GIANTX,viper,True,100,50,1,0,0,2,False,westside,GIANTX,cypher,True,100,50,0,0,1,0,False
1490.155,6381,ACTIVE_ROUND,12,3,8,15.000,,,MiniBoo,Team Heretics,raze,False,,1,0,0,1,3,False,RieNs,Team Heretics,fade,False,,22,0,0,0,6,False,Boo,Team Heretics,omen,False,,50,0,0,0,4,False,benjyfishy,Team Heretics,deadlock,True,100,25,0,0,0,2,False,Wo0t,Team Heretics,chamber,False,,25,0,0,0,7,False,grubinho,GIANTX,omen,True,100,50,1,0,0,5,False,ara,GIANTX,raze,False,,50,0,0,0,4,False,Cloud,GIANTX,fade,True,10,50,0,0,1,4,False,Flickless,GIANTX,viper,True,100,50,1,0,0,2,False,westside,GIANTX,cypher,True,100,50,0,0,1,1,False
1490.389,6382,ACTIVE_ROUND,12,3,8,15.000,,,MiniBoo,Team Heretics,raze,False,,1,0,0,1,3,False,RieNs,Team Heretics,fade,False,,22,0,0,0,6,False,Boo,Team Heretics,omen,False,,50,0,0,0,4,False,benjyfishy,Team Heretics,deadlock,True,100,25,0,0,0,2,False,Wo0t,Team Heretics,chamber,False,,25,0,0,0,7,False,grubinho,GIANTX,omen,True,100,50,1,0,0,5,False,ara,GIANTX,raze,False,,50,0,0,0,4,False,Cloud,GIANTX,fade,True,10,50,0,0,1,4,False,Flickless,GIANTX,viper,True,100,50,1,0,0,2,False,westside,GIANTX,cypher,True,100,50,0,0,1,1,False
1490.622,6383,ACTIVE_ROUND,12,3,8,14.770,,,MiniBoo,Team Heretics,raze,False,,1,0,0,1,3,False,RieNs,Team Heretics,fade,False,,22,0,0,0,6,False,Boo,Team Heretics,omen,False,,50,0,0,0,4,False,benjyfishy,Team Heretics,deadlock,True,100,25,0,0,0,2,False,Wo0t,Team Heretics,chamber,False,,25,0,0,0,7,False,grubinho,GIANTX,omen,True,100,50,1,0,0,5,False,ara,GIANTX,raze,False,,50,0,0,0,4,False,Cloud,GIANTX,fade,True,10,50,0,0,1,4,False,Flickless,GIANTX,viper,True,100,50,1,0,0,2,False,westside,GIANTX,cypher,True,100,50,0,0,1,1,False
1490.856,6384,ACTIVE_ROUND,12,3,8,14.530,,,MiniBoo,Team Heretics,raze,False,,1,0,0,1,3,False,RieNs,Team Heretics,fade,False,,22,0,0,0,6,False,Boo,Team Heretics,omen,False,,50,0,0,0,4,False,benjyfishy,Team Heretics,deadlock,True,100,25,0,0,0,2,False,Wo0t,Team Heretics,chamber,False,,25,0,0,0,7,False,grubinho,GIANTX,omen,True,100,50,1,0,0,5,False,ara,GIANTX,raze,False,,50,0,0,0,4,False,Cloud,GIANTX,fade,True,10,50,0,0,1,4,False,Flickless,GIANTX,viper,True,100,50,1,0,0,2,False,westside,GIANTX,cypher,True,100,50,0,0,1,1,False
1491.090,6385,ACTIVE_ROUND,12,3,8,14.310,,,MiniBoo,Team Heretics,raze,False,,1,0,0,1,3,False,RieNs,Team Heretics,fade,False,,22,0,0,0,6,False,Boo,Team Heretics,omen,False,,50,0,0,0,4,False,benjyfishy,Team Heretics,deadlock,True,100,25,0,0,0,2,False,Wo0t,Team Heretics,chamber,False,,25,0,0,0,7,False,grubinho,GIANTX,omen,True,100,50,1,0,0,5,False,ara,GIANTX,raze,False,,50,0,0,0,4,False,Cloud,GIANTX,fade,True,10,50,0,0,1,4,False,Flickless,GIANTX,viper,True,100,50,1,0,0,2,False,westside,GIANTX,cypher,True,100,50,0,0,1,1,False
1491.323,6386,ACTIVE_ROUND,12,3,8,14.060,,,MiniBoo,Team Heretics,raze,False,,1,0,0,1,3,False,RieNs,Team Heretics,fade,False,,22,0,0,0,6,False,Boo,Team Heretics,omen,False,,50,0,0,0,4,False,benjyfishy,Team Heretics,deadlock,True,100,25,0,0,0,2,False,Wo0t,Team Heretics,chamber,False,,25,0,0,0,7,False,grubinho,GIANTX,omen,True,100,50,1,0,0,5,False,ara,GIANTX,raze,False,,50,0,0,0,4,False,Cloud,GIANTX,fade,True,10,50,0,0,1,4,False,Flickless,GIANTX,viper,True,100,50,1,0,0,2,False,westside,GIANTX,cypher,True,100,50,0,0,1,1,False
1491.557,6387,ACTIVE_ROUND,12,3,8,13.940,,,MiniBoo,Team Heretics,raze,False,,1,0,0,1,3,False,RieNs,Team Heretics,fade,False,,22,0,0,0,6,False,Boo,Team Heretics,omen,False,,50,0,0,0,4,False,benjyfishy,Team Heretics,deadlock,True,100,25,0,0,0,2,False,Wo0t,Team Heretics,chamber,False,,25,0,0,0,7,False,grubinho,GIANTX,omen,True,100,50,1,0,0,5,False,ara,GIANTX,raze,False,,50,0,0,0,4,False,Cloud,GIANTX,fade,True,10,50,0,0,1,4,False,Flickless,GIANTX,viper,True,100,50,1,0,0,2,False,westside,GIANTX,cypher,True,100,50,0,0,1,1,False
1491.790,6388,ACTIVE_ROUND,12,3,8,13.610,,,MiniBoo,Team Heretics,raze,False,,1,0,0,1,3,False,RieNs,Team Heretics,fade,False,,22,0,0,0,6,False,Boo,Team Heretics,omen,False,,50,0,0,0,4,False,benjyfishy,Team Heretics,deadlock,True,100,25,0,0,0,2,False,Wo0t,Team Heretics,chamber,False,,25,0,0,0,7,False,grubinho,GIANTX,omen,True,100,50,1,0,0,5,False,ara,GIANTX,raze,False,,50,0,0,0,4,False,Cloud,GIANTX,fade,True,10,50,0,0,1,4,False,Flickless,GIANTX,viper,True,100,50,1,0,0,2,False,westside,GIANTX,cypher,True,100,50,0,0,1,1,False
1492.024,6389,ACTIVE_ROUND,12,3,8,13.370,,,MiniBoo,Team Heretics,raze,False,,1,0,0,1,3,False,RieNs,Team Heretics,fade,False,,22,0,0,0,6,False,Boo,Team Heretics,omen,False,,50,0,0,0,4,False,benjyfishy,Team Heretics,deadlock,True,100,25,0,0,0,2,False,Wo0t,Team Heretics,chamber,False,,25,0,0,0,7,False,grubinho,GIANTX,omen,True,100,50,1,0,0,5,False,ara,GIANTX,raze,False,,50,0,0,0,4,False,Cloud,GIANTX,fade,True,10,50,0,0,1,4,False,Flickless,GIANTX,viper,True,100,50,1,0,0,2,False,westside,GIANTX,cypher,True,100,50,0,0,1,1,False
1492.257,6390,ACTIVE_ROUND,12,3,8,13.130,,,MiniBoo,Team Heretics,raze,False,,1,0,0,1,3,False,RieNs,Team Heretics,fade,False,,22,0,0,0,6,False,Boo,Team Heretics,omen,False,,50,0,0,0,4,False,benjyfishy,Team Heretics,deadlock,True,100,25,0,0,0,2,False,Wo0t,Team Heretics,chamber,False,,25,0,0,0,7,False,grubinho,GIANTX,omen,True,100,50,1,0,0,5,False,ara,GIANTX,raze,False,,50,0,0,0,4,False,Cloud,GIANTX,fade,True,10,50,0,0,1,4,False,Flickless,GIANTX,viper,True,100,50,1,0,0,2,False,westside,GIANTX,cypher,True,100,50,0,0,1,1,False
1492.491,6391,ACTIVE_ROUND,12,3,8,12.910,,,MiniBoo,Team Heretics,raze,False,,1,0,0,1,3,False,RieNs,Team Heretics,fade,False,,22,0,0,0,6,False,Boo,Team Heretics,omen,False,,50,0,0,0,4,False,benjyfishy,Team Heretics,deadlock,True,100,25,0,0,0,2,False,Wo0t,Team Heretics,chamber,False,,25,0,0,0,7,False,grubinho,GIANTX,omen,True,100,50,1,0,0,5,False,ara,GIANTX,raze,False,,50,0,0,0,4,False,Cloud,GIANTX,fade,True,10,50,0,0,1,4,False,Flickless,GIANTX,viper,True,100,50,1,0,0,2,False,westside,GIANTX,cypher,True,100,50,0,0,1,1,False
1492.725,6392,ACTIVE_ROUND,12,3,8,12.670,,,MiniBoo,Team Heretics,raze,False,,1,0,0,1,3,False,RieNs,Team Heretics,fade,False,,22,0,0,0,6,False,Boo,Team Heretics,omen,False,,50,0,0,0,4,False,benjyfishy,Team Heretics,deadlock,True,100,25,0,0,0,2,False,Wo0t,Team Heretics,chamber,False,,25,0,0,0,7,False,grubinho,GIANTX,omen,True,100,50,1,0,0,5,False,ara,GIANTX,raze,False,,50,0,0,0,4,False,Cloud,GIANTX,fade,True,10,50,0,0,1,4,False,Flickless,GIANTX,viper,True,100,50,1,0,0,2,False,westside,GIANTX,cypher,True,100,50,0,0,1,1,False
1492.958,6393,ACTIVE_ROUND,12,3,8,12.440,,,MiniBoo,Team Heretics,raze,False,,1,0,0,1,3,False,RieNs,Team Heretics,fade,False,,22,0,0,0,6,False,Boo,Team Heretics,omen,False,,50,0,0,0,4,False,benjyfishy,Team Heretics,deadlock,True,100,25,0,0,0,2,False,Wo0t,Team Heretics,chamber,False,,25,0,0,0,7,False,grubinho,GIANTX,omen,True,100,50,1,0,0,5,False,ara,GIANTX,raze,False,,50,0,0,0,4,False,Cloud,GIANTX,fade,True,10,50,0,0,1,4,False,Flickless,GIANTX,viper,True,100,50,1,0,0,2,False,westside,GIANTX,cypher,True,100,50,0,0,1,1,False
1493.192,6394,ACTIVE_ROUND,12,3,8,12.260,,,MiniBoo,Team Heretics,raze,False,,1,0,0,1,3,False,RieNs,Team Heretics,fade,False,,22,0,0,0,6,False,Boo,Team Heretics,omen,False,,50,0,0,0,4,False,benjyfishy,Team Heretics,deadlock,True,100,25,0,0,0,2,False,Wo0t,Team Heretics,chamber,False,,25,0,0,0,7,False,grubinho,GIANTX,omen,True,100,50,1,0,0,5,False,ara,GIANTX,raze,False,,50,0,0,0,4,False,Cloud,GIANTX,fade,True,10,50,0,0,1,4,False,Flickless,GIANTX,viper,True,100,50,1,0,0,2,False,westside,GIANTX,cypher,True,100,50,0,0,1,1,False
1493.425,6395,ACTIVE_ROUND,12,3,8,11.960,,,MiniBoo,Team Heretics,raze,False,,1,0,0,1,3,False,RieNs,Team Heretics,fade,False,,22,0,0,0,6,False,Boo,Team Heretics,omen,False,,50,0,0,0,4,False,benjyfishy,Team Heretics,deadlock,True,100,25,0,0,0,2,False,Wo0t,Team Heretics,chamber,False,,25,0,0,0,7,False,grubinho,GIANTX,omen,True,100,50,1,0,0,5,False,ara,GIANTX,raze,False,,50,0,0,0,4,False,Cloud,GIANTX,fade,True,10,50,0,0,1,4,False,Flickless,GIANTX,viper,True,100,50,1,0,0,2,False,westside,GIANTX,cypher,True,100,50,0,0,1,1,False
1493.659,6396,ACTIVE_ROUND,12,3,8,11.740,,,MiniBoo,Team Heretics,raze,False,,1,0,0,1,3,False,RieNs,Team Heretics,fade,False,,22,0,0,0,6,False,Boo,Team Heretics,omen,False,,50,0,0,0,4,False,benjyfishy,Team Heretics,deadlock,True,100,25,0,0,0,2,False,Wo0t,Team Heretics,chamber,False,,25,0,0,0,7,False,grubinho,GIANTX,omen,True,100,50,1,0,0,5,False,ara,GIANTX,raze,False,,50,0,0,0,4,False,Cloud,GIANTX,fade,True,10,50,0,0,1,4,False,Flickless,GIANTX,viper,True,100,50,1,0,0,2,False,westside,GIANTX,cypher,True,100,50,0,0,1,1,False
1493.892,6397,ACTIVE_ROUND,12,3,8,11.510,,,MiniBoo,Team Heretics,raze,False,,1,0,0,1,3,False,RieNs,Team Heretics,fade,False,,22,0,0,0,6,False,Boo,Team Heretics,omen,False,,50,0,0,0,4,False,benjyfishy,Team Heretics,deadlock,True,100,25,0,0,0,2,False,Wo0t,Team Heretics,chamber,False,,25,0,0,0,7,False,grubinho,GIANTX,omen,True,100,50,1,0,0,5,False,ara,GIANTX,raze,False,,50,0,0,0,4,False,Cloud,GIANTX,fade,True,10,50,0,0,1,4,False,Flickless,GIANTX,viper,True,100,50,1,0,0,2,False,westside,GIANTX,cypher,True,100,50,0,0,1,1,False
1494.593,6400,ACTIVE_ROUND,12,3,8,,0.000,,MiniBoo,Team Heretics,raze,False,,1,0,0,1,3,False,RieNs,Team Heretics,fade,False,,22,0,0,0,6,False,Boo,Team Heretics,omen,False,,50,0,0,0,4,False,benjyfishy,Team Heretics,deadlock,True,100,25,0,0,0,2,False,Wo0t,Team Heretics,chamber,False,,25,0,0,0,7,False,grubinho,GIANTX,omen,True,100,50,1,0,0,5,False,ara,GIANTX,raze,False,,50,0,0,0,4,False,Cloud,GIANTX,fade,True,10,50,0,0,1,4,False,Flickless,GIANTX,viper,True,100,50,1,0,0,2,False,westside,GIANTX,cypher,True,100,50,0,0,1,1,False
1494.827,6401,ACTIVE_ROUND,12,3,8,,0.234,,MiniBoo,Team Heretics,raze,False,,1,0,0,1,3,False,RieNs,Team Heretics,fade,False,,22,0,0,0,6,False,Boo,Team Heretics,omen,False,,50,0,0,0,4,False,benjyfishy,Team Heretics,deadlock,True,100,25,0,0,0,2,False,Wo0t,Team Heretics,chamber,False,,25,0,0,0,7,False,grubinho,GIANTX,omen,True,100,50,1,0,0,5,False,ara,GIANTX,raze,False,,50,0,0,0,4,False,Cloud,GIANTX,fade,True,10,50,0,0,1,4,False,Flickless,GIANTX,viper,True,100,50,1,0,0,2,False,westside,GIANTX,cypher,True,100,50,0,0,1,1,False
1495.060,6402,ACTIVE_ROUND,12,3,8,,0.467,,MiniBoo,Team Heretics,raze,False,,1,0,0,1,3,False,RieNs,Team Heretics,fade,False,,22,0,0,0,6,False,Boo,Team Heretics,omen,False,,50,0,0,0,4,False,benjyfishy,Team Heretics,deadlock,True,100,25,0,0,0,2,False,Wo0t,Team Heretics,chamber,False,,25,0,0,0,7,False,grubinho,GIANTX,omen,True,100,50,1,0,0,5,False,ara,GIANTX,raze,False,,50,0,0,0,4,False,Cloud,GIANTX,fade,True,10,50,0,0,1,4,False,Flickless,GIANTX,viper,True,100,50,1,0,0,2,False,westside,GIANTX,cypher,True,100,50,0,0,1,1,False
1495.294,6403,ACTIVE_ROUND,12,3,8,,0.701,,MiniBoo,Team Heretics,raze,False,,1,0,0,1,3,False,RieNs,Team Heretics,fade,False,,22,0,0,0,6,False,Boo,Team Heretics,omen,False,,50,0,0,0,4,False,benjyfishy,Team Heretics,deadlock,True,100,25,0,0,0,2,False,Wo0t,Team Heretics,chamber,False,,25,0,0,0,7,False,grubinho,GIANTX,omen,True,100,50,1,0,0,5,False,ara,GIANTX,raze,False,,50,0,0,0,4,False,Cloud,GIANTX,fade,True,10,50,0,0,1,4,False,Flickless,GIANTX,viper,True,100,50,1,0,0,3,False,westside,GIANTX,cypher,True,100,50,0,0,1,1,False
1495.527,6404,ACTIVE_ROUND,12,3,8,,0.934,,MiniBoo,Team Heretics,raze,False,,1,0,0,1,3,False,RieNs,Team Heretics,fade,False,,22,0,0,0,6,False,Boo,Team Heretics,omen,False,,50,0,0,0,4,False,benjyfishy,Team Heretics,deadlock,True,100,25,0,0,0,2,False,Wo0t,Team Heretics,chamber,False,,25,0,0,0,7,False,grubinho,GIANTX,omen,True,100,50,1,0,0,5,False,ara,GIANTX,raze,False,,50,0,0,0,4,False,Cloud,GIANTX,fade,True,10,50,0,0,1,4,False,Flickless,GIANTX,viper,True,100,50,1,0,0,3,False,westside,GIANTX,cypher,True,100,50,0,0,1,1,False
1495.761,6405,ACTIVE_ROUND,12,3,8,,1.168,,MiniBoo,Team Heretics,raze,False,,1,0,0,1,3,False,RieNs,Team Heretics,fade,False,,22,0,0,0,6,False,Boo,Team Heretics,omen,False,,50,0,0,0,4,False,benjyfishy,Team Heretics,deadlock,True,100,25,0,0,0,2,False,Wo0t,Team Heretics,chamber,False,,25,0,0,0,7,False,grubinho,GIANTX,omen,True,100,50,1,0,0,5,False,ara,GIANTX,raze,False,,50,0,0,0,4,False,Cloud,GIANTX,fade,True,10,50,0,0,1,4,False,Flickless,GIANTX,viper,True,100,50,1,0,0,3,False,westside,GIANTX,cypher,True,100,50,0,0,1,1,False
1495.995,6406,ACTIVE_ROUND,12,3,8,,1.401,,MiniBoo,Team Heretics,raze,False,,1,0,0,1,3,False,RieNs,Team Heretics,fade,False,,22,0,0,0,6,False,Boo,Team Heretics,omen,False,,50,0,0,0,4,False,benjyfishy,Team Heretics,deadlock,True,100,25,0,0,0,2,False,Wo0t,Team Heretics,chamber,False,,25,0,0,0,7,False,grubinho,GIANTX,omen,True,100,50,1,0,0,5,False,ara,GIANTX,raze,False,,50,0,0,0,4,False,Cloud,GIANTX,fade,True,10,50,0,0,1,4,False,Flickless,GIANTX,viper,True,100,50,1,0,0,3,False,westside,GIANTX,cypher,True,100,50,0,0,1,1,False
1496.228,6407,ACTIVE_ROUND,12,3,8,,1.635,,MiniBoo,Team Heretics,raze,False,,1,0,0,1,3,False,RieNs,Team Heretics,fade,False,,22,0,0,0,6,False,Boo,Team Heretics,omen,False,,50,0,0,0,4,False,benjyfishy,Team Heretics,deadlock,True,100,25,0,0,0,2,False,Wo0t,Team Heretics,chamber,False,,25,0,0,0,7,False,grubinho,GIANTX,omen,True,100,50,1,0,1,5,False,ara,GIANTX,raze,False,,50,0,0,0,4,False,Cloud,GIANTX,fade,True,10,50,0,0,1,4,False,Flickless,GIANTX,viper,True,100,50,1,0,0,3,False,westside,GIANTX,cypher,True,100,50,0,0,1,1,False
1496.462,6408,ACTIVE_ROUND,12,3,8,,1.869,,MiniBoo,Team Heretics,raze,False,,1,0,0,1,3,False,RieNs,Team Heretics,fade,False,,22,0,0,0,6,False,Boo,Team Heretics,omen,False,,50,0,0,0,4,False,benjyfishy,Team Heretics,deadlock,True,100,25,0,0,0,2,False,Wo0t,Team Heretics,chamber,False,,25,0,0,0,7,False,grubinho,GIANTX,omen,True,100,50,1,0,1,5,False,ara,GIANTX,raze,False,,50,0,0,0,4,False,Cloud,GIANTX,fade,True,10,50,0,0,1,4,False,Flickless,GIANTX,viper,True,100,50,1,0,0,3,False,westside,GIANTX,cypher,True,100,50,0,0,1,1,False
1496.695,6409,ACTIVE_ROUND,12,3,8,,2.102,,MiniBoo,Team Heretics,raze,False,,1,0,0,1,3,False,RieNs,Team Heretics,fade,False,,22,0,0,0,6,False,Boo,Team Heretics,omen,False,,50,0,0,0,4,False,benjyfishy,Team Heretics,deadlock,True,100,25,0,0,0,2,False,Wo0t,Team Heretics,chamber,False,,25,0,0,0,7,False,grubinho,GIANTX,omen,True,100,50,1,0,1,5,False,ara,GIANTX,raze,False,,50,0,0,0,4,False,Cloud,GIANTX,fade,True,10,50,0,0,1,4,False,Flickless,GIANTX,viper,True,100,50,1,0,0,3,False,westside,GIANTX,cypher,True,100,50,0,0,1,1,False
1496.929,6410,ACTIVE_ROUND,12,3,8,,2.336,,MiniBoo,Team Heretics,raze,False,,1,0,0,1,3,False,RieNs,Team Heretics,fade,False,,22,0,0,0,6,False,Boo,Team Heretics,omen,False,,50,0,0,0,4,False,benjyfishy,Team Heretics,deadlock,True,100,25,0,0,0,2,False,Wo0t,Team Heretics,chamber,False,,25,0,0,0,7,False,grubinho,GIANTX,omen,True,100,50,1,0,1,5,False,ara,GIANTX,raze,False,,50,0,0,0,4,False,Cloud,GIANTX,fade,True,10,50,0,0,1,4,False,Flickless,GIANTX,viper,True,100,50,1,0,0,3,False,westside,GIANTX,cypher,True,100,50,0,0,1,1,False
1497.162,6411,ACTIVE_ROUND,12,3,8,,2.569,,MiniBoo,Team Heretics,raze,False,,1,0,0,1,3,False,RieNs,Team Heretics,fade,False,,22,0,0,0,6,False,Boo,Team Heretics,omen,False,,50,0,0,0,4,False,benjyfishy,Team Heretics,deadlock,True,100,25,0,0,0,2,False,Wo0t,Team Heretics,chamber,False,,25,0,0,0,7,False,grubinho,GIANTX,omen,True,100,50,1,0,1,5,False,ara,GIANTX,raze,False,,50,0,0,0,4,False,Cloud,GIANTX,fade,True,10,50,0,0,1,4,False,Flickless,GIANTX,viper,True,100,50,1,0,0,3,False,westside,GIANTX,cypher,True,100,50,0,0,0,1,False
1497.396,6412,ACTIVE_ROUND,12,3,8,,2.803,,MiniBoo,Team Heretics,raze,False,,1,0,0,1,3,False,RieNs,Team Heretics,fade,False,,22,0,0,0,6,False,Boo,Team Heretics,omen,False,,50,0,0,0,4,False,benjyfishy,Team Heretics,deadlock,True,100,25,0,0,0,2,False,Wo0t,Team Heretics,chamber,False,,25,0,0,0,7,False,grubinho,GIANTX,omen,True,100,50,1,0,1,5,False,ara,GIANTX,raze,False,,50,0,0,0,4,False,Cloud,GIANTX,fade,True,10,50,0,0,1,4,False,Flickless,GIANTX,viper,True,100,50,1,0,0,3,False,westside,GIANTX,cypher,True,100,50,0,0,0,1,False
1497.629,6413,ACTIVE_ROUND,12,3,8,,3.036,,MiniBoo,Team Heretics,raze,False,,1,0,0,1,3,False,RieNs,Team Heretics,fade,False,,22,0,0,0,6,False,Boo,Team Heretics,omen,False,,50,0,0,0,4,False,benjyfishy,Team Heretics,deadlock,True,100,25,0,0,0,2,False,Wo0t,Team Heretics,chamber,False,,25,0,0,0,7,False,grubinho,GIANTX,omen,True,100,50,1,0,1,5,False,ara,GIANTX,raze,False,,50,0,0,0,4,False,Cloud,GIANTX,fade,True,10,50,0,0,1,4,False,Flickless,GIANTX,viper,True,100,50,1,0,0,3,False,westside,GIANTX,cypher,True,100,50,0,0,0,1,False
1497.863,6414,ACTIVE_ROUND,12,3,8,,3.270,,MiniBoo,Team Heretics,raze,False,,1,0,0,1,3,False,RieNs,Team Heretics,fade,False,,22,0,0,0,6,False,Boo,Team Heretics,omen,False,,50,0,0,0,4,False,benjyfishy,Team Heretics,deadlock,True,100,25,0,0,0,2,False,Wo0t,Team Heretics,chamber,False,,25,0,0,0,7,False,grubinho,GIANTX,omen,True,100,50,1,0,1,5,False,ara,GIANTX,raze,False,,50,0,0,0,4,False,Cloud,GIANTX,fade,True,10,50,0,0,1,4,False,Flickless,GIANTX,viper,True,100,50,1,0,0,3,False,westside,GIANTX,cypher,True,100,50,0,0,0,1,False
1498.097,6415,ACTIVE_ROUND,12,3,8,,3.504,,MiniBoo,Team Heretics,raze,False,,1,0,0,1,3,False,RieNs,Team Heretics,fade,False,,22,0,0,0,6,False,Boo,Team Heretics,omen,False,,50,0,0,0,4,False,benjyfishy,Team Heretics,deadlock,True,100,25,0,0,1,2,False,Wo0t,Team Heretics,chamber,False,,25,0,0,0,7,False,grubinho,GIANTX,omen,True,100,50,1,0,0,5,False,ara,GIANTX,raze,False,,50,0,0,0,4,False,Cloud,GIANTX,fade,True,10,50,0,0,1,4,False,Flickless,GIANTX,viper,True,100,50,1,0,0,3,False,westside,GIANTX,cypher,True,100,50,0,0,0,1,False
1498.330,6416,ACTIVE_ROUND,12,3,8,,3.737,,MiniBoo,Team Heretics,raze,False,,1,0,0,1,3,False,RieNs,Team Heretics,fade,False,,22,0,0,0,6,False,Boo,Team Heretics,omen,False,,50,0,0,0,4,False,benjyfishy,Team Heretics,deadlock,True,100,25,0,0,1,2,False,Wo0t,Team Heretics,chamber,False,,25,0,0,0,7,False,grubinho,GIANTX,omen,True,100,50,1,0,0,5,False,ara,GIANTX,raze,False,,50,0,0,0,4,False,Cloud,GIANTX,fade,True,10,50,0,0,1,4,False,Flickless,GIANTX,viper,True,100,50,1,0,0,3,False,westside,GIANTX,cypher,True,100,50,0,0,0,1,False
1498.564,6417,ACTIVE_ROUND,12,3,8,,3.971,,MiniBoo,Team Heretics,raze,False,,1,0,0,1,3,False,RieNs,Team Heretics,fade,False,,22,0,0,0,6,False,Boo,Team Heretics,omen,False,,50,0,0,0,4,False,benjyfishy,Team Heretics,deadlock,True,100,25,0,0,1,2,False,Wo0t,Team Heretics,chamber,False,,25,0,0,0,7,False,grubinho,GIANTX,omen,True,100,50,1,0,0,5,False,ara,GIANTX,raze,False,,50,0,0,0,4,False,Cloud,GIANTX,fade,True,10,50,0,0,1,4,False,Flickless,GIANTX,viper,True,100,50,1,0,0,3,False,westside,GIANTX,cypher,True,100,50,0,0,0,1,False
1498.797,6418,ACTIVE_ROUND,12,3,8,,4.204,,MiniBoo,Team Heretics,raze,False,,1,0,0,1,3,False,RieNs,Team Heretics,fade,False,,22,0,0,0,6,False,Boo,Team Heretics,omen,False,,50,0,0,0,4,False,benjyfishy,Team Heretics,deadlock,True,100,25,0,0,1,2,False,Wo0t,Team Heretics,chamber,False,,25,0,0,0,7,False,grubinho,GIANTX,omen,True,100,50,1,0,0,5,False,ara,GIANTX,raze,False,,50,0,0,0,4,False,Cloud,GIANTX,fade,True,10,50,0,0,1,4,False,Flickless,GIANTX,viper,True,100,50,1,0,0,3,False,westside,GIANTX,cypher,True,100,50,0,0,0,1,False
1499.031,6419,ACTIVE_ROUND,12,3,8,,4.438,,MiniBoo,Team Heretics,raze,False,,1,0,0,1,3,False,RieNs,Team Heretics,fade,False,,22,0,0,0,6,False,Boo,Team Heretics,omen,False,,50,0,0,0,4,False,benjyfishy,Team Heretics,deadlock,True,100,25,0,0,1,2,False,Wo0t,Team Heretics,chamber,False,,25,0,0,0,7,False,grubinho,GIANTX,omen,True,100,50,1,0,0,5,False,ara,GIANTX,raze,False,,50,0,0,0,4,False,Cloud,GIANTX,fade,True,10,50,0,0,1,4,False,Flickless,GIANTX,viper,True,100,50,1,0,0,3,False,westside,GIANTX,cypher,True,100,50,0,0,0,1,False
1499.264,6420,ACTIVE_ROUND,12,3,8,,4.671,,MiniBoo,Team Heretics,raze,False,,1,0,0,1,3,False,RieNs,Team Heretics,fade,False,,22,0,0,0,6,False,Boo,Team Heretics,omen,False,,50,0,0,0,4,False,benjyfishy,Team Heretics,deadlock,True,100,25,0,0,1,2,False,Wo0t,Team Heretics,chamber,False,,25,0,0,0,7,False,grubinho,GIANTX,omen,True,100,50,1,0,0,5,False,ara,GIANTX,raze,False,,50,0,0,0,4,False,Cloud,GIANTX,fade,True,10,50,0,0,1,4,False,Flickless,GIANTX,viper,True,100,50,1,0,0,3,False,westside,GIANTX,cypher,True,100,50,0,0,0,1,False
1499.498,6421,ACTIVE_ROUND,12,3,8,,4.905,,MiniBoo,Team Heretics,raze,False,,1,0,0,1,3,False,RieNs,Team Heretics,fade,False,,22,0,0,0,6,False,Boo,Team Heretics,omen,False,,50,0,0,0,4,False,benjyfishy,Team Heretics,deadlock,True,100,25,0,0,1,2,False,Wo0t,Team Heretics,chamber,False,,25,0,0,0,7,False,grubinho,GIANTX,omen,True,100,50,1,0,0,5,False,ara,GIANTX,raze,False,,50,0,0,0,4,False,Cloud,GIANTX,fade,True,10,50,0,0,1,4,False,Flickless,GIANTX,viper,True,100,50,1,0,0,3,False,westside,GIANTX,cypher,True,100,50,0,0,0,1,False
1499.732,6422,ACTIVE_ROUND,12,3,8,,5.138,,MiniBoo,Team Heretics,raze,False,,1,0,0,1,3,False,RieNs,Team Heretics,fade,False,,22,0,0,0,6,False,Boo,Team Heretics,omen,False,,50,0,0,0,4,False,benjyfishy,Team Heretics,deadlock,True,100,25,0,0,1,2,False,Wo0t,Team Heretics,chamber,False,,25,0,0,0,7,False,grubinho,GIANTX,omen,True,100,50,1,0,0,5,False,ara,GIANTX,raze,False,,50,0,0,0,4,False,Cloud,GIANTX,fade,True,10,50,0,0,1,4,False,Flickless,GIANTX,viper,True,100,50,1,0,0,3,False,westside,GIANTX,cypher,True,100,50,0,0,0,1,False
1499.965,6423,ACTIVE_ROUND,12,3,8,,5.372,,MiniBoo,Team Heretics,raze,False,,1,0,0,1,3,False,RieNs,Team Heretics,fade,False,,22,0,0,0,6,False,Boo,Team Heretics,omen,False,,50,0,0,0,4,False,benjyfishy,Team Heretics,deadlock,True,100,25,0,0,1,2,False,Wo0t,Team Heretics,chamber,False,,25,0,0,0,7,False,grubinho,GIANTX,omen,True,100,50,1,0,0,5,False,ara,GIANTX,raze,False,,50,0,0,0,4,False,Cloud,GIANTX,fade,True,10,50,0,0,1,4,False,Flickless,GIANTX,viper,True,100,50,1,0,0,3,False,westside,GIANTX,cypher,True,100,50,0,0,0,1,False
1500.199,6424,ACTIVE_ROUND,12,3,8,,5.606,,MiniBoo,Team Heretics,raze,False,,1,0,0,1,3,False,RieNs,Team Heretics,fade,False,,22,0,0,0,6,False,Boo,Team Heretics,omen,False,,50,0,0,0,4,False,benjyfishy,Team Heretics,deadlock,True,100,25,0,0,1,2,False,Wo0t,Team Heretics,chamber,False,,25,0,0,0,7,False,grubinho,GIANTX,omen,True,100,50,1,0,0,5,False,ara,GIANTX,raze,False,,50,0,0,0,4,False,Cloud,GIANTX,fade,True,10,50,0,0,1,4,False,Flickless,GIANTX,viper,True,100,50,1,0,0,3,False,westside,GIANTX,cypher,True,100,50,0,0,0,1,False
1500.432,6425,ACTIVE_ROUND,12,3,8,,5.839,,MiniBoo,Team Heretics,raze,False,,1,0,0,1,3,False,RieNs,Team Heretics,fade,False,,22,0,0,0,6,False,Boo,Team Heretics,omen,False,,50,0,0,0,4,False,benjyfishy,Team Heretics,deadlock,True,100,25,0,0,1,2,False,Wo0t,Team Heretics,chamber,False,,25,0,0,0,7,False,grubinho,GIANTX,omen,True,100,50,1,0,0,5,False,ara,GIANTX,raze,False,,50,0,0,0,4,False,Cloud,GIANTX,fade,True,10,50,0,0,1,4,False,Flickless,GIANTX,viper,True,100,50,1,0,0,3,False,westside,GIANTX,cypher,True,100,50,0,0,0,1,False
1500.666,6426,ACTIVE_ROUND,12,3,8,,6.073,,MiniBoo,Team Heretics,raze,False,,1,0,0,1,3,False,RieNs,Team Heretics,fade,False,,22,0,0,0,6,False,Boo,Team Heretics,omen,False,,50,0,0,0,4,False,benjyfishy,Team Heretics,deadlock,True,100,25,0,0,1,2,False,Wo0t,Team Heretics,chamber,False,,25,0,0,0,7,False,grubinho,GIANTX,omen,True,100,50,1,0,0,5,False,ara,GIANTX,raze,False,,50,0,0,0,4,False,Cloud,GIANTX,fade,True,10,50,0,0,1,4,False,Flickless,GIANTX,viper,True,100,50,1,0,0,3,False,westside,GIANTX,cypher,True,100,50,0,0,0,1,False
1500.899,6427,ACTIVE_ROUND,12,3,8,,6.306,,MiniBoo,Team Heretics,raze,False,,1,0,0,1,3,False,RieNs,Team Heretics,fade,False,,22,0,0,0,6,False,Boo,Team Heretics,omen,False,,50,0,0,0,4,False,benjyfishy,Team Heretics,deadlock,True,100,25,0,0,1,2,False,Wo0t,Team Heretics,chamber,False,,25,0,0,0,7,False,grubinho,GIANTX,omen,True,100,50,1,0,0,5,False,ara,GIANTX,raze,False,,50,0,0,0,4,False,Cloud,GIANTX,fade,True,10,50,0,0,1,4,False,Flickless,GIANTX,viper,True,100,50,1,0,0,3,False,westside,GIANTX,cypher,True,100,50,0,0,0,1,False
1501.133,6428,ACTIVE_ROUND,12,3,8,,6.540,,MiniBoo,Team Heretics,raze,False,,1,0,0,1,3,False,RieNs,Team Heretics,fade,False,,22,0,0,0,6,False,Boo,Team Heretics,omen,False,,50,0,0,0,4,False,benjyfishy,Team Heretics,deadlock,True,100,25,0,0,1,2,False,Wo0t,Team Heretics,chamber,False,,25,0,0,0,7,False,grubinho,GIANTX,omen,True,100,50,1,0,0,5,False,ara,GIANTX,raze,False,,50,0,0,0,4,False,Cloud,GIANTX,fade,True,10,50,0,0,1,4,False,Flickless,GIANTX,viper,True,100,50,1,0,0,3,False,westside,GIANTX,cypher,True,100,50,0,0,0,1,False
1501.367,6429,ACTIVE_ROUND,12,3,8,,6.773,,MiniBoo,Team Heretics,raze,False,,1,0,0,1,3,False,RieNs,Team Heretics,fade,False,,22,0,0,0,6,False,Boo,Team Heretics,omen,False,,50,0,0,0,4,False,benjyfishy,Team Heretics,deadlock,True,100,25,0,0,1,2,False,Wo0t,Team Heretics,chamber,False,,25,0,0,0,7,False,grubinho,GIANTX,omen,True,100,50,1,0,0,5,False,ara,GIANTX,raze,False,,50,0,0,0,4,False,Cloud,GIANTX,fade,True,10,50,0,0,1,4,False,Flickless,GIANTX,viper,True,100,50,1,0,0,3,False,westside,GIANTX,cypher,True,100,50,0,0,0,1,False
1501.600,6430,ACTIVE_ROUND,12,3,8,,7.007,,MiniBoo,Team Heretics,raze,False,,1,0,0,1,3,False,RieNs,Team Heretics,fade,False,,22,0,0,0,6,False,Boo,Team Heretics,omen,False,,50,0,0,0,4,False,benjyfishy,Team Heretics,deadlock,True,100,25,0,0,1,2,False,Wo0t,Team Heretics,chamber,False,,25,0,0,0,7,False,grubinho,GIANTX,omen,True,100,50,1,0,0,5,False,ara,GIANTX,raze,False,,50,0,0,0,4,False,Cloud,GIANTX,fade,True,10,50,0,0,1,4,False,Flickless,GIANTX,viper,True,100,50,1,0,0,3,False,westside,GIANTX,cypher,True,100,50,0,0,0,1,False
1501.834,6431,ACTIVE_ROUND,12,3,8,,7.241,,MiniBoo,Team Heretics,raze,False,,1,0,0,1,3,False,RieNs,Team Heretics,fade,False,,22,0,0,0,6,False,Boo,Team Heretics,omen,False,,50,0,0,0,4,False,benjyfishy,Team Heretics,deadlock,True,100,25,0,0,1,2,False,Wo0t,Team Heretics,chamber,False,,25,0,0,0,7,False,grubinho,GIANTX,omen,True,100,50,1,0,0,5,False,ara,GIANTX,raze,False,,50,0,0,0,4,False,Cloud,GIANTX,fade,True,10,50,0,0,1,4,False,Flickless,GIANTX,viper,True,100,50,1,0,0,3,False,westside,GIANTX,cypher,True,100,50,0,0,0,1,False
1502.067,6432,ACTIVE_ROUND,12,3,8,,7.474,,MiniBoo,Team Heretics,raze,False,,1,0,0,1,3,False,RieNs,Team Heretics,fade,False,,22,0,0,0,6,False,Boo,Team Heretics,omen,False,,50,0,0,0,4,False,benjyfishy,Team Heretics,deadlock,True,100,25,0,0,1,2,False,Wo0t,Team Heretics,chamber,False,,25,0,0,0,7,False,grubinho,GIANTX,omen,True,100,50,1,0,0,5,False,ara,GIANTX,raze,False,,50,0,0,0,4,False,Cloud,GIANTX,fade,True,10,50,0,0,1,4,False,Flickless,GIANTX,viper,True,100,50,1,0,0,3,False,westside,GIANTX,cypher,True,100,50,0,0,0,1,False
1502.301,6433,ACTIVE_ROUND,12,3,8,,7.708,,MiniBoo,Team Heretics,raze,False,,1,0,0,1,3,False,RieNs,Team Heretics,fade,False,,22,0,0,0,6,False,Boo,Team Heretics,omen,False,,50,0,0,0,4,False,benjyfishy,Team Heretics,deadlock,True,100,25,0,0,1,2,False,Wo0t,Team Heretics,chamber,False,,25,0,0,0,7,False,grubinho,GIANTX,omen,True,100,50,1,0,0,5,False,ara,GIANTX,raze,False,,50,0,0,0,4,False,Cloud,GIANTX,fade,True,10,50,0,0,1,4,False,Flickless,GIANTX,viper,True,100,50,1,0,0,3,False,westside,GIANTX,cypher,True,100,50,0,0,0,1,False
1502.534,6434,ACTIVE_ROUND,12,3,8,,7.941,,MiniBoo,Team Heretics,raze,False,,1,0,0,1,3,False,RieNs,Team Heretics,fade,False,,22,0,0,0,6,False,Boo,Team Heretics,omen,False,,50,0,0,0,4,False,benjyfishy,Team Heretics,deadlock,True,100,25,0,0,1,2,False,Wo0t,Team Heretics,chamber,False,,25,0,0,0,7,False,grubinho,GIANTX,omen,True,100,50,1,0,0,5,False,ara,GIANTX,raze,False,,50,0,0,0,4,False,Cloud,GIANTX,fade,True,10,50,0,0,1,4,False,Flickless,GIANTX,viper,True,100,50,1,0,0,3,False,westside,GIANTX,cypher,True,100,50,0,0,0,1,False
1502.768,6435,ACTIVE_ROUND,12,3,8,,8.175,,MiniBoo,Team Heretics,raze,False,,1,0,0,1,3,False,RieNs,Team Heretics,fade,False,,22,0,0,0,6,False,Boo,Team Heretics,omen,False,,50,0,0,0,4,False,benjyfishy,Team Heretics,deadlock,True,100,25,0,0,1,2,False,Wo0t,Team Heretics,chamber,False,,25,0,0,0,7,False,grubinho,GIANTX,omen,True,100,50,1,0,0,5,False,ara,GIANTX,raze,False,,50,0,0,0,4,False,Cloud,GIANTX,fade,True,10,50,0,0,1,4,False,Flickless,GIANTX,viper,True,100,50,1,0,0,3,False,westside,GIANTX,cypher,True,100,50,0,0,0,1,False
1503.002,6436,ACTIVE_ROUND,12,3,8,,8.408,,MiniBoo,Team Heretics,raze,False,,1,0,0,1,3,False,RieNs,Team Heretics,fade,False,,22,0,0,0,6,False,Boo,Team Heretics,omen,False,,50,0,0,0,4,False,benjyfishy,Team Heretics,deadlock,True,100,25,0,0,1,2,False,Wo0t,Team Heretics,chamber,False,,25,0,0,0,7,False,grubinho,GIANTX,omen,True,100,50,1,0,0,5,False,ara,GIANTX,raze,False,,50,0,0,0,4,False,Cloud,GIANTX,fade,True,10,50,0,0,1,4,False,Flickless,GIANTX,viper,True,100,50,1,0,0,3,False,westside,GIANTX,cypher,True,100,50,0,0,0,1,False
1503.235,6437,ACTIVE_ROUND,12,3,8,,8.642,,MiniBoo,Team Heretics,raze,False,,1,0,0,1,3,False,RieNs,Team Heretics,fade,False,,22,0,0,0,6,False,Boo,Team Heretics,omen,False,,50,0,0,0,4,False,benjyfishy,Team Heretics,deadlock,True,100,25,0,0,1,2,False,Wo0t,Team Heretics,chamber,False,,25,0,0,0,7,False,grubinho,GIANTX,omen,True,100,50,1,0,0,5,False,ara,GIANTX,raze,False,,50,0,0,0,4,False,Cloud,GIANTX,fade,True,10,50,0,0,1,4,False,Flickless,GIANTX,viper,True,100,50,1,0,0,3,False,westside,GIANTX,cypher,True,100,50,0,0,0,1,False
1503.469,6438,ACTIVE_ROUND,12,3,8,,8.876,,MiniBoo,Team Heretics,raze,False,,1,0,0,1,3,False,RieNs,Team Heretics,fade,False,,22,0,0,0,6,False,Boo,Team Heretics,omen,False,,50,0,0,0,4,False,benjyfishy,Team Heretics,deadlock,True,100,25,0,0,1,2,False,Wo0t,Team Heretics,chamber,False,,25,0,0,0,7,False,grubinho,GIANTX,omen,True,100,50,1,0,0,5,False,ara,GIANTX,raze,False,,50,0,0,0,4,False,Cloud,GIANTX,fade,True,10,50,0,0,1,4,False,Flickless,GIANTX,viper,True,100,50,1,0,0,3,False,westside,GIANTX,cypher,True,100,50,0,0,0,1,False
1503.702,6439,ACTIVE_ROUND,12,3,8,,9.109,,MiniBoo,Team Heretics,raze,False,,1,0,0,1,3,False,RieNs,Team Heretics,fade,False,,22,0,0,0,6,False,Boo,Team Heretics,omen,False,,50,0,0,0,4,False,benjyfishy,Team Heretics,deadlock,True,100,25,0,0,1,2,False,Wo0t,Team Heretics,chamber,False,,25,0,0,0,7,False,grubinho,GIANTX,omen,True,100,50,1,0,0,5,False,ara,GIANTX,raze,False,,50,0,0,0,4,False,Cloud,GIANTX,fade,True,10,50,0,0,1,4,False,Flickless,GIANTX,viper,True,100,50,1,0,0,3,False,westside,GIANTX,cypher,True,100,50,0,0,0,1,False
1503.936,6440,ACTIVE_ROUND,12,3,8,,9.343,,MiniBoo,Team Heretics,raze,False,,1,0,0,1,3,False,RieNs,Team Heretics,fade,False,,22,0,0,0,6,False,Boo,Team Heretics,omen,False,,50,0,0,0,4,False,benjyfishy,Team Heretics,deadlock,True,100,25,0,0,1,2,False,Wo0t,Team Heretics,chamber,False,,25,0,0,0,7,False,grubinho,GIANTX,omen,True,100,50,1,0,0,5,False,ara,GIANTX,raze,False,,50,0,0,0,4,False,Cloud,GIANTX,fade,True,10,50,0,0,1,4,False,Flickless,GIANTX,viper,True,100,50,1,0,0,3,False,westside,GIANTX,cypher,False,,50,0,0,0,1,False
1504.169,6441,ACTIVE_ROUND,12,3,8,,9.576,,MiniBoo,Team Heretics,raze,False,,1,0,0,1,3,False,RieNs,Team Heretics,fade,False,,22,0,0,0,6,False,Boo,Team Heretics,omen,False,,50,0,0,0,4,False,benjyfishy,Team Heretics,deadlock,True,100,25,0,0,1,3,False,Wo0t,Team Heretics,chamber,False,,25,0,0,0,7,False,grubinho,GIANTX,omen,True,100,50,1,0,0,5,False,ara,GIANTX,raze,False,,50,0,0,0,4,False,Cloud,GIANTX,fade,True,10,50,0,0,1,4,False,Flickless,GIANTX,viper,True,100,50,1,0,0,3,False,westside,GIANTX,cypher,False,,50,0,0,0,1,False
1504.403,6442,ACTIVE_ROUND,12,3,8,,9.810,,MiniBoo,Team Heretics,raze,False,,1,0,0,1,3,False,RieNs,Team Heretics,fade,False,,22,0,0,0,6,False,Boo,Team Heretics,omen,False,,50,0,0,0,4,False,benjyfishy,Team Heretics,deadlock,True,100,25,0,0,1,3,False,Wo0t,Team Heretics,chamber,False,,25,0,0,0,7,False,grubinho,GIANTX,omen,True,100,50,1,0,0,5,False,ara,GIANTX,raze,False,,50,0,0,0,4,False,Cloud,GIANTX,fade,True,10,50,0,0,1,4,False,Flickless,GIANTX,viper,True,100,50,1,0,0,3,False,westside,GIANTX,cypher,False,,50,0,0,0,1,False
1504.636,6443,ACTIVE_ROUND,12,3,8,,10.043,,MiniBoo,Team Heretics,raze,False,,1,0,0,1,3,False,RieNs,Team Heretics,fade,False,,22,0,0,0,6,False,Boo,Team Heretics,omen,False,,50,0,0,0,4,False,benjyfishy,Team Heretics,deadlock,True,100,25,0,0,1,3,False,Wo0t,Team Heretics,chamber,False,,25,0,0,0,7,False,grubinho,GIANTX,omen,True,100,50,1,0,0,5,False,ara,GIANTX,raze,False,,50,0,0,0,4,False,Cloud,GIANTX,fade,True,10,50,0,0,1,4,False,Flickless,GIANTX,viper,True,100,50,1,0,0,3,False,westside,GIANTX,cypher,False,,50,0,0,0,1,False
1504.870,6444,ACTIVE_ROUND,12,3,8,,10.277,,MiniBoo,Team Heretics,raze,False,,1,0,0,1,3,False,RieNs,Team Heretics,fade,False,,22,0,0,0,6,False,Boo,Team Heretics,omen,False,,50,0,0,0,4,False,benjyfishy,Team Heretics,deadlock,True,100,25,0,0,1,3,False,Wo0t,Team Heretics,chamber,False,,25,0,0,0,7,False,grubinho,GIANTX,omen,True,100,50,1,0,0,5,False,ara,GIANTX,raze,False,,50,0,0,0,4,False,Cloud,GIANTX,fade,True,10,50,0,0,1,4,False,Flickless,GIANTX,viper,True,100,50,1,0,0,3,False,westside,GIANTX,cypher,False,,50,0,0,0,1,False
1505.104,6445,ACTIVE_ROUND,12,3,8,,10.510,,MiniBoo,Team Heretics,raze,False,,1,0,0,1,3,False,RieNs,Team Heretics,fade,False,,22,0,0,0,6,False,Boo,Team Heretics,omen,False,,50,0,0,0,4,False,benjyfishy,Team Heretics,deadlock,True,100,25,0,0,1,3,False,Wo0t,Team Heretics,chamber,False,,25,0,0,0,7,False,grubinho,GIANTX,omen,True,100,50,1,0,0,5,False,ara,GIANTX,raze,False,,50,0,0,0,4,False,Cloud,GIANTX,fade,True,10,50,0,0,1,4,False,Flickless,GIANTX,viper,True,100,50,1,0,0,3,False,westside,GIANTX,cypher,False,,50,0,0,0,1,False
1505.337,6446,ACTIVE_ROUND,12,3,8,,10.744,,MiniBoo,Team Heretics,raze,False,,1,0,0,1,3,False,RieNs,Team Heretics,fade,False,,22,0,0,0,6,False,Boo,Team Heretics,omen,False,,50,0,0,0,4,False,benjyfishy,Team Heretics,deadlock,True,100,25,0,0,1,3,False,Wo0t,Team Heretics,chamber,False,,25,0,0,0,7,False,grubinho,GIANTX,omen,True,100,50,1,0,0,5,False,ara,GIANTX,raze,False,,50,0,0,0,4,False,Cloud,GIANTX,fade,True,10,50,0,0,1,4,False,Flickless,GIANTX,viper,True,100,50,1,0,0,3,False,westside,GIANTX,cypher,False,,50,0,0,0,1,False
1505.571,6447,ACTIVE_ROUND,12,3,8,,10.978,,MiniBoo,Team Heretics,raze,False,,1,0,0,1,3,False,RieNs,Team Heretics,fade,False,,22,0,0,0,6,False,Boo,Team Heretics,omen,False,,50,0,0,0,4,False,benjyfishy,Team Heretics,deadlock,True,100,25,0,0,1,3,False,Wo0t,Team Heretics,chamber,False,,25,0,0,0,7,False,grubinho,GIANTX,omen,True,100,50,1,0,0,5,False,ara,GIANTX,raze,False,,50,0,0,0,4,False,Cloud,GIANTX,fade,True,10,50,0,0,1,4,False,Flickless,GIANTX,viper,True,100,50,1,0,0,3,False,westside,GIANTX,cypher,False,,50,0,0,0,1,False
1505.804,6448,ACTIVE_ROUND,12,3,8,,11.211,,MiniBoo,Team Heretics,raze,False,,1,0,0,1,3,False,RieNs,Team Heretics,fade,False,,22,0,0,0,6,False,Boo,Team Heretics,omen,False,,50,0,0,0,4,False,benjyfishy,Team Heretics,deadlock,True,100,25,0,0,1,3,False,Wo0t,Team Heretics,chamber,False,,25,0,0,0,7,False,grubinho,GIANTX,omen,True,100,50,1,0,0,5,False,ara,GIANTX,raze,False,,50,0,0,0,4,False,Cloud,GIANTX,fade,True,10,50,0,0,1,4,False,Flickless,GIANTX,viper,True,100,50,1,0,0,3,False,westside,GIANTX,cypher,False,,50,0,0,0,1,False
1506.038,6449,ACTIVE_ROUND,12,3,8,,11.445,,MiniBoo,Team Heretics,raze,False,,1,0,0,1,3,False,RieNs,Team Heretics,fade,False,,22,0,0,0,6,False,Boo,Team Heretics,omen,False,,50,0,0,0,4,False,benjyfishy,Team Heretics,deadlock,True,100,25,0,0,1,3,False,Wo0t,Team Heretics,chamber,False,,25,0,0,0,7,False,grubinho,GIANTX,omen,True,100,50,1,0,0,5,False,ara,GIANTX,raze,False,,50,0,0,0,4,False,Cloud,GIANTX,fade,True,10,50,0,0,1,4,False,Flickless,GIANTX,viper,True,100,50,1,0,0,3,False,westside,GIANTX,cypher,False,,50,0,0,0,1,False
1506.271,6450,ACTIVE_ROUND,12,3,8,,11.678,,MiniBoo,Team Heretics,raze,False,,1,0,0,1,3,False,RieNs,Team Heretics,fade,False,,22,0,0,0,6,False,Boo,Team Heretics,omen,False,,50,0,0,0,4,False,benjyfishy,Team Heretics,deadlock,True,100,25,0,0,1,3,False,Wo0t,Team Heretics,chamber,False,,25,0,0,0,7,False,grubinho,GIANTX,omen,True,100,50,1,0,0,5,False,ara,GIANTX,raze,False,,50,0,0,0,4,False,Cloud,GIANTX,fade,True,10,50,0,0,1,4,False,Flickless,GIANTX,viper,True,100,50,1,0,0,3,False,westside,GIANTX,cypher,False,,50,0,0,0,1,False
1506.505,6451,ACTIVE_ROUND,12,3,8,,11.912,,MiniBoo,Team Heretics,raze,False,,1,0,0,1,3,False,RieNs,Team Heretics,fade,False,,22,0,0,0,6,False,Boo,Team Heretics,omen,False,,50,0,0,0,4,False,benjyfishy,Team Heretics,deadlock,True,100,25,0,0,1,3,False,Wo0t,Team Heretics,chamber,False,,25,0,0,0,7,False,grubinho,GIANTX,omen,True,100,50,1,0,0,5,False,ara,GIANTX,raze,False,,50,0,0,0,4,False,Cloud,GIANTX,fade,True,10,50,0,0,1,4,False,Flickless,GIANTX,viper,True,100,50,1,0,0,3,False,westside,GIANTX,cypher,False,,50,0,0,0,1,False
1506.739,6452,ACTIVE_ROUND,12,3,8,,12.145,,MiniBoo,Team Heretics,raze,False,,1,0,0,1,3,False,RieNs,Team Heretics,fade,False,,22,0,0,0,6,False,Boo,Team Heretics,omen,False,,50,0,0,0,4,False,benjyfishy,Team Heretics,deadlock,True,100,25,0,0,1,3,False,Wo0t,Team Heretics,chamber,False,,25,0,0,0,7,False,grubinho,GIANTX,omen,True,100,50,1,0,0,5,False,ara,GIANTX,raze,False,,50,0,0,0,4,False,Cloud,GIANTX,fade,True,10,50,0,0,1,4,False,Flickless,GIANTX,viper,True,100,50,1,0,0,3,False,westside,GIANTX,cypher,False,,50,0,0,0,1,False
1506.972,6453,ACTIVE_ROUND,12,3,8,,12.379,,MiniBoo,Team Heretics,raze,False,,1,0,0,1,3,False,RieNs,Team Heretics,fade,False,,22,0,0,0,6,False,Boo,Team Heretics,omen,False,,50,0,0,0,4,False,benjyfishy,Team Heretics,deadlock,True,100,25,0,0,1,3,False,Wo0t,Team Heretics,chamber,False,,25,0,0,0,7,False,grubinho,GIANTX,omen,True,100,50,1,0,0,5,False,ara,GIANTX,raze,False,,50,0,0,0,4,False,Cloud,GIANTX,fade,True,10,50,0,0,1,4,False,Flickless,GIANTX,viper,True,100,50,1,0,0,3,False,westside,GIANTX,cypher,False,,50,0,0,0,1,False
1507.206,6454,ACTIVE_ROUND,12,3,8,,12.613,,MiniBoo,Team Heretics,raze,False,,1,0,0,1,3,False,RieNs,Team Heretics,fade,False,,22,0,0,0,6,False,Boo,Team Heretics,omen,False,,50,0,0,0,4,False,benjyfishy,Team Heretics,deadlock,True,100,25,0,0,1,3,False,Wo0t,Team Heretics,chamber,False,,25,0,0,0,7,False,grubinho,GIANTX,omen,True,100,50,1,0,0,5,False,ara,GIANTX,raze,False,,50,0,0,0,4,False,Cloud,GIANTX,fade,True,10,50,0,0,1,4,False,Flickless,GIANTX,viper,True,100,50,1,0,0,3,False,westside,GIANTX,cypher,False,,50,0,0,0,1,False
1507.439,6455,ACTIVE_ROUND,12,3,8,,12.846,,MiniBoo,Team Heretics,raze,False,,1,0,0,1,3,False,RieNs,Team Heretics,fade,False,,22,0,0,0,6,False,Boo,Team Heretics,omen,False,,50,0,0,0,4,False,benjyfishy,Team Heretics,deadlock,True,100,25,0,0,1,3,False,Wo0t,Team Heretics,chamber,False,,25,0,0,0,7,False,grubinho,GIANTX,omen,True,100,50,1,0,0,5,False,ara,GIANTX,raze,False,,50,0,0,0,4,False,Cloud,GIANTX,fade,True,10,50,0,0,1,4,False,Flickless,GIANTX,viper,True,100,50,1,0,0,3,False,westside,GIANTX,cypher,False,,50,0,0,0,1,False
1507.673,6456,ACTIVE_ROUND,12,3,8,,13.080,,MiniBoo,Team Heretics,raze,False,,1,0,0,1,3,False,RieNs,Team Heretics,fade,False,,22,0,0,0,6,False,Boo,Team Heretics,omen,False,,50,0,0,0,4,False,benjyfishy,Team Heretics,deadlock,True,100,25,0,0,1,3,False,Wo0t,Team Heretics,chamber,False,,25,0,0,0,7,False,grubinho,GIANTX,omen,True,100,50,1,0,0,5,False,ara,GIANTX,raze,False,,50,0,0,0,4,False,Cloud,GIANTX,fade,True,10,50,0,0,1,4,False,Flickless,GIANTX,viper,True,100,50,1,0,0,3,False,westside,GIANTX,cypher,False,,50,0,0,0,1,False
1507.906,6457,ACTIVE_ROUND,12,3,8,,13.313,,MiniBoo,Team Heretics,raze,False,,1,0,0,1,3,False,RieNs,Team Heretics,fade,False,,22,0,0,0,6,False,Boo,Team Heretics,omen,False,,50,0,0,0,4,False,benjyfishy,Team Heretics,deadlock,True,100,25,0,0,1,3,False,Wo0t,Team Heretics,chamber,False,,25,0,0,0,7,False,grubinho,GIANTX,omen,True,100,50,1,0,0,5,False,ara,GIANTX,raze,False,,50,0,0,0,4,False,Cloud,GIANTX,fade,True,10,50,0,0,1,4,False,Flickless,GIANTX,viper,True,100,50,1,0,0,3,False,westside,GIANTX,cypher,False,,50,0,0,0,1,False
1508.140,6458,POST_ROUND,12,3,9,,,0.000,MiniBoo,Team Heretics,raze,False,,1,0,0,1,3,False,RieNs,Team Heretics,fade,False,,22,0,0,0,6,False,Boo,Team Heretics,omen,False,,50,0,0,0,4,False,benjyfishy,Team Heretics,deadlock,True,100,25,0,0,0,4,False,Wo0t,Team Heretics,chamber,False,,25,0,0,0,7,False,grubinho,GIANTX,omen,True,100,50,1,0,0,6,False,ara,GIANTX,raze,False,,50,0,0,0,4,False,Cloud,GIANTX,fade,True,10,50,0,0,1,4,False,Flickless,GIANTX,viper,True,100,50,1,0,0,3,False,westside,GIANTX,cypher,False,,50,0,0,0,1,False
1508.374,6459,POST_ROUND,12,3,9,,,0.234,MiniBoo,Team Heretics,raze,False,,1,0,0,1,3,False,RieNs,Team Heretics,fade,False,,22,0,0,0,6,False,Boo,Team Heretics,omen,False,,50,0,0,0,4,False,benjyfishy,Team Heretics,deadlock,False,,25,0,0,0,4,False,Wo0t,Team Heretics,chamber,False,,25,0,0,0,7,False,grubinho,GIANTX,omen,True,100,50,1,0,0,6,False,ara,GIANTX,raze,False,,50,0,0,0,4,False,Cloud,GIANTX,fade,True,10,50,0,0,1,4,False,Flickless,GIANTX,viper,True,100,50,1,0,0,3,False,westside,GIANTX,cypher,False,,50,0,0,0,1,False
1508.607,6460,POST_ROUND,12,3,9,,,0.467,MiniBoo,Team Heretics,raze,False,,1,0,0,1,3,False,RieNs,Team Heretics,fade,False,,22,0,0,0,6,False,Boo,Team Heretics,omen,False,,50,0,0,0,4,False,benjyfishy,Team Heretics,deadlock,False,,25,0,0,0,4,False,Wo0t,Team Heretics,chamber,False,,25,0,0,0,7,False,grubinho,GIANTX,omen,True,100,50,1,0,0,6,False,ara,GIANTX,raze,False,,50,0,0,0,4,False,Cloud,GIANTX,fade,True,10,50,0,0,1,4,False,Flickless,GIANTX,viper,True,100,50,1,0,0,3,False,westside,GIANTX,cypher,False,,50,0,0,0,1,False
1508.841,6461,POST_ROUND,12,3,9,,,0.701,MiniBoo,Team Heretics,raze,False,,1,0,0,1,3,False,RieNs,Team Heretics,fade,False,,22,0,0,0,6,False,Boo,Team Heretics,omen,False,,50,0,0,0,4,False,benjyfishy,Team Heretics,deadlock,False,,25,0,0,0,4,False,Wo0t,Team Heretics,chamber,False,,25,0,0,0,7,False,grubinho,GIANTX,omen,True,100,50,1,0,0,6,False,ara,GIANTX,raze,False,,50,0,0,0,4,False,Cloud,GIANTX,fade,True,10,50,0,0,1,4,False,Flickless,GIANTX,viper,True,100,50,1,0,0,3,False,westside,GIANTX,cypher,False,,50,0,0,0,1,False
1509.074,6462,POST_ROUND,12,3,9,,,0.934,MiniBoo,Team Heretics,raze,False,,1,0,0,1,3,False,RieNs,Team Heretics,fade,False,,22,0,0,0,6,False,Boo,Team Heretics,omen,False,,50,0,0,0,4,False,benjyfishy,Team Heretics,deadlock,False,,25,0,0,0,4,False,Wo0t,Team Heretics,chamber,False,,25,0,0,0,7,False,grubinho,GIANTX,omen,True,100,50,1,0,0,6,False,ara,GIANTX,raze,False,,50,0,0,0,4,False,Cloud,GIANTX,fade,True,10,50,0,0,1,4,False,Flickless,GIANTX,viper,True,100,50,1,0,0,3,False,westside,GIANTX,cypher,False,,50,0,0,0,1,False
1509.308,6463,POST_ROUND,12,3,9,,,1.168,MiniBoo,Team Heretics,raze,False,,1,0,0,1,3,False,RieNs,Team Heretics,fade,False,,22,0,0,0,6,False,Boo,Team Heretics,omen,False,,50,0,0,0,4,False,benjyfishy,Team Heretics,deadlock,False,,25,0,0,0,4,False,Wo0t,Team Heretics,chamber,False,,25,0,0,0,7,False,grubinho,GIANTX,omen,True,100,50,1,0,0,6,False,ara,GIANTX,raze,False,,50,0,0,0,4,False,Cloud,GIANTX,fade,True,10,50,0,0,1,4,False,Flickless,GIANTX,viper,True,100,50,1,0,0,3,False,westside,GIANTX,cypher,False,,50,0,0,0,1,False
1509.541,6464,POST_ROUND,12,3,9,,,1.401,MiniBoo,Team Heretics,raze,False,,1,0,0,1,3,False,RieNs,Team Heretics,fade,False,,22,0,0,0,6,False,Boo,Team Heretics,omen,False,,50,0,0,0,4,False,benjyfishy,Team Heretics,deadlock,False,,25,0,0,0,4,False,Wo0t,Team Heretics,chamber,False,,25,0,0,0,7,False,grubinho,GIANTX,omen,True,100,50,1,0,0,6,False,ara,GIANTX,raze,False,,50,0,0,0,4,False,Cloud,GIANTX,fade,True,10,50,0,0,1,4,False,Flickless,GIANTX,viper,True,100,50,1,0,0,3,False,westside,GIANTX,cypher,False,,50,0,0,0,1,False
1509.775,6465,POST_ROUND,12,3,9,,,1.635,MiniBoo,Team Heretics,raze,False,,1,0,0,1,3,False,RieNs,Team Heretics,fade,False,,22,0,0,0,6,False,Boo,Team Heretics,omen,False,,50,0,0,0,4,False,benjyfishy,Team Heretics,deadlock,False,,25,0,0,0,4,False,Wo0t,Team Heretics,chamber,False,,25,0,0,0,7,False,grubinho,GIANTX,omen,True,100,50,1,0,0,6,False,ara,GIANTX,raze,False,,50,0,0,0,4,False,Cloud,GIANTX,fade,True,10,50,0,0,1,4,False,Flickless,GIANTX,viper,True,100,50,1,0,0,3,False,westside,GIANTX,cypher,False,,50,0,0,0,1,False
1510.009,6466,POST_ROUND,12,3,9,,,1.869,MiniBoo,Team Heretics,raze,False,,1,0,0,1,3,False,RieNs,Team Heretics,fade,False,,22,0,0,0,6,False,Boo,Team Heretics,omen,False,,50,0,0,0,4,False,benjyfishy,Team Heretics,deadlock,False,,25,0,0,0,4,False,Wo0t,Team Heretics,chamber,False,,25,0,0,0,7,False,grubinho,GIANTX,omen,True,100,50,1,0,0,6,False,ara,GIANTX,raze,False,,50,0,0,0,4,False,Cloud,GIANTX,fade,True,10,50,0,0,1,4,False,Flickless,GIANTX,viper,True,100,50,1,0,0,3,False,westside,GIANTX,cypher,False,,50,0,0,0,1,False
1510.242,6467,POST_ROUND,12,3,9,,,2.102,MiniBoo,Team Heretics,raze,False,,1,0,0,1,3,False,RieNs,Team Heretics,fade,False,,22,0,0,0,6,False,Boo,Team Heretics,omen,False,,50,0,0,0,4,False,benjyfishy,Team Heretics,deadlock,False,,25,0,0,0,4,False,Wo0t,Team Heretics,chamber,False,,25,0,0,0,7,False,grubinho,GIANTX,omen,True,100,50,1,0,0,6,False,ara,GIANTX,raze,False,,50,0,0,0,4,False,Cloud,GIANTX,fade,True,10,50,0,0,1,4,False,Flickless,GIANTX,viper,True,100,50,1,0,0,3,False,westside,GIANTX,cypher,False,,50,0,0,0,1,False
1510.476,6468,POST_ROUND,12,3,9,,,2.336,MiniBoo,Team Heretics,raze,False,,1,0,0,1,3,False,RieNs,Team Heretics,fade,False,,22,0,0,0,6,False,Boo,Team Heretics,omen,False,,50,0,0,0,4,False,benjyfishy,Team Heretics,deadlock,False,,25,0,0,0,4,False,Wo0t,Team Heretics,chamber,False,,25,0,0,0,7,False,grubinho,GIANTX,omen,True,100,50,1,0,0,6,False,ara,GIANTX,raze,False,,50,0,0,0,4,False,Cloud,GIANTX,fade,True,10,50,0,0,1,4,False,Flickless,GIANTX,viper,True,100,50,1,0,0,3,False,westside,GIANTX,cypher,False,,50,0,0,0,1,False
1510.709,6469,POST_ROUND,12,3,9,,,2.569,MiniBoo,Team Heretics,raze,False,,1,0,0,1,3,False,RieNs,Team Heretics,fade,False,,22,0,0,0,6,False,Boo,Team Heretics,omen,False,,50,0,0,0,4,False,benjyfishy,Team Heretics,deadlock,False,,25,0,0,0,4,False,Wo0t,Team Heretics,chamber,False,,25,0,0,0,7,False,grubinho,GIANTX,omen,True,100,50,1,0,0,6,False,ara,GIANTX,raze,False,,50,0,0,0,4,False,Cloud,GIANTX,fade,True,10,50,0,0,1,4,False,Flickless,GIANTX,viper,True,100,50,1,0,0,3,False,westside,GIANTX,cypher,False,,50,0,0,0,1,False
1691.723,7244,PREROUND,13,3,9,,,,MiniBoo,Team Heretics,raze,True,,,0,0,1,0,False,RieNs,Team Heretics,fade,True,,,1,0,1,0,False,Boo,Team Heretics,omen,True,,,0,1,2,0,False,benjyfishy,Team Heretics,deadlock,True,,,1,0,1,0,False,Wo0t,Team Heretics,chamber,True,,,0,6,1,0,False,grubinho,GIANTX,omen,True,,,0,1,2,0,False,ara,GIANTX,raze,True,,,1,0,1,0,False,Cloud,GIANTX,fade,True,,,1,0,1,0,False,Flickless,GIANTX,viper,True,,,0,1,0,0,False,westside,GIANTX,cypher,True,,,0,0,1,0,False
1691.957,7245,PREROUND,13,3,9,,,,MiniBoo,Team Heretics,raze,True,,,0,0,1,0,False,RieNs,Team Heretics,fade,True,,,1,0,1,0,False,Boo,Team Heretics,omen,True,,,0,1,2,0,False,benjyfishy,Team Heretics,deadlock,True,,,1,0,1,0,False,Wo0t,Team Heretics,chamber,True,,,0,6,1,0,False,grubinho,GIANTX,omen,True,,,0,1,2,0,False,ara,GIANTX,raze,True,,,1,0,1,0,False,Cloud,GIANTX,fade,True,,,1,0,1,0,False,Flickless,GIANTX,viper,True,,,0,1,0,0,False,westside,GIANTX,cypher,True,,,0,0,1,0,False
1692.190,7246,PREROUND,13,3,9,,,,MiniBoo,Team Heretics,raze,True,,,0,0,1,0,False,RieNs,Team Heretics,fade,True,,,1,0,1,0,False,Boo,Team Heretics,omen,True,,,0,1,2,0,False,benjyfishy,Team Heretics,deadlock,True,,,1,0,1,0,False,Wo0t,Team Heretics,chamber,True,,,0,6,1,0,False,grubinho,GIANTX,omen,True,,,0,1,2,0,False,ara,GIANTX,raze,True,,,1,0,1,0,False,Cloud,GIANTX,fade,True,,,1,0,1,0,False,Flickless,GIANTX,viper,True,,,0,1,0,0,False,westside,GIANTX,cypher,True,,,0,0,1,0,False
1692.424,7247,PREROUND,13,3,9,,,,MiniBoo,Team Heretics,raze,True,,,0,0,1,0,False,RieNs,Team Heretics,fade,True,,,1,0,1,0,False,Boo,Team Heretics,omen,True,,,0,1,2,0,False,benjyfishy,Team Heretics,deadlock,True,,,1,0,1,0,False,Wo0t,Team Heretics,chamber,True,,,0,6,1,0,False,grubinho,GIANTX,omen,True,,,0,1,2,0,False,ara,GIANTX,raze,True,,,1,0,1,0,False,Cloud,GIANTX,fade,True,,,1,0,1,0,False,Flickless,GIANTX,viper,True,,,0,1,0,0,False,westside,GIANTX,cypher,True,,,0,0,1,0,False
1692.658,7248,PREROUND,13,3,9,,,,MiniBoo,Team Heretics,raze,True,,,0,0,1,0,False,RieNs,Team Heretics,fade,True,,,1,0,1,0,False,Boo,Team Heretics,omen,True,,,0,1,2,0,False,benjyfishy,Team Heretics,deadlock,True,,,1,0,1,0,False,Wo0t,Team Heretics,chamber,True,,,0,6,1,0,False,grubinho,GIANTX,omen,True,,,0,1,2,0,False,ara,GIANTX,raze,True,,,1,0,1,0,False,Cloud,GIANTX,fade,True,,,1,0,1,0,False,Flickless,GIANTX,viper,True,,,0,1,0,0,False,westside,GIANTX,cypher,True,,,0,0,1,0,False
1692.891,7249,PREROUND,13,3,9,,,,MiniBoo,Team Heretics,raze,True,,,0,0,1,0,False,RieNs,Team Heretics,fade,True,,,1,0,1,0,False,Boo,Team Heretics,omen,True,,,0,1,2,0,False,benjyfishy,Team Heretics,deadlock,True,,,1,0,1,0,False,Wo0t,Team Heretics,chamber,True,,,0,6,1,0,False,grubinho,GIANTX,omen,True,,,0,1,2,0,False,ara,GIANTX,raze,True,,,1,0,1,0,False,Cloud,GIANTX,fade,True,,,1,0,1,0,False,Flickless,GIANTX,viper,True,,,0,1,0,0,False,westside,GIANTX,cypher,True,,,0,0,1,0,False
1693.125,7250,PREROUND,13,3,9,,,,MiniBoo,Team Heretics,raze,True,,,0,0,1,0,False,RieNs,Team Heretics,fade,True,,,1,0,1,0,False,Boo,Team Heretics,omen,True,,,0,1,2,0,False,benjyfishy,Team Heretics,deadlock,True,,,1,0,1,0,False,Wo0t,Team Heretics,chamber,True,,,0,6,1,0,False,grubinho,GIANTX,omen,True,,,0,1,2,0,False,ara,GIANTX,raze,True,,,1,0,1,0,False,Cloud,GIANTX,fade,True,,,1,0,1,0,False,Flickless,GIANTX,viper,True,,,0,1,0,0,False,westside,GIANTX,cypher,True,,,0,0,1,0,False
1693.358,7251,PREROUND,13,3,9,,,,MiniBoo,Team Heretics,raze,True,,,0,0,1,0,False,RieNs,Team Heretics,fade,True,,,1,0,1,0,False,Boo,Team Heretics,omen,True,,,0,1,2,0,False,benjyfishy,Team Heretics,deadlock,True,,,1,0,1,0,False,Wo0t,Team Heretics,chamber,True,,,0,6,1,0,False,grubinho,GIANTX,omen,True,,,0,1,2,0,False,ara,GIANTX,raze,True,,,1,0,1,0,False,Cloud,GIANTX,fade,True,,,1,0,1,0,False,Flickless,GIANTX,viper,True,,,0,1,0,0,False,westside,GIANTX,cypher,True,,,0,0,1,0,False
1693.592,7252,PREROUND,13,3,9,,,,MiniBoo,Team Heretics,raze,True,,,0,0,1,0,False,RieNs,Team Heretics,fade,True,,,1,0,1,0,False,Boo,Team Heretics,omen,True,,,0,1,2,0,False,benjyfishy,Team Heretics,deadlock,True,,,1,0,1,0,False,Wo0t,Team Heretics,chamber,True,,,0,6,1,0,False,grubinho,GIANTX,omen,True,,,0,1,2,0,False,ara,GIANTX,raze,True,,,1,0,1,0,False,Cloud,GIANTX,fade,True,,,1,0,1,0,False,Flickless,GIANTX,viper,True,,,0,1,0,0,False,westside,GIANTX,cypher,True,,,0,0,1,0,False
1693.825,7253,PREROUND,13,3,9,,,,MiniBoo,Team Heretics,raze,True,,,0,0,1,0,False,RieNs,Team Heretics,fade,True,,,1,0,1,0,False,Boo,Team Heretics,omen,True,,,0,1,2,0,False,benjyfishy,Team Heretics,deadlock,True,,,1,0,1,0,False,Wo0t,Team Heretics,chamber,True,,,0,6,1,0,False,grubinho,GIANTX,omen,True,,,0,1,2,0,False,ara,GIANTX,raze,True,,,1,0,1,0,False,Cloud,GIANTX,fade,True,,,1,0,1,0,False,Flickless,GIANTX,viper,True,,,0,1,0,0,False,westside,GIANTX,cypher,True,,,0,0,1,0,False
1694.059,7254,PREROUND,13,3,9,,,,MiniBoo,Team Heretics,raze,True,,,0,0,1,0,False,RieNs,Team Heretics,fade,True,,,1,0,1,0,False,Boo,Team Heretics,omen,True,,,0,1,2,0,False,benjyfishy,Team Heretics,deadlock,True,,,1,0,1,0,False,Wo0t,Team Heretics,chamber,True,,,0,6,1,0,False,grubinho,GIANTX,omen,True,,,0,1,2,0,False,ara,GIANTX,raze,True,,,1,0,1,0,False,Cloud,GIANTX,fade,True,,,1,0,1,0,False,Flickless,GIANTX,viper,True,,,0,1,0,0,False,westside,GIANTX,cypher,True,,,0,0,1,0,False
1694.293,7255,PREROUND,13,3,9,,,,MiniBoo,Team Heretics,raze,True,,,0,0,1,0,False,RieNs,Team Heretics,fade,True,,,1,0,1,0,False,Boo,Team Heretics,omen,True,,,0,1,2,0,False,benjyfishy,Team Heretics,deadlock,True,,,1,0,1,0,False,Wo0t,Team Heretics,chamber,True,,,0,6,1,0,False,grubinho,GIANTX,omen,True,,,0,1,2,0,False,ara,GIANTX,raze,True,,,1,0,1,0,False,Cloud,GIANTX,fade,True,,,1,0,1,0,False,Flickless,GIANTX,viper,True,,,0,1,0,0,False,westside,GIANTX,cypher,True,,,0,0,1,0,False
1694.526,7256,PREROUND,13,3,9,,,,MiniBoo,Team Heretics,raze,True,,,0,0,1,0,False,RieNs,Team Heretics,fade,True,,,1,0,1,0,False,Boo,Team Heretics,omen,True,,,0,1,2,0,False,benjyfishy,Team Heretics,deadlock,True,,,1,0,1,0,False,Wo0t,Team Heretics,chamber,True,,,0,6,1,0,False,grubinho,GIANTX,omen,True,,,0,1,2,0,False,ara,GIANTX,raze,True,,,1,0,1,0,False,Cloud,GIANTX,fade,True,,,1,0,1,0,False,Flickless,GIANTX,viper,True,,,0,1,0,0,False,westside,GIANTX,cypher,True,,,0,0,1,0,False
1694.760,7257,PREROUND,13,3,9,,,,MiniBoo,Team Heretics,raze,True,,,0,0,1,0,False,RieNs,Team Heretics,fade,True,,,1,0,1,0,False,Boo,Team Heretics,omen,True,,,0,1,2,0,False,benjyfishy,Team Heretics,deadlock,True,,,1,0,1,0,False,Wo0t,Team Heretics,chamber,True,,,0,6,1,0,False,grubinho,GIANTX,omen,True,,,0,1,2,0,False,ara,GIANTX,raze,True,,,1,0,1,0,False,Cloud,GIANTX,fade,True,,,1,0,1,0,False,Flickless,GIANTX,viper,True,,,0,1,0,0,False,westside,GIANTX,cypher,True,,,0,0,1,0,False
1694.993,7258,PREROUND,13,3,9,,,,MiniBoo,Team Heretics,raze,True,,,0,0,1,0,False,RieNs,Team Heretics,fade,True,,,1,0,1,0,False,Boo,Team Heretics,omen,True,,,0,1,2,0,False,benjyfishy,Team Heretics,deadlock,True,,,1,0,1,0,False,Wo0t,Team Heretics,chamber,True,,,0,6,1,0,False,grubinho,GIANTX,omen,True,,,0,1,2,0,False,ara,GIANTX,raze,True,,,1,0,1,0,False,Cloud,GIANTX,fade,True,,,1,0,1,0,False,Flickless,GIANTX,viper,True,,,0,1,0,0,False,westside,GIANTX,cypher,True,,,0,0,1,0,False
1695.227,7259,PREROUND,13,3,9,,,,MiniBoo,Team Heretics,raze,True,,,0,0,1,0,False,RieNs,Team Heretics,fade,True,,,1,0,1,0,False,Boo,Team Heretics,omen,True,,,0,1,2,0,False,benjyfishy,Team Heretics,deadlock,True,,,1,0,1,0,False,Wo0t,Team Heretics,chamber,True,,,0,6,1,0,False,grubinho,GIANTX,omen,True,,,0,1,2,0,False,ara,GIANTX,raze,True,,,1,0,1,0,False,Cloud,GIANTX,fade,True,,,1,0,1,0,False,Flickless,GIANTX,viper,True,,,0,1,0,0,False,westside,GIANTX,cypher,True,,,0,0,1,0,False
1695.460,7260,PREROUND,13,3,9,,,,MiniBoo,Team Heretics,raze,True,,,0,0,1,0,False,RieNs,Team Heretics,fade,True,,,1,0,1,0,False,Boo,Team Heretics,omen,True,,,0,1,2,0,False,benjyfishy,Team Heretics,deadlock,True,,,1,0,1,0,False,Wo0t,Team Heretics,chamber,True,,,0,6,1,0,False,grubinho,GIANTX,omen,True,,,0,1,2,0,False,ara,GIANTX,raze,True,,,1,0,1,0,False,Cloud,GIANTX,fade,True,,,1,0,1,0,False,Flickless,GIANTX,viper,True,,,0,1,0,0,False,westside,GIANTX,cypher,True,,,0,0,1,0,False
1695.694,7261,PREROUND,13,3,9,,,,MiniBoo,Team Heretics,raze,True,,,0,0,1,0,False,RieNs,Team Heretics,fade,True,,,1,0,1,0,False,Boo,Team Heretics,omen,True,,,0,1,2,0,False,benjyfishy,Team Heretics,deadlock,True,,,1,0,1,0,False,Wo0t,Team Heretics,chamber,True,,,0,6,1,0,False,grubinho,GIANTX,omen,True,,,0,1,2,0,False,ara,GIANTX,raze,True,,,1,0,1,0,False,Cloud,GIANTX,fade,True,,,1,0,1,0,False,Flickless,GIANTX,viper,True,,,0,1,0,0,False,westside,GIANTX,cypher,True,,,0,0,1,0,False
1695.928,7262,PREROUND,13,3,9,,,,MiniBoo,Team Heretics,raze,True,,,0,0,1,0,False,RieNs,Team Heretics,fade,True,,,1,0,1,0,False,Boo,Team Heretics,omen,True,,,0,1,2,0,False,benjyfishy,Team Heretics,deadlock,True,,,1,0,1,0,False,Wo0t,Team Heretics,chamber,True,,,0,6,1,0,False,grubinho,GIANTX,omen,True,,,0,1,2,0,False,ara,GIANTX,raze,True,,,1,0,1,0,False,Cloud,GIANTX,fade,True,,,1,0,1,0,False,Flickless,GIANTX,viper,True,,,0,1,0,0,False,westside,GIANTX,cypher,True,,,0,0,1,0,False
1696.161,7263,PREROUND,13,3,9,,,,MiniBoo,Team Heretics,raze,True,,,0,0,1,0,False,RieNs,Team Heretics,fade,True,,,1,0,1,0,False,Boo,Team Heretics,omen,True,,,0,1,2,0,False,benjyfishy,Team Heretics,deadlock,True,,,1,0,1,0,False,Wo0t,Team Heretics,chamber,True,,,0,6,1,0,False,grubinho,GIANTX,omen,True,,,0,1,2,0,False,ara,GIANTX,raze,True,,,1,0,1,0,False,Cloud,GIANTX,fade,True,,,1,0,1,0,False,Flickless,GIANTX,viper,True,,,0,1,0,0,False,westside,GIANTX,cypher,True,,,0,0,1,0,False
1696.395,7264,PREROUND,13,3,9,,,,MiniBoo,Team Heretics,raze,True,,,0,0,1,0,False,RieNs,Team Heretics,fade,True,,,1,0,1,0,False,Boo,Team Heretics,omen,True,,,0,1,2,0,False,benjyfishy,Team Heretics,deadlock,True,,,1,0,1,0,False,Wo0t,Team Heretics,chamber,True,,,0,6,1,0,False,grubinho,GIANTX,omen,True,,,0,1,2,0,False,ara,GIANTX,raze,True,,,1,0,1,0,False,Cloud,GIANTX,fade,True,,,1,0,1,0,False,Flickless,GIANTX,viper,True,,,0,1,0,0,False,westside,GIANTX,cypher,True,,,0,0,1,0,False
1696.628,7265,PREROUND,13,3,9,,,,MiniBoo,Team Heretics,raze,True,,,0,0,1,0,False,RieNs,Team Heretics,fade,True,,,1,0,1,0,False,Boo,Team Heretics,omen,True,,,0,1,2,0,False,benjyfishy,Team Heretics,deadlock,True,,,1,0,1,0,False,Wo0t,Team Heretics,chamber,True,,,0,6,1,0,False,grubinho,GIANTX,omen,True,,,0,1,2,0,False,ara,GIANTX,raze,True,,,1,0,1,0,False,Cloud,GIANTX,fade,True,,,1,0,1,0,False,Flickless,GIANTX,viper,True,,,0,1,0,0,False,westside,GIANTX,cypher,True,,,0,0,1,0,False
1696.862,7266,PREROUND,13,3,9,,,,MiniBoo,Team Heretics,raze,True,,,0,0,1,0,False,RieNs,Team Heretics,fade,True,,,1,0,1,0,False,Boo,Team Heretics,omen,True,,,0,1,2,0,False,benjyfishy,Team Heretics,deadlock,True,,,1,0,1,0,False,Wo0t,Team Heretics,chamber,True,,,0,6,1,0,False,grubinho,GIANTX,omen,True,,,0,1,2,0,False,ara,GIANTX,raze,True,,,1,0,1,0,False,Cloud,GIANTX,fade,True,,,1,0,1,0,False,Flickless,GIANTX,viper,True,,,0,1,0,0,False,westside,GIANTX,cypher,True,,,0,0,1,0,False
1697.095,7267,PREROUND,13,3,9,,,,MiniBoo,Team Heretics,raze,True,,,0,0,1,0,False,RieNs,Team Heretics,fade,True,,,1,0,1,0,False,Boo,Team Heretics,omen,True,,,0,1,2,0,False,benjyfishy,Team Heretics,deadlock,True,,,1,0,1,0,False,Wo0t,Team Heretics,chamber,True,,,0,6,1,0,False,grubinho,GIANTX,omen,True,,,0,1,2,0,False,ara,GIANTX,raze,True,,,1,0,1,0,False,Cloud,GIANTX,fade,True,,,1,0,1,0,False,Flickless,GIANTX,viper,True,,,0,1,0,0,False,westside,GIANTX,cypher,True,,,0,0,1,0,False
1697.329,7268,PREROUND,13,3,9,,,,MiniBoo,Team Heretics,raze,True,,,0,0,1,0,False,RieNs,Team Heretics,fade,True,,,1,0,1,0,False,Boo,Team Heretics,omen,True,,,0,1,2,0,False,benjyfishy,Team Heretics,deadlock,True,,,1,0,1,0,False,Wo0t,Team Heretics,chamber,True,,,0,6,1,0,False,grubinho,GIANTX,omen,True,,,0,1,2,0,False,ara,GIANTX,raze,True,,,1,0,1,0,False,Cloud,GIANTX,fade,True,,,1,0,1,0,False,Flickless,GIANTX,viper,True,,,0,1,0,0,False,westside,GIANTX,cypher,True,,,0,0,1,0,False
1697.563,7269,PREROUND,13,3,9,,,,MiniBoo,Team Heretics,raze,True,,,0,0,1,0,False,RieNs,Team Heretics,fade,True,,,1,0,1,0,False,Boo,Team Heretics,omen,True,,,0,1,2,0,False,benjyfishy,Team Heretics,deadlock,True,,,1,0,1,0,False,Wo0t,Team Heretics,chamber,True,,,0,6,1,0,False,grubinho,GIANTX,omen,True,,,0,1,2,0,False,ara,GIANTX,raze,True,,,1,0,1,0,False,Cloud,GIANTX,fade,True,,,1,0,1,0,False,Flickless,GIANTX,viper,True,,,0,1,0,0,False,westside,GIANTX,cypher,True,,,0,0,1,0,False
1697.796,7270,PREROUND,13,3,9,,,,MiniBoo,Team Heretics,raze,True,,,0,0,1,0,False,RieNs,Team Heretics,fade,True,,,1,0,1,0,False,Boo,Team Heretics,omen,True,,,0,1,2,0,False,benjyfishy,Team Heretics,deadlock,True,,,1,0,1,0,False,Wo0t,Team Heretics,chamber,True,,,0,6,1,0,False,grubinho,GIANTX,omen,True,,,0,1,2,0,False,ara,GIANTX,raze,True,,,1,0,1,0,False,Cloud,GIANTX,fade,True,,,1,0,1,0,False,Flickless,GIANTX,viper,True,,,0,1,0,0,False,westside,GIANTX,cypher,True,,,0,0,1,0,False
1698.030,7271,PREROUND,13,3,9,,,,MiniBoo,Team Heretics,raze,True,,,0,0,1,0,False,RieNs,Team Heretics,fade,True,,,1,0,1,0,False,Boo,Team Heretics,omen,True,,,0,1,2,0,False,benjyfishy,Team Heretics,deadlock,True,,,1,0,1,0,False,Wo0t,Team Heretics,chamber,True,,,0,6,1,0,False,grubinho,GIANTX,omen,True,,,0,1,2,0,False,ara,GIANTX,raze,True,,,1,0,1,0,False,Cloud,GIANTX,fade,True,,,1,0,1,0,False,Flickless,GIANTX,viper,True,,,0,1,0,0,False,westside,GIANTX,cypher,True,,,0,0,1,0,False
1698.263,7272,PREROUND,13,3,9,,,,MiniBoo,Team Heretics,raze,True,,,0,0,1,0,False,RieNs,Team Heretics,fade,True,,,1,0,1,0,False,Boo,Team Heretics,omen,True,,,0,1,2,0,False,benjyfishy,Team Heretics,deadlock,True,,,1,0,1,0,False,Wo0t,Team Heretics,chamber,True,,,0,6,1,0,False,grubinho,GIANTX,omen,True,,,0,1,2,0,False,ara,GIANTX,raze,True,,,1,0,1,0,False,Cloud,GIANTX,fade,True,,,1,0,1,0,False,Flickless,GIANTX,viper,True,,,0,1,0,0,False,westside,GIANTX,cypher,True,,,0,0,1,0,False
1698.497,7273,PREROUND,13,3,9,,,,MiniBoo,Team Heretics,raze,True,,,0,0,1,0,False,RieNs,Team Heretics,fade,True,,,1,0,1,0,False,Boo,Team Heretics,omen,True,,,0,1,2,0,False,benjyfishy,Team Heretics,deadlock,True,,,1,0,1,0,False,Wo0t,Team Heretics,chamber,True,,,0,6,1,0,False,grubinho,GIANTX,omen,True,,,0,1,2,0,False,ara,GIANTX,raze,True,,,1,0,1,0,False,Cloud,GIANTX,fade,True,,,1,0,1,0,False,Flickless,GIANTX,viper,True,,,0,1,0,0,False,westside,GIANTX,cypher,True,,,0,0,1,0,False
1698.730,7274,PREROUND,13,3,9,,,,MiniBoo,Team Heretics,raze,True,,,0,0,1,0,False,RieNs,Team Heretics,fade,True,,,1,0,1,0,False,Boo,Team Heretics,omen,True,,,0,1,2,0,False,benjyfishy,Team Heretics,deadlock,True,,,1,0,1,0,False,Wo0t,Team Heretics,chamber,True,,,0,6,1,0,False,grubinho,GIANTX,omen,True,,,0,1,2,0,False,ara,GIANTX,raze,True,,,1,0,1,0,False,Cloud,GIANTX,fade,True,,,1,0,1,0,False,Flickless,GIANTX,viper,True,,,0,1,0,0,False,westside,GIANTX,cypher,True,,,0,0,1,0,False
1698.964,7275,PREROUND,13,3,9,,,,MiniBoo,Team Heretics,raze,True,,,0,0,1,0,False,RieNs,Team Heretics,fade,True,,,1,0,1,0,False,Boo,Team Heretics,omen,True,,,0,1,2,0,False,benjyfishy,Team Heretics,deadlock,True,,,1,0,1,0,False,Wo0t,Team Heretics,chamber,True,,,0,6,1,0,False,grubinho,GIANTX,omen,True,,,0,1,2,0,False,ara,GIANTX,raze,True,,,1,0,1,0,False,Cloud,GIANTX,fade,True,,,1,0,1,0,False,Flickless,GIANTX,viper,True,,,0,1,0,0,False,westside,GIANTX,cypher,True,,,0,0,1,0,False
1699.197,7276,PREROUND,13,3,9,,,,MiniBoo,Team Heretics,raze,True,,,0,0,1,0,False,RieNs,Team Heretics,fade,True,,,1,0,1,0,False,Boo,Team Heretics,omen,True,,,0,1,2,0,False,benjyfishy,Team Heretics,deadlock,True,,,1,0,1,0,False,Wo0t,Team Heretics,chamber,True,,,0,6,1,0,False,grubinho,GIANTX,omen,True,,,0,1,2,0,False,ara,GIANTX,raze,True,,,1,0,1,0,False,Cloud,GIANTX,fade,True,,,1,0,1,0,False,Flickless,GIANTX,viper,True,,,0,1,0,0,False,westside,GIANTX,cypher,True,,,0,0,1,0,False
1699.431,7277,PREROUND,13,3,9,,,,MiniBoo,Team Heretics,raze,True,,,0,0,1,0,False,RieNs,Team Heretics,fade,True,,,1,0,1,0,False,Boo,Team Heretics,omen,True,,,0,1,2,0,False,benjyfishy,Team Heretics,deadlock,True,,,1,0,1,0,False,Wo0t,Team Heretics,chamber,True,,,0,6,1,0,False,grubinho,GIANTX,omen,True,,,0,1,2,0,False,ara,GIANTX,raze,True,,,1,0,1,0,False,Cloud,GIANTX,fade,True,,,1,0,1,0,False,Flickless,GIANTX,viper,True,,,0,1,0,0,False,westside,GIANTX,cypher,True,,,0,0,1,0,False
1699.665,7278,PREROUND,13,3,9,,,,MiniBoo,Team Heretics,raze,True,,,0,0,1,0,False,RieNs,Team Heretics,fade,True,,,1,0,1,0,False,Boo,Team Heretics,omen,True,,,0,1,2,0,False,benjyfishy,Team Heretics,deadlock,True,,,1,0,1,0,False,Wo0t,Team Heretics,chamber,True,,,0,6,1,0,False,grubinho,GIANTX,omen,True,,,0,1,2,0,False,ara,GIANTX,raze,True,,,1,0,1,0,False,Cloud,GIANTX,fade,True,,,1,0,1,0,False,Flickless,GIANTX,viper,True,,,0,1,0,0,False,westside,GIANTX,cypher,True,,,0,0,1,0,False
1699.898,7279,PREROUND,13,3,9,,,,MiniBoo,Team Heretics,raze,True,,,0,0,1,0,False,RieNs,Team Heretics,fade,True,,,1,0,1,0,False,Boo,Team Heretics,omen,True,,,0,1,2,0,False,benjyfishy,Team Heretics,deadlock,True,,,1,0,1,0,False,Wo0t,Team Heretics,chamber,True,,,0,6,1,0,False,grubinho,GIANTX,omen,True,,,0,1,2,0,False,ara,GIANTX,raze,True,,,1,0,1,0,False,Cloud,GIANTX,fade,True,,,1,0,1,0,False,Flickless,GIANTX,viper,True,,,0,1,0,0,False,westside,GIANTX,cypher,True,,,0,0,1,0,False
1700.132,7280,PREROUND,13,3,9,,,,MiniBoo,Team Heretics,raze,True,,,0,0,1,0,False,RieNs,Team Heretics,fade,True,,,1,0,1,0,False,Boo,Team Heretics,omen,True,,,0,1,2,0,False,benjyfishy,Team Heretics,deadlock,True,,,1,0,1,0,False,Wo0t,Team Heretics,chamber,True,,,0,6,1,0,False,grubinho,GIANTX,omen,True,,,0,1,2,0,False,ara,GIANTX,raze,True,,,1,0,1,0,False,Cloud,GIANTX,fade,True,,,1,0,1,0,False,Flickless,GIANTX,viper,True,,,0,1,0,0,False,westside,GIANTX,cypher,True,,,0,0,1,0,False
1700.365,7281,PREROUND,13,3,9,,,,MiniBoo,Team Heretics,raze,True,,,0,0,1,0,False,RieNs,Team Heretics,fade,True,,,1,0,1,0,False,Boo,Team Heretics,omen,True,,,0,1,2,0,False,benjyfishy,Team Heretics,deadlock,True,,,1,0,1,0,False,Wo0t,Team Heretics,chamber,True,,,0,6,1,0,False,grubinho,GIANTX,omen,True,,,0,1,2,0,False,ara,GIANTX,raze,True,,,1,0,1,0,False,Cloud,GIANTX,fade,True,,,1,0,1,0,False,Flickless,GIANTX,viper,True,,,0,1,0,0,False,westside,GIANTX,cypher,True,,,0,0,1,0,False
1700.599,7282,PREROUND,13,3,9,,,,MiniBoo,Team Heretics,raze,True,,,0,0,1,0,False,RieNs,Team Heretics,fade,True,,,1,0,1,0,False,Boo,Team Heretics,omen,True,,,0,1,2,0,False,benjyfishy,Team Heretics,deadlock,True,,,1,0,1,0,False,Wo0t,Team Heretics,chamber,True,,,0,6,1,0,False,grubinho,GIANTX,omen,True,,,0,1,2,0,False,ara,GIANTX,raze,True,,,1,0,1,0,False,Cloud,GIANTX,fade,True,,,1,0,1,0,False,Flickless,GIANTX,viper,True,,,0,1,0,0,False,westside,GIANTX,cypher,True,,,0,0,1,0,False
1700.832,7283,PREROUND,13,3,9,,,,MiniBoo,Team Heretics,raze,True,,,0,0,1,0,False,RieNs,Team Heretics,fade,True,,,1,0,1,0,False,Boo,Team Heretics,omen,True,,,0,1,2,0,False,benjyfishy,Team Heretics,deadlock,True,,,1,0,1,0,False,Wo0t,Team Heretics,chamber,True,,,0,6,1,0,False,grubinho,GIANTX,omen,True,,,0,1,2,0,False,ara,GIANTX,raze,True,,,1,0,1,0,False,Cloud,GIANTX,fade,True,,,1,0,1,0,False,Flickless,GIANTX,viper,True,,,0,1,0,0,False,westside,GIANTX,cypher,True,,,0,0,1,0,False
1701.066,7284,PREROUND,13,3,9,,,,MiniBoo,Team Heretics,raze,True,,,0,0,1,0,False,RieNs,Team Heretics,fade,True,,,1,0,1,0,False,Boo,Team Heretics,omen,True,,,0,1,2,0,False,benjyfishy,Team Heretics,deadlock,True,,,1,0,1,0,False,Wo0t,Team Heretics,chamber,True,,,0,6,1,0,False,grubinho,GIANTX,omen,True,,,0,1,2,0,False,ara,GIANTX,raze,True,,,1,0,1,0,False,Cloud,GIANTX,fade,True,,,1,0,1,0,False,Flickless,GIANTX,viper,True,,,0,1,0,0,False,westside,GIANTX,cypher,True,,,0,0,1,0,False
1701.300,7285,PREROUND,13,3,9,,,,MiniBoo,Team Heretics,raze,True,,,0,0,1,0,False,RieNs,Team Heretics,fade,True,,,1,0,1,0,False,Boo,Team Heretics,omen,True,,,0,1,2,0,False,benjyfishy,Team Heretics,deadlock,True,,,1,0,1,0,False,Wo0t,Team Heretics,chamber,True,,,0,6,1,0,False,grubinho,GIANTX,omen,True,,,0,1,2,0,False,ara,GIANTX,raze,True,,,1,0,1,0,False,Cloud,GIANTX,fade,True,,,1,0,1,0,False,Flickless,GIANTX,viper,True,,,0,1,0,0,False,westside,GIANTX,cypher,True,,,0,0,1,0,False
1701.533,7286,PREROUND,13,3,9,,,,MiniBoo,Team Heretics,raze,True,,,0,0,1,0,False,RieNs,Team Heretics,fade,True,,,1,0,1,0,False,Boo,Team Heretics,omen,True,,,0,1,2,0,False,benjyfishy,Team Heretics,deadlock,True,,,1,0,1,0,False,Wo0t,Team Heretics,chamber,True,,,0,6,1,0,False,grubinho,GIANTX,omen,True,,,0,1,2,0,False,ara,GIANTX,raze,True,,,1,0,1,0,False,Cloud,GIANTX,fade,True,,,1,0,1,0,False,Flickless,GIANTX,viper,True,,,0,1,0,0,False,westside,GIANTX,cypher,True,,,0,0,1,0,False
1701.767,7287,PREROUND,13,3,9,,,,MiniBoo,Team Heretics,raze,True,,,0,0,1,0,False,RieNs,Team Heretics,fade,True,,,1,0,1,0,False,Boo,Team Heretics,omen,True,,,0,1,2,0,False,benjyfishy,Team Heretics,deadlock,True,,,1,0,1,0,False,Wo0t,Team Heretics,chamber,True,,,0,6,1,0,False,grubinho,GIANTX,omen,True,,,0,1,2,0,False,ara,GIANTX,raze,True,,,1,0,1,0,False,Cloud,GIANTX,fade,True,,,1,0,1,0,False,Flickless,GIANTX,viper,True,,,0,1,0,0,False,westside,GIANTX,cypher,True,,,0,0,1,0,False
1702.000,7288,PREROUND,13,3,9,,,,MiniBoo,Team Heretics,raze,True,,,0,0,1,0,False,RieNs,Team Heretics,fade,True,,,1,0,1,0,False,Boo,Team Heretics,omen,True,,,0,1,2,0,False,benjyfishy,Team Heretics,deadlock,True,,,1,0,1,0,False,Wo0t,Team Heretics,chamber,True,,,0,6,1,0,False,grubinho,GIANTX,omen,True,,,0,1,2,0,False,ara,GIANTX,raze,True,,,1,0,1,0,False,Cloud,GIANTX,fade,True,,,1,0,1,0,False,Flickless,GIANTX,viper,True,,,0,1,0,0,False,westside,GIANTX,cypher,True,,,0,0,1,0,False
1702.234,7289,PREROUND,13,3,9,,,,MiniBoo,Team Heretics,raze,True,,,0,0,1,0,False,RieNs,Team Heretics,fade,True,,,1,0,1,0,False,Boo,Team Heretics,omen,True,,,0,1,2,0,False,benjyfishy,Team Heretics,deadlock,True,,,1,0,1,0,False,Wo0t,Team Heretics,chamber,True,,,0,6,1,0,False,grubinho,GIANTX,omen,True,,,0,1,2,0,False,ara,GIANTX,raze,True,,,1,0,1,0,False,Cloud,GIANTX,fade,True,,,1,0,1,0,False,Flickless,GIANTX,viper,True,,,0,1,0,0,False,westside,GIANTX,cypher,True,,,0,0,1,0,False
1702.467,7290,PREROUND,13,3,9,,,,MiniBoo,Team Heretics,raze,True,,,0,0,1,0,False,RieNs,Team Heretics,fade,True,,,1,0,1,0,False,Boo,Team Heretics,omen,True,,,0,1,2,0,False,benjyfishy,Team Heretics,deadlock,True,,,1,0,1,0,False,Wo0t,Team Heretics,chamber,True,,,0,6,1,0,False,grubinho,GIANTX,omen,True,,,0,1,2,0,False,ara,GIANTX,raze,True,,,1,0,1,0,False,Cloud,GIANTX,fade,True,,,1,0,1,0,False,Flickless,GIANTX,viper,True,,,0,1,0,0,False,westside,GIANTX,cypher,True,,,0,0,1,0,False
1702.701,7291,ACTIVE_ROUND,13,3,9,99.000,,,MiniBoo,Team Heretics,raze,True,,,0,0,1,0,False,RieNs,Team Heretics,fade,True,,,1,0,1,0,False,Boo,Team Heretics,omen,True,,,0,1,2,0,False,benjyfishy,Team Heretics,deadlock,True,,,1,0,1,0,False,Wo0t,Team Heretics,chamber,True,,,0,6,1,0,False,grubinho,GIANTX,omen,True,,,0,1,2,0,False,ara,GIANTX,raze,True,,,1,0,1,0,False,Cloud,GIANTX,fade,True,,,1,0,1,0,False,Flickless,GIANTX,viper,True,,,0,1,0,0,False,westside,GIANTX,cypher,True,,,0,0,1,0,False
1702.935,7292,ACTIVE_ROUND,13,3,9,99.000,,,MiniBoo,Team Heretics,raze,True,100,,0,0,1,0,False,RieNs,Team Heretics,fade,True,100,,1,0,1,0,False,Boo,Team Heretics,omen,True,100,25,0,1,2,0,False,benjyfishy,Team Heretics,deadlock,True,100,25,1,0,1,0,False,Wo0t,Team Heretics,chamber,True,100,,0,6,1,0,False,grubinho,GIANTX,omen,True,100,25,0,1,2,0,False,ara,GIANTX,raze,True,100,,1,0,1,0,False,Cloud,GIANTX,fade,True,100,,1,0,1,0,False,Flickless,GIANTX,viper,True,100,,0,1,0,0,False,westside,GIANTX,cypher,True,100,,0,0,1,0,False
1703.168,7293,ACTIVE_ROUND,13,3,9,99.000,,,MiniBoo,Team Heretics,raze,True,100,,0,0,1,0,False,RieNs,Team Heretics,fade,True,100,,1,0,0,0,False,Boo,Team Heretics,omen,True,100,25,0,1,1,0,False,benjyfishy,Team Heretics,deadlock,True,100,25,1,0,1,0,False,Wo0t,Team Heretics,chamber,True,100,,0,6,1,0,False,grubinho,GIANTX,omen,True,100,25,0,1,1,0,False,ara,GIANTX,raze,True,100,,1,0,1,0,False,Cloud,GIANTX,fade,True,100,,1,0,1,0,False,Flickless,GIANTX,viper,True,100,,0,0,0,0,False,westside,GIANTX,cypher,True,100,,0,0,0,0,False
1703.402,7294,ACTIVE_ROUND,13,3,9,99.000,,,MiniBoo,Team Heretics,raze,True,100,,0,0,1,0,False,RieNs,Team Heretics,fade,True,100,,1,0,0,0,False,Boo,Team Heretics,omen,True,100,25,0,1,1,0,False,benjyfishy,Team Heretics,deadlock,True,100,25,1,0,1,0,False,Wo0t,Team Heretics,chamber,True,100,,0,6,1,0,False,grubinho,GIANTX,omen,True,100,25,0,1,1,0,False,ara,GIANTX,raze,True,100,,1,0,1,0,False,Cloud,GIANTX,fade,True,100,1,1,0,1,0,False,Flickless,GIANTX,viper,True,100,,0,0,0,0,False,westside,GIANTX,cypher,True,100,,0,0,0,0,False
1703.635,7295,ACTIVE_ROUND,13,3,9,98.000,,,MiniBoo,Team Heretics,raze,True,100,,0,0,1,0,False,RieNs,Team Heretics,fade,True,100,,1,0,0,0,False,Boo,Team Heretics,omen,True,100,25,0,1,1,0,False,benjyfishy,Team Heretics,deadlock,True,100,25,1,0,1,0,False,Wo0t,Team Heretics,chamber,True,100,,0,6,1,0,False,grubinho,GIANTX,omen,True,100,25,0,1,1,0,False,ara,GIANTX,raze,True,100,,1,0,1,0,False,Cloud,GIANTX,fade,True,100,1,1,0,1,0,False,Flickless,GIANTX,viper,True,100,,0,0,0,0,False,westside,GIANTX,cypher,True,100,,0,0,0,0,False
1703.869,7296,ACTIVE_ROUND,13,3,9,98.000,,,MiniBoo,Team Heretics,raze,True,100,,0,0,1,0,False,RieNs,Team Heretics,fade,True,100,,1,0,0,0,False,Boo,Team Heretics,omen,True,100,25,0,1,1,0,False,benjyfishy,Team Heretics,deadlock,True,100,25,1,0,1,0,False,Wo0t,Team Heretics,chamber,True,100,,0,6,1,0,False,grubinho,GIANTX,omen,True,100,25,0,1,1,0,False,ara,GIANTX,raze,True,100,,1,0,1,0,False,Cloud,GIANTX,fade,True,100,1,1,0,1,0,False,Flickless,GIANTX,viper,True,100,,0,0,0,0,False,westside,GIANTX,cypher,True,100,,0,0,0,0,False
1704.102,7297,ACTIVE_ROUND,13,3,9,98.000,,,MiniBoo,Team Heretics,raze,True,100,,0,0,1,0,False,RieNs,Team Heretics,fade,True,100,,1,0,0,0,False,Boo,Team Heretics,omen,True,100,25,0,1,1,0,False,benjyfishy,Team Heretics,deadlock,True,100,25,1,0,1,0,False,Wo0t,Team Heretics,chamber,True,100,,0,6,1,0,False,grubinho,GIANTX,omen,True,100,25,0,1,1,0,False,ara,GIANTX,raze,True,100,,1,0,1,0,False,Cloud,GIANTX,fade,True,100,1,1,0,1,0,False,Flickless,GIANTX,viper,True,100,,0,0,0,0,False,westside,GIANTX,cypher,True,100,,0,0,0,0,False
1704.336,7298,ACTIVE_ROUND,13,3,9,98.000,,,MiniBoo,Team Heretics,raze,True,100,,0,0,1,0,False,RieNs,Team Heretics,fade,True,100,,1,0,0,0,False,Boo,Team Heretics,omen,True,100,25,0,1,1,0,False,benjyfishy,Team Heretics,deadlock,True,100,25,1,0,1,0,False,Wo0t,Team Heretics,chamber,True,100,,0,6,1,0,False,grubinho,GIANTX,omen,True,100,25,0,1,1,0,False,ara,GIANTX,raze,True,100,,1,0,1,0,False,Cloud,GIANTX,fade,True,100,1,1,0,1,0,False,Flickless,GIANTX,viper,True,100,,0,0,0,0,False,westside,GIANTX,cypher,True,100,,0,0,0,0,False
1704.570,7299,ACTIVE_ROUND,13,3,9,97.000,,,MiniBoo,Team Heretics,raze,True,100,,0,0,1,0,False,RieNs,Team Heretics,fade,True,100,,1,0,0,0,False,Boo,Team Heretics,omen,True,100,25,0,1,1,0,False,benjyfishy,Team Heretics,deadlock,True,100,25,1,0,1,0,False,Wo0t,Team Heretics,chamber,True,100,,0,6,1,0,False,grubinho,GIANTX,omen,True,100,25,0,1,1,0,False,ara,GIANTX,raze,True,100,,1,0,1,0,False,Cloud,GIANTX,fade,True,100,1,1,0,1,0,False,Flickless,GIANTX,viper,True,100,,0,0,0,0,False,westside,GIANTX,cypher,True,100,,0,0,0,0,False
1704.803,7300,ACTIVE_ROUND,13,3,9,97.000,,,MiniBoo,Team Heretics,raze,True,100,,0,0,1,0,False,RieNs,Team Heretics,fade,True,100,,1,0,0,0,False,Boo,Team Heretics,omen,True,100,25,0,1,1,0,False,benjyfishy,Team Heretics,deadlock,True,100,25,1,0,1,0,False,Wo0t,Team Heretics,chamber,True,100,,0,6,1,0,False,grubinho,GIANTX,omen,True,100,25,0,1,1,0,False,ara,GIANTX,raze,True,100,,1,0,1,0,False,Cloud,GIANTX,fade,True,100,1,1,0,1,0,False,Flickless,GIANTX,viper,True,100,,0,0,0,0,False,westside,GIANTX,cypher,True,100,,0,0,0,0,False
1705.037,7301,ACTIVE_ROUND,13,3,9,97.000,,,MiniBoo,Team Heretics,raze,True,100,,0,0,1,0,False,RieNs,Team Heretics,fade,True,100,,1,0,0,0,False,Boo,Team Heretics,omen,True,100,25,0,1,1,0,False,benjyfishy,Team Heretics,deadlock,True,100,25,1,0,1,0,False,Wo0t,Team Heretics,chamber,True,100,,0,6,1,0,False,grubinho,GIANTX,omen,True,100,25,0,1,1,0,False,ara,GIANTX,raze,True,100,,1,0,1,0,False,Cloud,GIANTX,fade,True,100,1,1,0,1,0,False,Flickless,GIANTX,viper,True,100,,0,0,0,0,False,westside,GIANTX,cypher,True,100,,0,0,0,0,False
1705.270,7302,ACTIVE_ROUND,13,3,9,97.000,,,MiniBoo,Team Heretics,raze,True,100,,0,0,1,0,False,RieNs,Team Heretics,fade,True,100,,1,0,0,0,False,Boo,Team Heretics,omen,True,100,25,0,1,1,0,False,benjyfishy,Team Heretics,deadlock,True,100,25,1,0,1,0,False,Wo0t,Team Heretics,chamber,True,100,,0,6,1,0,False,grubinho,GIANTX,omen,True,100,25,0,1,1,0,False,ara,GIANTX,raze,True,100,,1,0,1,0,False,Cloud,GIANTX,fade,True,100,1,1,0,0,0,False,Flickless,GIANTX,viper,True,100,,0,0,0,0,False,westside,GIANTX,cypher,True,100,,0,0,0,0,False
1705.504,7303,ACTIVE_ROUND,13,3,9,97.000,,,MiniBoo,Team Heretics,raze,True,100,,0,0,1,0,False,RieNs,Team Heretics,fade,True,100,,1,0,0,0,False,Boo,Team Heretics,omen,True,100,25,0,1,1,0,False,benjyfishy,Team Heretics,deadlock,True,100,25,1,0,1,0,False,Wo0t,Team Heretics,chamber,True,100,,0,6,1,0,False,grubinho,GIANTX,omen,True,100,25,0,1,1,0,False,ara,GIANTX,raze,True,100,,1,0,1,0,False,Cloud,GIANTX,fade,True,100,1,1,0,0,0,False,Flickless,GIANTX,viper,True,100,,0,0,0,0,False,westside,GIANTX,cypher,True,100,,0,0,0,0,False
1705.737,7304,ACTIVE_ROUND,13,3,9,96.000,,,MiniBoo,Team Heretics,raze,True,100,,0,0,1,0,False,RieNs,Team Heretics,fade,True,100,,1,0,0,0,False,Boo,Team Heretics,omen,True,100,25,0,1,1,0,False,benjyfishy,Team Heretics,deadlock,True,100,25,1,0,1,0,False,Wo0t,Team Heretics,chamber,True,100,,0,6,1,0,False,grubinho,GIANTX,omen,True,100,25,0,1,1,0,False,ara,GIANTX,raze,True,100,,1,0,1,0,False,Cloud,GIANTX,fade,True,100,1,1,0,0,0,False,Flickless,GIANTX,viper,True,100,,0,0,0,0,False,westside,GIANTX,cypher,True,100,,0,0,0,0,False
1705.971,7305,ACTIVE_ROUND,13,3,9,96.000,,,MiniBoo,Team Heretics,raze,True,100,,0,0,1,0,False,RieNs,Team Heretics,fade,True,100,,1,0,0,0,False,Boo,Team Heretics,omen,True,100,25,0,1,1,0,False,benjyfishy,Team Heretics,deadlock,True,100,25,1,0,1,0,False,Wo0t,Team Heretics,chamber,True,100,,0,6,1,0,False,grubinho,GIANTX,omen,True,100,25,0,1,1,0,False,ara,GIANTX,raze,True,100,,1,0,1,0,False,Cloud,GIANTX,fade,True,100,1,1,0,0,0,False,Flickless,GIANTX,viper,True,100,,0,0,0,0,False,westside,GIANTX,cypher,True,100,,0,0,0,0,False
1706.205,7306,ACTIVE_ROUND,13,3,9,96.000,,,MiniBoo,Team Heretics,raze,True,100,,0,0,1,0,False,RieNs,Team Heretics,fade,True,100,,1,0,0,0,False,Boo,Team Heretics,omen,True,100,25,0,1,1,0,False,benjyfishy,Team Heretics,deadlock,True,100,25,1,0,1,0,False,Wo0t,Team Heretics,chamber,True,100,,0,6,1,0,False,grubinho,GIANTX,omen,True,100,25,0,1,1,0,False,ara,GIANTX,raze,True,100,,1,0,1,0,False,Cloud,GIANTX,fade,True,100,1,1,0,0,0,False,Flickless,GIANTX,viper,True,100,,0,0,0,0,False,westside,GIANTX,cypher,True,100,,0,0,0,0,False
1706.438,7307,ACTIVE_ROUND,13,3,9,96.000,,,MiniBoo,Team Heretics,raze,True,100,,0,0,1,0,False,RieNs,Team Heretics,fade,True,100,,1,0,0,0,False,Boo,Team Heretics,omen,True,100,25,0,1,1,0,False,benjyfishy,Team Heretics,deadlock,True,100,25,1,0,1,0,False,Wo0t,Team Heretics,chamber,True,100,,0,6,1,0,False,grubinho,GIANTX,omen,True,100,25,0,1,1,0,False,ara,GIANTX,raze,True,100,,1,0,1,0,False,Cloud,GIANTX,fade,True,100,1,1,0,0,0,False,Flickless,GIANTX,viper,True,100,,0,0,0,0,False,westside,GIANTX,cypher,True,100,,0,0,0,0,False
1706.672,7308,ACTIVE_ROUND,13,3,9,95.000,,,MiniBoo,Team Heretics,raze,True,100,,0,0,1,0,False,RieNs,Team Heretics,fade,True,100,,1,0,0,0,False,Boo,Team Heretics,omen,True,100,25,0,1,1,0,False,benjyfishy,Team Heretics,deadlock,True,100,25,1,0,1,0,False,Wo0t,Team Heretics,chamber,True,100,,0,6,1,0,False,grubinho,GIANTX,omen,True,100,25,0,1,1,0,False,ara,GIANTX,raze,True,100,,1,0,1,0,False,Cloud,GIANTX,fade,True,100,1,1,0,0,0,False,Flickless,GIANTX,viper,True,100,,0,0,0,0,False,westside,GIANTX,cypher,True,100,,0,0,0,0,False
1706.905,7309,ACTIVE_ROUND,13,3,9,95.000,,,MiniBoo,Team Heretics,raze,True,100,,0,0,1,0,False,RieNs,Team Heretics,fade,True,100,,1,0,0,0,False,Boo,Team Heretics,omen,True,100,25,0,1,1,0,False,benjyfishy,Team Heretics,deadlock,True,100,25,1,0,1,0,False,Wo0t,Team Heretics,chamber,True,100,,0,6,1,0,False,grubinho,GIANTX,omen,True,100,25,0,1,1,0,False,ara,GIANTX,raze,True,100,,1,0,1,0,False,Cloud,GIANTX,fade,True,100,1,1,0,0,0,False,Flickless,GIANTX,viper,True,100,,0,0,0,0,False,westside,GIANTX,cypher,True,100,,0,0,0,0,False
1707.139,7310,ACTIVE_ROUND,13,3,9,95.000,,,MiniBoo,Team Heretics,raze,True,100,,0,0,1,0,False,RieNs,Team Heretics,fade,True,100,,1,0,0,0,False,Boo,Team Heretics,omen,True,100,25,0,1,1,0,False,benjyfishy,Team Heretics,deadlock,True,100,25,1,0,1,0,False,Wo0t,Team Heretics,chamber,True,100,,0,6,1,0,False,grubinho,GIANTX,omen,True,100,25,0,1,1,0,False,ara,GIANTX,raze,True,100,,1,0,1,0,False,Cloud,GIANTX,fade,True,100,1,1,0,0,0,False,Flickless,GIANTX,viper,True,100,,0,0,0,0,False,westside,GIANTX,cypher,True,100,,0,0,0,0,False
1707.372,7311,ACTIVE_ROUND,13,3,9,95.000,,,MiniBoo,Team Heretics,raze,True,100,,0,0,1,0,False,RieNs,Team Heretics,fade,True,100,,1,0,0,0,False,Boo,Team Heretics,omen,True,100,25,0,1,1,0,False,benjyfishy,Team Heretics,deadlock,True,100,25,1,0,1,0,False,Wo0t,Team Heretics,chamber,True,100,,0,6,1,0,False,grubinho,GIANTX,omen,True,100,25,0,1,1,0,False,ara,GIANTX,raze,True,100,,1,0,1,0,False,Cloud,GIANTX,fade,True,100,1,1,0,0,0,False,Flickless,GIANTX,viper,True,100,,0,0,0,0,False,westside,GIANTX,cypher,True,100,,0,0,0,0,False
1707.606,7312,ACTIVE_ROUND,13,3,9,94.000,,,MiniBoo,Team Heretics,raze,True,100,,0,0,1,0,False,RieNs,Team Heretics,fade,True,100,,1,0,0,0,False,Boo,Team Heretics,omen,True,100,25,0,1,1,0,False,benjyfishy,Team Heretics,deadlock,True,100,25,1,0,1,0,False,Wo0t,Team Heretics,chamber,True,100,,0,6,1,0,False,grubinho,GIANTX,omen,True,100,25,0,1,1,0,False,ara,GIANTX,raze,True,100,,1,0,1,0,False,Cloud,GIANTX,fade,True,100,1,1,0,0,0,False,Flickless,GIANTX,viper,True,100,,0,0,0,0,False,westside,GIANTX,cypher,True,100,,0,0,0,0,False
1707.839,7313,ACTIVE_ROUND,13,3,9,94.000,,,MiniBoo,Team Heretics,raze,True,100,,0,0,1,0,False,RieNs,Team Heretics,fade,True,100,,1,0,0,0,False,Boo,Team Heretics,omen,True,100,25,0,1,1,0,False,benjyfishy,Team Heretics,deadlock,True,100,25,1,0,1,0,False,Wo0t,Team Heretics,chamber,True,100,,0,6,1,0,False,grubinho,GIANTX,omen,True,100,25,0,1,1,0,False,ara,GIANTX,raze,True,100,,1,0,1,0,False,Cloud,GIANTX,fade,True,100,1,1,0,0,0,False,Flickless,GIANTX,viper,True,100,,0,0,0,0,False,westside,GIANTX,cypher,True,100,,0,0,0,0,False
1708.073,7314,ACTIVE_ROUND,13,3,9,94.000,,,MiniBoo,Team Heretics,raze,True,100,,0,0,1,0,False,RieNs,Team Heretics,fade,True,100,,1,0,0,0,False,Boo,Team Heretics,omen,True,100,25,0,1,1,0,False,benjyfishy,Team Heretics,deadlock,True,100,25,1,0,1,0,False,Wo0t,Team Heretics,chamber,True,100,,0,6,1,0,False,grubinho,GIANTX,omen,True,100,25,0,1,1,0,False,ara,GIANTX,raze,True,100,,1,0,1,0,False,Cloud,GIANTX,fade,True,100,1,1,0,0,0,False,Flickless,GIANTX,viper,True,100,,0,0,0,0,False,westside,GIANTX,cypher,True,100,,0,0,0,0,False
1708.307,7315,ACTIVE_ROUND,13,3,9,94.000,,,MiniBoo,Team Heretics,raze,True,100,,0,0,1,0,False,RieNs,Team Heretics,fade,True,100,,1,0,0,0,False,Boo,Team Heretics,omen,True,100,25,0,1,1,0,False,benjyfishy,Team Heretics,deadlock,True,100,25,1,0,1,0,False,Wo0t,Team Heretics,chamber,True,100,,0,6,1,0,False,grubinho,GIANTX,omen,True,100,25,0,1,1,0,False,ara,GIANTX,raze,True,100,,1,0,1,0,False,Cloud,GIANTX,fade,True,100,1,1,0,0,0,False,Flickless,GIANTX,viper,True,100,,0,0,0,0,False,westside,GIANTX,cypher,True,100,,0,0,0,0,False
1708.540,7316,ACTIVE_ROUND,13,3,9,93.000,,,MiniBoo,Team Heretics,raze,True,100,,0,0,1,0,False,RieNs,Team Heretics,fade,True,100,,1,0,0,0,False,Boo,Team Heretics,omen,True,100,25,0,1,1,0,False,benjyfishy,Team Heretics,deadlock,True,100,25,1,0,1,0,False,Wo0t,Team Heretics,chamber,True,100,,0,6,1,0,False,grubinho,GIANTX,omen,True,100,25,0,1,1,0,False,ara,GIANTX,raze,True,100,,1,0,1,0,False,Cloud,GIANTX,fade,True,100,1,1,0,0,0,False,Flickless,GIANTX,viper,True,100,,0,0,0,0,False,westside,GIANTX,cypher,True,100,,0,0,0,0,False
1708.774,7317,ACTIVE_ROUND,13,3,9,93.000,,,MiniBoo,Team Heretics,raze,True,100,,0,0,1,0,False,RieNs,Team Heretics,fade,True,100,,1,0,0,0,False,Boo,Team Heretics,omen,True,100,25,0,1,1,0,False,benjyfishy,Team Heretics,deadlock,True,100,25,1,0,1,0,False,Wo0t,Team Heretics,chamber,True,100,,0,6,1,0,False,grubinho,GIANTX,omen,True,100,25,0,1,1,0,False,ara,GIANTX,raze,True,100,,1,0,1,0,False,Cloud,GIANTX,fade,True,100,1,1,0,0,0,False,Flickless,GIANTX,viper,True,100,,0,0,0,0,False,westside,GIANTX,cypher,True,100,,0,0,0,0,False
1709.007,7318,ACTIVE_ROUND,13,3,9,93.000,,,MiniBoo,Team Heretics,raze,True,100,,0,0,1,0,False,RieNs,Team Heretics,fade,True,100,,1,0,0,0,False,Boo,Team Heretics,omen,True,100,25,0,1,1,0,False,benjyfishy,Team Heretics,deadlock,True,100,25,1,0,1,0,False,Wo0t,Team Heretics,chamber,True,100,,0,6,1,0,False,grubinho,GIANTX,omen,True,100,25,0,1,1,0,False,ara,GIANTX,raze,True,100,,1,0,1,0,False,Cloud,GIANTX,fade,True,100,1,1,0,0,0,False,Flickless,GIANTX,viper,True,100,,0,0,0,0,False,westside,GIANTX,cypher,True,100,,0,0,0,0,False
1709.241,7319,ACTIVE_ROUND,13,3,9,93.000,,,MiniBoo,Team Heretics,raze,True,100,,0,0,1,0,False,RieNs,Team Heretics,fade,True,100,,1,0,0,0,False,Boo,Team Heretics,omen,True,100,25,0,1,1,0,False,benjyfishy,Team Heretics,deadlock,True,100,25,1,0,1,0,False,Wo0t,Team Heretics,chamber,True,100,,0,6,1,0,False,grubinho,GIANTX,omen,True,100,25,0,1,1,0,False,ara,GIANTX,raze,True,100,,1,0,1,0,False,Cloud,GIANTX,fade,True,100,1,1,0,0,0,False,Flickless,GIANTX,viper,True,100,,0,0,0,0,False,westside,GIANTX,cypher,True,100,,0,0,0,0,False
1709.474,7320,ACTIVE_ROUND,13,3,9,93.000,,,MiniBoo,Team Heretics,raze,True,100,,0,0,1,0,False,RieNs,Team Heretics,fade,True,100,,1,0,0,0,False,Boo,Team Heretics,omen,True,100,25,0,1,1,0,False,benjyfishy,Team Heretics,deadlock,True,100,25,1,0,1,0,False,Wo0t,Team Heretics,chamber,True,100,,0,6,1,0,False,grubinho,GIANTX,omen,True,100,25,0,1,1,0,False,ara,GIANTX,raze,True,100,,1,0,1,0,False,Cloud,GIANTX,fade,True,100,1,1,0,0,0,False,Flickless,GIANTX,viper,True,100,,0,0,0,0,False,westside,GIANTX,cypher,True,100,,0,0,0,0,False
1709.708,7321,ACTIVE_ROUND,13,3,9,92.000,,,MiniBoo,Team Heretics,raze,True,100,,0,0,1,0,False,RieNs,Team Heretics,fade,True,100,,1,0,0,0,False,Boo,Team Heretics,omen,True,100,25,0,1,1,0,False,benjyfishy,Team Heretics,deadlock,True,100,25,1,0,1,0,False,Wo0t,Team Heretics,chamber,True,100,,0,6,1,0,False,grubinho,GIANTX,omen,True,100,25,0,1,1,0,False,ara,GIANTX,raze,True,100,,1,0,1,0,False,Cloud,GIANTX,fade,True,100,1,1,0,0,0,False,Flickless,GIANTX,viper,True,100,,0,0,0,0,False,westside,GIANTX,cypher,True,100,,0,0,0,0,False
1709.942,7322,ACTIVE_ROUND,13,3,9,92.000,,,MiniBoo,Team Heretics,raze,True,100,,0,0,1,0,False,RieNs,Team Heretics,fade,True,100,,1,0,0,0,False,Boo,Team Heretics,omen,True,100,25,0,1,1,0,False,benjyfishy,Team Heretics,deadlock,True,100,25,1,0,1,0,False,Wo0t,Team Heretics,chamber,True,100,,0,6,1,0,False,grubinho,GIANTX,omen,True,100,25,0,1,1,0,False,ara,GIANTX,raze,True,100,,1,0,1,0,False,Cloud,GIANTX,fade,True,100,1,1,0,0,0,False,Flickless,GIANTX,viper,True,100,,0,0,0,0,False,westside,GIANTX,cypher,True,100,,0,0,0,0,False
1710.175,7323,ACTIVE_ROUND,13,3,9,92.000,,,MiniBoo,Team Heretics,raze,True,100,,0,0,1,0,False,RieNs,Team Heretics,fade,True,100,,1,0,0,0,False,Boo,Team Heretics,omen,True,100,25,0,1,1,0,False,benjyfishy,Team Heretics,deadlock,True,100,25,1,0,1,0,False,Wo0t,Team Heretics,chamber,True,100,,0,5,0,0,False,grubinho,GIANTX,omen,True,100,25,0,1,1,0,False,ara,GIANTX,raze,True,100,,1,0,1,0,False,Cloud,GIANTX,fade,True,100,1,1,0,0,0,False,Flickless,GIANTX,viper,True,100,,0,0,0,0,False,westside,GIANTX,cypher,True,100,,0,0,0,0,False
1710.409,7324,ACTIVE_ROUND,13,3,9,92.000,,,MiniBoo,Team Heretics,raze,True,100,,0,0,1,0,False,RieNs,Team Heretics,fade,True,100,,1,0,0,0,False,Boo,Team Heretics,omen,True,100,25,0,1,1,0,False,benjyfishy,Team Heretics,deadlock,True,100,25,1,0,1,0,False,Wo0t,Team Heretics,chamber,True,100,,0,5,0,0,False,grubinho,GIANTX,omen,True,100,25,0,1,1,0,False,ara,GIANTX,raze,True,100,,1,0,1,0,False,Cloud,GIANTX,fade,True,100,1,1,0,0,0,False,Flickless,GIANTX,viper,True,100,,0,0,0,0,False,westside,GIANTX,cypher,True,100,,0,0,0,0,False
1710.642,7325,ACTIVE_ROUND,13,3,9,91.000,,,MiniBoo,Team Heretics,raze,True,100,,0,0,1,0,False,RieNs,Team Heretics,fade,True,100,,1,0,0,0,False,Boo,Team Heretics,omen,True,100,25,0,1,1,0,False,benjyfishy,Team Heretics,deadlock,True,100,25,1,0,1,0,False,Wo0t,Team Heretics,chamber,True,100,,0,5,0,0,False,grubinho,GIANTX,omen,True,100,25,0,1,1,0,False,ara,GIANTX,raze,True,100,,1,0,1,0,False,Cloud,GIANTX,fade,True,100,1,1,0,0,0,False,Flickless,GIANTX,viper,True,100,,0,0,0,0,False,westside,GIANTX,cypher,True,100,,0,0,0,0,False
1710.876,7326,ACTIVE_ROUND,13,3,9,91.000,,,MiniBoo,Team Heretics,raze,True,100,,0,0,1,0,False,RieNs,Team Heretics,fade,True,100,,1,0,0,0,False,Boo,Team Heretics,omen,True,100,25,0,1,1,0,False,benjyfishy,Team Heretics,deadlock,True,100,25,1,0,1,0,False,Wo0t,Team Heretics,chamber,True,100,,0,5,0,0,False,grubinho,GIANTX,omen,True,100,25,0,1,1,0,False,ara,GIANTX,raze,True,100,,1,0,1,0,False,Cloud,GIANTX,fade,True,100,1,1,0,0,0,False,Flickless,GIANTX,viper,True,100,,0,0,0,0,False,westside,GIANTX,cypher,True,100,,0,0,0,0,False
1711.109,7327,ACTIVE_ROUND,13,3,9,91.000,,,MiniBoo,Team Heretics,raze,True,100,,0,0,1,0,False,RieNs,Team Heretics,fade,True,100,,1,0,0,0,False,Boo,Team Heretics,omen,True,100,25,0,1,1,0,False,benjyfishy,Team Heretics,deadlock,True,100,25,1,0,1,0,False,Wo0t,Team Heretics,chamber,True,100,,0,5,0,0,False,grubinho,GIANTX,omen,True,100,25,0,1,1,0,False,ara,GIANTX,raze,True,100,,1,0,1,0,False,Cloud,GIANTX,fade,True,100,1,1,0,0,0,False,Flickless,GIANTX,viper,True,100,,0,0,0,0,False,westside,GIANTX,cypher,True,100,,0,0,0,0,False
1711.343,7328,ACTIVE_ROUND,13,3,9,91.000,,,MiniBoo,Team Heretics,raze,True,100,,0,0,1,0,False,RieNs,Team Heretics,fade,True,100,,1,0,0,0,False,Boo,Team Heretics,omen,True,100,25,0,1,1,0,False,benjyfishy,Team Heretics,deadlock,True,100,25,1,0,1,0,False,Wo0t,Team Heretics,chamber,True,100,,0,5,0,0,False,grubinho,GIANTX,omen,True,100,25,0,1,1,0,False,ara,GIANTX,raze,True,100,,1,0,1,0,False,Cloud,GIANTX,fade,True,100,1,1,0,0,0,False,Flickless,GIANTX,viper,True,100,,0,0,0,0,False,westside,GIANTX,cypher,True,100,,0,0,0,0,False
1711.577,7329,ACTIVE_ROUND,13,3,9,90.000,,,MiniBoo,Team Heretics,raze,True,100,,0,0,1,0,False,RieNs,Team Heretics,fade,True,100,,1,0,0,0,False,Boo,Team Heretics,omen,True,100,25,0,1,1,0,False,benjyfishy,Team Heretics,deadlock,True,100,25,1,0,1,0,False,Wo0t,Team Heretics,chamber,True,100,,0,5,0,0,False,grubinho,GIANTX,omen,True,100,25,0,1,1,0,False,ara,GIANTX,raze,True,100,,1,0,1,0,False,Cloud,GIANTX,fade,True,100,1,1,0,0,0,False,Flickless,GIANTX,viper,True,100,,0,0,0,0,False,westside,GIANTX,cypher,True,100,,0,0,0,0,False
1711.810,7330,ACTIVE_ROUND,13,3,9,90.000,,,MiniBoo,Team Heretics,raze,True,100,,0,0,1,0,False,RieNs,Team Heretics,fade,True,100,,1,0,0,0,False,Boo,Team Heretics,omen,True,100,25,0,1,1,0,False,benjyfishy,Team Heretics,deadlock,True,100,25,1,0,1,0,False,Wo0t,Team Heretics,chamber,True,100,,0,5,0,0,False,grubinho,GIANTX,omen,True,100,25,0,1,1,0,False,ara,GIANTX,raze,True,100,,1,0,1,0,False,Cloud,GIANTX,fade,True,100,1,1,0,0,0,False,Flickless,GIANTX,viper,True,100,,0,0,0,0,False,westside,GIANTX,cypher,True,100,,0,0,0,0,False
1712.044,7331,ACTIVE_ROUND,13,3,9,90.000,,,MiniBoo,Team Heretics,raze,True,100,,0,0,1,0,False,RieNs,Team Heretics,fade,True,100,,1,0,0,0,False,Boo,Team Heretics,omen,True,100,25,0,1,1,0,False,benjyfishy,Team Heretics,deadlock,True,100,25,1,0,1,0,False,Wo0t,Team Heretics,chamber,True,100,,0,5,0,0,False,grubinho,GIANTX,omen,True,100,25,0,1,1,0,False,ara,GIANTX,raze,True,100,,1,0,1,0,False,Cloud,GIANTX,fade,True,100,1,1,0,0,0,False,Flickless,GIANTX,viper,True,100,,0,0,0,0,False,westside,GIANTX,cypher,True,100,,0,0,0,0,False
1712.277,7332,ACTIVE_ROUND,13,3,9,90.000,,,MiniBoo,Team Heretics,raze,True,100,,0,0,1,0,False,RieNs,Team Heretics,fade,True,100,,1,0,0,0,False,Boo,Team Heretics,omen,True,100,25,0,1,1,0,False,benjyfishy,Team Heretics,deadlock,True,100,25,1,0,1,0,False,Wo0t,Team Heretics,chamber,True,100,,0,5,0,0,False,grubinho,GIANTX,omen,True,100,25,0,1,1,0,False,ara,GIANTX,raze,True,100,,1,0,1,0,False,Cloud,GIANTX,fade,True,100,1,1,0,0,0,False,Flickless,GIANTX,viper,True,100,,0,0,0,0,False,westside,GIANTX,cypher,True,100,,0,0,0,0,False
1712.511,7333,ACTIVE_ROUND,13,3,9,90.000,,,MiniBoo,Team Heretics,raze,True,100,,0,0,1,0,False,RieNs,Team Heretics,fade,True,100,,1,0,0,0,False,Boo,Team Heretics,omen,True,100,25,0,1,1,0,False,benjyfishy,Team Heretics,deadlock,True,100,25,1,0,1,0,False,Wo0t,Team Heretics,chamber,True,100,,0,5,0,0,False,grubinho,GIANTX,omen,True,100,25,0,1,1,0,False,ara,GIANTX,raze,True,100,,1,0,1,0,False,Cloud,GIANTX,fade,True,100,1,1,0,0,0,False,Flickless,GIANTX,viper,True,100,,0,0,0,0,False,westside,GIANTX,cypher,True,100,,0,0,0,0,False
1712.744,7334,ACTIVE_ROUND,13,3,9,89.000,,,MiniBoo,Team Heretics,raze,True,100,,0,0,1,0,False,RieNs,Team Heretics,fade,True,100,,1,0,0,0,False,Boo,Team Heretics,omen,True,100,25,0,1,1,0,False,benjyfishy,Team Heretics,deadlock,True,100,25,1,0,1,0,False,Wo0t,Team Heretics,chamber,True,100,,0,5,0,0,False,grubinho,GIANTX,omen,True,100,25,0,1,1,0,False,ara,GIANTX,raze,True,100,,1,0,1,0,False,Cloud,GIANTX,fade,True,100,1,1,0,0,0,False,Flickless,GIANTX,viper,True,100,,0,0,0,0,False,westside,GIANTX,cypher,True,100,,0,0,0,0,False
1712.978,7335,ACTIVE_ROUND,13,3,9,89.000,,,MiniBoo,Team Heretics,raze,True,100,,0,0,1,0,False,RieNs,Team Heretics,fade,True,100,,1,0,0,0,False,Boo,Team Heretics,omen,True,100,25,0,1,1,0,False,benjyfishy,Team Heretics,deadlock,True,100,25,1,0,1,0,False,Wo0t,Team Heretics,chamber,True,100,,0,5,0,0,False,grubinho,GIANTX,omen,True,100,25,0,1,1,0,False,ara,GIANTX,raze,True,100,,1,0,1,0,False,Cloud,GIANTX,fade,True,100,1,1,0,0,0,False,Flickless,GIANTX,viper,True,100,,0,0,0,0,False,westside,GIANTX,cypher,True,100,,0,0,0,0,False
1713.212,7336,ACTIVE_ROUND,13,3,9,89.000,,,MiniBoo,Team Heretics,raze,True,100,,0,0,1,0,False,RieNs,Team Heretics,fade,True,100,,1,0,0,0,False,Boo,Team Heretics,omen,True,100,25,0,1,1,0,False,benjyfishy,Team Heretics,deadlock,True,100,25,1,0,1,0,False,Wo0t,Team Heretics,chamber,True,100,,0,5,0,0,False,grubinho,GIANTX,omen,True,100,25,0,1,1,0,False,ara,GIANTX,raze,True,100,,1,0,1,0,False,Cloud,GIANTX,fade,True,100,1,1,0,0,0,False,Flickless,GIANTX,viper,True,100,,0,0,0,0,False,westside,GIANTX,cypher,True,100,,0,0,0,0,False
1713.445,7337,ACTIVE_ROUND,13,3,9,89.000,,,MiniBoo,Team Heretics,raze,True,100,,0,0,1,0,False,RieNs,Team Heretics,fade,True,100,,1,0,0,0,False,Boo,Team Heretics,omen,True,100,25,0,1,1,0,False,benjyfishy,Team Heretics,deadlock,True,100,25,1,0,1,0,False,Wo0t,Team Heretics,chamber,True,100,,0,5,0,0,False,grubinho,GIANTX,omen,True,100,25,0,1,1,0,False,ara,GIANTX,raze,True,100,,1,0,1,0,False,Cloud,GIANTX,fade,True,100,1,1,0,0,0,False,Flickless,GIANTX,viper,True,100,,0,0,0,0,False,westside,GIANTX,cypher,True,100,,0,0,0,0,False
1713.679,7338,ACTIVE_ROUND,13,3,9,88.000,,,MiniBoo,Team Heretics,raze,True,100,,0,0,1,0,False,RieNs,Team Heretics,fade,True,100,,1,0,0,0,False,Boo,Team Heretics,omen,True,100,25,0,1,1,0,False,benjyfishy,Team Heretics,deadlock,True,100,25,1,0,1,0,False,Wo0t,Team Heretics,chamber,True,100,,0,5,0,0,False,grubinho,GIANTX,omen,True,100,25,0,1,1,0,False,ara,GIANTX,raze,True,100,,1,0,1,0,False,Cloud,GIANTX,fade,True,100,1,1,0,0,0,False,Flickless,GIANTX,viper,True,100,,0,0,0,0,False,westside,GIANTX,cypher,True,100,,0,0,0,0,False
1713.912,7339,ACTIVE_ROUND,13,3,9,88.000,,,MiniBoo,Team Heretics,raze,True,100,,0,0,1,0,False,RieNs,Team Heretics,fade,True,100,,1,0,0,0,False,Boo,Team Heretics,omen,True,100,25,0,1,1,0,False,benjyfishy,Team Heretics,deadlock,True,100,25,1,0,1,0,False,Wo0t,Team Heretics,chamber,True,100,,0,5,0,0,False,grubinho,GIANTX,omen,True,100,25,0,1,1,0,False,ara,GIANTX,raze,True,100,,1,0,1,0,False,Cloud,GIANTX,fade,True,100,1,1,0,0,0,False,Flickless,GIANTX,viper,True,100,,0,0,0,0,False,westside,GIANTX,cypher,True,100,,0,0,0,0,False
1714.146,7340,ACTIVE_ROUND,13,3,9,88.000,,,MiniBoo,Team Heretics,raze,True,100,,0,0,1,0,False,RieNs,Team Heretics,fade,True,100,,1,0,0,0,False,Boo,Team Heretics,omen,True,100,25,0,1,1,0,False,benjyfishy,Team Heretics,deadlock,True,100,25,1,0,1,0,False,Wo0t,Team Heretics,chamber,True,100,,0,5,0,0,False,grubinho,GIANTX,omen,True,100,25,0,1,1,0,False,ara,GIANTX,raze,True,100,,1,0,1,0,False,Cloud,GIANTX,fade,True,100,1,1,0,0,0,False,Flickless,GIANTX,viper,True,100,,0,0,0,0,False,westside,GIANTX,cypher,True,100,,0,0,0,0,False
1714.379,7341,ACTIVE_ROUND,13,3,9,88.000,,,MiniBoo,Team Heretics,raze,True,100,,0,0,1,0,False,RieNs,Team Heretics,fade,True,100,,1,0,0,0,False,Boo,Team Heretics,omen,True,100,25,0,1,1,0,False,benjyfishy,Team Heretics,deadlock,True,100,25,1,0,1,0,False,Wo0t,Team Heretics,chamber,True,100,,0,5,0,0,False,grubinho,GIANTX,omen,True,100,25,0,1,1,0,False,ara,GIANTX,raze,True,100,,1,0,1,0,False,Cloud,GIANTX,fade,True,100,1,1,0,0,0,False,Flickless,GIANTX,viper,True,100,,0,0,0,0,False,westside,GIANTX,cypher,True,100,,0,0,0,0,False
1714.613,7342,ACTIVE_ROUND,13,3,9,87.000,,,MiniBoo,Team Heretics,raze,True,100,,0,0,1,0,False,RieNs,Team Heretics,fade,True,100,,1,0,0,0,False,Boo,Team Heretics,omen,True,100,25,0,1,1,0,False,benjyfishy,Team Heretics,deadlock,True,100,25,1,0,1,0,False,Wo0t,Team Heretics,chamber,True,100,,0,5,0,0,False,grubinho,GIANTX,omen,True,100,25,0,1,1,0,False,ara,GIANTX,raze,True,100,,1,0,1,0,False,Cloud,GIANTX,fade,True,100,1,1,0,0,0,False,Flickless,GIANTX,viper,True,100,,0,0,0,0,False,westside,GIANTX,cypher,True,100,,0,0,0,0,False
1714.846,7343,ACTIVE_ROUND,13,3,9,87.000,,,MiniBoo,Team Heretics,raze,True,100,,0,0,1,0,False,RieNs,Team Heretics,fade,True,100,,1,0,0,0,False,Boo,Team Heretics,omen,True,100,25,0,1,1,0,False,benjyfishy,Team Heretics,deadlock,True,100,25,1,0,1,0,False,Wo0t,Team Heretics,chamber,True,100,,0,5,0,0,False,grubinho,GIANTX,omen,True,100,25,0,1,1,0,False,ara,GIANTX,raze,True,100,,1,0,1,0,False,Cloud,GIANTX,fade,True,100,1,1,0,0,0,False,Flickless,GIANTX,viper,True,100,,0,0,0,0,False,westside,GIANTX,cypher,True,100,,0,0,0,0,False
1715.080,7344,ACTIVE_ROUND,13,3,9,87.000,,,MiniBoo,Team Heretics,raze,True,100,,0,0,1,0,False,RieNs,Team Heretics,fade,True,100,,1,0,0,0,False,Boo,Team Heretics,omen,True,100,25,0,1,1,0,False,benjyfishy,Team Heretics,deadlock,True,100,25,1,0,1,0,False,Wo0t,Team Heretics,chamber,True,100,,0,5,0,0,False,grubinho,GIANTX,omen,True,100,25,0,1,1,0,False,ara,GIANTX,raze,True,100,,1,0,1,0,False,Cloud,GIANTX,fade,True,100,1,1,0,0,0,False,Flickless,GIANTX,viper,True,100,,0,0,0,0,False,westside,GIANTX,cypher,True,100,,0,0,0,0,False
1715.314,7345,ACTIVE_ROUND,13,3,9,87.000,,,MiniBoo,Team Heretics,raze,True,100,,0,0,1,0,False,RieNs,Team Heretics,fade,True,100,,1,0,0,0,False,Boo,Team Heretics,omen,True,100,25,0,1,1,0,False,benjyfishy,Team Heretics,deadlock,True,100,25,1,0,1,0,False,Wo0t,Team Heretics,chamber,True,100,,0,5,0,0,False,grubinho,GIANTX,omen,True,100,25,0,1,1,0,False,ara,GIANTX,raze,True,100,,1,0,1,0,False,Cloud,GIANTX,fade,True,100,1,1,0,0,0,False,Flickless,GIANTX,viper,True,100,,0,0,0,0,False,westside,GIANTX,cypher,True,100,,0,0,0,0,False
1715.547,7346,ACTIVE_ROUND,13,3,9,86.000,,,MiniBoo,Team Heretics,raze,True,100,,0,0,1,0,False,RieNs,Team Heretics,fade,True,100,,1,0,0,0,False,Boo,Team Heretics,omen,True,100,25,0,1,1,0,False,benjyfishy,Team Heretics,deadlock,True,100,25,1,0,1,0,False,Wo0t,Team Heretics,chamber,True,100,,0,5,0,0,False,grubinho,GIANTX,omen,True,100,25,0,1,1,0,False,ara,GIANTX,raze,True,100,,1,0,1,0,False,Cloud,GIANTX,fade,True,100,1,1,0,0,0,False,Flickless,GIANTX,viper,True,100,,0,0,0,0,False,westside,GIANTX,cypher,True,100,,0,0,0,0,False
1715.781,7347,ACTIVE_ROUND,13,3,9,86.000,,,MiniBoo,Team Heretics,raze,True,100,,0,0,1,0,False,RieNs,Team Heretics,fade,True,100,,1,0,0,0,False,Boo,Team Heretics,omen,True,100,25,0,1,1,0,False,benjyfishy,Team Heretics,deadlock,True,100,25,1,0,1,0,False,Wo0t,Team Heretics,chamber,True,100,,0,5,0,0,False,grubinho,GIANTX,omen,True,100,25,0,1,1,0,False,ara,GIANTX,raze,True,100,,1,0,1,0,False,Cloud,GIANTX,fade,True,100,1,1,0,0,0,False,Flickless,GIANTX,viper,True,100,,0,0,0,0,False,westside,GIANTX,cypher,True,100,,0,0,0,0,False
1716.014,7348,ACTIVE_ROUND,13,3,9,86.000,,,MiniBoo,Team Heretics,raze,True,100,,0,0,1,0,False,RieNs,Team Heretics,fade,True,100,,1,0,0,0,False,Boo,Team Heretics,omen,True,100,25,0,1,1,0,False,benjyfishy,Team Heretics,deadlock,True,100,25,1,0,1,0,False,Wo0t,Team Heretics,chamber,True,100,,0,5,0,0,False,grubinho,GIANTX,omen,True,100,25,0,1,1,0,False,ara,GIANTX,raze,True,100,,1,0,1,0,False,Cloud,GIANTX,fade,True,100,1,1,0,0,0,False,Flickless,GIANTX,viper,True,100,,0,0,0,0,False,westside,GIANTX,cypher,True,100,,0,0,0,0,False
1716.248,7349,ACTIVE_ROUND,13,3,9,86.000,,,MiniBoo,Team Heretics,raze,True,100,,0,0,1,0,False,RieNs,Team Heretics,fade,True,100,,1,0,0,0,False,Boo,Team Heretics,omen,True,100,25,0,1,1,0,False,benjyfishy,Team Heretics,deadlock,True,100,25,1,0,1,0,False,Wo0t,Team Heretics,chamber,True,100,,0,5,0,0,False,grubinho,GIANTX,omen,True,100,25,0,1,1,0,False,ara,GIANTX,raze,True,100,,1,0,1,0,False,Cloud,GIANTX,fade,True,100,1,1,0,0,0,False,Flickless,GIANTX,viper,True,100,,0,0,0,0,False,westside,GIANTX,cypher,True,100,,0,0,0,0,False
1716.481,7350,ACTIVE_ROUND,13,3,9,86.000,,,MiniBoo,Team Heretics,raze,True,100,,0,0,1,0,False,RieNs,Team Heretics,fade,True,100,,1,0,0,0,False,Boo,Team Heretics,omen,True,100,25,0,1,1,0,False,benjyfishy,Team Heretics,deadlock,True,100,25,1,0,1,0,False,Wo0t,Team Heretics,chamber,True,100,,0,5,0,0,False,grubinho,GIANTX,omen,True,100,25,0,1,1,0,False,ara,GIANTX,raze,True,100,,1,0,1,0,False,Cloud,GIANTX,fade,True,100,1,1,0,0,0,False,Flickless,GIANTX,viper,True,100,,0,0,0,0,False,westside,GIANTX,cypher,True,100,,0,0,0,0,False
1716.715,7351,ACTIVE_ROUND,13,3,9,85.000,,,MiniBoo,Team Heretics,raze,True,100,,0,0,1,0,False,RieNs,Team Heretics,fade,True,100,,1,0,0,0,False,Boo,Team Heretics,omen,True,100,25,0,1,1,0,False,benjyfishy,Team Heretics,deadlock,True,100,25,1,0,1,0,False,Wo0t,Team Heretics,chamber,True,100,,0,5,0,0,False,grubinho,GIANTX,omen,True,100,25,0,1,1,0,False,ara,GIANTX,raze,True,100,,1,0,1,0,False,Cloud,GIANTX,fade,True,100,1,1,0,0,0,False,Flickless,GIANTX,viper,True,100,,0,0,0,0,False,westside,GIANTX,cypher,True,100,,0,0,0,0,False
1716.949,7352,ACTIVE_ROUND,13,3,9,85.000,,,MiniBoo,Team Heretics,raze,True,100,,0,0,1,0,False,RieNs,Team Heretics,fade,True,100,,1,0,0,0,False,Boo,Team Heretics,omen,True,100,25,0,1,1,0,False,benjyfishy,Team Heretics,deadlock,True,100,25,1,0,1,0,False,Wo0t,Team Heretics,chamber,True,100,,0,5,0,0,False,grubinho,GIANTX,omen,True,100,25,0,1,1,0,False,ara,GIANTX,raze,True,100,,1,0,1,0,False,Cloud,GIANTX,fade,True,100,1,1,0,0,0,False,Flickless,GIANTX,viper,True,100,,0,0,0,0,False,westside,GIANTX,cypher,True,100,,0,0,0,0,False
1717.182,7353,ACTIVE_ROUND,13,3,9,85.000,,,MiniBoo,Team Heretics,raze,True,100,,0,0,1,0,False,RieNs,Team Heretics,fade,True,100,,1,0,0,0,False,Boo,Team Heretics,omen,True,100,25,0,1,1,0,False,benjyfishy,Team Heretics,deadlock,True,100,25,1,0,1,0,False,Wo0t,Team Heretics,chamber,True,100,,0,5,0,0,False,grubinho,GIANTX,omen,True,100,25,0,1,1,0,False,ara,GIANTX,raze,True,100,,1,0,1,0,False,Cloud,GIANTX,fade,True,100,1,1,0,0,0,False,Flickless,GIANTX,viper,True,100,,0,0,0,0,False,westside,GIANTX,cypher,True,100,,0,0,0,0,False
1717.416,7354,ACTIVE_ROUND,13,3,9,85.000,,,MiniBoo,Team Heretics,raze,True,100,,0,0,1,0,False,RieNs,Team Heretics,fade,True,100,,1,0,0,0,False,Boo,Team Heretics,omen,True,100,25,0,1,1,0,False,benjyfishy,Team Heretics,deadlock,True,100,25,1,0,1,0,False,Wo0t,Team Heretics,chamber,True,100,,0,5,0,0,False,grubinho,GIANTX,omen,True,100,25,0,1,1,0,False,ara,GIANTX,raze,True,100,,1,0,1,0,False,Cloud,GIANTX,fade,True,100,1,1,0,0,0,False,Flickless,GIANTX,viper,True,100,,0,0,0,0,False,westside,GIANTX,cypher,True,100,,0,0,0,0,False
1717.649,7355,ACTIVE_ROUND,13,3,9,84.000,,,MiniBoo,Team Heretics,raze,True,100,,0,0,1,0,False,RieNs,Team Heretics,fade,True,100,,1,0,0,0,False,Boo,Team Heretics,omen,True,100,25,0,1,1,0,False,benjyfishy,Team Heretics,deadlock,True,100,25,1,0,1,0,False,Wo0t,Team Heretics,chamber,True,100,,0,5,0,0,False,grubinho,GIANTX,omen,True,100,25,0,1,1,0,False,ara,GIANTX,raze,True,100,,1,0,1,0,False,Cloud,GIANTX,fade,True,100,1,1,0,0,0,False,Flickless,GIANTX,viper,True,100,,0,0,0,0,False,westside,GIANTX,cypher,True,100,,0,0,0,0,False
1717.883,7356,ACTIVE_ROUND,13,3,9,84.000,,,MiniBoo,Team Heretics,raze,True,100,,0,0,1,0,False,RieNs,Team Heretics,fade,True,100,,1,0,0,0,False,Boo,Team Heretics,omen,True,100,25,0,1,1,0,False,benjyfishy,Team Heretics,deadlock,True,100,25,1,0,1,0,False,Wo0t,Team Heretics,chamber,True,100,,0,5,0,0,False,grubinho,GIANTX,omen,True,100,25,0,1,1,0,False,ara,GIANTX,raze,True,100,,1,0,1,0,False,Cloud,GIANTX,fade,True,100,1,1,0,0,0,False,Flickless,GIANTX,viper,True,100,,0,0,0,0,False,westside,GIANTX,cypher,True,100,,0,0,0,0,False
1718.116,7357,ACTIVE_ROUND,13,3,9,84.000,,,MiniBoo,Team Heretics,raze,True,100,,0,0,1,0,False,RieNs,Team Heretics,fade,True,100,,1,0,0,0,False,Boo,Team Heretics,omen,True,100,25,0,1,1,0,False,benjyfishy,Team Heretics,deadlock,True,100,25,1,0,1,0,False,Wo0t,Team Heretics,chamber,True,100,,0,5,0,0,False,grubinho,GIANTX,omen,True,100,25,0,1,1,0,False,ara,GIANTX,raze,True,100,,1,0,1,0,False,Cloud,GIANTX,fade,True,100,1,1,0,0,0,False,Flickless,GIANTX,viper,True,100,,0,0,0,0,False,westside,GIANTX,cypher,True,100,,0,0,0,0,False
1718.350,7358,ACTIVE_ROUND,13,3,9,84.000,,,MiniBoo,Team Heretics,raze,True,100,,0,0,1,0,False,RieNs,Team Heretics,fade,True,100,,1,0,0,0,False,Boo,Team Heretics,omen,True,100,25,0,1,1,0,False,benjyfishy,Team Heretics,deadlock,True,100,25,1,0,1,0,False,Wo0t,Team Heretics,chamber,True,100,,0,5,0,0,False,grubinho,GIANTX,omen,True,100,25,0,1,1,0,False,ara,GIANTX,raze,True,100,,1,0,1,0,False,Cloud,GIANTX,fade,True,100,1,1,0,0,0,False,Flickless,GIANTX,viper,True,100,,0,0,0,0,False,westside,GIANTX,cypher,True,100,,0,0,0,0,False
1718.584,7359,ACTIVE_ROUND,13,3,9,83.000,,,MiniBoo,Team Heretics,raze,True,100,,0,0,1,0,False,RieNs,Team Heretics,fade,True,100,,1,0,0,0,False,Boo,Team Heretics,omen,True,100,25,0,1,1,0,False,benjyfishy,Team Heretics,deadlock,True,100,25,1,0,1,0,False,Wo0t,Team Heretics,chamber,True,100,,0,5,0,0,False,grubinho,GIANTX,omen,True,100,25,0,1,1,0,False,ara,GIANTX,raze,True,100,,1,0,1,0,False,Cloud,GIANTX,fade,True,100,1,1,0,0,0,False,Flickless,GIANTX,viper,True,100,,0,0,0,0,False,westside,GIANTX,cypher,True,100,,0,0,0,0,False
1718.817,7360,ACTIVE_ROUND,13,3,9,83.000,,,MiniBoo,Team Heretics,raze,True,100,,0,0,1,0,False,RieNs,Team Heretics,fade,True,100,,1,0,0,0,False,Boo,Team Heretics,omen,True,100,25,0,1,1,0,False,benjyfishy,Team Heretics,deadlock,True,100,25,1,0,1,0,False,Wo0t,Team Heretics,chamber,True,100,,0,5,0,0,False,grubinho,GIANTX,omen,True,100,25,0,1,1,0,False,ara,GIANTX,raze,True,100,,1,0,1,0,False,Cloud,GIANTX,fade,True,100,1,1,0,0,0,False,Flickless,GIANTX,viper,True,100,,0,0,0,0,False,westside,GIANTX,cypher,True,100,,0,0,0,0,False
1719.051,7361,ACTIVE_ROUND,13,3,9,83.000,,,MiniBoo,Team Heretics,raze,True,100,,0,0,1,0,False,RieNs,Team Heretics,fade,True,100,,1,0,0,0,False,Boo,Team Heretics,omen,True,100,25,0,1,1,0,False,benjyfishy,Team Heretics,deadlock,True,100,25,1,0,1,0,False,Wo0t,Team Heretics,chamber,True,100,,0,5,0,0,False,grubinho,GIANTX,omen,True,100,25,0,1,1,0,False,ara,GIANTX,raze,True,100,,1,0,1,0,False,Cloud,GIANTX,fade,True,100,1,1,0,0,0,False,Flickless,GIANTX,viper,True,100,,0,0,0,0,False,westside,GIANTX,cypher,True,100,,0,0,0,0,False
1719.284,7362,ACTIVE_ROUND,13,3,9,83.000,,,MiniBoo,Team Heretics,raze,True,100,,0,0,1,0,False,RieNs,Team Heretics,fade,True,100,,1,0,0,0,False,Boo,Team Heretics,omen,True,100,25,0,1,1,0,False,benjyfishy,Team Heretics,deadlock,True,100,25,1,0,1,0,False,Wo0t,Team Heretics,chamber,True,100,,0,5,0,0,False,grubinho,GIANTX,omen,True,100,25,0,1,1,0,False,ara,GIANTX,raze,True,100,,1,0,1,0,False,Cloud,GIANTX,fade,True,100,1,1,0,0,0,False,Flickless,GIANTX,viper,True,100,,0,0,0,0,False,westside,GIANTX,cypher,True,100,,0,0,0,0,False
1719.518,7363,ACTIVE_ROUND,13,3,9,83.000,,,MiniBoo,Team Heretics,raze,True,100,,0,0,1,0,False,RieNs,Team Heretics,fade,True,100,,1,0,0,0,False,Boo,Team Heretics,omen,True,100,25,0,1,1,0,False,benjyfishy,Team Heretics,deadlock,True,100,25,1,0,1,0,False,Wo0t,Team Heretics,chamber,True,100,,0,5,0,0,False,grubinho,GIANTX,omen,True,100,25,0,1,1,0,False,ara,GIANTX,raze,True,100,,1,0,1,0,False,Cloud,GIANTX,fade,True,100,1,1,0,0,0,False,Flickless,GIANTX,viper,True,100,,0,0,0,0,False,westside,GIANTX,cypher,True,100,,0,0,0,0,False
1719.751,7364,ACTIVE_ROUND,13,3,9,82.000,,,MiniBoo,Team Heretics,raze,True,100,,0,0,1,0,False,RieNs,Team Heretics,fade,True,100,,1,0,0,0,False,Boo,Team Heretics,omen,True,100,25,0,1,1,0,False,benjyfishy,Team Heretics,deadlock,True,100,25,1,0,1,0,False,Wo0t,Team Heretics,chamber,True,100,,0,5,0,0,False,grubinho,GIANTX,omen,True,100,25,0,1,1,0,False,ara,GIANTX,raze,True,100,,1,0,1,0,False,Cloud,GIANTX,fade,True,100,1,1,0,0,0,False,Flickless,GIANTX,viper,True,100,,0,0,0,0,False,westside,GIANTX,cypher,True,100,,0,0,0,0,False
1719.985,7365,ACTIVE_ROUND,13,3,9,82.000,,,MiniBoo,Team Heretics,raze,True,100,,0,0,1,0,False,RieNs,Team Heretics,fade,True,100,,1,0,0,0,False,Boo,Team Heretics,omen,True,100,25,0,1,1,0,False,benjyfishy,Team Heretics,deadlock,True,100,25,1,0,1,0,False,Wo0t,Team Heretics,chamber,True,100,,0,5,0,0,False,grubinho,GIANTX,omen,True,100,25,0,1,1,0,False,ara,GIANTX,raze,True,100,,1,0,1,0,False,Cloud,GIANTX,fade,True,100,1,1,0,0,0,False,Flickless,GIANTX,viper,True,100,,0,0,0,0,False,westside,GIANTX,cypher,True,100,,0,0,0,0,False
1720.218,7366,ACTIVE_ROUND,13,3,9,82.000,,,MiniBoo,Team Heretics,raze,True,100,,0,0,1,0,False,RieNs,Team Heretics,fade,True,100,,1,0,0,0,False,Boo,Team Heretics,omen,True,100,25,0,1,1,0,False,benjyfishy,Team Heretics,deadlock,True,100,25,1,0,1,0,False,Wo0t,Team Heretics,chamber,True,100,,0,5,0,0,False,grubinho,GIANTX,omen,True,100,25,0,1,1,0,False,ara,GIANTX,raze,True,100,,1,0,1,0,False,Cloud,GIANTX,fade,True,100,1,0,0,0,0,False,Flickless,GIANTX,viper,True,100,,0,0,0,0,False,westside,GIANTX,cypher,True,100,,0,0,0,0,False
1720.452,7367,ACTIVE_ROUND,13,3,9,82.000,,,MiniBoo,Team Heretics,raze,True,100,,0,0,1,0,False,RieNs,Team Heretics,fade,True,100,,1,0,0,0,False,Boo,Team Heretics,omen,True,100,25,0,1,1,0,False,benjyfishy,Team Heretics,deadlock,True,100,25,1,0,1,0,False,Wo0t,Team Heretics,chamber,True,100,,0,5,0,0,False,grubinho,GIANTX,omen,True,100,25,0,1,1,0,False,ara,GIANTX,raze,True,100,,1,0,1,0,False,Cloud,GIANTX,fade,True,100,1,0,0,0,0,False,Flickless,GIANTX,viper,True,100,,0,0,0,0,False,westside,GIANTX,cypher,True,100,,0,0,0,0,False
1720.686,7368,ACTIVE_ROUND,13,3,9,81.000,,,MiniBoo,Team Heretics,raze,True,100,,0,0,1,0,False,RieNs,Team Heretics,fade,True,100,,1,0,0,0,False,Boo,Team Heretics,omen,True,100,25,0,1,1,0,False,benjyfishy,Team Heretics,deadlock,True,100,25,1,0,1,0,False,Wo0t,Team Heretics,chamber,True,100,,0,5,0,0,False,grubinho,GIANTX,omen,True,100,25,0,1,1,0,False,ara,GIANTX,raze,True,100,,1,0,1,0,False,Cloud,GIANTX,fade,True,100,1,0,0,0,0,False,Flickless,GIANTX,viper,True,100,,0,0,0,0,False,westside,GIANTX,cypher,True,100,,0,0,0,0,False
1720.919,7369,ACTIVE_ROUND,13,3,9,81.000,,,MiniBoo,Team Heretics,raze,True,100,,0,0,1,0,False,RieNs,Team Heretics,fade,True,100,,1,0,0,0,False,Boo,Team Heretics,omen,True,100,25,0,1,1,0,False,benjyfishy,Team Heretics,deadlock,True,100,25,1,0,1,0,False,Wo0t,Team Heretics,chamber,True,100,,0,5,0,0,False,grubinho,GIANTX,omen,True,100,25,0,1,1,0,False,ara,GIANTX,raze,True,100,,1,0,1,0,False,Cloud,GIANTX,fade,True,100,1,0,0,0,0,False,Flickless,GIANTX,viper,True,100,,0,0,0,0,False,westside,GIANTX,cypher,True,100,,0,0,0,0,False
1721.153,7370,ACTIVE_ROUND,13,3,9,81.000,,,MiniBoo,Team Heretics,raze,True,100,,0,0,1,0,False,RieNs,Team Heretics,fade,True,100,,1,0,0,0,False,Boo,Team Heretics,omen,True,100,25,0,1,1,0,False,benjyfishy,Team Heretics,deadlock,True,100,25,1,0,1,0,False,Wo0t,Team Heretics,chamber,True,100,,0,5,0,0,False,grubinho,GIANTX,omen,True,100,25,0,1,1,0,False,ara,GIANTX,raze,True,100,,1,0,1,0,False,Cloud,GIANTX,fade,True,100,1,0,0,0,0,False,Flickless,GIANTX,viper,True,100,,0,0,0,0,False,westside,GIANTX,cypher,True,100,,0,0,0,0,False
1721.386,7371,ACTIVE_ROUND,13,3,9,81.000,,,MiniBoo,Team Heretics,raze,True,100,,0,0,1,0,False,RieNs,Team Heretics,fade,True,100,,1,0,0,0,False,Boo,Team Heretics,omen,True,100,25,0,1,1,0,False,benjyfishy,Team Heretics,deadlock,True,100,25,1,0,1,0,False,Wo0t,Team Heretics,chamber,True,100,,0,5,0,0,False,grubinho,GIANTX,omen,True,100,25,0,1,1,0,False,ara,GIANTX,raze,True,100,,1,0,1,0,False,Cloud,GIANTX,fade,True,100,1,0,0,0,0,False,Flickless,GIANTX,viper,True,100,,0,0,0,0,False,westside,GIANTX,cypher,True,100,,0,0,0,0,False
1721.620,7372,ACTIVE_ROUND,13,3,9,80.000,,,MiniBoo,Team Heretics,raze,True,100,,0,0,1,0,False,RieNs,Team Heretics,fade,True,100,,1,0,0,0,False,Boo,Team Heretics,omen,True,100,25,0,1,1,0,False,benjyfishy,Team Heretics,deadlock,True,100,25,1,0,1,0,False,Wo0t,Team Heretics,chamber,True,100,,0,5,0,0,False,grubinho,GIANTX,omen,True,100,25,0,1,1,0,False,ara,GIANTX,raze,True,100,,1,0,1,0,False,Cloud,GIANTX,fade,True,100,1,0,0,0,0,False,Flickless,GIANTX,viper,True,100,,0,0,0,0,False,westside,GIANTX,cypher,True,100,,0,0,0,0,False
1721.853,7373,ACTIVE_ROUND,13,3,9,80.000,,,MiniBoo,Team Heretics,raze,True,100,,0,0,1,0,False,RieNs,Team Heretics,fade,True,100,,1,0,0,0,False,Boo,Team Heretics,omen,True,100,25,0,1,1,0,False,benjyfishy,Team Heretics,deadlock,True,100,25,1,0,1,0,False,Wo0t,Team Heretics,chamber,True,100,,0,5,0,0,False,grubinho,GIANTX,omen,True,100,25,0,1,1,0,False,ara,GIANTX,raze,True,100,,1,0,1,0,False,Cloud,GIANTX,fade,True,100,1,0,0,0,0,False,Flickless,GIANTX,viper,True,100,,0,0,0,0,False,westside,GIANTX,cypher,True,100,,0,0,0,0,False
1722.087,7374,ACTIVE_ROUND,13,3,9,80.000,,,MiniBoo,Team Heretics,raze,True,100,,0,0,1,0,False,RieNs,Team Heretics,fade,True,100,,1,0,0,0,False,Boo,Team Heretics,omen,True,100,25,0,1,1,0,False,benjyfishy,Team Heretics,deadlock,True,100,25,1,0,1,0,False,Wo0t,Team Heretics,chamber,True,100,,0,5,0,0,False,grubinho,GIANTX,omen,True,100,25,0,1,1,0,False,ara,GIANTX,raze,True,100,,1,0,1,0,False,Cloud,GIANTX,fade,True,100,1,0,0,0,0,False,Flickless,GIANTX,viper,True,100,,0,0,0,0,False,westside,GIANTX,cypher,True,100,,0,0,0,0,False
1722.321,7375,ACTIVE_ROUND,13,3,9,80.000,,,MiniBoo,Team Heretics,raze,True,100,,0,0,1,0,False,RieNs,Team Heretics,fade,True,100,,1,0,0,0,False,Boo,Team Heretics,omen,True,100,25,0,1,1,0,False,benjyfishy,Team Heretics,deadlock,True,100,25,1,0,1,0,False,Wo0t,Team Heretics,chamber,True,100,,0,5,0,0,False,grubinho,GIANTX,omen,True,100,25,0,1,1,0,False,ara,GIANTX,raze,True,100,,1,0,1,0,False,Cloud,GIANTX,fade,True,100,1,0,0,0,0,False,Flickless,GIANTX,viper,True,100,,0,0,0,0,False,westside,GIANTX,cypher,True,100,,0,0,0,0,False
1722.554,7376,ACTIVE_ROUND,13,3,9,79.000,,,MiniBoo,Team Heretics,raze,True,100,,0,0,1,0,False,RieNs,Team Heretics,fade,True,100,,1,0,0,0,False,Boo,Team Heretics,omen,True,100,25,0,1,1,0,False,benjyfishy,Team Heretics,deadlock,True,100,25,1,0,1,0,False,Wo0t,Team Heretics,chamber,True,100,,0,5,0,0,False,grubinho,GIANTX,omen,True,100,25,0,1,1,0,False,ara,GIANTX,raze,True,100,,1,0,1,0,False,Cloud,GIANTX,fade,True,100,1,0,0,0,0,False,Flickless,GIANTX,viper,True,100,,0,0,0,0,False,westside,GIANTX,cypher,True,100,,0,0,0,0,False
1722.788,7377,ACTIVE_ROUND,13,3,9,79.000,,,MiniBoo,Team Heretics,raze,True,100,,0,0,1,0,False,RieNs,Team Heretics,fade,True,100,,1,0,0,0,False,Boo,Team Heretics,omen,True,100,25,0,1,1,0,False,benjyfishy,Team Heretics,deadlock,True,100,25,1,0,1,0,False,Wo0t,Team Heretics,chamber,True,100,,0,5,0,0,False,grubinho,GIANTX,omen,True,100,25,0,1,1,0,False,ara,GIANTX,raze,True,100,,1,0,1,0,False,Cloud,GIANTX,fade,True,100,1,0,0,0,0,False,Flickless,GIANTX,viper,True,100,,0,0,0,0,False,westside,GIANTX,cypher,True,100,,0,0,0,0,False
1723.021,7378,ACTIVE_ROUND,13,3,9,79.000,,,MiniBoo,Team Heretics,raze,True,100,,0,0,1,0,False,RieNs,Team Heretics,fade,True,100,,1,0,0,0,False,Boo,Team Heretics,omen,True,100,25,0,1,1,0,False,benjyfishy,Team Heretics,deadlock,True,100,25,1,0,1,0,False,Wo0t,Team Heretics,chamber,True,100,,0,5,0,0,False,grubinho,GIANTX,omen,True,100,25,0,1,1,0,False,ara,GIANTX,raze,True,100,,1,0,1,0,False,Cloud,GIANTX,fade,True,100,1,0,0,0,0,False,Flickless,GIANTX,viper,True,100,,0,0,0,0,False,westside,GIANTX,cypher,True,100,,0,0,0,0,False
1723.255,7379,ACTIVE_ROUND,13,3,9,79.000,,,MiniBoo,Team Heretics,raze,True,100,,0,0,1,0,False,RieNs,Team Heretics,fade,True,100,,1,0,0,0,False,Boo,Team Heretics,omen,True,100,25,0,1,1,0,False,benjyfishy,Team Heretics,deadlock,True,100,25,1,0,1,0,False,Wo0t,Team Heretics,chamber,True,100,,0,5,0,0,False,grubinho,GIANTX,omen,True,100,25,0,1,1,0,False,ara,GIANTX,raze,True,100,,1,0,1,0,False,Cloud,GIANTX,fade,True,100,1,0,0,0,0,False,Flickless,GIANTX,viper,True,100,,0,0,0,0,False,westside,GIANTX,cypher,True,100,,0,0,0,0,False
1723.488,7380,ACTIVE_ROUND,13,3,9,79.000,,,MiniBoo,Team Heretics,raze,True,100,,0,0,1,0,False,RieNs,Team Heretics,fade,True,100,,1,0,0,0,False,Boo,Team Heretics,omen,True,100,25,0,1,1,0,False,benjyfishy,Team Heretics,deadlock,True,100,25,1,0,1,0,False,Wo0t,Team Heretics,chamber,True,100,,0,5,0,0,False,grubinho,GIANTX,omen,True,100,25,0,1,1,0,False,ara,GIANTX,raze,True,100,,1,0,1,0,False,Cloud,GIANTX,fade,True,100,1,0,0,0,0,False,Flickless,GIANTX,viper,True,100,,0,0,0,0,False,westside,GIANTX,cypher,True,100,,0,0,0,0,False
1723.722,7381,ACTIVE_ROUND,13,3,9,78.000,,,MiniBoo,Team Heretics,raze,True,100,,0,0,1,0,False,RieNs,Team Heretics,fade,True,100,,1,0,0,0,False,Boo,Team Heretics,omen,True,100,25,0,1,1,0,False,benjyfishy,Team Heretics,deadlock,True,100,25,1,0,1,0,False,Wo0t,Team Heretics,chamber,True,100,,0,5,0,0,False,grubinho,GIANTX,omen,True,100,25,0,1,1,0,False,ara,GIANTX,raze,True,100,,1,0,1,0,False,Cloud,GIANTX,fade,True,100,1,0,0,0,0,False,Flickless,GIANTX,viper,True,100,,0,0,0,0,False,westside,GIANTX,cypher,True,100,,0,0,0,0,False
1723.956,7382,ACTIVE_ROUND,13,3,9,78.000,,,MiniBoo,Team Heretics,raze,True,100,,0,0,1,0,False,RieNs,Team Heretics,fade,True,100,,1,0,0,0,False,Boo,Team Heretics,omen,True,100,25,0,1,1,0,False,benjyfishy,Team Heretics,deadlock,True,100,25,1,0,1,0,False,Wo0t,Team Heretics,chamber,True,100,,0,5,0,0,False,grubinho,GIANTX,omen,True,100,25,0,1,1,0,False,ara,GIANTX,raze,True,100,,1,0,1,0,False,Cloud,GIANTX,fade,True,100,1,0,0,0,0,False,Flickless,GIANTX,viper,True,100,,0,0,0,0,False,westside,GIANTX,cypher,True,100,,0,0,0,0,False
1724.189,7383,ACTIVE_ROUND,13,3,9,78.000,,,MiniBoo,Team Heretics,raze,True,100,,0,0,1,0,False,RieNs,Team Heretics,fade,True,100,,1,0,0,0,False,Boo,Team Heretics,omen,True,100,25,0,1,1,0,False,benjyfishy,Team Heretics,deadlock,True,100,25,1,0,1,0,False,Wo0t,Team Heretics,chamber,True,100,,0,5,0,0,False,grubinho,GIANTX,omen,True,100,25,0,1,1,0,False,ara,GIANTX,raze,True,100,,1,0,1,0,False,Cloud,GIANTX,fade,True,100,1,0,0,0,0,False,Flickless,GIANTX,viper,True,100,,0,0,0,0,False,westside,GIANTX,cypher,True,100,,0,0,0,0,False
1724.423,7384,ACTIVE_ROUND,13,3,9,78.000,,,MiniBoo,Team Heretics,raze,True,100,,0,0,1,0,False,RieNs,Team Heretics,fade,True,100,,1,0,0,0,False,Boo,Team Heretics,omen,True,100,25,0,1,1,0,False,benjyfishy,Team Heretics,deadlock,True,100,25,1,0,1,0,False,Wo0t,Team Heretics,chamber,True,100,,0,5,0,0,False,grubinho,GIANTX,omen,True,100,25,0,1,1,0,False,ara,GIANTX,raze,True,100,,1,0,1,0,False,Cloud,GIANTX,fade,True,100,1,0,0,0,0,False,Flickless,GIANTX,viper,True,100,,0,0,0,0,False,westside,GIANTX,cypher,True,100,,0,0,0,0,False
1724.656,7385,ACTIVE_ROUND,13,3,9,77.000,,,MiniBoo,Team Heretics,raze,True,100,,0,0,1,0,False,RieNs,Team Heretics,fade,True,100,,1,0,0,0,False,Boo,Team Heretics,omen,True,100,25,0,1,1,0,False,benjyfishy,Team Heretics,deadlock,True,100,25,1,0,1,0,False,Wo0t,Team Heretics,chamber,True,100,,0,5,0,0,False,grubinho,GIANTX,omen,True,100,25,0,1,1,0,False,ara,GIANTX,raze,True,100,,1,0,1,0,False,Cloud,GIANTX,fade,True,100,1,0,0,0,0,False,Flickless,GIANTX,viper,True,100,,0,0,0,0,False,westside,GIANTX,cypher,True,100,,0,0,0,0,False
1724.890,7386,ACTIVE_ROUND,13,3,9,77.000,,,MiniBoo,Team Heretics,raze,True,100,,0,0,1,0,False,RieNs,Team Heretics,fade,True,100,,1,0,0,0,False,Boo,Team Heretics,omen,True,100,25,0,1,1,0,False,benjyfishy,Team Heretics,deadlock,True,100,25,1,0,1,0,False,Wo0t,Team Heretics,chamber,True,100,,0,5,0,0,False,grubinho,GIANTX,omen,True,100,25,0,1,1,0,False,ara,GIANTX,raze,True,100,,1,0,1,0,False,Cloud,GIANTX,fade,True,100,1,0,0,0,0,False,Flickless,GIANTX,viper,True,100,,0,0,0,0,False,westside,GIANTX,cypher,True,100,,0,0,0,0,False
1725.123,7387,ACTIVE_ROUND,13,3,9,77.000,,,MiniBoo,Team Heretics,raze,True,100,,0,0,0,0,False,RieNs,Team Heretics,fade,True,100,,0,0,0,0,False,Boo,Team Heretics,omen,True,100,25,0,1,0,0,False,benjyfishy,Team Heretics,deadlock,True,100,25,1,0,1,0,False,Wo0t,Team Heretics,chamber,True,100,,0,5,0,0,False,grubinho,GIANTX,omen,True,100,25,0,1,1,0,False,ara,GIANTX,raze,True,100,,1,0,1,0,False,Cloud,GIANTX,fade,True,100,1,0,0,0,0,False,Flickless,GIANTX,viper,True,100,,0,0,0,0,False,westside,GIANTX,cypher,True,100,,0,0,0,0,False
1725.357,7388,ACTIVE_ROUND,13,3,9,77.000,,,MiniBoo,Team Heretics,raze,True,100,,0,0,0,0,False,RieNs,Team Heretics,fade,True,100,,0,0,0,0,False,Boo,Team Heretics,omen,True,100,25,0,1,0,0,False,benjyfishy,Team Heretics,deadlock,True,100,25,1,0,1,0,False,Wo0t,Team Heretics,chamber,True,100,,0,5,0,0,False,grubinho,GIANTX,omen,True,100,25,0,1,1,0,False,ara,GIANTX,raze,True,100,,1,0,1,0,False,Cloud,GIANTX,fade,True,100,1,0,0,0,0,False,Flickless,GIANTX,viper,True,100,,0,0,0,0,False,westside,GIANTX,cypher,True,100,,0,0,0,0,False
1725.591,7389,ACTIVE_ROUND,13,3,9,76.000,,,MiniBoo,Team Heretics,raze,True,100,,0,0,0,0,False,RieNs,Team Heretics,fade,True,100,,0,0,0,0,False,Boo,Team Heretics,omen,True,100,25,0,1,0,0,False,benjyfishy,Team Heretics,deadlock,True,100,25,1,0,1,0,False,Wo0t,Team Heretics,chamber,True,100,,0,5,0,0,False,grubinho,GIANTX,omen,True,100,25,0,1,1,0,False,ara,GIANTX,raze,True,100,,1,0,1,0,False,Cloud,GIANTX,fade,True,100,1,0,0,0,0,False,Flickless,GIANTX,viper,True,100,,0,0,0,0,False,westside,GIANTX,cypher,True,100,,0,0,0,0,False
1725.824,7390,ACTIVE_ROUND,13,3,9,76.000,,,MiniBoo,Team Heretics,raze,True,100,,0,0,0,0,False,RieNs,Team Heretics,fade,True,100,,0,0,0,0,False,Boo,Team Heretics,omen,True,100,25,0,1,0,0,False,benjyfishy,Team Heretics,deadlock,True,100,25,1,0,1,0,False,Wo0t,Team Heretics,chamber,True,100,,0,5,0,0,False,grubinho,GIANTX,omen,True,100,25,0,1,1,0,False,ara,GIANTX,raze,True,100,,1,0,1,0,False,Cloud,GIANTX,fade,True,100,1,0,0,0,0,False,Flickless,GIANTX,viper,True,100,,0,0,0,0,False,westside,GIANTX,cypher,True,100,,0,0,0,0,False
1726.058,7391,ACTIVE_ROUND,13,3,9,76.000,,,MiniBoo,Team Heretics,raze,True,100,,0,0,0,0,False,RieNs,Team Heretics,fade,True,100,,0,0,0,0,False,Boo,Team Heretics,omen,True,100,25,0,1,0,0,False,benjyfishy,Team Heretics,deadlock,True,100,25,1,0,1,0,False,Wo0t,Team Heretics,chamber,True,100,,0,5,0,0,False,grubinho,GIANTX,omen,True,100,25,0,1,1,0,False,ara,GIANTX,raze,True,100,,1,0,1,0,False,Cloud,GIANTX,fade,True,100,1,0,0,0,0,False,Flickless,GIANTX,viper,True,100,,0,0,0,0,False,westside,GIANTX,cypher,True,100,,0,0,0,0,False
1726.291,7392,ACTIVE_ROUND,13,3,9,76.000,,,MiniBoo,Team Heretics,raze,True,100,,0,0,0,0,False,RieNs,Team Heretics,fade,True,100,,0,0,0,0,False,Boo,Team Heretics,omen,True,100,25,0,1,0,0,False,benjyfishy,Team Heretics,deadlock,True,100,25,1,0,0,0,False,Wo0t,Team Heretics,chamber,True,100,,0,5,0,0,False,grubinho,GIANTX,omen,True,100,25,0,1,1,0,False,ara,GIANTX,raze,True,100,,1,0,1,0,False,Cloud,GIANTX,fade,True,100,1,0,0,0,0,False,Flickless,GIANTX,viper,True,100,,0,0,0,0,False,westside,GIANTX,cypher,True,100,,0,0,0,0,False
1726.525,7393,ACTIVE_ROUND,13,3,9,76.000,,,MiniBoo,Team Heretics,raze,True,100,,0,0,0,0,False,RieNs,Team Heretics,fade,True,100,,0,0,0,0,False,Boo,Team Heretics,omen,True,100,25,0,1,0,0,False,benjyfishy,Team Heretics,deadlock,True,100,25,1,0,0,0,False,Wo0t,Team Heretics,chamber,True,100,,0,5,0,0,False,grubinho,GIANTX,omen,True,100,25,0,1,1,0,False,ara,GIANTX,raze,True,100,,1,0,1,0,False,Cloud,GIANTX,fade,True,100,1,0,0,0,0,False,Flickless,GIANTX,viper,True,100,,0,0,0,0,False,westside,GIANTX,cypher,True,100,,0,0,0,0,False
1726.758,7394,ACTIVE_ROUND,13,3,9,75.000,,,MiniBoo,Team Heretics,raze,True,100,,0,0,0,0,False,RieNs,Team Heretics,fade,True,100,,0,0,0,0,False,Boo,Team Heretics,omen,True,100,25,0,1,0,0,False,benjyfishy,Team Heretics,deadlock,True,100,25,1,0,0,0,False,Wo0t,Team Heretics,chamber,True,100,,0,5,0,0,False,grubinho,GIANTX,omen,True,100,25,0,1,1,0,False,ara,GIANTX,raze,True,100,,1,0,1,0,False,Cloud,GIANTX,fade,True,100,1,0,0,0,0,False,Flickless,GIANTX,viper,True,100,,0,0,0,0,False,westside,GIANTX,cypher,True,100,,0,0,0,0,False
1726.992,7395,ACTIVE_ROUND,13,3,9,75.000,,,MiniBoo,Team Heretics,raze,True,100,,0,0,0,0,False,RieNs,Team Heretics,fade,True,100,,0,0,0,0,False,Boo,Team Heretics,omen,True,100,25,0,1,0,0,False,benjyfishy,Team Heretics,deadlock,True,100,25,1,0,0,0,False,Wo0t,Team Heretics,chamber,True,100,,0,5,0,0,False,grubinho,GIANTX,omen,True,100,25,0,1,1,0,False,ara,GIANTX,raze,True,100,,1,0,1,0,False,Cloud,GIANTX,fade,True,100,1,0,0,0,0,False,Flickless,GIANTX,viper,True,100,,0,0,0,0,False,westside,GIANTX,cypher,True,100,,0,0,0,0,False
1727.226,7396,ACTIVE_ROUND,13,3,9,75.000,,,MiniBoo,Team Heretics,raze,True,65,,0,0,0,0,False,RieNs,Team Heretics,fade,True,100,,0,0,0,0,False,Boo,Team Heretics,omen,True,100,25,0,1,0,0,False,benjyfishy,Team Heretics,deadlock,True,100,25,1,0,0,0,False,Wo0t,Team Heretics,chamber,True,100,,0,5,0,0,False,grubinho,GIANTX,omen,True,100,25,0,1,1,0,False,ara,GIANTX,raze,True,100,,1,0,1,0,False,Cloud,GIANTX,fade,True,100,1,0,0,0,0,False,Flickless,GIANTX,viper,True,100,,0,0,0,0,False,westside,GIANTX,cypher,True,100,,0,0,0,0,False
1727.459,7397,ACTIVE_ROUND,13,3,9,75.000,,,MiniBoo,Team Heretics,raze,True,65,,0,0,0,0,False,RieNs,Team Heretics,fade,True,100,,0,0,0,0,False,Boo,Team Heretics,omen,True,100,25,0,1,0,0,False,benjyfishy,Team Heretics,deadlock,True,100,25,1,0,0,0,False,Wo0t,Team Heretics,chamber,True,100,,0,5,0,0,False,grubinho,GIANTX,omen,True,100,25,0,1,1,0,False,ara,GIANTX,raze,True,100,,1,0,1,0,False,Cloud,GIANTX,fade,True,100,1,0,0,0,0,False,Flickless,GIANTX,viper,True,100,,0,0,0,0,False,westside,GIANTX,cypher,True,100,,0,0,0,0,False
1727.693,7398,ACTIVE_ROUND,13,3,9,74.000,,,MiniBoo,Team Heretics,raze,True,65,,0,0,0,0,False,RieNs,Team Heretics,fade,True,100,,0,0,0,0,False,Boo,Team Heretics,omen,True,100,25,0,1,0,0,False,benjyfishy,Team Heretics,deadlock,True,100,25,1,0,0,0,False,Wo0t,Team Heretics,chamber,True,100,,0,5,0,0,False,grubinho,GIANTX,omen,True,100,25,0,1,1,0,False,ara,GIANTX,raze,True,100,,1,0,1,0,False,Cloud,GIANTX,fade,True,100,1,0,0,0,0,False,Flickless,GIANTX,viper,True,100,,0,0,0,0,False,westside,GIANTX,cypher,True,100,,0,0,0,0,False
1727.926,7399,ACTIVE_ROUND,13,3,9,74.000,,,MiniBoo,Team Heretics,raze,True,65,,0,0,0,0,False,RieNs,Team Heretics,fade,True,100,,0,0,0,0,False,Boo,Team Heretics,omen,True,100,25,0,1,0,0,False,benjyfishy,Team Heretics,deadlock,True,100,25,1,0,0,0,False,Wo0t,Team Heretics,chamber,True,100,,0,5,0,0,False,grubinho,GIANTX,omen,True,100,25,0,1,1,0,False,ara,GIANTX,raze,True,100,,1,0,1,0,False,Cloud,GIANTX,fade,True,100,1,0,0,0,0,False,Flickless,GIANTX,viper,True,100,,0,0,0,0,False,westside,GIANTX,cypher,True,100,,0,0,0,0,False
1728.160,7400,ACTIVE_ROUND,13,3,9,74.000,,,MiniBoo,Team Heretics,raze,True,55,,0,0,0,0,False,RieNs,Team Heretics,fade,True,67,,0,0,0,0,False,Boo,Team Heretics,omen,True,100,25,0,0,0,0,False,benjyfishy,Team Heretics,deadlock,True,91,1,1,0,0,0,False,Wo0t,Team Heretics,chamber,True,100,,0,5,0,0,False,grubinho,GIANTX,omen,True,100,25,0,1,1,0,False,ara,GIANTX,raze,True,100,,1,0,1,0,False,Cloud,GIANTX,fade,True,100,1,0,0,0,0,False,Flickless,GIANTX,viper,True,100,,0,0,0,0,False,westside,GIANTX,cypher,True,100,,0,0,0,0,False
1728.393,7401,ACTIVE_ROUND,13,3,9,74.000,,,MiniBoo,Team Heretics,raze,True,55,,0,0,0,0,False,RieNs,Team Heretics,fade,True,67,,0,0,0,0,False,Boo,Team Heretics,omen,True,100,25,0,0,0,0,False,benjyfishy,Team Heretics,deadlock,True,91,1,1,0,0,0,False,Wo0t,Team Heretics,chamber,True,100,,0,5,0,0,False,grubinho,GIANTX,omen,True,100,25,0,1,1,0,False,ara,GIANTX,raze,True,100,,1,0,1,0,False,Cloud,GIANTX,fade,True,100,1,0,0,0,0,False,Flickless,GIANTX,viper,True,100,,0,0,0,0,False,westside,GIANTX,cypher,True,100,,0,0,0,0,False
1728.627,7402,ACTIVE_ROUND,13,3,9,73.000,,,MiniBoo,Team Heretics,raze,True,55,,0,0,0,0,False,RieNs,Team Heretics,fade,True,67,,0,0,0,0,False,Boo,Team Heretics,omen,True,100,25,0,0,0,0,False,benjyfishy,Team Heretics,deadlock,True,91,1,1,0,0,0,False,Wo0t,Team Heretics,chamber,True,100,,0,5,0,0,False,grubinho,GIANTX,omen,True,100,25,0,1,1,0,False,ara,GIANTX,raze,True,100,,1,0,1,0,False,Cloud,GIANTX,fade,True,100,1,0,0,0,0,False,Flickless,GIANTX,viper,True,100,,0,0,0,0,False,westside,GIANTX,cypher,True,100,,0,0,0,0,False
1728.860,7403,ACTIVE_ROUND,13,3,9,73.000,,,MiniBoo,Team Heretics,raze,True,55,,0,0,0,0,False,RieNs,Team Heretics,fade,True,67,,0,0,0,0,False,Boo,Team Heretics,omen,True,100,25,0,0,0,0,False,benjyfishy,Team Heretics,deadlock,True,91,1,1,0,0,0,False,Wo0t,Team Heretics,chamber,True,100,,0,5,0,0,False,grubinho,GIANTX,omen,True,100,25,0,1,1,0,False,ara,GIANTX,raze,True,100,,1,0,1,0,False,Cloud,GIANTX,fade,True,100,1,0,0,0,0,False,Flickless,GIANTX,viper,True,100,,0,0,0,0,False,westside,GIANTX,cypher,True,100,,0,0,0,0,False
1729.094,7404,ACTIVE_ROUND,13,3,9,73.000,,,MiniBoo,Team Heretics,raze,True,48,,0,0,0,0,False,RieNs,Team Heretics,fade,True,58,,0,0,0,0,False,Boo,Team Heretics,omen,True,88,1,0,0,0,0,False,benjyfishy,Team Heretics,deadlock,True,81,1,1,0,0,0,False,Wo0t,Team Heretics,chamber,True,100,,0,5,0,0,False,grubinho,GIANTX,omen,True,100,25,0,1,1,0,False,ara,GIANTX,raze,True,100,,1,0,1,0,False,Cloud,GIANTX,fade,True,100,1,0,0,0,0,False,Flickless,GIANTX,viper,True,100,,0,0,0,0,False,westside,GIANTX,cypher,True,100,,0,0,0,0,False
1729.328,7405,ACTIVE_ROUND,13,3,9,73.000,,,MiniBoo,Team Heretics,raze,True,48,,0,0,0,0,False,RieNs,Team Heretics,fade,True,58,,0,0,0,0,False,Boo,Team Heretics,omen,True,88,1,0,0,0,0,False,benjyfishy,Team Heretics,deadlock,True,81,1,1,0,0,0,False,Wo0t,Team Heretics,chamber,True,100,,0,5,0,0,False,grubinho,GIANTX,omen,True,100,25,0,1,1,0,False,ara,GIANTX,raze,True,100,,1,0,1,0,False,Cloud,GIANTX,fade,True,100,1,0,0,0,0,False,Flickless,GIANTX,viper,True,100,,0,0,0,0,False,westside,GIANTX,cypher,True,100,,0,0,0,0,False
1729.561,7406,ACTIVE_ROUND,13,3,9,72.000,,,MiniBoo,Team Heretics,raze,True,48,,0,0,0,0,False,RieNs,Team Heretics,fade,True,58,,0,0,0,0,False,Boo,Team Heretics,omen,True,88,1,0,0,0,0,False,benjyfishy,Team Heretics,deadlock,True,81,1,1,0,0,0,False,Wo0t,Team Heretics,chamber,True,100,,0,5,0,0,False,grubinho,GIANTX,omen,True,100,25,0,1,1,0,False,ara,GIANTX,raze,True,100,,1,0,1,0,False,Cloud,GIANTX,fade,True,100,1,0,0,0,0,False,Flickless,GIANTX,viper,True,100,,0,0,0,0,False,westside,GIANTX,cypher,True,100,,0,0,0,0,False
1729.795,7407,ACTIVE_ROUND,13,3,9,72.000,,,MiniBoo,Team Heretics,raze,True,48,,0,0,0,0,False,RieNs,Team Heretics,fade,True,58,,0,0,0,0,False,Boo,Team Heretics,omen,True,88,1,0,0,0,0,False,benjyfishy,Team Heretics,deadlock,True,81,1,1,0,0,0,False,Wo0t,Team Heretics,chamber,True,100,,0,5,0,0,False,grubinho,GIANTX,omen,True,100,25,0,1,1,0,False,ara,GIANTX,raze,True,100,,1,0,1,0,False,Cloud,GIANTX,fade,True,100,1,0,0,0,0,False,Flickless,GIANTX,viper,True,100,,0,0,0,0,False,westside,GIANTX,cypher,True,100,,0,0,0,0,False
1730.028,7408,ACTIVE_ROUND,13,3,9,72.000,,,MiniBoo,Team Heretics,raze,True,48,,0,0,0,0,False,RieNs,Team Heretics,fade,True,58,,0,0,0,0,False,Boo,Team Heretics,omen,True,88,1,0,0,0,0,False,benjyfishy,Team Heretics,deadlock,True,81,1,1,0,0,0,False,Wo0t,Team Heretics,chamber,True,100,,0,5,0,0,False,grubinho,GIANTX,omen,True,100,25,0,1,1,0,False,ara,GIANTX,raze,True,100,,1,0,1,0,False,Cloud,GIANTX,fade,True,100,1,0,0,0,0,False,Flickless,GIANTX,viper,True,100,,0,0,0,0,False,westside,GIANTX,cypher,True,100,,0,0,0,0,False
1730.262,7409,ACTIVE_ROUND,13,3,9,72.000,,,MiniBoo,Team Heretics,raze,True,48,,0,2,0,0,False,RieNs,Team Heretics,fade,True,58,,0,0,0,0,False,Boo,Team Heretics,omen,True,79,1,0,0,0,0,False,benjyfishy,Team Heretics,deadlock,True,78,1,1,0,0,0,False,Wo0t,Team Heretics,chamber,True,100,,0,0,1,1,False,grubinho,GIANTX,omen,True,100,25,0,1,1,1,False,ara,GIANTX,raze,True,100,,1,0,1,0,False,Cloud,GIANTX,fade,True,100,1,0,0,0,0,False,Flickless,GIANTX,viper,True,100,,0,0,0,0,False,westside,GIANTX,cypher,True,100,,0,0,0,0,False
1730.495,7410,ACTIVE_ROUND,13,3,9,72.000,,,MiniBoo,Team Heretics,raze,False,,,0,2,0,0,False,RieNs,Team Heretics,fade,True,58,,0,0,0,0,False,Boo,Team Heretics,omen,True,79,1,0,0,0,0,False,benjyfishy,Team Heretics,deadlock,True,79,1,1,0,0,0,False,Wo0t,Team Heretics,chamber,False,,,0,0,1,1,False,grubinho,GIANTX,omen,True,100,25,0,1,1,1,False,ara,GIANTX,raze,True,100,,1,0,1,0,False,Cloud,GIANTX,fade,True,100,1,0,0,0,0,False,Flickless,GIANTX,viper,True,100,,0,0,0,0,False,westside,GIANTX,cypher,True,100,,0,0,0,0,False
1730.729,7411,ACTIVE_ROUND,13,3,9,71.000,,,MiniBoo,Team Heretics,raze,False,,,0,2,0,0,False,RieNs,Team Heretics,fade,True,58,,0,0,0,0,False,Boo,Team Heretics,omen,True,79,1,0,0,0,0,False,benjyfishy,Team Heretics,deadlock,True,79,1,1,0,0,0,False,Wo0t,Team Heretics,chamber,False,,,0,0,1,1,False,grubinho,GIANTX,omen,True,100,25,0,1,1,1,False,ara,GIANTX,raze,True,100,,1,0,1,0,False,Cloud,GIANTX,fade,True,100,1,0,0,0,0,False,Flickless,GIANTX,viper,True,100,,0,0,0,0,False,westside,GIANTX,cypher,True,100,,0,0,0,0,False
1730.963,7412,ACTIVE_ROUND,13,3,9,71.000,,,MiniBoo,Team Heretics,raze,False,,,0,2,0,0,False,RieNs,Team Heretics,fade,True,58,,0,0,0,0,False,Boo,Team Heretics,omen,True,79,1,0,0,0,0,False,benjyfishy,Team Heretics,deadlock,True,79,1,1,0,0,0,False,Wo0t,Team Heretics,chamber,False,,,0,0,1,1,False,grubinho,GIANTX,omen,True,100,25,0,1,1,1,False,ara,GIANTX,raze,True,100,,1,0,1,0,False,Cloud,GIANTX,fade,True,100,1,0,0,0,0,False,Flickless,GIANTX,viper,True,100,,0,0,0,0,False,westside,GIANTX,cypher,True,100,,0,0,0,0,False
1731.196,7413,ACTIVE_ROUND,13,3,9,71.000,,,MiniBoo,Team Heretics,raze,False,,,0,2,0,0,False,RieNs,Team Heretics,fade,True,73,,0,0,0,0,False,Boo,Team Heretics,omen,True,66,1,0,0,0,0,False,benjyfishy,Team Heretics,deadlock,True,87,1,1,0,0,0,False,Wo0t,Team Heretics,chamber,False,,,0,0,1,1,False,grubinho,GIANTX,omen,True,100,25,0,1,1,1,False,ara,GIANTX,raze,True,100,,1,0,1,0,False,Cloud,GIANTX,fade,True,100,1,0,0,0,0,False,Flickless,GIANTX,viper,True,100,,0,0,0,0,False,westside,GIANTX,cypher,True,100,,0,0,0,1,False
1731.430,7414,ACTIVE_ROUND,13,3,9,71.000,,,MiniBoo,Team Heretics,raze,False,,,0,2,0,0,False,RieNs,Team Heretics,fade,True,73,,0,0,0,0,False,Boo,Team Heretics,omen,True,66,1,0,0,0,0,False,benjyfishy,Team Heretics,deadlock,True,87,1,1,0,0,0,False,Wo0t,Team Heretics,chamber,False,,,0,0,1,1,False,grubinho,GIANTX,omen,True,100,25,0,1,1,1,False,ara,GIANTX,raze,True,100,,1,0,1,0,False,Cloud,GIANTX,fade,True,100,1,0,0,0,0,False,Flickless,GIANTX,viper,True,100,,0,0,0,0,False,westside,GIANTX,cypher,True,100,,0,0,0,1,False
1731.663,7415,ACTIVE_ROUND,13,3,9,70.000,,,MiniBoo,Team Heretics,raze,False,,,0,2,0,0,False,RieNs,Team Heretics,fade,True,73,,0,0,0,0,False,Boo,Team Heretics,omen,True,66,1,0,0,0,0,False,benjyfishy,Team Heretics,deadlock,True,87,1,1,0,0,0,False,Wo0t,Team Heretics,chamber,False,,,0,0,1,1,False,grubinho,GIANTX,omen,True,100,25,0,1,1,1,False,ara,GIANTX,raze,True,100,,1,0,1,0,False,Cloud,GIANTX,fade,True,100,1,0,0,0,0,False,Flickless,GIANTX,viper,True,100,,0,0,0,0,False,westside,GIANTX,cypher,True,100,,0,0,0,1,False
1731.897,7416,ACTIVE_ROUND,13,3,9,70.000,,,MiniBoo,Team Heretics,raze,False,,,0,2,0,0,False,RieNs,Team Heretics,fade,True,73,,0,0,0,0,False,Boo,Team Heretics,omen,True,66,1,0,0,0,0,False,benjyfishy,Team Heretics,deadlock,True,87,1,1,0,0,0,False,Wo0t,Team Heretics,chamber,False,,,0,0,1,1,False,grubinho,GIANTX,omen,True,100,25,0,1,1,1,False,ara,GIANTX,raze,True,100,,1,0,1,0,False,Cloud,GIANTX,fade,True,100,1,0,0,0,0,False,Flickless,GIANTX,viper,True,100,,0,0,0,0,False,westside,GIANTX,cypher,True,100,,0,0,0,1,False
1732.130,7417,ACTIVE_ROUND,13,3,9,70.000,,,MiniBoo,Team Heretics,raze,False,,,0,2,0,0,False,RieNs,Team Heretics,fade,True,98,,0,0,0,0,False,Boo,Team Heretics,omen,True,82,1,0,0,0,0,False,benjyfishy,Team Heretics,deadlock,True,100,13,1,0,0,0,False,Wo0t,Team Heretics,chamber,False,,,0,0,1,1,False,grubinho,GIANTX,omen,True,100,25,0,1,1,1,False,ara,GIANTX,raze,True,100,,1,0,1,0,False,Cloud,GIANTX,fade,True,100,1,0,0,0,0,False,Flickless,GIANTX,viper,True,100,,0,0,0,0,False,westside,GIANTX,cypher,True,100,,0,0,0,1,False
1732.364,7418,ACTIVE_ROUND,13,3,9,70.000,,,MiniBoo,Team Heretics,raze,False,,,0,2,0,0,False,RieNs,Team Heretics,fade,True,98,,0,0,0,0,False,Boo,Team Heretics,omen,True,82,1,0,0,0,0,False,benjyfishy,Team Heretics,deadlock,True,100,13,1,0,0,0,False,Wo0t,Team Heretics,chamber,False,,,0,0,1,1,False,grubinho,GIANTX,omen,True,100,25,0,1,1,1,False,ara,GIANTX,raze,True,100,,1,0,1,0,False,Cloud,GIANTX,fade,True,100,1,0,0,0,0,False,Flickless,GIANTX,viper,True,100,,0,0,0,0,False,westside,GIANTX,cypher,True,100,,0,0,0,1,False
1732.598,7419,ACTIVE_ROUND,13,3,9,69.000,,,MiniBoo,Team Heretics,raze,False,,,0,2,0,0,False,RieNs,Team Heretics,fade,True,98,,0,0,0,0,False,Boo,Team Heretics,omen,True,82,1,0,0,0,0,False,benjyfishy,Team Heretics,deadlock,True,100,13,1,0,0,0,False,Wo0t,Team Heretics,chamber,False,,,0,0,1,1,False,grubinho,GIANTX,omen,True,100,25,0,1,1,1,False,ara,GIANTX,raze,True,100,,1,0,1,0,False,Cloud,GIANTX,fade,True,100,1,0,0,0,0,False,Flickless,GIANTX,viper,True,100,,0,0,0,0,False,westside,GIANTX,cypher,True,100,,0,0,0,1,False
1732.831,7420,ACTIVE_ROUND,13,3,9,69.000,,,MiniBoo,Team Heretics,raze,False,,,0,2,0,0,False,RieNs,Team Heretics,fade,True,98,,0,0,0,0,False,Boo,Team Heretics,omen,True,82,1,0,0,0,0,False,benjyfishy,Team Heretics,deadlock,True,100,13,1,0,0,0,False,Wo0t,Team Heretics,chamber,False,,,0,0,1,1,False,grubinho,GIANTX,omen,True,100,25,0,1,1,1,False,ara,GIANTX,raze,True,100,,1,0,1,0,False,Cloud,GIANTX,fade,True,100,1,0,0,0,0,False,Flickless,GIANTX,viper,True,100,,0,0,0,0,False,westside,GIANTX,cypher,True,100,,0,0,0,1,False
1733.065,7421,ACTIVE_ROUND,13,3,9,69.000,,,MiniBoo,Team Heretics,raze,False,,,0,2,0,0,False,RieNs,Team Heretics,fade,True,98,,0,0,0,0,False,Boo,Team Heretics,omen,True,82,1,0,0,0,0,False,benjyfishy,Team Heretics,deadlock,True,100,13,1,0,0,0,False,Wo0t,Team Heretics,chamber,False,,,0,0,1,1,False,grubinho,GIANTX,omen,True,100,25,0,1,1,1,False,ara,GIANTX,raze,True,100,,1,0,1,0,False,Cloud,GIANTX,fade,True,100,1,0,0,0,0,False,Flickless,GIANTX,viper,True,100,,0,0,0,0,False,westside,GIANTX,cypher,True,100,,0,0,0,1,False
1733.298,7422,ACTIVE_ROUND,13,3,9,69.000,,,MiniBoo,Team Heretics,raze,False,,,0,2,0,0,False,RieNs,Team Heretics,fade,True,100,,0,0,0,0,False,Boo,Team Heretics,omen,True,96,12,0,0,1,0,False,benjyfishy,Team Heretics,deadlock,True,100,25,1,0,0,0,False,Wo0t,Team Heretics,chamber,False,,,0,0,1,1,False,grubinho,GIANTX,omen,True,100,25,0,1,2,1,False,ara,GIANTX,raze,True,100,,1,0,1,0,False,Cloud,GIANTX,fade,True,100,1,0,0,0,0,False,Flickless,GIANTX,viper,True,100,,0,0,0,0,False,westside,GIANTX,cypher,True,100,,0,0,0,1,False
1733.532,7423,ACTIVE_ROUND,13,3,9,69.000,,,MiniBoo,Team Heretics,raze,False,,,0,2,0,0,False,RieNs,Team Heretics,fade,True,100,,0,0,0,0,False,Boo,Team Heretics,omen,True,96,12,0,0,1,0,False,benjyfishy,Team Heretics,deadlock,True,100,25,1,0,0,0,False,Wo0t,Team Heretics,chamber,False,,,0,0,1,1,False,grubinho,GIANTX,omen,True,100,25,0,1,2,1,False,ara,GIANTX,raze,True,100,,1,0,1,0,False,Cloud,GIANTX,fade,True,100,1,0,0,0,0,False,Flickless,GIANTX,viper,True,100,,0,0,0,0,False,westside,GIANTX,cypher,True,100,,0,0,0,1,False
1733.765,7424,ACTIVE_ROUND,13,3,9,68.000,,,MiniBoo,Team Heretics,raze,False,,,0,2,0,0,False,RieNs,Team Heretics,fade,True,100,,0,0,0,0,False,Boo,Team Heretics,omen,True,96,12,0,0,1,0,False,benjyfishy,Team Heretics,deadlock,True,100,25,1,0,0,0,False,Wo0t,Team Heretics,chamber,False,,,0,0,1,1,False,grubinho,GIANTX,omen,True,100,25,0,1,2,1,False,ara,GIANTX,raze,True,100,,1,0,1,0,False,Cloud,GIANTX,fade,True,100,1,0,0,0,0,False,Flickless,GIANTX,viper,True,100,,0,0,0,0,False,westside,GIANTX,cypher,True,100,,0,0,0,1,False
1733.999,7425,ACTIVE_ROUND,13,3,9,68.000,,,MiniBoo,Team Heretics,raze,False,,,0,2,0,0,False,RieNs,Team Heretics,fade,False,,,0,0,0,0,False,Boo,Team Heretics,omen,True,96,12,0,0,1,0,False,benjyfishy,Team Heretics,deadlock,True,100,25,1,0,0,0,False,Wo0t,Team Heretics,chamber,False,,,0,0,1,1,False,grubinho,GIANTX,omen,True,100,25,0,1,2,1,False,ara,GIANTX,raze,True,100,,1,0,1,0,False,Cloud,GIANTX,fade,True,100,1,0,0,0,0,False,Flickless,GIANTX,viper,True,100,,0,0,0,0,False,westside,GIANTX,cypher,True,100,,0,0,0,1,False
1734.233,7426,ACTIVE_ROUND,13,3,9,68.000,,,MiniBoo,Team Heretics,raze,False,,,0,2,0,0,False,RieNs,Team Heretics,fade,False,,,0,0,0,0,False,Boo,Team Heretics,omen,True,96,17,0,0,1,0,False,benjyfishy,Team Heretics,deadlock,True,100,25,1,0,0,0,False,Wo0t,Team Heretics,chamber,False,,,0,0,1,1,False,grubinho,GIANTX,omen,True,100,25,0,1,2,1,False,ara,GIANTX,raze,True,100,,1,0,1,0,False,Cloud,GIANTX,fade,True,100,1,0,0,0,0,False,Flickless,GIANTX,viper,True,70,,0,0,0,1,False,westside,GIANTX,cypher,True,100,,0,0,0,1,False
1734.466,7427,ACTIVE_ROUND,13,3,9,68.000,,,MiniBoo,Team Heretics,raze,False,,,0,2,0,0,False,RieNs,Team Heretics,fade,False,,,0,0,0,0,False,Boo,Team Heretics,omen,True,96,17,0,0,1,0,False,benjyfishy,Team Heretics,deadlock,True,100,25,1,0,0,0,False,Wo0t,Team Heretics,chamber,False,,,0,0,1,1,False,grubinho,GIANTX,omen,True,100,25,0,1,2,1,False,ara,GIANTX,raze,True,100,,1,0,1,0,False,Cloud,GIANTX,fade,True,100,1,0,0,0,0,False,Flickless,GIANTX,viper,True,70,,0,0,0,1,False,westside,GIANTX,cypher,True,100,,0,0,0,1,False
1734.700,7428,ACTIVE_ROUND,13,3,9,67.000,,,MiniBoo,Team Heretics,raze,False,,,0,2,0,0,False,RieNs,Team Heretics,fade,False,,,0,0,0,0,False,Boo,Team Heretics,omen,True,96,17,0,0,1,0,False,benjyfishy,Team Heretics,deadlock,True,100,25,1,0,0,0,False,Wo0t,Team Heretics,chamber,False,,,0,0,1,1,False,grubinho,GIANTX,omen,True,100,25,0,1,2,1,False,ara,GIANTX,raze,True,100,,1,0,1,0,False,Cloud,GIANTX,fade,True,100,1,0,0,0,0,False,Flickless,GIANTX,viper,True,70,,0,0,0,1,False,westside,GIANTX,cypher,True,100,,0,0,0,1,False
1734.933,7429,ACTIVE_ROUND,13,3,9,67.000,,,MiniBoo,Team Heretics,raze,False,,,0,2,0,0,False,RieNs,Team Heretics,fade,False,,,0,0,0,0,False,Boo,Team Heretics,omen,True,96,17,0,0,1,0,False,benjyfishy,Team Heretics,deadlock,True,100,25,1,0,0,0,False,Wo0t,Team Heretics,chamber,False,,,0,0,1,1,False,grubinho,GIANTX,omen,True,100,25,0,1,2,1,False,ara,GIANTX,raze,True,100,,1,0,1,0,False,Cloud,GIANTX,fade,True,100,1,0,0,0,0,False,Flickless,GIANTX,viper,True,70,,0,0,0,1,False,westside,GIANTX,cypher,True,100,,0,0,0,1,False
1735.167,7430,ACTIVE_ROUND,13,3,9,67.000,,,MiniBoo,Team Heretics,raze,False,,,0,2,0,0,False,RieNs,Team Heretics,fade,False,,,0,0,0,0,False,Boo,Team Heretics,omen,True,96,17,0,0,1,0,False,benjyfishy,Team Heretics,deadlock,True,100,25,1,0,0,0,False,Wo0t,Team Heretics,chamber,False,,,0,0,1,1,False,grubinho,GIANTX,omen,True,100,25,0,1,2,1,False,ara,GIANTX,raze,True,100,,1,0,1,0,False,Cloud,GIANTX,fade,True,100,1,0,0,0,0,False,Flickless,GIANTX,viper,True,70,,0,0,0,1,False,westside,GIANTX,cypher,True,100,,0,0,0,1,False
1735.400,7431,ACTIVE_ROUND,13,3,9,67.000,,,MiniBoo,Team Heretics,raze,False,,,0,2,0,0,False,RieNs,Team Heretics,fade,False,,,0,0,0,0,False,Boo,Team Heretics,omen,True,96,17,0,0,1,0,False,benjyfishy,Team Heretics,deadlock,True,100,25,1,0,0,0,False,Wo0t,Team Heretics,chamber,False,,,0,0,1,1,False,grubinho,GIANTX,omen,True,100,25,0,1,2,1,False,ara,GIANTX,raze,True,100,,1,0,1,0,False,Cloud,GIANTX,fade,True,100,1,0,0,0,0,False,Flickless,GIANTX,viper,True,70,,0,0,0,1,False,westside,GIANTX,cypher,True,100,,0,0,0,1,False
1735.634,7432,ACTIVE_ROUND,13,3,9,66.000,,,MiniBoo,Team Heretics,raze,False,,,0,2,0,0,False,RieNs,Team Heretics,fade,False,,,0,0,0,0,False,Boo,Team Heretics,omen,True,96,17,0,0,1,0,False,benjyfishy,Team Heretics,deadlock,True,100,25,1,0,0,0,False,Wo0t,Team Heretics,chamber,False,,,0,0,1,1,False,grubinho,GIANTX,omen,True,100,25,0,1,2,1,False,ara,GIANTX,raze,True,100,,1,0,1,0,False,Cloud,GIANTX,fade,True,100,1,0,0,0,0,False,Flickless,GIANTX,viper,True,70,,0,0,0,1,False,westside,GIANTX,cypher,True,100,,0,0,0,1,False
1735.867,7433,ACTIVE_ROUND,13,3,9,66.000,,,MiniBoo,Team Heretics,raze,False,,,0,2,0,0,False,RieNs,Team Heretics,fade,False,,,0,0,0,0,False,Boo,Team Heretics,omen,True,96,17,0,0,1,0,False,benjyfishy,Team Heretics,deadlock,True,100,25,1,0,0,0,False,Wo0t,Team Heretics,chamber,False,,,0,0,1,1,False,grubinho,GIANTX,omen,True,100,25,0,1,2,1,False,ara,GIANTX,raze,True,100,,1,0,1,0,False,Cloud,GIANTX,fade,True,100,1,0,0,0,0,False,Flickless,GIANTX,viper,True,70,,0,0,0,1,False,westside,GIANTX,cypher,True,100,,0,0,0,1,False
1736.101,7434,ACTIVE_ROUND,13,3,9,66.000,,,MiniBoo,Team Heretics,raze,False,,,0,2,0,0,False,RieNs,Team Heretics,fade,False,,,0,0,0,0,False,Boo,Team Heretics,omen,True,96,17,0,0,1,0,False,benjyfishy,Team Heretics,deadlock,True,100,25,1,0,0,0,False,Wo0t,Team Heretics,chamber,False,,,0,0,1,1,False,grubinho,GIANTX,omen,True,100,25,0,1,2,1,False,ara,GIANTX,raze,True,100,,1,0,1,0,False,Cloud,GIANTX,fade,True,100,1,0,0,0,0,False,Flickless,GIANTX,viper,True,70,,0,0,0,1,False,westside,GIANTX,cypher,True,100,,0,0,0,1,False
1736.335,7435,ACTIVE_ROUND,13,3,9,66.000,,,MiniBoo,Team Heretics,raze,False,,,0,2,0,0,False,RieNs,Team Heretics,fade,False,,,0,0,0,0,False,Boo,Team Heretics,omen,True,96,17,0,0,1,0,False,benjyfishy,Team Heretics,deadlock,True,100,25,1,0,0,0,False,Wo0t,Team Heretics,chamber,False,,,0,0,1,1,False,grubinho,GIANTX,omen,True,100,25,0,1,2,1,False,ara,GIANTX,raze,True,100,,1,0,1,0,False,Cloud,GIANTX,fade,True,100,1,0,0,0,0,False,Flickless,GIANTX,viper,True,70,,0,0,0,1,False,westside,GIANTX,cypher,True,100,,0,0,0,1,False
1736.568,7436,ACTIVE_ROUND,13,3,9,65.000,,,MiniBoo,Team Heretics,raze,False,,,0,2,0,0,False,RieNs,Team Heretics,fade,False,,,0,0,0,0,False,Boo,Team Heretics,omen,True,96,17,0,0,1,0,False,benjyfishy,Team Heretics,deadlock,True,100,25,1,0,0,0,False,Wo0t,Team Heretics,chamber,False,,,0,0,1,1,False,grubinho,GIANTX,omen,True,100,25,0,1,2,1,False,ara,GIANTX,raze,True,100,,1,0,1,0,False,Cloud,GIANTX,fade,True,100,1,0,0,0,0,False,Flickless,GIANTX,viper,True,70,,0,0,0,1,False,westside,GIANTX,cypher,True,100,,0,0,0,1,False
1736.802,7437,ACTIVE_ROUND,13,3,9,65.000,,,MiniBoo,Team Heretics,raze,False,,,0,2,0,0,False,RieNs,Team Heretics,fade,False,,,0,0,0,0,False,Boo,Team Heretics,omen,True,96,17,0,0,1,0,False,benjyfishy,Team Heretics,deadlock,True,100,25,1,0,0,0,False,Wo0t,Team Heretics,chamber,False,,,0,0,1,1,False,grubinho,GIANTX,omen,True,100,25,0,1,2,1,False,ara,GIANTX,raze,True,100,,1,0,1,0,False,Cloud,GIANTX,fade,True,100,1,0,0,0,0,False,Flickless,GIANTX,viper,True,70,,0,0,0,1,False,westside,GIANTX,cypher,True,100,,0,0,0,1,False
1737.035,7438,ACTIVE_ROUND,13,3,9,65.000,,,MiniBoo,Team Heretics,raze,False,,,0,2,0,0,False,RieNs,Team Heretics,fade,False,,,0,0,0,0,False,Boo,Team Heretics,omen,True,96,17,0,0,1,0,False,benjyfishy,Team Heretics,deadlock,True,100,25,1,0,0,0,False,Wo0t,Team Heretics,chamber,False,,,0,0,1,1,False,grubinho,GIANTX,omen,True,100,25,0,1,2,1,False,ara,GIANTX,raze,True,100,,1,0,1,0,False,Cloud,GIANTX,fade,True,100,1,0,0,0,0,False,Flickless,GIANTX,viper,True,70,,0,0,0,1,False,westside,GIANTX,cypher,True,100,,0,0,0,1,False
1737.269,7439,ACTIVE_ROUND,13,3,9,65.000,,,MiniBoo,Team Heretics,raze,False,,,0,2,0,0,False,RieNs,Team Heretics,fade,False,,,0,0,0,0,False,Boo,Team Heretics,omen,True,96,17,0,0,1,0,False,benjyfishy,Team Heretics,deadlock,True,100,25,0,0,0,0,False,Wo0t,Team Heretics,chamber,False,,,0,0,1,1,False,grubinho,GIANTX,omen,True,100,25,0,1,2,1,False,ara,GIANTX,raze,True,100,,1,0,1,0,False,Cloud,GIANTX,fade,True,100,1,0,0,0,0,False,Flickless,GIANTX,viper,True,70,,0,0,0,1,False,westside,GIANTX,cypher,True,100,,0,0,0,1,False
1737.502,7440,ACTIVE_ROUND,13,3,9,65.000,,,MiniBoo,Team Heretics,raze,False,,,0,2,0,0,False,RieNs,Team Heretics,fade,False,,,0,0,0,0,False,Boo,Team Heretics,omen,True,96,17,0,0,1,0,False,benjyfishy,Team Heretics,deadlock,True,100,25,0,0,0,0,False,Wo0t,Team Heretics,chamber,False,,,0,0,1,1,False,grubinho,GIANTX,omen,True,100,25,0,1,2,1,False,ara,GIANTX,raze,True,100,,1,0,1,0,False,Cloud,GIANTX,fade,True,100,1,0,0,0,0,False,Flickless,GIANTX,viper,True,70,,0,0,0,1,False,westside,GIANTX,cypher,True,100,,0,0,0,1,False
1737.736,7441,ACTIVE_ROUND,13,3,9,64.000,,,MiniBoo,Team Heretics,raze,False,,,0,2,0,0,False,RieNs,Team Heretics,fade,False,,,0,0,0,0,False,Boo,Team Heretics,omen,True,96,17,0,0,1,0,False,benjyfishy,Team Heretics,deadlock,True,100,25,0,0,0,0,False,Wo0t,Team Heretics,chamber,False,,,0,0,1,1,False,grubinho,GIANTX,omen,True,100,25,0,1,2,1,False,ara,GIANTX,raze,True,100,,1,0,1,0,False,Cloud,GIANTX,fade,True,100,1,0,0,0,0,False,Flickless,GIANTX,viper,True,70,,0,0,0,1,False,westside,GIANTX,cypher,True,100,,0,0,0,1,False
1737.970,7442,ACTIVE_ROUND,13,3,9,64.000,,,MiniBoo,Team Heretics,raze,False,,,0,2,0,0,False,RieNs,Team Heretics,fade,False,,,0,0,0,0,False,Boo,Team Heretics,omen,True,96,17,0,0,1,0,False,benjyfishy,Team Heretics,deadlock,True,100,25,0,0,0,0,False,Wo0t,Team Heretics,chamber,False,,,0,0,1,1,False,grubinho,GIANTX,omen,True,100,25,0,1,2,1,False,ara,GIANTX,raze,True,100,,1,0,1,0,False,Cloud,GIANTX,fade,True,100,1,0,0,0,0,False,Flickless,GIANTX,viper,True,70,,0,0,0,1,False,westside,GIANTX,cypher,True,100,,0,0,0,1,False
1738.203,7443,ACTIVE_ROUND,13,3,9,64.000,,,MiniBoo,Team Heretics,raze,False,,,0,2,0,0,False,RieNs,Team Heretics,fade,False,,,0,0,0,0,False,Boo,Team Heretics,omen,True,96,17,0,0,1,0,False,benjyfishy,Team Heretics,deadlock,True,100,25,0,0,0,0,False,Wo0t,Team Heretics,chamber,False,,,0,0,1,1,False,grubinho,GIANTX,omen,True,100,25,0,1,2,1,False,ara,GIANTX,raze,True,100,,1,0,1,0,False,Cloud,GIANTX,fade,True,100,1,0,0,0,0,False,Flickless,GIANTX,viper,True,70,,0,0,0,1,False,westside,GIANTX,cypher,True,100,,0,0,0,1,False
1738.437,7444,ACTIVE_ROUND,13,3,9,64.000,,,MiniBoo,Team Heretics,raze,False,,,0,2,0,0,False,RieNs,Team Heretics,fade,False,,,0,0,0,0,False,Boo,Team Heretics,omen,True,96,17,0,0,1,0,False,benjyfishy,Team Heretics,deadlock,True,100,25,0,0,0,0,False,Wo0t,Team Heretics,chamber,False,,,0,0,1,1,False,grubinho,GIANTX,omen,True,100,25,0,1,2,1,False,ara,GIANTX,raze,True,100,,1,0,1,0,False,Cloud,GIANTX,fade,True,100,1,0,0,0,0,False,Flickless,GIANTX,viper,True,70,,0,0,0,1,False,westside,GIANTX,cypher,True,100,,0,0,0,1,False
1738.670,7445,ACTIVE_ROUND,13,3,9,63.000,,,MiniBoo,Team Heretics,raze,False,,,0,2,0,0,False,RieNs,Team Heretics,fade,False,,,0,0,0,0,False,Boo,Team Heretics,omen,True,96,17,0,0,1,0,False,benjyfishy,Team Heretics,deadlock,True,100,25,0,0,0,0,False,Wo0t,Team Heretics,chamber,False,,,0,0,1,1,False,grubinho,GIANTX,omen,True,100,25,0,1,2,1,False,ara,GIANTX,raze,True,100,,1,0,1,0,False,Cloud,GIANTX,fade,True,100,1,0,0,0,0,False,Flickless,GIANTX,viper,True,70,,0,0,0,1,False,westside,GIANTX,cypher,True,100,,0,0,0,1,False
1738.904,7446,ACTIVE_ROUND,13,3,9,63.000,,,MiniBoo,Team Heretics,raze,False,,,0,2,0,0,False,RieNs,Team Heretics,fade,False,,,0,0,0,0,False,Boo,Team Heretics,omen,True,96,17,0,0,1,0,False,benjyfishy,Team Heretics,deadlock,True,100,25,0,0,0,0,False,Wo0t,Team Heretics,chamber,False,,,0,0,1,1,False,grubinho,GIANTX,omen,True,100,25,0,1,2,1,False,ara,GIANTX,raze,True,100,,1,0,1,0,False,Cloud,GIANTX,fade,True,100,1,0,0,0,0,False,Flickless,GIANTX,viper,True,70,,0,0,0,1,False,westside,GIANTX,cypher,True,100,,0,0,0,1,False
1739.137,7447,ACTIVE_ROUND,13,3,9,63.000,,,MiniBoo,Team Heretics,raze,False,,,0,2,0,0,False,RieNs,Team Heretics,fade,False,,,0,0,0,0,False,Boo,Team Heretics,omen,True,8,17,0,0,1,0,False,benjyfishy,Team Heretics,deadlock,True,100,25,0,0,0,0,False,Wo0t,Team Heretics,chamber,False,,,0,0,1,1,False,grubinho,GIANTX,omen,True,100,25,0,1,2,1,False,ara,GIANTX,raze,True,100,,1,0,1,0,False,Cloud,GIANTX,fade,True,100,1,0,0,0,0,False,Flickless,GIANTX,viper,True,70,,0,0,0,1,False,westside,GIANTX,cypher,True,100,,0,0,0,1,False
1739.371,7448,ACTIVE_ROUND,13,3,9,63.000,,,MiniBoo,Team Heretics,raze,False,,,0,2,0,0,False,RieNs,Team Heretics,fade,False,,,0,0,0,0,False,Boo,Team Heretics,omen,True,8,17,0,0,1,0,False,benjyfishy,Team Heretics,deadlock,True,100,25,0,0,0,0,False,Wo0t,Team Heretics,chamber,False,,,0,0,1,1,False,grubinho,GIANTX,omen,True,100,25,0,1,2,1,False,ara,GIANTX,raze,True,100,,1,0,1,0,False,Cloud,GIANTX,fade,True,100,1,0,0,0,0,False,Flickless,GIANTX,viper,True,70,,0,0,0,1,False,westside,GIANTX,cypher,True,100,,0,0,0,1,False
1739.605,7449,ACTIVE_ROUND,13,3,9,62.000,,,MiniBoo,Team Heretics,raze,False,,,0,2,0,0,False,RieNs,Team Heretics,fade,False,,,0,0,0,0,False,Boo,Team Heretics,omen,True,8,17,0,0,1,0,False,benjyfishy,Team Heretics,deadlock,True,100,25,0,0,0,0,False,Wo0t,Team Heretics,chamber,False,,,0,0,1,1,False,grubinho,GIANTX,omen,True,100,25,0,1,2,1,False,ara,GIANTX,raze,True,100,,1,0,1,0,False,Cloud,GIANTX,fade,True,100,1,0,0,0,0,False,Flickless,GIANTX,viper,True,70,,0,0,0,1,False,westside,GIANTX,cypher,True,100,,0,0,0,1,False
1739.838,7450,ACTIVE_ROUND,13,3,9,62.000,,,MiniBoo,Team Heretics,raze,False,,,0,2,0,0,False,RieNs,Team Heretics,fade,False,,,0,0,0,0,False,Boo,Team Heretics,omen,True,8,17,0,0,1,0,False,benjyfishy,Team Heretics,deadlock,True,100,25,0,0,0,0,False,Wo0t,Team Heretics,chamber,False,,,0,0,1,1,False,grubinho,GIANTX,omen,True,100,25,0,1,2,1,False,ara,GIANTX,raze,True,100,,1,0,1,0,False,Cloud,GIANTX,fade,True,100,1,0,0,0,0,False,Flickless,GIANTX,viper,True,70,,0,0,0,1,False,westside,GIANTX,cypher,True,100,,0,0,0,1,False
1740.072,7451,ACTIVE_ROUND,13,3,9,62.000,,,MiniBoo,Team Heretics,raze,False,,,0,2,0,0,False,RieNs,Team Heretics,fade,False,,,0,0,0,0,False,Boo,Team Heretics,omen,True,8,17,0,0,1,0,False,benjyfishy,Team Heretics,deadlock,True,100,25,0,0,0,0,False,Wo0t,Team Heretics,chamber,False,,,0,0,1,1,False,grubinho,GIANTX,omen,True,100,25,0,1,2,1,False,ara,GIANTX,raze,True,100,,1,0,1,0,False,Cloud,GIANTX,fade,True,100,1,0,0,0,0,False,Flickless,GIANTX,viper,True,70,,0,0,0,1,False,westside,GIANTX,cypher,True,100,,0,0,0,1,False
1740.305,7452,ACTIVE_ROUND,13,3,9,62.000,,,MiniBoo,Team Heretics,raze,False,,,0,2,0,0,False,RieNs,Team Heretics,fade,False,,,0,0,0,0,False,Boo,Team Heretics,omen,True,8,17,0,0,1,0,False,benjyfishy,Team Heretics,deadlock,True,100,25,0,0,0,0,False,Wo0t,Team Heretics,chamber,False,,,0,0,1,1,False,grubinho,GIANTX,omen,True,100,25,0,1,2,1,False,ara,GIANTX,raze,True,100,,1,0,1,0,False,Cloud,GIANTX,fade,True,100,1,0,0,0,0,False,Flickless,GIANTX,viper,True,70,,0,0,0,1,False,westside,GIANTX,cypher,True,100,,0,0,0,1,False
1740.539,7453,ACTIVE_ROUND,13,3,9,61.000,,,MiniBoo,Team Heretics,raze,False,,,0,2,0,0,False,RieNs,Team Heretics,fade,False,,,0,0,0,0,False,Boo,Team Heretics,omen,True,8,17,0,0,1,0,False,benjyfishy,Team Heretics,deadlock,True,100,25,0,0,0,0,False,Wo0t,Team Heretics,chamber,False,,,0,0,1,1,False,grubinho,GIANTX,omen,True,100,25,0,1,2,1,False,ara,GIANTX,raze,True,100,,1,0,1,0,False,Cloud,GIANTX,fade,True,100,1,0,0,0,0,False,Flickless,GIANTX,viper,True,70,,0,0,0,1,False,westside,GIANTX,cypher,True,100,,0,0,0,1,False
1740.772,7454,ACTIVE_ROUND,13,3,9,61.000,,,MiniBoo,Team Heretics,raze,False,,,0,2,0,0,False,RieNs,Team Heretics,fade,False,,,0,0,0,0,False,Boo,Team Heretics,omen,True,8,17,0,0,1,0,False,benjyfishy,Team Heretics,deadlock,True,100,25,0,0,0,0,False,Wo0t,Team Heretics,chamber,False,,,0,0,1,1,False,grubinho,GIANTX,omen,True,100,25,0,1,2,1,False,ara,GIANTX,raze,True,100,,1,0,1,0,False,Cloud,GIANTX,fade,True,100,1,0,0,0,0,False,Flickless,GIANTX,viper,True,70,,0,0,0,1,False,westside,GIANTX,cypher,True,100,,0,0,0,1,False
1741.006,7455,ACTIVE_ROUND,13,3,9,61.000,,,MiniBoo,Team Heretics,raze,False,,,0,2,0,0,False,RieNs,Team Heretics,fade,False,,,0,0,0,0,False,Boo,Team Heretics,omen,True,8,17,0,0,1,0,False,benjyfishy,Team Heretics,deadlock,True,100,25,0,0,0,0,False,Wo0t,Team Heretics,chamber,False,,,0,0,1,1,False,grubinho,GIANTX,omen,True,100,25,0,1,2,1,False,ara,GIANTX,raze,True,100,,1,0,1,0,False,Cloud,GIANTX,fade,True,100,1,0,0,0,0,False,Flickless,GIANTX,viper,True,70,,0,0,0,1,False,westside,GIANTX,cypher,True,100,,0,0,0,1,False
1741.240,7456,ACTIVE_ROUND,13,3,9,61.000,,,MiniBoo,Team Heretics,raze,False,,,0,2,0,0,False,RieNs,Team Heretics,fade,False,,,0,0,0,0,False,Boo,Team Heretics,omen,True,8,17,0,0,1,0,False,benjyfishy,Team Heretics,deadlock,True,96,16,0,0,0,0,False,Wo0t,Team Heretics,chamber,False,,,0,0,1,1,False,grubinho,GIANTX,omen,True,100,25,0,1,2,1,False,ara,GIANTX,raze,True,100,,0,0,1,0,False,Cloud,GIANTX,fade,True,100,1,0,0,0,0,False,Flickless,GIANTX,viper,True,70,,0,0,0,1,False,westside,GIANTX,cypher,True,100,,0,0,0,1,False
1741.473,7457,ACTIVE_ROUND,13,3,9,61.000,,,MiniBoo,Team Heretics,raze,False,,,0,2,0,0,False,RieNs,Team Heretics,fade,False,,,0,0,0,0,False,Boo,Team Heretics,omen,True,8,17,0,0,1,0,False,benjyfishy,Team Heretics,deadlock,True,96,16,0,0,0,0,False,Wo0t,Team Heretics,chamber,False,,,0,0,1,1,False,grubinho,GIANTX,omen,True,100,25,0,1,2,1,False,ara,GIANTX,raze,True,100,,0,0,1,0,False,Cloud,GIANTX,fade,True,100,1,0,0,0,0,False,Flickless,GIANTX,viper,True,70,,0,0,0,1,False,westside,GIANTX,cypher,True,100,,0,0,0,1,False
1741.707,7458,ACTIVE_ROUND,13,3,9,60.000,,,MiniBoo,Team Heretics,raze,False,,,0,2,0,0,False,RieNs,Team Heretics,fade,False,,,0,0,0,0,False,Boo,Team Heretics,omen,True,8,17,0,0,1,0,False,benjyfishy,Team Heretics,deadlock,True,96,16,0,0,0,0,False,Wo0t,Team Heretics,chamber,False,,,0,0,1,1,False,grubinho,GIANTX,omen,True,100,25,0,1,2,1,False,ara,GIANTX,raze,True,100,,0,0,1,0,False,Cloud,GIANTX,fade,True,100,1,0,0,0,0,False,Flickless,GIANTX,viper,True,70,,0,0,0,1,False,westside,GIANTX,cypher,True,100,,0,0,0,1,False
1741.940,7459,ACTIVE_ROUND,13,3,9,60.000,,,MiniBoo,Team Heretics,raze,False,,,0,2,0,0,False,RieNs,Team Heretics,fade,False,,,0,0,0,0,False,Boo,Team Heretics,omen,True,8,17,0,0,1,0,False,benjyfishy,Team Heretics,deadlock,True,96,16,0,0,0,0,False,Wo0t,Team Heretics,chamber,False,,,0,0,1,1,False,grubinho,GIANTX,omen,True,100,25,0,1,2,1,False,ara,GIANTX,raze,True,100,,0,0,1,0,False,Cloud,GIANTX,fade,True,100,1,0,0,0,0,False,Flickless,GIANTX,viper,True,70,,0,0,0,1,False,westside,GIANTX,cypher,True,100,,0,0,0,1,False
1742.174,7460,ACTIVE_ROUND,13,3,9,60.000,,,MiniBoo,Team Heretics,raze,False,,,0,2,0,0,False,RieNs,Team Heretics,fade,False,,,0,0,0,0,False,Boo,Team Heretics,omen,True,8,17,0,0,0,0,False,benjyfishy,Team Heretics,deadlock,True,96,16,0,0,0,0,False,Wo0t,Team Heretics,chamber,False,,,0,0,1,1,False,grubinho,GIANTX,omen,True,100,25,0,1,2,1,False,ara,GIANTX,raze,True,100,,0,0,1,0,False,Cloud,GIANTX,fade,True,100,1,0,0,0,0,False,Flickless,GIANTX,viper,True,70,,0,0,0,1,False,westside,GIANTX,cypher,True,100,,0,0,0,1,False
1742.407,7461,ACTIVE_ROUND,13,3,9,60.000,,,MiniBoo,Team Heretics,raze,False,,,0,2,0,0,False,RieNs,Team Heretics,fade,False,,,0,0,0,0,False,Boo,Team Heretics,omen,True,8,17,0,0,0,0,False,benjyfishy,Team Heretics,deadlock,True,96,16,0,0,0,0,False,Wo0t,Team Heretics,chamber,False,,,0,0,1,1,False,grubinho,GIANTX,omen,True,100,25,0,1,2,1,False,ara,GIANTX,raze,True,100,,0,0,1,0,False,Cloud,GIANTX,fade,True,100,1,0,0,0,0,False,Flickless,GIANTX,viper,True,70,,0,0,0,1,False,westside,GIANTX,cypher,True,100,,0,0,0,1,False
1742.641,7462,ACTIVE_ROUND,13,3,9,59.000,,,MiniBoo,Team Heretics,raze,False,,,0,2,0,0,False,RieNs,Team Heretics,fade,False,,,0,0,0,0,False,Boo,Team Heretics,omen,True,8,17,0,0,0,0,False,benjyfishy,Team Heretics,deadlock,True,96,16,0,0,0,0,False,Wo0t,Team Heretics,chamber,False,,,0,0,1,1,False,grubinho,GIANTX,omen,True,100,25,0,1,2,1,False,ara,GIANTX,raze,True,100,,0,0,1,0,False,Cloud,GIANTX,fade,True,100,1,0,0,0,0,False,Flickless,GIANTX,viper,True,70,,0,0,0,1,False,westside,GIANTX,cypher,True,100,,0,0,0,1,False
1742.874,7463,ACTIVE_ROUND,13,3,9,59.000,,,MiniBoo,Team Heretics,raze,False,,,0,2,0,0,False,RieNs,Team Heretics,fade,False,,,0,0,0,0,False,Boo,Team Heretics,omen,True,8,17,0,0,0,0,False,benjyfishy,Team Heretics,deadlock,True,96,16,0,0,0,0,False,Wo0t,Team Heretics,chamber,False,,,0,0,1,1,False,grubinho,GIANTX,omen,True,100,25,0,1,2,1,False,ara,GIANTX,raze,True,100,,0,0,1,0,False,Cloud,GIANTX,fade,True,100,1,0,0,0,0,False,Flickless,GIANTX,viper,True,70,,0,0,0,1,False,westside,GIANTX,cypher,True,100,,0,0,0,1,False
1743.108,7464,ACTIVE_ROUND,13,3,9,59.000,,,MiniBoo,Team Heretics,raze,False,,,0,2,0,0,False,RieNs,Team Heretics,fade,False,,,0,0,0,0,False,Boo,Team Heretics,omen,True,8,17,0,0,0,0,False,benjyfishy,Team Heretics,deadlock,True,96,16,0,0,0,0,False,Wo0t,Team Heretics,chamber,False,,,0,0,1,1,False,grubinho,GIANTX,omen,True,100,25,0,1,2,1,False,ara,GIANTX,raze,True,100,,0,0,1,0,False,Cloud,GIANTX,fade,True,100,1,0,0,0,0,False,Flickless,GIANTX,viper,True,70,,0,0,0,1,False,westside,GIANTX,cypher,True,100,,0,0,0,1,False
1743.342,7465,ACTIVE_ROUND,13,3,9,59.000,,,MiniBoo,Team Heretics,raze,False,,,0,2,0,0,False,RieNs,Team Heretics,fade,False,,,0,0,0,0,False,Boo,Team Heretics,omen,True,8,17,0,0,0,0,False,benjyfishy,Team Heretics,deadlock,False,,16,0,0,0,0,False,Wo0t,Team Heretics,chamber,False,,,0,0,1,1,False,grubinho,GIANTX,omen,True,100,25,0,1,2,1,False,ara,GIANTX,raze,True,100,,0,0,1,0,False,Cloud,GIANTX,fade,True,100,1,0,0,0,0,False,Flickless,GIANTX,viper,True,70,,0,0,0,1,False,westside,GIANTX,cypher,True,100,,0,0,0,1,False
1743.575,7466,ACTIVE_ROUND,13,3,9,58.000,,,MiniBoo,Team Heretics,raze,False,,,0,2,0,0,False,RieNs,Team Heretics,fade,False,,,0,0,0,0,False,Boo,Team Heretics,omen,True,8,17,0,0,0,0,False,benjyfishy,Team Heretics,deadlock,False,,16,0,0,0,0,False,Wo0t,Team Heretics,chamber,False,,,0,0,1,1,False,grubinho,GIANTX,omen,True,100,25,0,1,2,1,False,ara,GIANTX,raze,True,100,,0,0,1,0,False,Cloud,GIANTX,fade,True,100,1,0,0,0,0,False,Flickless,GIANTX,viper,True,70,,0,0,0,1,False,westside,GIANTX,cypher,True,100,,0,0,0,1,False
1743.809,7467,ACTIVE_ROUND,13,3,9,58.000,,,MiniBoo,Team Heretics,raze,False,,,0,2,0,0,False,RieNs,Team Heretics,fade,False,,,0,0,0,0,False,Boo,Team Heretics,omen,True,8,17,0,0,0,0,False,benjyfishy,Team Heretics,deadlock,False,,16,0,0,0,0,False,Wo0t,Team Heretics,chamber,False,,,0,0,1,1,False,grubinho,GIANTX,omen,True,100,25,0,1,2,1,False,ara,GIANTX,raze,True,100,,0,0,1,0,False,Cloud,GIANTX,fade,True,100,1,0,0,0,0,False,Flickless,GIANTX,viper,True,70,,0,0,0,1,False,westside,GIANTX,cypher,True,100,,0,0,0,1,False
1744.042,7468,ACTIVE_ROUND,13,3,9,58.000,,,MiniBoo,Team Heretics,raze,False,,,0,2,0,0,False,RieNs,Team Heretics,fade,False,,,0,0,0,0,False,Boo,Team Heretics,omen,True,8,17,0,0,0,0,False,benjyfishy,Team Heretics,deadlock,False,,16,0,0,0,0,False,Wo0t,Team Heretics,chamber,False,,,0,0,1,1,False,grubinho,GIANTX,omen,True,100,25,0,1,2,1,False,ara,GIANTX,raze,True,100,,0,0,1,0,False,Cloud,GIANTX,fade,True,100,1,0,0,0,0,False,Flickless,GIANTX,viper,True,70,,0,0,0,1,False,westside,GIANTX,cypher,True,100,,0,0,0,1,False
1744.276,7469,ACTIVE_ROUND,13,3,9,58.000,,,MiniBoo,Team Heretics,raze,False,,,0,2,0,0,False,RieNs,Team Heretics,fade,False,,,0,0,0,0,False,Boo,Team Heretics,omen,True,8,17,0,0,0,0,False,benjyfishy,Team Heretics,deadlock,False,,16,0,0,0,0,False,Wo0t,Team Heretics,chamber,False,,,0,0,1,1,False,grubinho,GIANTX,omen,True,100,25,0,1,2,1,False,ara,GIANTX,raze,True,100,,0,0,1,0,False,Cloud,GIANTX,fade,True,100,1,0,0,0,0,False,Flickless,GIANTX,viper,True,70,,0,0,0,1,False,westside,GIANTX,cypher,True,100,,0,0,0,2,False
1744.509,7470,ACTIVE_ROUND,13,3,9,58.000,,,MiniBoo,Team Heretics,raze,False,,,0,2,0,0,False,RieNs,Team Heretics,fade,False,,,0,0,0,0,False,Boo,Team Heretics,omen,True,8,17,0,0,0,0,False,benjyfishy,Team Heretics,deadlock,False,,16,0,0,0,0,False,Wo0t,Team Heretics,chamber,False,,,0,0,1,1,False,grubinho,GIANTX,omen,True,100,25,0,1,2,1,False,ara,GIANTX,raze,True,100,,0,0,1,0,False,Cloud,GIANTX,fade,True,100,1,0,0,0,0,False,Flickless,GIANTX,viper,True,70,,0,0,0,1,False,westside,GIANTX,cypher,True,100,,0,0,0,2,False
1744.743,7471,ACTIVE_ROUND,13,3,9,57.000,,,MiniBoo,Team Heretics,raze,False,,,0,2,0,0,False,RieNs,Team Heretics,fade,False,,,0,0,0,0,False,Boo,Team Heretics,omen,True,8,17,0,0,0,0,False,benjyfishy,Team Heretics,deadlock,False,,16,0,0,0,0,False,Wo0t,Team Heretics,chamber,False,,,0,0,1,1,False,grubinho,GIANTX,omen,True,100,25,0,1,2,1,False,ara,GIANTX,raze,True,100,,0,0,1,0,False,Cloud,GIANTX,fade,True,100,1,0,0,0,0,False,Flickless,GIANTX,viper,True,70,,0,0,0,1,False,westside,GIANTX,cypher,True,100,,0,0,0,2,False
1744.977,7472,ACTIVE_ROUND,13,3,9,57.000,,,MiniBoo,Team Heretics,raze,False,,,0,2,0,0,False,RieNs,Team Heretics,fade,False,,,0,0,0,0,False,Boo,Team Heretics,omen,True,8,17,0,0,0,0,False,benjyfishy,Team Heretics,deadlock,False,,16,0,0,0,0,False,Wo0t,Team Heretics,chamber,False,,,0,0,1,1,False,grubinho,GIANTX,omen,True,100,25,0,1,2,1,False,ara,GIANTX,raze,True,100,,0,0,1,0,False,Cloud,GIANTX,fade,True,100,1,0,0,0,0,False,Flickless,GIANTX,viper,True,70,,0,0,0,1,False,westside,GIANTX,cypher,True,100,,0,0,0,2,False
1745.210,7473,POST_ROUND,13,3,10,,,0.000,MiniBoo,Team Heretics,raze,False,,,0,2,0,0,False,RieNs,Team Heretics,fade,False,,,0,0,0,0,False,Boo,Team Heretics,omen,True,8,17,0,0,0,0,False,benjyfishy,Team Heretics,deadlock,False,,16,0,0,0,0,False,Wo0t,Team Heretics,chamber,False,,,0,0,1,1,False,grubinho,GIANTX,omen,True,100,25,0,1,2,1,False,ara,GIANTX,raze,True,100,,0,0,0,0,False,Cloud,GIANTX,fade,True,100,1,0,0,1,0,False,Flickless,GIANTX,viper,True,70,,0,0,0,1,False,westside,GIANTX,cypher,True,100,,0,0,0,2,False
1745.444,7474,POST_ROUND,13,3,10,,,0.234,MiniBoo,Team Heretics,raze,False,,,0,2,0,0,False,RieNs,Team Heretics,fade,False,,,0,0,0,0,False,Boo,Team Heretics,omen,False,,17,0,0,0,0,False,benjyfishy,Team Heretics,deadlock,False,,16,0,0,0,0,False,Wo0t,Team Heretics,chamber,False,,,0,0,1,1,False,grubinho,GIANTX,omen,True,100,25,0,1,2,1,False,ara,GIANTX,raze,True,100,,0,0,0,0,False,Cloud,GIANTX,fade,True,100,1,0,0,1,0,False,Flickless,GIANTX,viper,True,70,,0,0,0,1,False,westside,GIANTX,cypher,True,100,,0,0,0,2,False
1745.677,7475,POST_ROUND,13,3,10,,,0.467,MiniBoo,Team Heretics,raze,False,,,0,2,0,0,False,RieNs,Team Heretics,fade,False,,,0,0,0,0,False,Boo,Team Heretics,omen,False,,17,0,0,0,0,False,benjyfishy,Team Heretics,deadlock,False,,16,0,0,0,0,False,Wo0t,Team Heretics,chamber,False,,,0,0,1,1,False,grubinho,GIANTX,omen,True,100,25,0,1,2,1,False,ara,GIANTX,raze,True,100,,0,0,0,0,False,Cloud,GIANTX,fade,True,100,1,0,0,1,0,False,Flickless,GIANTX,viper,True,70,,0,0,0,1,False,westside,GIANTX,cypher,True,100,,0,0,0,2,False
1745.911,7476,POST_ROUND,13,3,10,,,0.701,MiniBoo,Team Heretics,raze,False,,,0,2,0,0,False,RieNs,Team Heretics,fade,False,,,0,0,0,0,False,Boo,Team Heretics,omen,False,,17,0,0,0,0,False,benjyfishy,Team Heretics,deadlock,False,,16,0,0,0,0,False,Wo0t,Team Heretics,chamber,False,,,0,0,1,1,False,grubinho,GIANTX,omen,True,100,25,0,1,2,1,False,ara,GIANTX,raze,True,100,,0,0,0,0,False,Cloud,GIANTX,fade,True,100,1,0,0,1,0,False,Flickless,GIANTX,viper,True,70,,0,0,0,1,False,westside,GIANTX,cypher,True,100,,0,0,0,2,False
1746.144,7477,POST_ROUND,13,3,10,,,0.934,MiniBoo,Team Heretics,raze,False,,,0,2,0,0,False,RieNs,Team Heretics,fade,False,,,0,0,0,0,False,Boo,Team Heretics,omen,False,,17,0,0,0,0,False,benjyfishy,Team Heretics,deadlock,False,,16,0,0,0,0,False,Wo0t,Team Heretics,chamber,False,,,0,0,1,1,False,grubinho,GIANTX,omen,True,100,25,0,0,2,1,False,ara,GIANTX,raze,True,100,,0,0,0,0,False,Cloud,GIANTX,fade,True,100,1,0,0,1,0,False,Flickless,GIANTX,viper,True,70,,0,0,0,1,False,westside,GIANTX,cypher,True,100,,0,0,0,3,False
1746.378,7478,POST_ROUND,13,3,10,,,1.168,MiniBoo,Team Heretics,raze,False,,,0,2,0,0,False,RieNs,Team Heretics,fade,False,,,0,0,0,0,False,Boo,Team Heretics,omen,False,,17,0,0,0,0,False,benjyfishy,Team Heretics,deadlock,False,,16,0,0,0,0,False,Wo0t,Team Heretics,chamber,False,,,0,0,1,1,False,grubinho,GIANTX,omen,True,100,25,0,0,2,1,False,ara,GIANTX,raze,True,100,,0,0,0,0,False,Cloud,GIANTX,fade,True,100,1,0,0,1,0,False,Flickless,GIANTX,viper,True,70,,0,0,0,1,False,westside,GIANTX,cypher,True,100,,0,0,0,3,False
1746.612,7479,POST_ROUND,13,3,10,,,1.401,MiniBoo,Team Heretics,raze,False,,,0,2,0,0,False,RieNs,Team Heretics,fade,False,,,0,0,0,0,False,Boo,Team Heretics,omen,False,,17,0,0,0,0,False,benjyfishy,Team Heretics,deadlock,False,,16,0,0,0,0,False,Wo0t,Team Heretics,chamber,False,,,0,0,1,1,False,grubinho,GIANTX,omen,True,100,25,0,0,2,1,False,ara,GIANTX,raze,True,100,,0,0,0,0,False,Cloud,GIANTX,fade,True,100,1,0,0,1,0,False,Flickless,GIANTX,viper,True,70,,0,0,0,1,False,westside,GIANTX,cypher,True,100,,0,0,0,3,False
1746.845,7480,POST_ROUND,13,3,10,,,1.635,MiniBoo,Team Heretics,raze,False,,,0,2,0,0,False,RieNs,Team Heretics,fade,False,,,0,0,0,0,False,Boo,Team Heretics,omen,False,,17,0,0,0,0,False,benjyfishy,Team Heretics,deadlock,False,,16,0,0,0,0,False,Wo0t,Team Heretics,chamber,False,,,0,0,1,1,False,grubinho,GIANTX,omen,True,100,25,0,0,2,1,False,ara,GIANTX,raze,True,100,,0,0,0,0,False,Cloud,GIANTX,fade,True,100,1,0,0,1,0,False,Flickless,GIANTX,viper,True,70,,0,0,0,1,False,westside,GIANTX,cypher,True,100,,0,0,0,3,False
1747.079,7481,POST_ROUND,13,3,10,,,1.869,MiniBoo,Team Heretics,raze,False,,,0,2,0,0,False,RieNs,Team Heretics,fade,False,,,0,0,0,0,False,Boo,Team Heretics,omen,False,,17,0,0,0,0,False,benjyfishy,Team Heretics,deadlock,False,,16,0,0,0,0,False,Wo0t,Team Heretics,chamber,False,,,0,0,1,1,False,grubinho,GIANTX,omen,True,100,25,0,0,2,1,False,ara,GIANTX,raze,True,100,,0,0,0,0,False,Cloud,GIANTX,fade,True,100,1,0,0,1,0,False,Flickless,GIANTX,viper,True,70,,0,0,0,1,False,westside,GIANTX,cypher,True,100,,0,0,0,3,False
1747.312,7482,POST_ROUND,13,3,10,,,2.102,MiniBoo,Team Heretics,raze,False,,,0,2,0,0,False,RieNs,Team Heretics,fade,False,,,0,0,0,0,False,Boo,Team Heretics,omen,False,,17,0,0,0,0,False,benjyfishy,Team Heretics,deadlock,False,,16,0,0,0,0,False,Wo0t,Team Heretics,chamber,False,,,0,0,1,1,False,grubinho,GIANTX,omen,True,100,25,0,0,2,1,False,ara,GIANTX,raze,True,100,,0,0,0,0,False,Cloud,GIANTX,fade,True,100,1,0,0,1,0,False,Flickless,GIANTX,viper,True,70,,0,0,0,1,False,westside,GIANTX,cypher,True,100,,0,0,0,3,False
1747.546,7483,POST_ROUND,13,3,10,,,2.336,MiniBoo,Team Heretics,raze,False,,,0,2,0,0,False,RieNs,Team Heretics,fade,False,,,0,0,0,0,False,Boo,Team Heretics,omen,False,,17,0,0,0,0,False,benjyfishy,Team Heretics,deadlock,False,,16,0,0,0,0,False,Wo0t,Team Heretics,chamber,False,,,0,0,1,1,False,grubinho,GIANTX,omen,True,100,25,0,0,2,1,False,ara,GIANTX,raze,True,100,,0,0,0,0,False,Cloud,GIANTX,fade,True,100,1,0,0,1,0,False,Flickless,GIANTX,viper,True,70,,0,0,0,1,False,westside,GIANTX,cypher,True,100,,0,0,0,3,False
1747.779,7484,POST_ROUND,13,3,10,,,2.569,MiniBoo,Team Heretics,raze,False,,,0,2,0,0,False,RieNs,Team Heretics,fade,False,,,0,0,0,0,False,Boo,Team Heretics,omen,False,,17,0,0,0,0,False,benjyfishy,Team Heretics,deadlock,False,,16,0,0,0,0,False,Wo0t,Team Heretics,chamber,False,,,0,0,1,1,False,grubinho,GIANTX,omen,True,100,25,0,0,2,1,False,ara,GIANTX,raze,True,100,,0,0,0,0,False,Cloud,GIANTX,fade,True,100,1,0,0,1,0,False,Flickless,GIANTX,viper,True,70,,0,0,0,1,False,westside,GIANTX,cypher,True,100,,0,0,0,3,False
1748.013,7485,POST_ROUND,13,3,10,,,2.803,MiniBoo,Team Heretics,raze,False,,,0,2,0,0,False,RieNs,Team Heretics,fade,False,,,0,0,0,0,False,Boo,Team Heretics,omen,False,,17,0,0,0,0,False,benjyfishy,Team Heretics,deadlock,False,,16,0,0,0,0,False,Wo0t,Team Heretics,chamber,False,,,0,0,1,1,False,grubinho,GIANTX,omen,True,100,25,0,0,2,1,False,ara,GIANTX,raze,True,100,,0,0,0,0,False,Cloud,GIANTX,fade,True,100,1,0,0,1,0,False,Flickless,GIANTX,viper,True,70,,0,0,0,1,False,westside,GIANTX,cypher,True,100,,0,0,0,3,False
1748.246,7486,POST_ROUND,13,3,10,,,3.036,MiniBoo,Team Heretics,raze,False,,,0,2,0,0,False,RieNs,Team Heretics,fade,False,,,0,0,0,0,False,Boo,Team Heretics,omen,False,,17,0,0,0,0,False,benjyfishy,Team Heretics,deadlock,False,,16,0,0,0,0,False,Wo0t,Team Heretics,chamber,False,,,0,0,1,1,False,grubinho,GIANTX,omen,True,100,25,0,0,2,1,False,ara,GIANTX,raze,True,100,,0,0,0,0,False,Cloud,GIANTX,fade,True,100,1,0,0,1,0,False,Flickless,GIANTX,viper,True,70,,0,0,0,1,False,westside,GIANTX,cypher,True,100,,0,0,0,3,False
1748.480,7487,POST_ROUND,13,3,10,,,3.270,MiniBoo,Team Heretics,raze,False,,,0,2,0,0,False,RieNs,Team Heretics,fade,False,,,0,0,0,0,False,Boo,Team Heretics,omen,False,,17,0,0,0,0,False,benjyfishy,Team Heretics,deadlock,False,,16,0,0,0,0,False,Wo0t,Team Heretics,chamber,False,,,0,0,1,1,False,grubinho,GIANTX,omen,True,100,25,0,0,2,1,False,ara,GIANTX,raze,True,100,,0,0,0,0,False,Cloud,GIANTX,fade,True,100,1,0,0,1,0,False,Flickless,GIANTX,viper,True,70,,0,0,0,1,False,westside,GIANTX,cypher,True,100,,0,0,0,3,False
1748.714,7488,POST_ROUND,13,3,10,,,3.504,MiniBoo,Team Heretics,raze,False,,,0,2,0,0,False,RieNs,Team Heretics,fade,False,,,0,0,0,0,False,Boo,Team Heretics,omen,False,,17,0,0,0,0,False,benjyfishy,Team Heretics,deadlock,False,,16,0,0,0,0,False,Wo0t,Team Heretics,chamber,False,,,0,0,1,1,False,grubinho,GIANTX,omen,True,100,25,0,0,2,1,False,ara,GIANTX,raze,True,100,,0,0,0,0,False,Cloud,GIANTX,fade,True,100,1,0,0,1,0,False,Flickless,GIANTX,viper,True,70,,0,0,0,1,False,westside,GIANTX,cypher,True,100,,0,0,0,3,False
1748.947,7489,POST_ROUND,13,3,10,,,3.737,MiniBoo,Team Heretics,raze,False,,,0,2,0,0,False,RieNs,Team Heretics,fade,False,,,0,0,0,0,False,Boo,Team Heretics,omen,False,,17,0,0,0,0,False,benjyfishy,Team Heretics,deadlock,False,,16,0,0,0,0,False,Wo0t,Team Heretics,chamber,False,,,0,0,1,1,False,grubinho,GIANTX,omen,True,100,25,0,0,2,1,False,ara,GIANTX,raze,True,100,,0,0,0,0,False,Cloud,GIANTX,fade,True,100,1,0,0,1,0,False,Flickless,GIANTX,viper,True,70,,0,0,0,1,False,westside,GIANTX,cypher,True,100,,0,0,0,3,False
1749.181,7490,POST_ROUND,13,3,10,,,3.971,MiniBoo,Team Heretics,raze,False,,,0,2,0,0,False,RieNs,Team Heretics,fade,False,,,0,0,0,0,False,Boo,Team Heretics,omen,False,,17,0,0,0,0,False,benjyfishy,Team Heretics,deadlock,False,,16,0,0,0,0,False,Wo0t,Team Heretics,chamber,False,,,0,0,1,1,False,grubinho,GIANTX,omen,True,100,25,0,0,2,1,False,ara,GIANTX,raze,True,100,,0,0,0,0,False,Cloud,GIANTX,fade,True,100,1,0,0,1,0,False,Flickless,GIANTX,viper,True,70,,0,0,0,1,False,westside,GIANTX,cypher,True,100,,0,0,0,3,False
1749.414,7491,POST_ROUND,13,3,10,,,4.204,MiniBoo,Team Heretics,raze,False,,,0,2,0,0,False,RieNs,Team Heretics,fade,False,,,0,0,0,0,False,Boo,Team Heretics,omen,False,,17,0,0,0,0,False,benjyfishy,Team Heretics,deadlock,False,,16,0,0,0,0,False,Wo0t,Team Heretics,chamber,False,,,0,0,1,1,False,grubinho,GIANTX,omen,True,100,25,0,0,2,1,False,ara,GIANTX,raze,True,100,,0,0,0,0,False,Cloud,GIANTX,fade,True,100,1,0,0,1,0,False,Flickless,GIANTX,viper,True,70,,0,0,0,1,False,westside,GIANTX,cypher,True,100,,0,0,0,3,False
1749.648,7492,POST_ROUND,13,3,10,,,4.438,MiniBoo,Team Heretics,raze,False,,,0,2,0,0,False,RieNs,Team Heretics,fade,False,,,0,0,0,0,False,Boo,Team Heretics,omen,False,,17,0,0,0,0,False,benjyfishy,Team Heretics,deadlock,False,,16,0,0,0,0,False,Wo0t,Team Heretics,chamber,False,,,0,0,1,1,False,grubinho,GIANTX,omen,True,100,25,0,0,2,1,False,ara,GIANTX,raze,True,100,,0,0,0,0,False,Cloud,GIANTX,fade,True,100,1,0,0,1,0,False,Flickless,GIANTX,viper,True,70,,0,0,0,1,False,westside,GIANTX,cypher,True,100,,0,0,0,3,False
1749.881,7493,POST_ROUND,13,3,10,,,4.671,MiniBoo,Team Heretics,raze,False,,,0,2,0,0,False,RieNs,Team Heretics,fade,False,,,0,0,0,0,False,Boo,Team Heretics,omen,False,,17,0,0,0,0,False,benjyfishy,Team Heretics,deadlock,False,,16,0,0,0,0,False,Wo0t,Team Heretics,chamber,False,,,0,0,1,1,False,grubinho,GIANTX,omen,True,100,25,0,0,2,1,False,ara,GIANTX,raze,True,100,,0,0,0,0,False,Cloud,GIANTX,fade,True,100,1,0,0,1,0,False,Flickless,GIANTX,viper,True,70,,0,0,0,1,False,westside,GIANTX,cypher,True,100,,0,0,0,3,False
1750.115,7494,POST_ROUND,13,3,10,,,4.905,MiniBoo,Team Heretics,raze,False,,,0,2,0,0,False,RieNs,Team Heretics,fade,False,,,0,0,0,0,False,Boo,Team Heretics,omen,False,,17,0,0,0,0,False,benjyfishy,Team Heretics,deadlock,False,,16,0,0,0,0,False,Wo0t,Team Heretics,chamber,False,,,0,0,1,1,False,grubinho,GIANTX,omen,True,100,25,0,0,2,1,False,ara,GIANTX,raze,True,100,,0,0,0,0,False,Cloud,GIANTX,fade,True,100,1,0,0,1,0,False,Flickless,GIANTX,viper,True,70,,0,0,0,1,False,westside,GIANTX,cypher,True,100,,0,0,0,3,False
1750.349,7495,POST_ROUND,13,3,10,,,5.138,MiniBoo,Team Heretics,raze,False,,,0,2,0,0,False,RieNs,Team Heretics,fade,False,,,0,0,0,0,False,Boo,Team Heretics,omen,False,,17,0,0,0,0,False,benjyfishy,Team Heretics,deadlock,False,,16,0,0,0,0,False,Wo0t,Team Heretics,chamber,False,,,0,0,1,1,False,grubinho,GIANTX,omen,True,100,25,0,0,2,1,False,ara,GIANTX,raze,True,100,,0,0,0,0,False,Cloud,GIANTX,fade,True,100,1,0,0,1,0,False,Flickless,GIANTX,viper,True,70,,0,0,0,1,False,westside,GIANTX,cypher,True,100,,0,0,0,3,False
1750.582,7496,POST_ROUND,13,3,10,,,5.372,MiniBoo,Team Heretics,raze,False,,,0,2,0,0,False,RieNs,Team Heretics,fade,False,,,0,0,0,0,False,Boo,Team Heretics,omen,False,,17,0,0,0,0,False,benjyfishy,Team Heretics,deadlock,False,,16,0,0,0,0,False,Wo0t,Team Heretics,chamber,False,,,0,0,1,1,False,grubinho,GIANTX,omen,True,100,25,0,0,2,1,False,ara,GIANTX,raze,True,100,,0,0,0,0,False,Cloud,GIANTX,fade,True,100,1,0,0,1,0,False,Flickless,GIANTX,viper,True,70,,0,0,0,1,False,westside,GIANTX,cypher,True,100,,0,0,0,3,False
1750.816,7497,POST_ROUND,13,3,10,,,5.606,MiniBoo,Team Heretics,raze,False,,,0,2,0,0,False,RieNs,Team Heretics,fade,False,,,0,0,0,0,False,Boo,Team Heretics,omen,False,,17,0,0,0,0,False,benjyfishy,Team Heretics,deadlock,False,,16,0,0,0,0,False,Wo0t,Team Heretics,chamber,False,,,0,0,1,1,False,grubinho,GIANTX,omen,True,100,25,0,0,2,1,False,ara,GIANTX,raze,True,100,,0,0,0,0,False,Cloud,GIANTX,fade,True,100,1,0,0,1,0,False,Flickless,GIANTX,viper,True,70,,0,0,0,1,False,westside,GIANTX,cypher,True,100,,0,0,0,3,False
1751.049,7498,POST_ROUND,13,3,10,,,5.839,MiniBoo,Team Heretics,raze,False,,,0,2,0,0,False,RieNs,Team Heretics,fade,False,,,0,0,0,0,False,Boo,Team Heretics,omen,False,,17,0,0,0,0,False,benjyfishy,Team Heretics,deadlock,False,,16,0,0,0,0,False,Wo0t,Team Heretics,chamber,False,,,0,0,1,1,False,grubinho,GIANTX,omen,True,100,25,0,0,2,1,False,ara,GIANTX,raze,True,100,,0,0,0,0,False,Cloud,GIANTX,fade,True,100,1,0,0,1,0,False,Flickless,GIANTX,viper,True,70,,0,0,0,1,False,westside,GIANTX,cypher,True,100,,0,0,0,3,False
1751.283,7499,POST_ROUND,13,3,10,,,6.073,MiniBoo,Team Heretics,raze,False,,,0,2,0,0,False,RieNs,Team Heretics,fade,False,,,0,0,0,0,False,Boo,Team Heretics,omen,False,,17,0,0,0,0,False,benjyfishy,Team Heretics,deadlock,False,,16,0,0,0,0,False,Wo0t,Team Heretics,chamber,False,,,0,0,1,1,False,grubinho,GIANTX,omen,True,100,25,0,0,2,1,False,ara,GIANTX,raze,True,100,,0,0,0,0,False,Cloud,GIANTX,fade,True,100,1,0,0,1,0,False,Flickless,GIANTX,viper,True,70,,0,0,0,1,False,westside,GIANTX,cypher,True,100,,0,0,0,3,False
1751.516,7500,POST_ROUND,13,3,10,,,6.306,MiniBoo,Team Heretics,raze,False,,,0,2,0,0,False,RieNs,Team Heretics,fade,False,,,0,0,0,0,False,Boo,Team Heretics,omen,False,,17,0,0,0,0,False,benjyfishy,Team Heretics,deadlock,False,,16,0,0,0,0,False,Wo0t,Team Heretics,chamber,False,,,0,0,1,1,False,grubinho,GIANTX,omen,True,100,25,0,0,2,1,False,ara,GIANTX,raze,True,100,,0,0,0,0,False,Cloud,GIANTX,fade,True,100,1,0,0,1,0,False,Flickless,GIANTX,viper,True,70,,0,0,0,1,False,westside,GIANTX,cypher,True,100,,0,0,0,3,False
1751.750,7501,POST_ROUND,13,3,10,,,6.540,MiniBoo,Team Heretics,raze,False,,,0,2,0,0,False,RieNs,Team Heretics,fade,False,,,0,0,0,0,False,Boo,Team Heretics,omen,False,,17,0,0,0,0,False,benjyfishy,Team Heretics,deadlock,False,,16,0,0,0,0,False,Wo0t,Team Heretics,chamber,False,,,0,0,1,1,False,grubinho,GIANTX,omen,True,100,25,0,0,2,1,False,ara,GIANTX,raze,True,100,,0,0,0,0,False,Cloud,GIANTX,fade,True,100,1,0,0,1,0,False,Flickless,GIANTX,viper,True,70,,0,0,0,1,False,westside,GIANTX,cypher,True,100,,0,0,0,3,False
1751.984,7502,POST_ROUND,13,3,10,,,6.773,MiniBoo,Team Heretics,raze,False,,,0,2,0,0,False,RieNs,Team Heretics,fade,False,,,0,0,0,0,False,Boo,Team Heretics,omen,False,,17,0,0,0,0,False,benjyfishy,Team Heretics,deadlock,False,,16,0,0,0,0,False,Wo0t,Team Heretics,chamber,False,,,0,0,1,1,False,grubinho,GIANTX,omen,False,,25,0,0,2,1,False,ara,GIANTX,raze,False,,,0,0,0,0,False,Cloud,GIANTX,fade,False,,1,0,0,1,0,False,Flickless,GIANTX,viper,False,,,0,0,0,1,False,westside,GIANTX,cypher,False,,,0,0,0,3,False
1752.217,7503,POST_ROUND,13,3,10,,,7.007,MiniBoo,Team Heretics,raze,False,,,0,2,0,0,False,RieNs,Team Heretics,fade,False,,,0,0,0,0,False,Boo,Team Heretics,omen,False,,17,0,0,0,0,False,benjyfishy,Team Heretics,deadlock,False,,16,0,0,0,0,False,Wo0t,Team Heretics,chamber,False,,,0,0,1,1,False,grubinho,GIANTX,omen,False,,25,0,0,2,1,False,ara,GIANTX,raze,False,,,0,0,0,0,False,Cloud,GIANTX,fade,False,,1,0,0,1,0,False,Flickless,GIANTX,viper,False,,,0,0,0,1,False,westside,GIANTX,cypher,False,,,0,0,0,3,False
1752.451,7504,POST_ROUND,13,3,10,,,7.241,MiniBoo,Team Heretics,raze,False,,,0,2,0,0,False,RieNs,Team Heretics,fade,False,,,0,0,0,0,False,Boo,Team Heretics,omen,False,,17,0,0,0,0,False,benjyfishy,Team Heretics,deadlock,False,,16,0,0,0,0,False,Wo0t,Team Heretics,chamber,False,,,0,0,1,1,False,grubinho,GIANTX,omen,False,,25,0,0,2,1,False,ara,GIANTX,raze,False,,,0,0,0,0,False,Cloud,GIANTX,fade,False,,1,0,0,1,0,False,Flickless,GIANTX,viper,False,,,0,0,0,1,False,westside,GIANTX,cypher,False,,,0,0,0,3,False
1752.684,7505,POST_ROUND,13,3,10,,,7.474,MiniBoo,Team Heretics,raze,False,,,0,2,0,0,False,RieNs,Team Heretics,fade,False,,,0,0,0,0,False,Boo,Team Heretics,omen,False,,17,0,0,0,0,False,benjyfishy,Team Heretics,deadlock,False,,16,0,0,0,0,False,Wo0t,Team Heretics,chamber,False,,,0,0,1,1,False,grubinho,GIANTX,omen,False,,25,0,0,2,1,False,ara,GIANTX,raze,False,,,0,0,0,0,False,Cloud,GIANTX,fade,False,,1,0,0,1,0,False,Flickless,GIANTX,viper,False,,,0,0,0,1,False,westside,GIANTX,cypher,False,,,0,0,0,3,False
1752.918,7506,POST_ROUND,13,3,10,,,7.708,MiniBoo,Team Heretics,raze,False,,,0,2,0,0,False,RieNs,Team Heretics,fade,False,,,0,0,0,0,False,Boo,Team Heretics,omen,False,,17,0,0,0,0,False,benjyfishy,Team Heretics,deadlock,False,,16,0,0,0,0,False,Wo0t,Team Heretics,chamber,False,,,0,0,1,1,False,grubinho,GIANTX,omen,False,,25,0,0,2,1,False,ara,GIANTX,raze,False,,,0,0,0,0,False,Cloud,GIANTX,fade,False,,1,0,0,1,0,False,Flickless,GIANTX,viper,False,,,0,0,0,1,False,westside,GIANTX,cypher,False,,,0,0,0,3,False
1777.209,7610,PREROUND,14,3,10,,,,MiniBoo,Team Heretics,raze,True,,,0,0,1,1,False,RieNs,Team Heretics,fade,True,,,0,0,1,1,False,Boo,Team Heretics,omen,True,,,2,1,2,1,False,benjyfishy,Team Heretics,deadlock,True,,,0,0,1,1,False,Wo0t,Team Heretics,chamber,True,,,0,3,1,1,False,grubinho,GIANTX,omen,True,,,2,1,2,1,False,ara,GIANTX,raze,True,,,0,0,1,0,False,Cloud,GIANTX,fade,True,,,2,1,1,0,False,Flickless,GIANTX,viper,True,,,1,1,0,1,False,westside,GIANTX,cypher,True,,,0,1,1,3,False
1777.442,7611,PREROUND,14,3,10,,,,MiniBoo,Team Heretics,raze,True,,,0,0,1,1,False,RieNs,Team Heretics,fade,True,,,0,0,1,1,False,Boo,Team Heretics,omen,True,,,2,1,2,1,False,benjyfishy,Team Heretics,deadlock,True,,,0,0,1,1,False,Wo0t,Team Heretics,chamber,True,,,0,3,1,1,False,grubinho,GIANTX,omen,True,,,2,1,2,1,False,ara,GIANTX,raze,True,,,0,0,1,0,False,Cloud,GIANTX,fade,True,,,2,1,1,0,False,Flickless,GIANTX,viper,True,,,1,1,0,1,False,westside,GIANTX,cypher,True,,,0,1,1,3,False
1777.676,7612,PREROUND,14,3,10,,,,MiniBoo,Team Heretics,raze,True,,,0,0,1,1,False,RieNs,Team Heretics,fade,True,,,0,0,1,1,False,Boo,Team Heretics,omen,True,,,2,1,2,1,False,benjyfishy,Team Heretics,deadlock,True,,,0,0,1,1,False,Wo0t,Team Heretics,chamber,True,,,0,3,1,1,False,grubinho,GIANTX,omen,True,,,2,1,2,1,False,ara,GIANTX,raze,True,,,0,0,1,0,False,Cloud,GIANTX,fade,True,,,2,1,1,0,False,Flickless,GIANTX,viper,True,,,1,1,0,1,False,westside,GIANTX,cypher,True,,,0,1,1,3,False
1777.909,7613,PREROUND,14,3,10,,,,MiniBoo,Team Heretics,raze,True,,,0,0,1,1,False,RieNs,Team Heretics,fade,True,,,0,0,1,1,False,Boo,Team Heretics,omen,True,,,2,1,2,1,False,benjyfishy,Team Heretics,deadlock,True,,,0,0,1,1,False,Wo0t,Team Heretics,chamber,True,,,0,3,1,1,False,grubinho,GIANTX,omen,True,,,2,1,2,1,False,ara,GIANTX,raze,True,,,0,0,1,0,False,Cloud,GIANTX,fade,True,,,2,1,1,0,False,Flickless,GIANTX,viper,True,,,1,1,0,1,False,westside,GIANTX,cypher,True,,,0,1,1,3,False
1778.143,7614,PREROUND,14,3,10,,,,MiniBoo,Team Heretics,raze,True,,,0,0,1,1,False,RieNs,Team Heretics,fade,True,,,0,0,1,1,False,Boo,Team Heretics,omen,True,,,2,1,2,1,False,benjyfishy,Team Heretics,deadlock,True,,,0,0,1,1,False,Wo0t,Team Heretics,chamber,True,,,0,3,1,1,False,grubinho,GIANTX,omen,True,,,2,1,2,1,False,ara,GIANTX,raze,True,,,0,0,1,0,False,Cloud,GIANTX,fade,True,,,2,1,1,0,False,Flickless,GIANTX,viper,True,,,1,1,0,1,False,westside,GIANTX,cypher,True,,,0,1,1,3,False
1778.377,7615,PREROUND,14,3,10,,,,MiniBoo,Team Heretics,raze,True,,,0,0,1,1,False,RieNs,Team Heretics,fade,True,,,0,0,1,1,False,Boo,Team Heretics,omen,True,,,2,1,2,1,False,benjyfishy,Team Heretics,deadlock,True,,,0,0,1,1,False,Wo0t,Team Heretics,chamber,True,,,0,3,1,1,False,grubinho,GIANTX,omen,True,,,2,1,2,1,False,ara,GIANTX,raze,True,,,0,0,1,0,False,Cloud,GIANTX,fade,True,,,2,1,1,0,False,Flickless,GIANTX,viper,True,,,1,1,0,1,False,westside,GIANTX,cypher,True,,,0,1,1,3,False
1778.610,7616,PREROUND,14,3,10,,,,MiniBoo,Team Heretics,raze,True,,,0,0,1,1,False,RieNs,Team Heretics,fade,True,,,0,0,1,1,False,Boo,Team Heretics,omen,True,,,2,1,2,1,False,benjyfishy,Team Heretics,deadlock,True,,,0,0,1,1,False,Wo0t,Team Heretics,chamber,True,,,0,3,1,1,False,grubinho,GIANTX,omen,True,,,2,1,2,1,False,ara,GIANTX,raze,True,,,0,0,1,0,False,Cloud,GIANTX,fade,True,,,2,1,1,0,False,Flickless,GIANTX,viper,True,,,1,1,0,1,False,westside,GIANTX,cypher,True,,,0,1,1,3,False
1778.844,7617,PREROUND,14,3,10,,,,MiniBoo,Team Heretics,raze,True,,,0,0,1,1,False,RieNs,Team Heretics,fade,True,,,0,0,1,1,False,Boo,Team Heretics,omen,True,,,2,1,2,1,False,benjyfishy,Team Heretics,deadlock,True,,,0,0,1,1,False,Wo0t,Team Heretics,chamber,True,,,0,3,1,1,False,grubinho,GIANTX,omen,True,,,2,1,2,1,False,ara,GIANTX,raze,True,,,0,0,1,0,False,Cloud,GIANTX,fade,True,,,2,1,1,0,False,Flickless,GIANTX,viper,True,,,1,1,0,1,False,westside,GIANTX,cypher,True,,,0,1,1,3,False
1779.077,7618,PREROUND,14,3,10,,,,MiniBoo,Team Heretics,raze,True,,,0,0,1,1,False,RieNs,Team Heretics,fade,True,,,0,0,1,1,False,Boo,Team Heretics,omen,True,,,2,1,2,1,False,benjyfishy,Team Heretics,deadlock,True,,,0,0,1,1,False,Wo0t,Team Heretics,chamber,True,,,0,3,1,1,False,grubinho,GIANTX,omen,True,,,2,1,2,1,False,ara,GIANTX,raze,True,,,0,0,1,0,False,Cloud,GIANTX,fade,True,,,2,1,1,0,False,Flickless,GIANTX,viper,True,,,1,1,0,1,False,westside,GIANTX,cypher,True,,,0,1,1,3,False
1779.311,7619,PREROUND,14,3,10,,,,MiniBoo,Team Heretics,raze,True,,,0,0,1,1,False,RieNs,Team Heretics,fade,True,,,0,0,1,1,False,Boo,Team Heretics,omen,True,,,2,1,2,1,False,benjyfishy,Team Heretics,deadlock,True,,,0,0,1,1,False,Wo0t,Team Heretics,chamber,True,,,0,3,1,1,False,grubinho,GIANTX,omen,True,,,2,1,2,1,False,ara,GIANTX,raze,True,,,0,0,1,0,False,Cloud,GIANTX,fade,True,,,2,1,1,0,False,Flickless,GIANTX,viper,True,,,1,1,0,1,False,westside,GIANTX,cypher,True,,,0,1,1,3,False
1779.544,7620,PREROUND,14,3,10,,,,MiniBoo,Team Heretics,raze,True,,,0,0,1,1,False,RieNs,Team Heretics,fade,True,,,0,0,1,1,False,Boo,Team Heretics,omen,True,,,2,1,2,1,False,benjyfishy,Team Heretics,deadlock,True,,,0,0,1,1,False,Wo0t,Team Heretics,chamber,True,,,0,3,1,1,False,grubinho,GIANTX,omen,True,,,2,1,2,1,False,ara,GIANTX,raze,True,,,0,0,1,0,False,Cloud,GIANTX,fade,True,,,2,1,1,0,False,Flickless,GIANTX,viper,True,,,1,1,0,1,False,westside,GIANTX,cypher,True,,,0,1,1,3,False
1779.778,7621,PREROUND,14,3,10,,,,MiniBoo,Team Heretics,raze,True,,,0,0,1,1,False,RieNs,Team Heretics,fade,True,,,0,0,1,1,False,Boo,Team Heretics,omen,True,,,2,1,2,1,False,benjyfishy,Team Heretics,deadlock,True,,,0,0,1,1,False,Wo0t,Team Heretics,chamber,True,,,0,3,1,1,False,grubinho,GIANTX,omen,True,,,2,1,2,1,False,ara,GIANTX,raze,True,,,0,0,1,0,False,Cloud,GIANTX,fade,True,,,2,1,1,0,False,Flickless,GIANTX,viper,True,,,1,1,0,1,False,westside,GIANTX,cypher,True,,,0,1,1,3,False
1780.012,7622,PREROUND,14,3,10,,,,MiniBoo,Team Heretics,raze,True,,,0,0,1,1,False,RieNs,Team Heretics,fade,True,,,0,0,1,1,False,Boo,Team Heretics,omen,True,,,2,1,2,1,False,benjyfishy,Team Heretics,deadlock,True,,,0,0,1,1,False,Wo0t,Team Heretics,chamber,True,,,0,3,1,1,False,grubinho,GIANTX,omen,True,,,2,1,2,1,False,ara,GIANTX,raze,True,,,0,0,1,0,False,Cloud,GIANTX,fade,True,,,2,1,1,0,False,Flickless,GIANTX,viper,True,,,1,1,0,1,False,westside,GIANTX,cypher,True,,,0,1,1,3,False
1780.245,7623,PREROUND,14,3,10,,,,MiniBoo,Team Heretics,raze,True,,,0,0,1,1,False,RieNs,Team Heretics,fade,True,,,0,0,1,1,False,Boo,Team Heretics,omen,True,,,2,1,2,1,False,benjyfishy,Team Heretics,deadlock,True,,,0,0,1,1,False,Wo0t,Team Heretics,chamber,True,,,0,3,1,1,False,grubinho,GIANTX,omen,True,,,2,1,2,1,False,ara,GIANTX,raze,True,,,0,0,1,0,False,Cloud,GIANTX,fade,True,,,2,1,1,0,False,Flickless,GIANTX,viper,True,,,1,1,0,1,False,westside,GIANTX,cypher,True,,,0,1,1,3,False
1780.479,7624,PREROUND,14,3,10,,,,MiniBoo,Team Heretics,raze,True,,,0,0,1,1,False,RieNs,Team Heretics,fade,True,,,0,0,1,1,False,Boo,Team Heretics,omen,True,,,2,1,2,1,False,benjyfishy,Team Heretics,deadlock,True,,,0,0,1,1,False,Wo0t,Team Heretics,chamber,True,,,0,3,1,1,False,grubinho,GIANTX,omen,True,,,2,1,2,1,False,ara,GIANTX,raze,True,,,0,0,1,0,False,Cloud,GIANTX,fade,True,,,2,1,1,0,False,Flickless,GIANTX,viper,True,,,1,1,0,1,False,westside,GIANTX,cypher,True,,,0,1,1,3,False
1780.712,7625,PREROUND,14,3,10,,,,MiniBoo,Team Heretics,raze,True,,,0,0,1,1,False,RieNs,Team Heretics,fade,True,,,0,0,1,1,False,Boo,Team Heretics,omen,True,,,2,1,2,1,False,benjyfishy,Team Heretics,deadlock,True,,,0,0,1,1,False,Wo0t,Team Heretics,chamber,True,,,0,3,1,1,False,grubinho,GIANTX,omen,True,,,2,1,2,1,False,ara,GIANTX,raze,True,,,0,0,1,0,False,Cloud,GIANTX,fade,True,,,2,1,1,0,False,Flickless,GIANTX,viper,True,,,1,1,0,1,False,westside,GIANTX,cypher,True,,,0,1,1,3,False
1780.946,7626,PREROUND,14,3,10,,,,MiniBoo,Team Heretics,raze,True,,,0,0,1,1,False,RieNs,Team Heretics,fade,True,,,0,0,1,1,False,Boo,Team Heretics,omen,True,,,2,1,2,1,False,benjyfishy,Team Heretics,deadlock,True,,,0,0,1,1,False,Wo0t,Team Heretics,chamber,True,,,0,3,1,1,False,grubinho,GIANTX,omen,True,,,2,1,2,1,False,ara,GIANTX,raze,True,,,0,0,1,0,False,Cloud,GIANTX,fade,True,,,2,1,1,0,False,Flickless,GIANTX,viper,True,,,1,1,0,1,False,westside,GIANTX,cypher,True,,,0,1,1,3,False
1781.179,7627,PREROUND,14,3,10,,,,MiniBoo,Team Heretics,raze,True,,,0,0,1,1,False,RieNs,Team Heretics,fade,True,,,0,0,1,1,False,Boo,Team Heretics,omen,True,,,2,1,2,1,False,benjyfishy,Team Heretics,deadlock,True,,,0,0,1,1,False,Wo0t,Team Heretics,chamber,True,,,0,3,1,1,False,grubinho,GIANTX,omen,True,,,2,1,2,1,False,ara,GIANTX,raze,True,,,0,0,1,0,False,Cloud,GIANTX,fade,True,,,2,1,1,0,False,Flickless,GIANTX,viper,True,,,1,1,0,1,False,westside,GIANTX,cypher,True,,,0,1,1,3,False
1781.413,7628,PREROUND,14,3,10,,,,MiniBoo,Team Heretics,raze,True,,,0,0,1,1,False,RieNs,Team Heretics,fade,True,,,0,0,1,1,False,Boo,Team Heretics,omen,True,,,2,1,2,1,False,benjyfishy,Team Heretics,deadlock,True,,,0,0,1,1,False,Wo0t,Team Heretics,chamber,True,,,0,3,1,1,False,grubinho,GIANTX,omen,True,,,2,1,2,1,False,ara,GIANTX,raze,True,,,0,0,1,0,False,Cloud,GIANTX,fade,True,,,2,1,1,0,False,Flickless,GIANTX,viper,True,,,1,1,0,1,False,westside,GIANTX,cypher,True,,,0,1,1,3,False
1781.647,7629,PREROUND,14,3,10,,,,MiniBoo,Team Heretics,raze,True,,,0,0,1,1,False,RieNs,Team Heretics,fade,True,,,0,0,1,1,False,Boo,Team Heretics,omen,True,,,2,1,2,1,False,benjyfishy,Team Heretics,deadlock,True,,,0,0,1,1,False,Wo0t,Team Heretics,chamber,True,,,0,3,1,1,False,grubinho,GIANTX,omen,True,,,2,1,2,1,False,ara,GIANTX,raze,True,,,0,0,1,0,False,Cloud,GIANTX,fade,True,,,2,1,1,0,False,Flickless,GIANTX,viper,True,,,1,1,0,1,False,westside,GIANTX,cypher,True,,,0,1,1,3,False
1781.880,7630,PREROUND,14,3,10,,,,MiniBoo,Team Heretics,raze,True,,,0,0,1,1,False,RieNs,Team Heretics,fade,True,,,0,0,1,1,False,Boo,Team Heretics,omen,True,,,2,1,2,1,False,benjyfishy,Team Heretics,deadlock,True,,,0,0,1,1,False,Wo0t,Team Heretics,chamber,True,,,0,3,1,1,False,grubinho,GIANTX,omen,True,,,2,1,2,1,False,ara,GIANTX,raze,True,,,0,0,1,0,False,Cloud,GIANTX,fade,True,,,2,1,1,0,False,Flickless,GIANTX,viper,True,,,1,1,0,1,False,westside,GIANTX,cypher,True,,,0,1,1,3,False
1782.114,7631,ACTIVE_ROUND,14,3,10,99.000,,,MiniBoo,Team Heretics,raze,True,,,0,0,1,1,False,RieNs,Team Heretics,fade,True,,,0,0,1,1,False,Boo,Team Heretics,omen,True,,,2,1,2,1,False,benjyfishy,Team Heretics,deadlock,True,,,0,0,1,1,False,Wo0t,Team Heretics,chamber,True,,,0,3,1,1,False,grubinho,GIANTX,omen,True,,,2,1,2,1,False,ara,GIANTX,raze,True,,,0,0,1,0,False,Cloud,GIANTX,fade,True,,,2,1,1,0,False,Flickless,GIANTX,viper,True,,,1,1,0,1,False,westside,GIANTX,cypher,True,,,0,1,1,3,False
1782.347,7632,ACTIVE_ROUND,14,3,10,99.000,,,MiniBoo,Team Heretics,raze,True,100,,0,0,1,1,False,RieNs,Team Heretics,fade,True,100,,0,0,1,2,False,Boo,Team Heretics,omen,True,100,,2,1,2,2,False,benjyfishy,Team Heretics,deadlock,True,100,,0,0,1,1,False,Wo0t,Team Heretics,chamber,True,100,25,0,3,1,1,False,grubinho,GIANTX,omen,True,10,25,2,1,2,1,False,ara,GIANTX,raze,True,10,25,0,0,1,0,False,Cloud,GIANTX,fade,True,10,25,2,1,1,1,False,Flickless,GIANTX,viper,True,10,25,1,1,0,0,False,westside,GIANTX,cypher,True,10,50,0,1,1,0,False
1782.581,7633,ACTIVE_ROUND,14,3,10,99.000,,,MiniBoo,Team Heretics,raze,True,100,,0,0,1,1,False,RieNs,Team Heretics,fade,True,100,,0,0,1,1,False,Boo,Team Heretics,omen,True,100,,2,1,2,1,False,benjyfishy,Team Heretics,deadlock,True,100,,0,0,1,1,False,Wo0t,Team Heretics,chamber,True,100,25,0,3,1,1,False,grubinho,GIANTX,omen,True,100,25,2,1,2,1,False,ara,GIANTX,raze,True,100,25,0,0,1,0,False,Cloud,GIANTX,fade,True,100,25,2,1,1,0,False,Flickless,GIANTX,viper,True,100,25,1,1,0,1,False,westside,GIANTX,cypher,True,100,50,0,1,1,3,False
1782.814,7634,ACTIVE_ROUND,14,3,10,99.000,,,MiniBoo,Team Heretics,raze,True,100,,0,0,1,1,False,RieNs,Team Heretics,fade,True,100,,0,0,1,1,False,Boo,Team Heretics,omen,True,100,,2,1,2,1,False,benjyfishy,Team Heretics,deadlock,True,100,,0,0,1,1,False,Wo0t,Team Heretics,chamber,True,100,25,0,3,1,1,False,grubinho,GIANTX,omen,True,100,25,2,1,2,1,False,ara,GIANTX,raze,True,100,25,0,0,1,0,False,Cloud,GIANTX,fade,True,100,25,2,1,1,0,False,Flickless,GIANTX,viper,True,100,25,1,1,0,1,False,westside,GIANTX,cypher,True,100,50,0,1,1,3,False
1783.048,7635,ACTIVE_ROUND,14,3,10,98.000,,,MiniBoo,Team Heretics,raze,True,100,,0,0,1,1,False,RieNs,Team Heretics,fade,True,100,,0,0,1,1,False,Boo,Team Heretics,omen,True,100,,2,1,2,1,False,benjyfishy,Team Heretics,deadlock,True,100,,0,0,1,1,False,Wo0t,Team Heretics,chamber,True,100,25,0,3,1,1,False,grubinho,GIANTX,omen,True,100,25,2,1,2,1,False,ara,GIANTX,raze,True,100,25,0,0,1,0,False,Cloud,GIANTX,fade,True,100,25,2,1,1,0,False,Flickless,GIANTX,viper,True,100,25,1,1,0,1,False,westside,GIANTX,cypher,True,100,50,0,1,1,3,False
1783.282,7636,ACTIVE_ROUND,14,3,10,98.000,,,MiniBoo,Team Heretics,raze,True,100,,0,0,1,1,False,RieNs,Team Heretics,fade,True,100,,0,0,1,1,False,Boo,Team Heretics,omen,True,100,,2,1,1,1,False,benjyfishy,Team Heretics,deadlock,True,100,,0,0,1,1,False,Wo0t,Team Heretics,chamber,True,100,25,0,3,1,1,False,grubinho,GIANTX,omen,True,100,25,2,1,1,1,False,ara,GIANTX,raze,True,100,25,0,0,1,0,False,Cloud,GIANTX,fade,True,100,25,2,1,1,0,False,Flickless,GIANTX,viper,True,100,25,1,0,0,1,False,westside,GIANTX,cypher,True,100,50,0,1,1,3,False
1783.515,7637,ACTIVE_ROUND,14,3,10,98.000,,,MiniBoo,Team Heretics,raze,True,100,,0,0,1,1,False,RieNs,Team Heretics,fade,True,100,,0,0,1,1,False,Boo,Team Heretics,omen,True,100,,2,1,1,1,False,benjyfishy,Team Heretics,deadlock,True,100,,0,0,1,1,False,Wo0t,Team Heretics,chamber,True,100,25,0,3,1,1,False,grubinho,GIANTX,omen,True,100,25,2,1,1,1,False,ara,GIANTX,raze,True,100,25,0,0,1,0,False,Cloud,GIANTX,fade,True,100,25,2,1,1,0,False,Flickless,GIANTX,viper,True,100,25,1,0,0,1,False,westside,GIANTX,cypher,True,100,50,0,1,1,3,False
1783.749,7638,ACTIVE_ROUND,14,3,10,98.000,,,MiniBoo,Team Heretics,raze,True,100,,0,0,1,1,False,RieNs,Team Heretics,fade,True,100,,0,0,1,1,False,Boo,Team Heretics,omen,True,100,,2,1,1,1,False,benjyfishy,Team Heretics,deadlock,True,100,,0,0,1,1,False,Wo0t,Team Heretics,chamber,True,100,25,0,3,1,1,False,grubinho,GIANTX,omen,True,100,25,2,1,1,1,False,ara,GIANTX,raze,True,100,25,0,0,1,0,False,Cloud,GIANTX,fade,True,100,25,2,1,1,0,False,Flickless,GIANTX,viper,True,100,25,1,0,0,1,False,westside,GIANTX,cypher,True,100,50,0,1,1,3,False
1783.982,7639,ACTIVE_ROUND,14,3,10,97.000,,,MiniBoo,Team Heretics,raze,True,100,,0,0,1,1,False,RieNs,Team Heretics,fade,True,100,,0,0,1,1,False,Boo,Team Heretics,omen,True,100,,2,1,1,1,False,benjyfishy,Team Heretics,deadlock,True,100,,0,0,1,1,False,Wo0t,Team Heretics,chamber,True,100,25,0,3,1,1,False,grubinho,GIANTX,omen,True,100,25,2,1,1,1,False,ara,GIANTX,raze,True,100,25,0,0,1,0,False,Cloud,GIANTX,fade,True,100,25,2,1,1,0,False,Flickless,GIANTX,viper,True,100,25,1,0,0,1,False,westside,GIANTX,cypher,True,100,50,0,1,1,3,False
1784.216,7640,ACTIVE_ROUND,14,3,10,97.000,,,MiniBoo,Team Heretics,raze,True,100,,0,0,0,1,False,RieNs,Team Heretics,fade,True,100,,0,0,1,1,False,Boo,Team Heretics,omen,True,100,,2,1,1,1,False,benjyfishy,Team Heretics,deadlock,True,100,,0,0,0,1,False,Wo0t,Team Heretics,chamber,True,100,25,0,3,1,1,False,grubinho,GIANTX,omen,True,100,25,2,1,1,1,False,ara,GIANTX,raze,True,100,25,0,0,1,0,False,Cloud,GIANTX,fade,True,100,25,2,1,1,0,False,Flickless,GIANTX,viper,True,100,25,1,0,0,1,False,westside,GIANTX,cypher,True,100,50,0,1,0,3,False
1784.449,7641,ACTIVE_ROUND,14,3,10,97.000,,,MiniBoo,Team Heretics,raze,True,100,,0,0,0,1,False,RieNs,Team Heretics,fade,True,100,,0,0,1,1,False,Boo,Team Heretics,omen,True,100,,2,1,1,1,False,benjyfishy,Team Heretics,deadlock,True,100,,0,0,0,1,False,Wo0t,Team Heretics,chamber,True,100,25,0,3,1,1,False,grubinho,GIANTX,omen,True,100,25,2,1,1,1,False,ara,GIANTX,raze,True,100,25,0,0,1,0,False,Cloud,GIANTX,fade,True,100,25,2,1,1,0,False,Flickless,GIANTX,viper,True,100,25,1,0,0,1,False,westside,GIANTX,cypher,True,100,50,0,1,0,3,False
1784.683,7642,ACTIVE_ROUND,14,3,10,97.000,,,MiniBoo,Team Heretics,raze,True,100,,0,0,0,1,False,RieNs,Team Heretics,fade,True,100,,0,0,1,1,False,Boo,Team Heretics,omen,True,100,,2,1,1,1,False,benjyfishy,Team Heretics,deadlock,True,100,,0,0,0,1,False,Wo0t,Team Heretics,chamber,True,100,25,0,3,1,1,False,grubinho,GIANTX,omen,True,100,25,2,1,1,1,False,ara,GIANTX,raze,True,100,25,0,0,1,0,False,Cloud,GIANTX,fade,True,100,25,2,1,1,0,False,Flickless,GIANTX,viper,True,100,25,1,0,0,1,False,westside,GIANTX,cypher,True,100,50,0,1,0,3,False
1784.916,7643,ACTIVE_ROUND,14,3,10,97.000,,,MiniBoo,Team Heretics,raze,True,100,,0,0,0,1,False,RieNs,Team Heretics,fade,True,100,,0,0,1,1,False,Boo,Team Heretics,omen,True,100,,2,1,1,1,False,benjyfishy,Team Heretics,deadlock,True,100,,0,0,0,1,False,Wo0t,Team Heretics,chamber,True,100,25,0,3,1,1,False,grubinho,GIANTX,omen,True,100,25,2,1,1,1,False,ara,GIANTX,raze,True,100,25,0,0,1,0,False,Cloud,GIANTX,fade,True,100,25,2,1,1,0,False,Flickless,GIANTX,viper,True,100,25,1,0,0,1,False,westside,GIANTX,cypher,True,100,50,0,1,0,3,False
1785.150,7644,ACTIVE_ROUND,14,3,10,96.000,,,MiniBoo,Team Heretics,raze,True,100,,0,0,0,1,False,RieNs,Team Heretics,fade,True,100,,0,0,1,1,False,Boo,Team Heretics,omen,True,100,,1,1,1,1,False,benjyfishy,Team Heretics,deadlock,True,100,,0,0,0,1,False,Wo0t,Team Heretics,chamber,True,100,25,0,3,1,1,False,grubinho,GIANTX,omen,True,100,25,2,1,1,1,False,ara,GIANTX,raze,True,100,25,0,0,1,0,False,Cloud,GIANTX,fade,True,100,25,2,1,1,0,False,Flickless,GIANTX,viper,True,100,25,1,0,0,1,False,westside,GIANTX,cypher,True,100,50,0,1,0,3,False
1785.384,7645,ACTIVE_ROUND,14,3,10,96.000,,,MiniBoo,Team Heretics,raze,True,100,,0,0,0,1,False,RieNs,Team Heretics,fade,True,100,,0,0,1,1,False,Boo,Team Heretics,omen,True,100,,1,1,1,1,False,benjyfishy,Team Heretics,deadlock,True,100,,0,0,0,1,False,Wo0t,Team Heretics,chamber,True,100,25,0,3,1,1,False,grubinho,GIANTX,omen,True,100,25,2,1,1,1,False,ara,GIANTX,raze,True,100,25,0,0,1,0,False,Cloud,GIANTX,fade,True,100,25,2,1,1,0,False,Flickless,GIANTX,viper,True,100,25,1,0,0,1,False,westside,GIANTX,cypher,True,100,50,0,1,0,3,False
1785.617,7646,ACTIVE_ROUND,14,3,10,96.000,,,MiniBoo,Team Heretics,raze,True,100,,0,0,0,1,False,RieNs,Team Heretics,fade,True,100,,0,0,1,1,False,Boo,Team Heretics,omen,True,100,,1,1,1,1,False,benjyfishy,Team Heretics,deadlock,True,100,,0,0,0,1,False,Wo0t,Team Heretics,chamber,True,100,25,0,3,1,1,False,grubinho,GIANTX,omen,True,100,25,2,1,1,1,False,ara,GIANTX,raze,True,100,25,0,0,1,0,False,Cloud,GIANTX,fade,True,100,25,2,1,1,0,False,Flickless,GIANTX,viper,True,100,25,1,0,0,1,False,westside,GIANTX,cypher,True,100,50,0,1,0,3,False
1785.851,7647,ACTIVE_ROUND,14,3,10,96.000,,,MiniBoo,Team Heretics,raze,True,100,,0,0,0,1,False,RieNs,Team Heretics,fade,True,100,,0,0,1,1,False,Boo,Team Heretics,omen,True,100,,1,1,1,1,False,benjyfishy,Team Heretics,deadlock,True,100,,0,0,0,1,False,Wo0t,Team Heretics,chamber,True,100,25,0,3,1,1,False,grubinho,GIANTX,omen,True,100,25,2,1,1,1,False,ara,GIANTX,raze,True,100,25,0,0,1,0,False,Cloud,GIANTX,fade,True,100,25,2,1,1,0,False,Flickless,GIANTX,viper,True,100,25,1,0,0,1,False,westside,GIANTX,cypher,True,100,50,0,1,0,3,False
1786.084,7648,ACTIVE_ROUND,14,3,10,95.000,,,MiniBoo,Team Heretics,raze,True,100,,0,0,0,1,False,RieNs,Team Heretics,fade,True,100,,0,0,1,1,False,Boo,Team Heretics,omen,True,100,,1,1,1,1,False,benjyfishy,Team Heretics,deadlock,True,100,,0,0,0,1,False,Wo0t,Team Heretics,chamber,True,100,25,0,3,1,1,False,grubinho,GIANTX,omen,True,100,25,2,1,1,1,False,ara,GIANTX,raze,True,100,25,0,0,1,0,False,Cloud,GIANTX,fade,True,100,25,2,1,1,0,False,Flickless,GIANTX,viper,True,100,25,1,0,0,1,False,westside,GIANTX,cypher,True,100,50,0,1,0,3,False
1786.318,7649,ACTIVE_ROUND,14,3,10,95.000,,,MiniBoo,Team Heretics,raze,True,100,,0,0,0,1,False,RieNs,Team Heretics,fade,True,100,,0,0,1,1,False,Boo,Team Heretics,omen,True,100,,1,1,1,1,False,benjyfishy,Team Heretics,deadlock,True,100,,0,0,0,1,False,Wo0t,Team Heretics,chamber,True,100,25,0,3,1,1,False,grubinho,GIANTX,omen,True,100,25,2,1,1,1,False,ara,GIANTX,raze,True,100,25,0,0,1,0,False,Cloud,GIANTX,fade,True,100,25,2,1,1,0,False,Flickless,GIANTX,viper,True,100,25,1,0,0,1,False,westside,GIANTX,cypher,True,100,50,0,1,0,3,False
1786.551,7650,ACTIVE_ROUND,14,3,10,95.000,,,MiniBoo,Team Heretics,raze,True,100,,0,0,0,1,False,RieNs,Team Heretics,fade,True,100,,0,0,1,1,False,Boo,Team Heretics,omen,True,100,,1,1,1,1,False,benjyfishy,Team Heretics,deadlock,True,100,,0,0,0,1,False,Wo0t,Team Heretics,chamber,True,100,25,0,3,1,1,False,grubinho,GIANTX,omen,True,100,25,2,1,1,1,False,ara,GIANTX,raze,True,100,25,0,0,1,0,False,Cloud,GIANTX,fade,True,100,25,2,1,1,0,False,Flickless,GIANTX,viper,True,100,25,1,0,0,1,False,westside,GIANTX,cypher,True,100,50,0,1,0,3,False
1786.785,7651,ACTIVE_ROUND,14,3,10,95.000,,,MiniBoo,Team Heretics,raze,True,100,,0,0,0,1,False,RieNs,Team Heretics,fade,True,100,,0,0,1,1,False,Boo,Team Heretics,omen,True,100,,1,1,1,1,False,benjyfishy,Team Heretics,deadlock,True,100,,0,0,0,1,False,Wo0t,Team Heretics,chamber,True,100,25,0,3,1,1,False,grubinho,GIANTX,omen,True,100,25,2,1,1,1,False,ara,GIANTX,raze,True,100,25,0,0,1,0,False,Cloud,GIANTX,fade,True,100,25,2,1,1,0,False,Flickless,GIANTX,viper,True,100,25,1,0,0,1,False,westside,GIANTX,cypher,True,100,50,0,1,0,3,False
1787.019,7652,ACTIVE_ROUND,14,3,10,94.000,,,MiniBoo,Team Heretics,raze,True,100,,0,0,0,1,False,RieNs,Team Heretics,fade,True,100,,0,0,1,1,False,Boo,Team Heretics,omen,True,100,,1,1,1,1,False,benjyfishy,Team Heretics,deadlock,True,100,,0,0,0,1,False,Wo0t,Team Heretics,chamber,True,100,25,0,3,1,1,False,grubinho,GIANTX,omen,True,100,25,2,1,1,1,False,ara,GIANTX,raze,True,100,25,0,0,1,0,False,Cloud,GIANTX,fade,True,100,25,2,1,1,0,False,Flickless,GIANTX,viper,True,100,25,1,0,0,1,False,westside,GIANTX,cypher,True,100,50,0,1,0,3,False
1787.252,7653,ACTIVE_ROUND,14,3,10,94.000,,,MiniBoo,Team Heretics,raze,True,100,,0,0,0,1,False,RieNs,Team Heretics,fade,True,100,,0,0,1,1,False,Boo,Team Heretics,omen,True,100,,1,1,1,1,False,benjyfishy,Team Heretics,deadlock,True,100,,0,0,0,1,False,Wo0t,Team Heretics,chamber,True,100,25,0,3,1,1,False,grubinho,GIANTX,omen,True,100,25,2,1,1,1,False,ara,GIANTX,raze,True,100,25,0,0,1,0,False,Cloud,GIANTX,fade,True,100,25,2,1,1,0,False,Flickless,GIANTX,viper,True,100,25,1,0,0,1,False,westside,GIANTX,cypher,True,100,50,0,1,0,3,False
1787.486,7654,ACTIVE_ROUND,14,3,10,94.000,,,MiniBoo,Team Heretics,raze,True,100,,0,0,0,1,False,RieNs,Team Heretics,fade,True,100,,0,0,1,1,False,Boo,Team Heretics,omen,True,100,,1,1,1,1,False,benjyfishy,Team Heretics,deadlock,True,100,,0,0,0,1,False,Wo0t,Team Heretics,chamber,True,100,25,0,3,1,1,False,grubinho,GIANTX,omen,True,100,25,2,1,1,1,False,ara,GIANTX,raze,True,100,25,0,0,1,0,False,Cloud,GIANTX,fade,True,100,25,2,1,1,0,False,Flickless,GIANTX,viper,True,100,25,1,0,0,1,False,westside,GIANTX,cypher,True,100,50,0,1,0,3,False
1787.719,7655,ACTIVE_ROUND,14,3,10,94.000,,,MiniBoo,Team Heretics,raze,True,100,,0,0,0,1,False,RieNs,Team Heretics,fade,True,100,,0,0,1,1,False,Boo,Team Heretics,omen,True,100,,1,1,1,1,False,benjyfishy,Team Heretics,deadlock,True,100,,0,0,0,1,False,Wo0t,Team Heretics,chamber,True,100,25,0,3,1,1,False,grubinho,GIANTX,omen,True,100,25,2,1,1,1,False,ara,GIANTX,raze,True,100,25,0,0,1,0,False,Cloud,GIANTX,fade,True,100,25,2,1,1,0,False,Flickless,GIANTX,viper,True,100,25,1,0,0,1,False,westside,GIANTX,cypher,True,100,50,0,1,0,3,False
1787.953,7656,ACTIVE_ROUND,14,3,10,94.000,,,MiniBoo,Team Heretics,raze,True,100,,0,0,0,1,False,RieNs,Team Heretics,fade,True,100,,0,0,1,1,False,Boo,Team Heretics,omen,True,100,,1,1,1,1,False,benjyfishy,Team Heretics,deadlock,True,100,,0,0,0,1,False,Wo0t,Team Heretics,chamber,True,100,25,0,3,1,1,False,grubinho,GIANTX,omen,True,100,25,2,1,1,1,False,ara,GIANTX,raze,True,100,25,0,0,1,0,False,Cloud,GIANTX,fade,True,100,25,2,1,1,0,False,Flickless,GIANTX,viper,True,100,25,1,0,0,1,False,westside,GIANTX,cypher,True,100,50,0,1,0,3,False
1788.186,7657,ACTIVE_ROUND,14,3,10,93.000,,,MiniBoo,Team Heretics,raze,True,100,,0,0,0,1,False,RieNs,Team Heretics,fade,True,100,,0,0,1,1,False,Boo,Team Heretics,omen,True,100,,1,1,1,1,False,benjyfishy,Team Heretics,deadlock,True,100,,0,0,0,1,False,Wo0t,Team Heretics,chamber,True,100,25,0,3,1,1,False,grubinho,GIANTX,omen,True,100,25,2,1,1,1,False,ara,GIANTX,raze,True,100,25,0,0,1,0,False,Cloud,GIANTX,fade,True,100,25,2,1,1,0,False,Flickless,GIANTX,viper,True,100,25,1,0,0,1,False,westside,GIANTX,cypher,True,100,50,0,1,0,3,False
1788.420,7658,ACTIVE_ROUND,14,3,10,93.000,,,MiniBoo,Team Heretics,raze,True,100,,0,0,0,1,False,RieNs,Team Heretics,fade,True,100,,0,0,1,1,False,Boo,Team Heretics,omen,True,100,,1,1,1,1,False,benjyfishy,Team Heretics,deadlock,True,100,,0,0,0,1,False,Wo0t,Team Heretics,chamber,True,100,25,0,3,1,1,False,grubinho,GIANTX,omen,True,100,25,2,1,1,1,False,ara,GIANTX,raze,True,100,25,0,0,1,0,False,Cloud,GIANTX,fade,True,100,25,2,1,1,0,False,Flickless,GIANTX,viper,True,100,25,1,0,0,1,False,westside,GIANTX,cypher,True,100,50,0,1,0,3,False
1788.654,7659,ACTIVE_ROUND,14,3,10,93.000,,,MiniBoo,Team Heretics,raze,True,100,,0,0,0,1,False,RieNs,Team Heretics,fade,True,100,,0,0,1,1,False,Boo,Team Heretics,omen,True,100,,1,1,1,1,False,benjyfishy,Team Heretics,deadlock,True,100,,0,0,0,1,False,Wo0t,Team Heretics,chamber,True,100,25,0,3,1,1,False,grubinho,GIANTX,omen,True,100,25,2,1,1,1,False,ara,GIANTX,raze,True,100,25,0,0,1,0,False,Cloud,GIANTX,fade,True,100,25,2,1,1,0,False,Flickless,GIANTX,viper,True,100,25,1,0,0,1,False,westside,GIANTX,cypher,True,100,50,0,1,0,3,False
1788.887,7660,ACTIVE_ROUND,14,3,10,93.000,,,MiniBoo,Team Heretics,raze,True,100,,0,0,0,1,False,RieNs,Team Heretics,fade,True,100,,0,0,1,1,False,Boo,Team Heretics,omen,True,100,,1,1,1,1,False,benjyfishy,Team Heretics,deadlock,True,100,,0,0,0,1,False,Wo0t,Team Heretics,chamber,True,100,25,0,3,1,1,False,grubinho,GIANTX,omen,True,100,25,2,1,1,1,False,ara,GIANTX,raze,True,100,25,0,0,1,0,False,Cloud,GIANTX,fade,True,100,25,2,1,1,0,False,Flickless,GIANTX,viper,True,100,25,1,0,0,1,False,westside,GIANTX,cypher,True,100,50,0,1,0,3,False
1789.121,7661,ACTIVE_ROUND,14,3,10,92.000,,,MiniBoo,Team Heretics,raze,True,100,,0,0,0,1,False,RieNs,Team Heretics,fade,True,100,,0,0,1,1,False,Boo,Team Heretics,omen,True,100,,1,1,1,1,False,benjyfishy,Team Heretics,deadlock,True,100,,0,0,0,1,False,Wo0t,Team Heretics,chamber,True,100,25,0,3,1,1,False,grubinho,GIANTX,omen,True,100,25,2,1,1,1,False,ara,GIANTX,raze,True,100,25,0,0,1,0,False,Cloud,GIANTX,fade,True,100,25,2,1,1,0,False,Flickless,GIANTX,viper,True,100,25,1,0,0,1,False,westside,GIANTX,cypher,True,100,50,0,1,0,3,False
1789.354,7662,ACTIVE_ROUND,14,3,10,92.000,,,MiniBoo,Team Heretics,raze,True,100,,0,0,0,1,False,RieNs,Team Heretics,fade,True,100,,0,0,1,1,False,Boo,Team Heretics,omen,True,100,,1,1,1,1,False,benjyfishy,Team Heretics,deadlock,True,100,,0,0,0,1,False,Wo0t,Team Heretics,chamber,True,100,25,0,3,1,1,False,grubinho,GIANTX,omen,True,100,25,2,1,1,1,False,ara,GIANTX,raze,True,100,25,0,0,1,0,False,Cloud,GIANTX,fade,True,100,25,2,1,1,0,False,Flickless,GIANTX,viper,True,100,25,1,0,0,1,False,westside,GIANTX,cypher,True,100,50,0,1,0,3,False
1789.588,7663,ACTIVE_ROUND,14,3,10,92.000,,,MiniBoo,Team Heretics,raze,True,100,,0,0,0,1,False,RieNs,Team Heretics,fade,True,100,,0,0,1,1,False,Boo,Team Heretics,omen,True,100,,1,1,1,1,False,benjyfishy,Team Heretics,deadlock,True,100,,0,0,0,1,False,Wo0t,Team Heretics,chamber,True,100,25,0,3,1,1,False,grubinho,GIANTX,omen,True,100,25,2,1,1,1,False,ara,GIANTX,raze,True,100,25,0,0,1,0,False,Cloud,GIANTX,fade,True,100,25,2,1,1,0,False,Flickless,GIANTX,viper,True,100,25,1,0,0,1,False,westside,GIANTX,cypher,True,100,50,0,1,0,3,False
1789.821,7664,ACTIVE_ROUND,14,3,10,92.000,,,MiniBoo,Team Heretics,raze,True,100,,0,0,0,1,False,RieNs,Team Heretics,fade,True,100,,0,0,1,1,False,Boo,Team Heretics,omen,True,100,,1,1,1,1,False,benjyfishy,Team Heretics,deadlock,True,100,,0,0,0,1,False,Wo0t,Team Heretics,chamber,True,100,25,0,3,1,1,False,grubinho,GIANTX,omen,True,100,25,2,1,1,1,False,ara,GIANTX,raze,True,100,25,0,0,1,0,False,Cloud,GIANTX,fade,True,100,25,2,1,1,0,False,Flickless,GIANTX,viper,True,100,25,1,0,0,1,False,westside,GIANTX,cypher,True,100,50,0,1,0,3,False
1790.055,7665,ACTIVE_ROUND,14,3,10,91.000,,,MiniBoo,Team Heretics,raze,True,100,,0,0,0,1,False,RieNs,Team Heretics,fade,True,100,,0,0,1,1,False,Boo,Team Heretics,omen,True,100,,1,1,1,1,False,benjyfishy,Team Heretics,deadlock,True,100,,0,0,0,1,False,Wo0t,Team Heretics,chamber,True,100,25,0,3,1,1,False,grubinho,GIANTX,omen,True,100,25,2,1,1,1,False,ara,GIANTX,raze,True,100,25,0,0,1,0,False,Cloud,GIANTX,fade,True,100,25,2,1,1,0,False,Flickless,GIANTX,viper,True,100,25,1,0,0,1,False,westside,GIANTX,cypher,True,100,50,0,1,0,3,False
1790.289,7666,ACTIVE_ROUND,14,3,10,91.000,,,MiniBoo,Team Heretics,raze,True,100,,0,0,0,1,False,RieNs,Team Heretics,fade,True,100,,0,0,1,1,False,Boo,Team Heretics,omen,True,100,,1,1,1,1,False,benjyfishy,Team Heretics,deadlock,True,100,,0,0,0,1,False,Wo0t,Team Heretics,chamber,True,100,25,0,3,1,1,False,grubinho,GIANTX,omen,True,100,25,2,1,1,1,False,ara,GIANTX,raze,True,100,25,0,0,1,0,False,Cloud,GIANTX,fade,True,100,25,2,1,1,0,False,Flickless,GIANTX,viper,True,100,25,1,0,0,1,False,westside,GIANTX,cypher,True,100,50,0,1,0,3,False
1790.522,7667,ACTIVE_ROUND,14,3,10,91.000,,,MiniBoo,Team Heretics,raze,True,100,,0,0,0,1,False,RieNs,Team Heretics,fade,True,100,,0,0,1,1,False,Boo,Team Heretics,omen,True,100,,1,1,1,1,False,benjyfishy,Team Heretics,deadlock,True,100,,0,0,0,1,False,Wo0t,Team Heretics,chamber,True,100,25,0,3,1,1,False,grubinho,GIANTX,omen,True,100,25,2,1,1,1,False,ara,GIANTX,raze,True,100,25,0,0,1,0,False,Cloud,GIANTX,fade,True,100,25,2,1,1,0,False,Flickless,GIANTX,viper,True,100,25,1,0,0,1,False,westside,GIANTX,cypher,True,100,50,0,1,0,3,False
1790.756,7668,ACTIVE_ROUND,14,3,10,91.000,,,MiniBoo,Team Heretics,raze,True,100,,0,0,0,1,False,RieNs,Team Heretics,fade,True,100,,0,0,1,1,False,Boo,Team Heretics,omen,True,100,,1,1,1,1,False,benjyfishy,Team Heretics,deadlock,True,100,,0,0,0,1,False,Wo0t,Team Heretics,chamber,True,100,25,0,3,1,1,False,grubinho,GIANTX,omen,True,100,25,2,1,1,1,False,ara,GIANTX,raze,True,100,25,0,0,1,0,False,Cloud,GIANTX,fade,True,100,25,2,1,1,0,False,Flickless,GIANTX,viper,True,100,25,1,0,0,1,False,westside,GIANTX,cypher,True,100,50,0,1,0,3,False
1790.989,7669,ACTIVE_ROUND,14,3,10,90.000,,,MiniBoo,Team Heretics,raze,True,100,,0,0,0,1,False,RieNs,Team Heretics,fade,True,100,,0,0,1,1,False,Boo,Team Heretics,omen,True,100,,1,1,1,1,False,benjyfishy,Team Heretics,deadlock,True,100,,0,0,0,1,False,Wo0t,Team Heretics,chamber,True,100,25,0,3,1,1,False,grubinho,GIANTX,omen,True,100,25,2,1,1,1,False,ara,GIANTX,raze,True,100,25,0,0,1,0,False,Cloud,GIANTX,fade,True,100,25,2,1,1,0,False,Flickless,GIANTX,viper,True,100,25,1,0,0,1,False,westside,GIANTX,cypher,True,100,50,0,1,0,3,False
1791.223,7670,ACTIVE_ROUND,14,3,10,90.000,,,MiniBoo,Team Heretics,raze,True,100,,0,0,0,1,False,RieNs,Team Heretics,fade,True,100,,0,0,1,1,False,Boo,Team Heretics,omen,True,100,,1,1,1,1,False,benjyfishy,Team Heretics,deadlock,True,100,,0,0,0,1,False,Wo0t,Team Heretics,chamber,True,100,25,0,3,1,1,False,grubinho,GIANTX,omen,True,100,25,2,1,1,1,False,ara,GIANTX,raze,True,100,25,0,0,1,0,False,Cloud,GIANTX,fade,True,100,25,2,1,1,0,False,Flickless,GIANTX,viper,True,100,25,1,0,0,1,False,westside,GIANTX,cypher,True,100,50,0,1,0,3,False
1791.456,7671,ACTIVE_ROUND,14,3,10,90.000,,,MiniBoo,Team Heretics,raze,True,100,,0,0,0,1,False,RieNs,Team Heretics,fade,True,100,,0,0,1,1,False,Boo,Team Heretics,omen,True,100,,1,1,1,1,False,benjyfishy,Team Heretics,deadlock,True,100,,0,0,0,1,False,Wo0t,Team Heretics,chamber,True,100,25,0,3,1,1,False,grubinho,GIANTX,omen,True,100,25,2,1,1,1,False,ara,GIANTX,raze,True,100,25,0,0,1,0,False,Cloud,GIANTX,fade,True,100,25,2,1,1,0,False,Flickless,GIANTX,viper,True,100,25,1,0,0,1,False,westside,GIANTX,cypher,True,100,50,0,1,0,3,False
1791.690,7672,ACTIVE_ROUND,14,3,10,90.000,,,MiniBoo,Team Heretics,raze,True,100,,0,0,0,1,False,RieNs,Team Heretics,fade,True,100,,0,0,1,1,False,Boo,Team Heretics,omen,True,100,,1,1,1,1,False,benjyfishy,Team Heretics,deadlock,True,100,,0,0,0,1,False,Wo0t,Team Heretics,chamber,True,100,25,0,3,1,1,False,grubinho,GIANTX,omen,True,100,25,2,1,1,1,False,ara,GIANTX,raze,True,100,25,0,0,1,0,False,Cloud,GIANTX,fade,True,100,25,2,1,1,0,False,Flickless,GIANTX,viper,True,100,25,1,0,0,1,False,westside,GIANTX,cypher,True,100,50,0,1,0,3,False
1791.923,7673,ACTIVE_ROUND,14,3,10,90.000,,,MiniBoo,Team Heretics,raze,True,100,,0,0,0,1,False,RieNs,Team Heretics,fade,True,100,,0,0,1,1,False,Boo,Team Heretics,omen,True,100,,1,1,1,1,False,benjyfishy,Team Heretics,deadlock,True,100,,0,0,0,1,False,Wo0t,Team Heretics,chamber,True,100,25,0,3,1,1,False,grubinho,GIANTX,omen,True,100,25,2,1,1,1,False,ara,GIANTX,raze,True,100,25,0,0,1,0,False,Cloud,GIANTX,fade,True,100,25,2,1,1,0,False,Flickless,GIANTX,viper,True,100,25,1,0,0,1,False,westside,GIANTX,cypher,True,100,50,0,1,0,3,False
1792.157,7674,ACTIVE_ROUND,14,3,10,89.000,,,MiniBoo,Team Heretics,raze,True,100,,0,0,0,1,False,RieNs,Team Heretics,fade,True,100,,0,0,1,1,False,Boo,Team Heretics,omen,True,100,,1,1,1,1,False,benjyfishy,Team Heretics,deadlock,True,100,,0,0,0,1,False,Wo0t,Team Heretics,chamber,True,100,25,0,3,1,1,False,grubinho,GIANTX,omen,True,100,25,2,1,1,1,False,ara,GIANTX,raze,True,100,25,0,0,1,0,False,Cloud,GIANTX,fade,True,100,25,2,1,1,0,False,Flickless,GIANTX,viper,True,100,25,1,0,0,1,False,westside,GIANTX,cypher,True,100,50,0,1,0,3,False
1792.391,7675,ACTIVE_ROUND,14,3,10,89.000,,,MiniBoo,Team Heretics,raze,True,100,,0,0,0,1,False,RieNs,Team Heretics,fade,True,100,,0,0,1,1,False,Boo,Team Heretics,omen,True,100,,1,1,1,1,False,benjyfishy,Team Heretics,deadlock,True,100,,0,0,0,1,False,Wo0t,Team Heretics,chamber,True,100,25,0,3,1,1,False,grubinho,GIANTX,omen,True,100,25,2,1,1,1,False,ara,GIANTX,raze,True,100,25,0,0,1,0,False,Cloud,GIANTX,fade,True,100,25,2,1,1,0,False,Flickless,GIANTX,viper,True,100,25,1,0,0,1,False,westside,GIANTX,cypher,True,100,50,0,1,0,3,False
1792.624,7676,ACTIVE_ROUND,14,3,10,89.000,,,MiniBoo,Team Heretics,raze,True,100,,0,0,0,1,False,RieNs,Team Heretics,fade,True,100,,0,0,1,1,False,Boo,Team Heretics,omen,True,100,,1,1,1,1,False,benjyfishy,Team Heretics,deadlock,True,100,,0,0,0,1,False,Wo0t,Team Heretics,chamber,True,100,25,0,3,1,1,False,grubinho,GIANTX,omen,True,100,25,2,1,1,1,False,ara,GIANTX,raze,True,100,25,0,0,1,0,False,Cloud,GIANTX,fade,True,100,25,2,1,1,0,False,Flickless,GIANTX,viper,True,100,25,1,0,0,1,False,westside,GIANTX,cypher,True,100,50,0,1,0,3,False
1792.858,7677,ACTIVE_ROUND,14,3,10,89.000,,,MiniBoo,Team Heretics,raze,True,100,,0,0,0,1,False,RieNs,Team Heretics,fade,True,100,,0,0,1,1,False,Boo,Team Heretics,omen,True,100,,1,1,1,1,False,benjyfishy,Team Heretics,deadlock,True,100,,0,0,0,1,False,Wo0t,Team Heretics,chamber,True,100,25,0,3,1,1,False,grubinho,GIANTX,omen,True,100,25,2,1,1,1,False,ara,GIANTX,raze,True,100,25,0,0,1,0,False,Cloud,GIANTX,fade,True,100,25,2,1,1,0,False,Flickless,GIANTX,viper,True,100,25,1,0,0,1,False,westside,GIANTX,cypher,True,100,50,0,1,0,3,False
1793.091,7678,ACTIVE_ROUND,14,3,10,88.000,,,MiniBoo,Team Heretics,raze,True,100,,0,0,0,1,False,RieNs,Team Heretics,fade,True,100,,0,0,1,1,False,Boo,Team Heretics,omen,True,100,,1,1,1,1,False,benjyfishy,Team Heretics,deadlock,True,100,,0,0,0,1,False,Wo0t,Team Heretics,chamber,True,100,25,0,3,1,1,False,grubinho,GIANTX,omen,True,100,25,2,1,1,1,False,ara,GIANTX,raze,True,100,25,0,0,1,0,False,Cloud,GIANTX,fade,True,100,25,2,1,1,0,False,Flickless,GIANTX,viper,True,100,25,1,0,0,1,False,westside,GIANTX,cypher,True,100,50,0,1,0,3,False
1793.325,7679,ACTIVE_ROUND,14,3,10,88.000,,,MiniBoo,Team Heretics,raze,True,100,,0,0,0,1,False,RieNs,Team Heretics,fade,True,100,,0,0,1,1,False,Boo,Team Heretics,omen,True,100,,1,1,1,1,False,benjyfishy,Team Heretics,deadlock,True,100,,0,0,0,1,False,Wo0t,Team Heretics,chamber,True,100,25,0,3,1,1,False,grubinho,GIANTX,omen,True,100,25,2,1,1,1,False,ara,GIANTX,raze,True,100,25,0,0,1,0,False,Cloud,GIANTX,fade,True,100,25,2,1,1,0,False,Flickless,GIANTX,viper,True,100,25,1,0,0,1,False,westside,GIANTX,cypher,True,100,50,0,1,0,3,False
1793.558,7680,ACTIVE_ROUND,14,3,10,88.000,,,MiniBoo,Team Heretics,raze,True,100,,0,0,0,1,False,RieNs,Team Heretics,fade,True,100,,0,0,1,1,False,Boo,Team Heretics,omen,True,100,,1,1,1,1,False,benjyfishy,Team Heretics,deadlock,True,100,,0,0,0,1,False,Wo0t,Team Heretics,chamber,True,100,25,0,3,1,1,False,grubinho,GIANTX,omen,True,100,25,2,1,1,1,False,ara,GIANTX,raze,True,100,25,0,0,1,0,False,Cloud,GIANTX,fade,True,100,25,2,1,1,0,False,Flickless,GIANTX,viper,True,100,25,1,0,0,1,False,westside,GIANTX,cypher,True,100,50,0,1,0,3,False
1793.792,7681,ACTIVE_ROUND,14,3,10,88.000,,,MiniBoo,Team Heretics,raze,True,100,,0,0,0,1,False,RieNs,Team Heretics,fade,True,100,,0,0,1,1,False,Boo,Team Heretics,omen,True,100,,1,1,1,1,False,benjyfishy,Team Heretics,deadlock,True,100,,0,0,0,1,False,Wo0t,Team Heretics,chamber,True,100,25,0,3,1,1,False,grubinho,GIANTX,omen,True,100,25,2,1,1,1,False,ara,GIANTX,raze,True,100,25,0,0,1,0,False,Cloud,GIANTX,fade,True,100,25,2,1,1,0,False,Flickless,GIANTX,viper,True,100,25,1,0,0,1,False,westside,GIANTX,cypher,True,100,50,0,1,0,3,False
1794.026,7682,ACTIVE_ROUND,14,3,10,87.000,,,MiniBoo,Team Heretics,raze,True,100,,0,0,0,1,False,RieNs,Team Heretics,fade,True,100,,0,0,1,1,False,Boo,Team Heretics,omen,True,100,,1,1,1,1,False,benjyfishy,Team Heretics,deadlock,True,100,,0,0,0,1,False,Wo0t,Team Heretics,chamber,True,100,25,0,3,1,1,False,grubinho,GIANTX,omen,True,100,25,2,1,1,1,False,ara,GIANTX,raze,True,100,25,0,0,1,0,False,Cloud,GIANTX,fade,True,100,25,2,1,1,0,False,Flickless,GIANTX,viper,True,100,25,1,0,0,1,False,westside,GIANTX,cypher,True,100,50,0,1,0,3,False
1794.259,7683,ACTIVE_ROUND,14,3,10,87.000,,,MiniBoo,Team Heretics,raze,True,100,,0,0,0,1,False,RieNs,Team Heretics,fade,True,100,,0,0,1,1,False,Boo,Team Heretics,omen,True,100,,1,1,1,1,False,benjyfishy,Team Heretics,deadlock,True,100,,0,0,0,1,False,Wo0t,Team Heretics,chamber,True,100,25,0,3,1,1,False,grubinho,GIANTX,omen,True,100,25,2,1,1,1,False,ara,GIANTX,raze,True,100,25,0,0,1,0,False,Cloud,GIANTX,fade,True,100,25,2,1,1,0,False,Flickless,GIANTX,viper,True,100,25,1,0,0,1,False,westside,GIANTX,cypher,True,100,50,0,1,0,3,False
1794.493,7684,ACTIVE_ROUND,14,3,10,87.000,,,MiniBoo,Team Heretics,raze,True,100,,0,0,0,1,False,RieNs,Team Heretics,fade,True,100,,0,0,1,1,False,Boo,Team Heretics,omen,True,100,,1,1,1,1,False,benjyfishy,Team Heretics,deadlock,True,100,,0,0,0,1,False,Wo0t,Team Heretics,chamber,True,100,25,0,3,1,1,False,grubinho,GIANTX,omen,True,100,25,2,1,1,1,False,ara,GIANTX,raze,True,100,25,0,0,1,0,False,Cloud,GIANTX,fade,True,100,25,2,1,1,0,False,Flickless,GIANTX,viper,True,100,25,1,0,0,1,False,westside,GIANTX,cypher,True,100,50,0,1,0,3,False
1794.726,7685,ACTIVE_ROUND,14,3,10,87.000,,,MiniBoo,Team Heretics,raze,True,100,,0,0,0,1,False,RieNs,Team Heretics,fade,True,100,,0,0,1,1,False,Boo,Team Heretics,omen,True,100,,1,1,1,1,False,benjyfishy,Team Heretics,deadlock,True,100,,0,0,0,1,False,Wo0t,Team Heretics,chamber,True,100,25,0,3,1,1,False,grubinho,GIANTX,omen,True,100,25,2,1,1,1,False,ara,GIANTX,raze,True,100,25,0,0,1,0,False,Cloud,GIANTX,fade,True,100,25,2,1,1,0,False,Flickless,GIANTX,viper,True,100,25,1,0,0,1,False,westside,GIANTX,cypher,True,100,50,0,1,0,3,False
1794.960,7686,ACTIVE_ROUND,14,3,10,87.000,,,MiniBoo,Team Heretics,raze,True,100,,0,0,0,1,False,RieNs,Team Heretics,fade,True,100,,0,0,1,1,False,Boo,Team Heretics,omen,True,100,,1,1,1,1,False,benjyfishy,Team Heretics,deadlock,True,100,,0,0,0,1,False,Wo0t,Team Heretics,chamber,True,100,25,0,3,1,1,False,grubinho,GIANTX,omen,True,100,25,2,1,1,1,False,ara,GIANTX,raze,True,100,25,0,0,1,0,False,Cloud,GIANTX,fade,True,100,25,2,1,1,0,False,Flickless,GIANTX,viper,True,100,25,1,0,0,1,False,westside,GIANTX,cypher,True,100,50,0,1,0,3,False
1795.193,7687,ACTIVE_ROUND,14,3,10,86.000,,,MiniBoo,Team Heretics,raze,True,100,,0,0,0,1,False,RieNs,Team Heretics,fade,True,100,,0,0,1,1,False,Boo,Team Heretics,omen,True,100,,1,1,1,1,False,benjyfishy,Team Heretics,deadlock,True,100,,0,0,0,1,False,Wo0t,Team Heretics,chamber,True,100,25,0,3,1,1,False,grubinho,GIANTX,omen,True,100,25,2,1,1,1,False,ara,GIANTX,raze,True,100,25,0,0,1,0,False,Cloud,GIANTX,fade,True,100,25,2,1,1,0,False,Flickless,GIANTX,viper,True,100,25,1,0,0,1,False,westside,GIANTX,cypher,True,100,50,0,1,0,3,False
1795.427,7688,ACTIVE_ROUND,14,3,10,86.000,,,MiniBoo,Team Heretics,raze,True,100,,0,0,0,1,False,RieNs,Team Heretics,fade,True,100,,0,0,1,1,False,Boo,Team Heretics,omen,True,100,,1,1,1,1,False,benjyfishy,Team Heretics,deadlock,True,100,,0,0,0,1,False,Wo0t,Team Heretics,chamber,True,100,25,0,3,1,1,False,grubinho,GIANTX,omen,True,100,25,2,1,1,1,False,ara,GIANTX,raze,True,100,25,0,0,1,0,False,Cloud,GIANTX,fade,True,100,25,2,1,1,0,False,Flickless,GIANTX,viper,True,100,25,1,0,0,1,False,westside,GIANTX,cypher,True,100,50,0,1,0,3,False
1795.661,7689,ACTIVE_ROUND,14,3,10,86.000,,,MiniBoo,Team Heretics,raze,True,100,,0,0,0,1,False,RieNs,Team Heretics,fade,True,100,,0,0,1,1,False,Boo,Team Heretics,omen,True,100,,1,1,1,1,False,benjyfishy,Team Heretics,deadlock,True,100,,0,0,0,1,False,Wo0t,Team Heretics,chamber,True,100,25,0,3,1,1,False,grubinho,GIANTX,omen,True,100,25,2,1,1,1,False,ara,GIANTX,raze,True,100,25,0,0,1,0,False,Cloud,GIANTX,fade,True,100,25,2,1,1,0,False,Flickless,GIANTX,viper,True,100,25,1,0,0,1,False,westside,GIANTX,cypher,True,100,50,0,1,0,3,False
1795.894,7690,ACTIVE_ROUND,14,3,10,86.000,,,MiniBoo,Team Heretics,raze,True,100,,0,0,0,1,False,RieNs,Team Heretics,fade,True,100,,0,0,1,1,False,Boo,Team Heretics,omen,True,100,,1,1,1,1,False,benjyfishy,Team Heretics,deadlock,True,100,,0,0,0,1,False,Wo0t,Team Heretics,chamber,True,100,25,0,3,1,1,False,grubinho,GIANTX,omen,True,100,25,2,1,1,1,False,ara,GIANTX,raze,True,100,25,0,0,1,0,False,Cloud,GIANTX,fade,True,100,25,2,1,1,0,False,Flickless,GIANTX,viper,True,100,25,1,0,0,1,False,westside,GIANTX,cypher,True,100,50,0,1,0,3,False
1796.128,7691,ACTIVE_ROUND,14,3,10,85.000,,,MiniBoo,Team Heretics,raze,True,100,,0,0,0,1,False,RieNs,Team Heretics,fade,True,100,,0,0,1,1,False,Boo,Team Heretics,omen,True,100,,1,1,1,1,False,benjyfishy,Team Heretics,deadlock,True,100,,0,0,0,1,False,Wo0t,Team Heretics,chamber,True,100,25,0,3,1,1,False,grubinho,GIANTX,omen,True,100,25,2,1,1,1,False,ara,GIANTX,raze,True,100,25,0,0,1,0,False,Cloud,GIANTX,fade,True,100,25,2,1,1,0,False,Flickless,GIANTX,viper,True,100,25,1,0,0,1,False,westside,GIANTX,cypher,True,100,50,0,1,0,3,False
1796.361,7692,ACTIVE_ROUND,14,3,10,85.000,,,MiniBoo,Team Heretics,raze,True,100,,0,0,0,1,False,RieNs,Team Heretics,fade,True,100,,0,0,1,1,False,Boo,Team Heretics,omen,True,100,,1,1,1,1,False,benjyfishy,Team Heretics,deadlock,True,100,,0,0,0,1,False,Wo0t,Team Heretics,chamber,True,100,25,0,3,1,1,False,grubinho,GIANTX,omen,True,100,25,2,1,1,1,False,ara,GIANTX,raze,True,100,25,0,0,1,0,False,Cloud,GIANTX,fade,True,100,25,2,1,1,0,False,Flickless,GIANTX,viper,True,100,25,1,0,0,1,False,westside,GIANTX,cypher,True,100,50,0,1,0,3,False
1796.595,7693,ACTIVE_ROUND,14,3,10,85.000,,,MiniBoo,Team Heretics,raze,True,100,,0,0,0,1,False,RieNs,Team Heretics,fade,True,100,,0,0,1,1,False,Boo,Team Heretics,omen,True,100,,1,1,1,1,False,benjyfishy,Team Heretics,deadlock,True,100,,0,0,0,1,False,Wo0t,Team Heretics,chamber,True,100,25,0,3,1,1,False,grubinho,GIANTX,omen,True,100,25,2,1,1,1,False,ara,GIANTX,raze,True,100,25,0,0,1,0,False,Cloud,GIANTX,fade,True,100,25,2,1,1,0,False,Flickless,GIANTX,viper,True,100,25,1,0,0,1,False,westside,GIANTX,cypher,True,100,50,0,1,0,3,False
1796.828,7694,ACTIVE_ROUND,14,3,10,85.000,,,MiniBoo,Team Heretics,raze,True,100,,0,0,0,1,False,RieNs,Team Heretics,fade,True,100,,0,0,1,1,False,Boo,Team Heretics,omen,True,100,,1,1,1,1,False,benjyfishy,Team Heretics,deadlock,True,100,,0,0,0,1,False,Wo0t,Team Heretics,chamber,True,100,25,0,3,1,1,False,grubinho,GIANTX,omen,True,100,25,2,1,1,1,False,ara,GIANTX,raze,True,100,25,0,0,1,0,False,Cloud,GIANTX,fade,True,100,25,2,1,1,0,False,Flickless,GIANTX,viper,True,100,25,1,0,0,1,False,westside,GIANTX,cypher,True,100,50,0,1,0,3,False
1797.062,7695,ACTIVE_ROUND,14,3,10,84.000,,,MiniBoo,Team Heretics,raze,True,100,,0,0,0,1,False,RieNs,Team Heretics,fade,True,100,,0,0,1,1,False,Boo,Team Heretics,omen,True,100,,1,1,1,1,False,benjyfishy,Team Heretics,deadlock,True,100,,0,0,0,1,False,Wo0t,Team Heretics,chamber,True,100,25,0,3,1,1,False,grubinho,GIANTX,omen,True,100,25,2,1,1,1,False,ara,GIANTX,raze,True,100,25,0,0,1,0,False,Cloud,GIANTX,fade,True,100,25,2,1,1,0,False,Flickless,GIANTX,viper,True,100,25,1,0,0,1,False,westside,GIANTX,cypher,True,100,50,0,1,0,3,False
1797.295,7696,ACTIVE_ROUND,14,3,10,84.000,,,MiniBoo,Team Heretics,raze,True,100,,0,0,0,1,False,RieNs,Team Heretics,fade,True,100,,0,0,1,1,False,Boo,Team Heretics,omen,True,100,,1,1,1,1,False,benjyfishy,Team Heretics,deadlock,True,100,,0,0,0,1,False,Wo0t,Team Heretics,chamber,True,100,25,0,3,1,1,False,grubinho,GIANTX,omen,True,100,25,2,1,1,1,False,ara,GIANTX,raze,True,100,25,0,0,1,0,False,Cloud,GIANTX,fade,True,100,25,2,1,1,0,False,Flickless,GIANTX,viper,True,100,25,1,0,0,1,False,westside,GIANTX,cypher,True,100,50,0,1,0,3,False
1797.529,7697,ACTIVE_ROUND,14,3,10,84.000,,,MiniBoo,Team Heretics,raze,True,100,,0,0,0,1,False,RieNs,Team Heretics,fade,True,100,,0,0,1,1,False,Boo,Team Heretics,omen,True,100,,1,1,1,1,False,benjyfishy,Team Heretics,deadlock,True,100,,0,0,0,1,False,Wo0t,Team Heretics,chamber,True,100,25,0,3,1,1,False,grubinho,GIANTX,omen,True,100,25,2,1,1,1,False,ara,GIANTX,raze,True,100,25,0,0,1,0,False,Cloud,GIANTX,fade,True,100,25,2,1,1,0,False,Flickless,GIANTX,viper,True,100,25,1,0,0,1,False,westside,GIANTX,cypher,True,100,50,0,1,0,3,False
1797.763,7698,ACTIVE_ROUND,14,3,10,84.000,,,MiniBoo,Team Heretics,raze,True,100,,0,0,0,1,False,RieNs,Team Heretics,fade,True,100,,0,0,1,1,False,Boo,Team Heretics,omen,True,100,,1,1,1,1,False,benjyfishy,Team Heretics,deadlock,True,100,,0,0,0,1,False,Wo0t,Team Heretics,chamber,True,100,25,0,3,1,1,False,grubinho,GIANTX,omen,True,100,25,2,1,1,1,False,ara,GIANTX,raze,True,100,25,0,0,1,0,False,Cloud,GIANTX,fade,True,100,25,2,1,1,0,False,Flickless,GIANTX,viper,True,100,25,1,0,0,1,False,westside,GIANTX,cypher,True,100,50,0,1,0,3,False
1797.996,7699,ACTIVE_ROUND,14,3,10,83.000,,,MiniBoo,Team Heretics,raze,True,100,,0,0,0,1,False,RieNs,Team Heretics,fade,True,100,,0,0,1,1,False,Boo,Team Heretics,omen,True,100,,1,1,1,1,False,benjyfishy,Team Heretics,deadlock,True,100,,0,0,0,1,False,Wo0t,Team Heretics,chamber,True,100,25,0,3,1,1,False,grubinho,GIANTX,omen,True,100,25,2,1,1,1,False,ara,GIANTX,raze,True,100,25,0,0,1,0,False,Cloud,GIANTX,fade,True,100,25,2,1,1,0,False,Flickless,GIANTX,viper,True,100,25,1,0,0,1,False,westside,GIANTX,cypher,True,100,50,0,1,0,3,False
1798.230,7700,ACTIVE_ROUND,14,3,10,83.000,,,MiniBoo,Team Heretics,raze,True,100,,0,0,0,1,False,RieNs,Team Heretics,fade,True,100,,0,0,1,1,False,Boo,Team Heretics,omen,True,100,,1,1,1,1,False,benjyfishy,Team Heretics,deadlock,True,100,,0,0,0,1,False,Wo0t,Team Heretics,chamber,True,100,25,0,3,1,1,False,grubinho,GIANTX,omen,True,100,25,2,1,0,1,False,ara,GIANTX,raze,True,100,25,0,0,1,0,False,Cloud,GIANTX,fade,True,100,25,2,1,1,0,False,Flickless,GIANTX,viper,True,100,25,1,0,0,1,False,westside,GIANTX,cypher,True,100,50,0,1,0,3,False
1798.463,7701,ACTIVE_ROUND,14,3,10,83.000,,,MiniBoo,Team Heretics,raze,True,100,,0,0,0,1,False,RieNs,Team Heretics,fade,True,100,,0,0,1,1,False,Boo,Team Heretics,omen,True,100,,1,1,1,1,False,benjyfishy,Team Heretics,deadlock,True,100,,0,0,0,1,False,Wo0t,Team Heretics,chamber,True,100,25,0,3,1,1,False,grubinho,GIANTX,omen,True,100,25,2,1,0,1,False,ara,GIANTX,raze,True,100,25,0,0,1,0,False,Cloud,GIANTX,fade,True,100,25,2,1,1,0,False,Flickless,GIANTX,viper,True,100,25,1,0,0,1,False,westside,GIANTX,cypher,True,100,50,0,1,0,3,False
1798.697,7702,ACTIVE_ROUND,14,3,10,83.000,,,MiniBoo,Team Heretics,raze,True,100,,0,0,0,1,False,RieNs,Team Heretics,fade,True,100,,0,0,1,1,False,Boo,Team Heretics,omen,True,100,,1,1,1,1,False,benjyfishy,Team Heretics,deadlock,True,100,,0,0,0,1,False,Wo0t,Team Heretics,chamber,True,100,25,0,3,1,1,False,grubinho,GIANTX,omen,True,100,25,2,1,0,1,False,ara,GIANTX,raze,True,100,25,0,0,1,0,False,Cloud,GIANTX,fade,True,100,25,2,1,1,0,False,Flickless,GIANTX,viper,True,100,25,1,0,0,1,False,westside,GIANTX,cypher,True,100,50,0,1,0,3,False
1798.930,7703,ACTIVE_ROUND,14,3,10,83.000,,,MiniBoo,Team Heretics,raze,True,100,,0,0,0,1,False,RieNs,Team Heretics,fade,True,100,,0,0,1,1,False,Boo,Team Heretics,omen,True,100,,1,1,1,1,False,benjyfishy,Team Heretics,deadlock,True,100,,0,0,0,1,False,Wo0t,Team Heretics,chamber,True,100,25,0,3,1,1,False,grubinho,GIANTX,omen,True,100,25,2,1,0,1,False,ara,GIANTX,raze,True,100,25,0,0,1,0,False,Cloud,GIANTX,fade,True,100,25,2,1,1,0,False,Flickless,GIANTX,viper,True,100,25,1,0,0,1,False,westside,GIANTX,cypher,True,100,50,0,1,0,3,False
1799.164,7704,ACTIVE_ROUND,14,3,10,82.000,,,MiniBoo,Team Heretics,raze,True,100,,0,0,0,1,False,RieNs,Team Heretics,fade,True,100,,0,0,1,1,False,Boo,Team Heretics,omen,True,100,,1,1,1,1,False,benjyfishy,Team Heretics,deadlock,True,100,,0,0,0,1,False,Wo0t,Team Heretics,chamber,True,100,25,0,3,1,1,False,grubinho,GIANTX,omen,True,100,25,2,1,0,1,False,ara,GIANTX,raze,True,100,25,0,0,1,0,False,Cloud,GIANTX,fade,True,100,25,2,1,1,0,False,Flickless,GIANTX,viper,True,100,25,1,0,0,1,False,westside,GIANTX,cypher,True,100,50,0,1,0,3,False
1799.398,7705,ACTIVE_ROUND,14,3,10,82.000,,,MiniBoo,Team Heretics,raze,True,100,,0,0,0,1,False,RieNs,Team Heretics,fade,True,100,,0,0,1,1,False,Boo,Team Heretics,omen,True,100,,1,1,1,1,False,benjyfishy,Team Heretics,deadlock,True,100,,0,0,0,1,False,Wo0t,Team Heretics,chamber,True,100,25,0,3,1,1,False,grubinho,GIANTX,omen,True,100,25,2,1,0,1,False,ara,GIANTX,raze,True,100,25,0,0,1,0,False,Cloud,GIANTX,fade,True,100,25,2,1,1,0,False,Flickless,GIANTX,viper,True,100,25,1,0,0,1,False,westside,GIANTX,cypher,True,100,50,0,1,0,3,False
1799.631,7706,ACTIVE_ROUND,14,3,10,82.000,,,MiniBoo,Team Heretics,raze,True,100,,0,0,0,1,False,RieNs,Team Heretics,fade,True,100,,0,0,1,1,False,Boo,Team Heretics,omen,True,100,,1,1,1,1,False,benjyfishy,Team Heretics,deadlock,True,100,,0,0,0,1,False,Wo0t,Team Heretics,chamber,True,100,25,0,3,1,1,False,grubinho,GIANTX,omen,True,100,25,2,1,0,1,False,ara,GIANTX,raze,True,100,25,0,0,1,0,False,Cloud,GIANTX,fade,True,100,25,2,1,1,0,False,Flickless,GIANTX,viper,True,100,25,1,0,0,1,False,westside,GIANTX,cypher,True,100,50,0,1,0,3,False
1799.865,7707,ACTIVE_ROUND,14,3,10,82.000,,,MiniBoo,Team Heretics,raze,True,100,,0,0,0,1,False,RieNs,Team Heretics,fade,True,100,,0,0,1,1,False,Boo,Team Heretics,omen,True,100,,1,1,1,1,False,benjyfishy,Team Heretics,deadlock,True,100,,0,0,0,1,False,Wo0t,Team Heretics,chamber,True,100,25,0,3,1,1,False,grubinho,GIANTX,omen,True,100,25,2,1,0,1,False,ara,GIANTX,raze,True,100,25,0,0,1,0,False,Cloud,GIANTX,fade,True,100,25,2,1,1,0,False,Flickless,GIANTX,viper,True,100,25,1,0,0,1,False,westside,GIANTX,cypher,True,100,50,0,1,0,3,False
1800.098,7708,ACTIVE_ROUND,14,3,10,81.000,,,MiniBoo,Team Heretics,raze,True,100,,0,0,0,1,False,RieNs,Team Heretics,fade,True,100,,0,0,1,1,False,Boo,Team Heretics,omen,True,100,,1,1,1,1,False,benjyfishy,Team Heretics,deadlock,True,100,,0,0,0,1,False,Wo0t,Team Heretics,chamber,True,100,25,0,3,1,1,False,grubinho,GIANTX,omen,True,100,25,2,1,0,1,False,ara,GIANTX,raze,True,100,25,0,0,1,0,False,Cloud,GIANTX,fade,True,100,25,2,1,0,0,False,Flickless,GIANTX,viper,True,100,25,1,0,0,1,False,westside,GIANTX,cypher,True,100,50,0,1,0,3,False
1800.332,7709,ACTIVE_ROUND,14,3,10,81.000,,,MiniBoo,Team Heretics,raze,True,100,,0,0,0,1,False,RieNs,Team Heretics,fade,True,100,,0,0,1,1,False,Boo,Team Heretics,omen,True,100,,1,1,1,1,False,benjyfishy,Team Heretics,deadlock,True,100,,0,0,0,1,False,Wo0t,Team Heretics,chamber,True,100,25,0,3,1,1,False,grubinho,GIANTX,omen,True,100,25,2,1,0,1,False,ara,GIANTX,raze,True,100,25,0,0,1,0,False,Cloud,GIANTX,fade,True,100,25,2,1,0,0,False,Flickless,GIANTX,viper,True,100,25,1,0,0,1,False,westside,GIANTX,cypher,True,100,50,0,1,0,3,False
1800.565,7710,ACTIVE_ROUND,14,3,10,81.000,,,MiniBoo,Team Heretics,raze,True,100,,0,0,0,1,False,RieNs,Team Heretics,fade,True,100,,0,0,1,1,False,Boo,Team Heretics,omen,True,100,,1,1,1,1,False,benjyfishy,Team Heretics,deadlock,True,100,,0,0,0,1,False,Wo0t,Team Heretics,chamber,True,100,25,0,3,1,1,False,grubinho,GIANTX,omen,True,100,25,2,1,0,1,False,ara,GIANTX,raze,True,100,25,0,0,1,0,False,Cloud,GIANTX,fade,True,100,25,2,1,0,0,False,Flickless,GIANTX,viper,True,100,25,1,0,0,1,False,westside,GIANTX,cypher,True,100,50,0,1,0,3,False
1800.799,7711,ACTIVE_ROUND,14,3,10,81.000,,,MiniBoo,Team Heretics,raze,True,100,,0,0,0,1,False,RieNs,Team Heretics,fade,True,100,,0,0,1,1,False,Boo,Team Heretics,omen,True,100,,1,1,1,1,False,benjyfishy,Team Heretics,deadlock,True,100,,0,0,0,1,False,Wo0t,Team Heretics,chamber,True,100,25,0,3,1,1,False,grubinho,GIANTX,omen,True,100,25,2,1,0,1,False,ara,GIANTX,raze,True,100,25,0,0,1,0,False,Cloud,GIANTX,fade,True,100,25,2,1,0,0,False,Flickless,GIANTX,viper,True,100,25,1,0,0,1,False,westside,GIANTX,cypher,True,100,50,0,1,0,3,False
1801.033,7712,ACTIVE_ROUND,14,3,10,80.000,,,MiniBoo,Team Heretics,raze,True,100,,0,0,0,1,False,RieNs,Team Heretics,fade,True,100,,0,0,1,1,False,Boo,Team Heretics,omen,True,100,,1,1,1,1,False,benjyfishy,Team Heretics,deadlock,True,100,,0,0,0,1,False,Wo0t,Team Heretics,chamber,True,100,25,0,3,1,1,False,grubinho,GIANTX,omen,True,100,25,2,1,0,1,False,ara,GIANTX,raze,True,100,25,0,0,1,0,False,Cloud,GIANTX,fade,True,100,25,2,1,0,0,False,Flickless,GIANTX,viper,True,100,25,1,0,0,1,False,westside,GIANTX,cypher,True,100,50,0,1,0,3,False
1801.266,7713,ACTIVE_ROUND,14,3,10,80.000,,,MiniBoo,Team Heretics,raze,True,100,,0,0,0,1,False,RieNs,Team Heretics,fade,True,100,,0,0,1,1,False,Boo,Team Heretics,omen,True,100,,1,1,1,1,False,benjyfishy,Team Heretics,deadlock,True,100,,0,0,0,1,False,Wo0t,Team Heretics,chamber,True,100,25,0,3,1,1,False,grubinho,GIANTX,omen,True,100,25,2,1,0,1,False,ara,GIANTX,raze,True,100,25,0,0,1,0,False,Cloud,GIANTX,fade,True,100,25,2,1,0,0,False,Flickless,GIANTX,viper,True,100,25,1,0,0,1,False,westside,GIANTX,cypher,True,100,50,0,1,0,3,False
1801.500,7714,ACTIVE_ROUND,14,3,10,80.000,,,MiniBoo,Team Heretics,raze,True,100,,0,0,0,1,False,RieNs,Team Heretics,fade,True,100,,0,0,1,1,False,Boo,Team Heretics,omen,True,100,,1,1,1,1,False,benjyfishy,Team Heretics,deadlock,True,100,,0,0,0,1,False,Wo0t,Team Heretics,chamber,True,100,25,0,3,1,1,False,grubinho,GIANTX,omen,True,100,25,2,1,0,1,False,ara,GIANTX,raze,True,100,25,0,0,1,0,False,Cloud,GIANTX,fade,True,100,25,2,1,0,0,False,Flickless,GIANTX,viper,True,100,25,1,0,0,1,False,westside,GIANTX,cypher,True,100,50,0,1,0,3,False
1801.733,7715,ACTIVE_ROUND,14,3,10,80.000,,,MiniBoo,Team Heretics,raze,True,100,,0,0,0,1,False,RieNs,Team Heretics,fade,True,100,,0,0,1,1,False,Boo,Team Heretics,omen,True,100,,1,1,1,1,False,benjyfishy,Team Heretics,deadlock,True,100,,0,0,0,1,False,Wo0t,Team Heretics,chamber,True,100,25,0,3,1,1,False,grubinho,GIANTX,omen,True,100,25,2,1,0,1,False,ara,GIANTX,raze,True,100,25,0,0,1,0,False,Cloud,GIANTX,fade,True,100,25,2,1,0,0,False,Flickless,GIANTX,viper,True,100,25,1,0,0,1,False,westside,GIANTX,cypher,True,100,50,0,1,0,3,False
1801.967,7716,ACTIVE_ROUND,14,3,10,80.000,,,MiniBoo,Team Heretics,raze,True,100,,0,0,0,1,False,RieNs,Team Heretics,fade,True,100,,0,0,1,1,False,Boo,Team Heretics,omen,True,100,,1,1,1,1,False,benjyfishy,Team Heretics,deadlock,True,100,,0,0,0,1,False,Wo0t,Team Heretics,chamber,True,100,25,0,3,1,1,False,grubinho,GIANTX,omen,True,100,25,2,1,0,1,False,ara,GIANTX,raze,True,100,25,0,0,1,0,False,Cloud,GIANTX,fade,True,100,25,2,1,0,0,False,Flickless,GIANTX,viper,True,100,25,1,0,0,1,False,westside,GIANTX,cypher,True,100,50,0,1,0,3,False
1802.200,7717,ACTIVE_ROUND,14,3,10,79.000,,,MiniBoo,Team Heretics,raze,True,100,,0,0,0,1,False,RieNs,Team Heretics,fade,True,100,,0,0,1,1,False,Boo,Team Heretics,omen,True,100,,1,1,1,1,False,benjyfishy,Team Heretics,deadlock,True,100,,0,0,0,1,False,Wo0t,Team Heretics,chamber,True,100,25,0,3,1,1,False,grubinho,GIANTX,omen,True,100,25,2,1,0,1,False,ara,GIANTX,raze,True,100,25,0,0,1,0,False,Cloud,GIANTX,fade,True,100,25,2,1,0,0,False,Flickless,GIANTX,viper,True,100,25,1,0,0,1,False,westside,GIANTX,cypher,True,100,50,0,1,0,3,False
1802.434,7718,ACTIVE_ROUND,14,3,10,79.000,,,MiniBoo,Team Heretics,raze,True,100,,0,0,0,1,False,RieNs,Team Heretics,fade,True,100,,0,0,1,1,False,Boo,Team Heretics,omen,True,100,,1,1,1,1,False,benjyfishy,Team Heretics,deadlock,True,100,,0,0,0,1,False,Wo0t,Team Heretics,chamber,True,100,25,0,3,1,1,False,grubinho,GIANTX,omen,True,100,25,2,1,0,1,False,ara,GIANTX,raze,True,100,25,0,0,1,0,False,Cloud,GIANTX,fade,True,100,25,2,1,0,0,False,Flickless,GIANTX,viper,True,100,25,1,0,0,1,False,westside,GIANTX,cypher,True,100,50,0,1,0,3,False
1802.668,7719,ACTIVE_ROUND,14,3,10,79.000,,,MiniBoo,Team Heretics,raze,True,100,,0,0,0,1,False,RieNs,Team Heretics,fade,True,100,,0,0,1,1,False,Boo,Team Heretics,omen,True,100,,1,1,1,1,False,benjyfishy,Team Heretics,deadlock,True,100,,0,0,0,1,False,Wo0t,Team Heretics,chamber,True,100,25,0,3,1,1,False,grubinho,GIANTX,omen,True,100,25,2,1,0,1,False,ara,GIANTX,raze,True,100,25,0,0,1,0,False,Cloud,GIANTX,fade,True,100,25,2,1,0,0,False,Flickless,GIANTX,viper,True,100,25,1,0,0,1,False,westside,GIANTX,cypher,True,100,50,0,1,0,3,False
1802.901,7720,ACTIVE_ROUND,14,3,10,79.000,,,MiniBoo,Team Heretics,raze,True,100,,0,0,0,1,False,RieNs,Team Heretics,fade,True,100,,0,0,1,1,False,Boo,Team Heretics,omen,True,100,,1,1,1,1,False,benjyfishy,Team Heretics,deadlock,True,100,,0,0,0,1,False,Wo0t,Team Heretics,chamber,True,100,25,0,3,1,1,False,grubinho,GIANTX,omen,True,100,25,2,1,0,1,False,ara,GIANTX,raze,True,100,25,0,0,1,0,False,Cloud,GIANTX,fade,True,100,25,2,1,0,0,False,Flickless,GIANTX,viper,True,100,25,1,0,0,1,False,westside,GIANTX,cypher,True,100,50,0,1,0,3,False
1803.135,7721,ACTIVE_ROUND,14,3,10,78.000,,,MiniBoo,Team Heretics,raze,True,100,,0,0,0,1,False,RieNs,Team Heretics,fade,True,100,,0,0,1,1,False,Boo,Team Heretics,omen,True,100,,1,1,1,1,False,benjyfishy,Team Heretics,deadlock,True,100,,0,0,0,1,False,Wo0t,Team Heretics,chamber,True,100,25,0,3,1,1,False,grubinho,GIANTX,omen,True,100,25,2,1,0,1,False,ara,GIANTX,raze,True,100,25,0,0,1,0,False,Cloud,GIANTX,fade,True,100,25,2,1,0,0,False,Flickless,GIANTX,viper,True,100,25,1,0,0,1,False,westside,GIANTX,cypher,True,100,50,0,1,0,3,False
1803.368,7722,ACTIVE_ROUND,14,3,10,78.000,,,MiniBoo,Team Heretics,raze,True,100,,0,0,0,1,False,RieNs,Team Heretics,fade,True,100,,0,0,1,1,False,Boo,Team Heretics,omen,True,100,,1,1,1,1,False,benjyfishy,Team Heretics,deadlock,True,100,,0,0,0,1,False,Wo0t,Team Heretics,chamber,True,100,25,0,3,1,1,False,grubinho,GIANTX,omen,True,100,25,2,1,0,1,False,ara,GIANTX,raze,True,100,25,0,0,1,0,False,Cloud,GIANTX,fade,True,100,25,2,1,0,0,False,Flickless,GIANTX,viper,True,100,25,1,0,0,1,False,westside,GIANTX,cypher,True,100,50,0,1,0,3,False
1803.602,7723,ACTIVE_ROUND,14,3,10,78.000,,,MiniBoo,Team Heretics,raze,True,100,,0,0,0,1,False,RieNs,Team Heretics,fade,True,100,,0,0,1,1,False,Boo,Team Heretics,omen,True,100,,1,1,1,1,False,benjyfishy,Team Heretics,deadlock,True,100,,0,0,0,1,False,Wo0t,Team Heretics,chamber,True,100,25,0,3,1,1,False,grubinho,GIANTX,omen,True,100,25,2,1,0,1,False,ara,GIANTX,raze,True,100,25,0,0,1,0,False,Cloud,GIANTX,fade,True,100,25,2,1,0,0,False,Flickless,GIANTX,viper,True,100,25,1,0,0,1,False,westside,GIANTX,cypher,True,100,50,0,1,0,3,False
1803.835,7724,ACTIVE_ROUND,14,3,10,78.000,,,MiniBoo,Team Heretics,raze,True,100,,0,0,0,1,False,RieNs,Team Heretics,fade,True,100,,0,0,1,1,False,Boo,Team Heretics,omen,True,100,,1,1,1,1,False,benjyfishy,Team Heretics,deadlock,True,100,,0,0,0,1,False,Wo0t,Team Heretics,chamber,True,100,25,0,3,1,1,False,grubinho,GIANTX,omen,True,100,25,2,1,0,1,False,ara,GIANTX,raze,True,100,25,0,0,1,0,False,Cloud,GIANTX,fade,True,100,25,2,1,0,0,False,Flickless,GIANTX,viper,True,100,25,1,0,0,1,False,westside,GIANTX,cypher,True,100,50,0,1,0,3,False
1804.069,7725,ACTIVE_ROUND,14,3,10,77.000,,,MiniBoo,Team Heretics,raze,True,100,,0,0,0,1,False,RieNs,Team Heretics,fade,True,100,,0,0,1,1,False,Boo,Team Heretics,omen,True,100,,1,1,1,1,False,benjyfishy,Team Heretics,deadlock,True,100,,0,0,0,1,False,Wo0t,Team Heretics,chamber,True,100,25,0,3,1,1,False,grubinho,GIANTX,omen,True,100,25,2,1,0,1,False,ara,GIANTX,raze,True,100,25,0,0,1,0,False,Cloud,GIANTX,fade,True,100,25,2,1,0,0,False,Flickless,GIANTX,viper,True,100,25,1,0,0,1,False,westside,GIANTX,cypher,True,100,50,0,1,0,3,False
1804.303,7726,ACTIVE_ROUND,14,3,10,77.000,,,MiniBoo,Team Heretics,raze,True,100,,0,0,0,1,False,RieNs,Team Heretics,fade,True,100,,0,0,1,1,False,Boo,Team Heretics,omen,True,100,,1,1,1,1,False,benjyfishy,Team Heretics,deadlock,True,100,,0,0,0,1,False,Wo0t,Team Heretics,chamber,True,100,25,0,3,1,1,False,grubinho,GIANTX,omen,True,100,25,2,1,0,1,False,ara,GIANTX,raze,True,100,25,0,0,1,0,False,Cloud,GIANTX,fade,True,100,25,1,1,0,0,False,Flickless,GIANTX,viper,True,100,25,1,0,0,1,False,westside,GIANTX,cypher,True,100,50,0,1,0,3,False
1804.536,7727,ACTIVE_ROUND,14,3,10,77.000,,,MiniBoo,Team Heretics,raze,True,100,,0,0,0,1,False,RieNs,Team Heretics,fade,True,100,,0,0,1,1,False,Boo,Team Heretics,omen,True,100,,1,1,1,1,False,benjyfishy,Team Heretics,deadlock,True,100,,0,0,0,1,False,Wo0t,Team Heretics,chamber,True,100,25,0,3,1,1,False,grubinho,GIANTX,omen,True,100,25,2,1,0,1,False,ara,GIANTX,raze,True,100,25,0,0,1,0,False,Cloud,GIANTX,fade,True,100,25,1,1,0,0,False,Flickless,GIANTX,viper,True,100,25,1,0,0,1,False,westside,GIANTX,cypher,True,100,50,0,1,0,3,False
1804.770,7728,ACTIVE_ROUND,14,3,10,77.000,,,MiniBoo,Team Heretics,raze,True,100,,0,0,0,1,False,RieNs,Team Heretics,fade,True,100,,0,0,1,1,False,Boo,Team Heretics,omen,True,100,,1,1,1,1,False,benjyfishy,Team Heretics,deadlock,True,100,,0,0,0,1,False,Wo0t,Team Heretics,chamber,True,100,25,0,3,1,1,False,grubinho,GIANTX,omen,True,100,25,2,1,0,1,False,ara,GIANTX,raze,True,100,25,0,0,1,0,False,Cloud,GIANTX,fade,True,100,25,1,1,0,0,False,Flickless,GIANTX,viper,True,100,25,1,0,0,1,False,westside,GIANTX,cypher,True,100,50,0,1,0,3,False
1805.003,7729,ACTIVE_ROUND,14,3,10,76.000,,,MiniBoo,Team Heretics,raze,True,100,,0,0,0,1,False,RieNs,Team Heretics,fade,True,100,,0,0,1,1,False,Boo,Team Heretics,omen,True,100,,1,1,1,1,False,benjyfishy,Team Heretics,deadlock,True,100,,0,0,0,1,False,Wo0t,Team Heretics,chamber,True,100,25,0,3,1,1,False,grubinho,GIANTX,omen,True,100,25,2,1,0,1,False,ara,GIANTX,raze,True,100,25,0,0,1,0,False,Cloud,GIANTX,fade,True,100,25,1,1,0,0,False,Flickless,GIANTX,viper,True,100,25,1,0,0,1,False,westside,GIANTX,cypher,True,100,50,0,1,0,3,False
1805.237,7730,ACTIVE_ROUND,14,3,10,76.000,,,MiniBoo,Team Heretics,raze,True,100,,0,0,0,1,False,RieNs,Team Heretics,fade,True,100,,0,0,1,1,False,Boo,Team Heretics,omen,True,100,,1,1,1,1,False,benjyfishy,Team Heretics,deadlock,True,100,,0,0,0,1,False,Wo0t,Team Heretics,chamber,True,100,25,0,3,1,1,False,grubinho,GIANTX,omen,True,100,25,2,1,0,1,False,ara,GIANTX,raze,True,100,25,0,0,1,0,False,Cloud,GIANTX,fade,True,100,25,1,1,0,0,False,Flickless,GIANTX,viper,True,100,25,1,0,0,1,False,westside,GIANTX,cypher,True,100,50,0,1,0,3,False
1805.470,7731,ACTIVE_ROUND,14,3,10,76.000,,,MiniBoo,Team Heretics,raze,True,100,,0,0,0,1,False,RieNs,Team Heretics,fade,True,100,,0,0,1,1,False,Boo,Team Heretics,omen,True,100,,1,1,1,1,False,benjyfishy,Team Heretics,deadlock,True,100,,0,0,0,1,False,Wo0t,Team Heretics,chamber,True,100,25,0,3,1,1,False,grubinho,GIANTX,omen,True,100,25,2,1,0,1,False,ara,GIANTX,raze,True,100,25,0,0,1,0,False,Cloud,GIANTX,fade,True,100,25,1,1,0,0,False,Flickless,GIANTX,viper,True,100,25,1,0,0,1,False,westside,GIANTX,cypher,True,100,50,0,1,0,3,False
1805.704,7732,ACTIVE_ROUND,14,3,10,76.000,,,MiniBoo,Team Heretics,raze,True,100,,0,0,0,1,False,RieNs,Team Heretics,fade,True,100,,0,0,1,1,False,Boo,Team Heretics,omen,True,100,,1,1,1,1,False,benjyfishy,Team Heretics,deadlock,True,100,,0,0,0,1,False,Wo0t,Team Heretics,chamber,True,100,25,0,3,1,1,False,grubinho,GIANTX,omen,True,100,25,2,1,0,1,False,ara,GIANTX,raze,True,100,25,0,0,1,0,False,Cloud,GIANTX,fade,True,100,25,1,1,0,0,False,Flickless,GIANTX,viper,True,100,25,1,0,0,1,False,westside,GIANTX,cypher,True,100,50,0,1,0,3,False
1805.937,7733,ACTIVE_ROUND,14,3,10,76.000,,,MiniBoo,Team Heretics,raze,True,100,,0,0,0,1,False,RieNs,Team Heretics,fade,True,100,,0,0,1,1,False,Boo,Team Heretics,omen,True,100,,1,1,1,1,False,benjyfishy,Team Heretics,deadlock,True,100,,0,0,0,1,False,Wo0t,Team Heretics,chamber,True,100,25,0,3,1,1,False,grubinho,GIANTX,omen,True,100,25,2,1,0,1,False,ara,GIANTX,raze,True,100,25,0,0,1,0,False,Cloud,GIANTX,fade,True,100,25,1,1,0,0,False,Flickless,GIANTX,viper,True,100,25,1,0,0,1,False,westside,GIANTX,cypher,True,100,50,0,1,0,3,False
1806.171,7734,ACTIVE_ROUND,14,3,10,75.000,,,MiniBoo,Team Heretics,raze,True,100,,0,0,0,1,False,RieNs,Team Heretics,fade,True,100,,0,0,1,1,False,Boo,Team Heretics,omen,True,100,,1,1,1,1,False,benjyfishy,Team Heretics,deadlock,True,100,,0,0,0,1,False,Wo0t,Team Heretics,chamber,True,100,25,0,3,1,1,False,grubinho,GIANTX,omen,True,100,25,2,1,0,1,False,ara,GIANTX,raze,True,100,25,0,0,1,0,False,Cloud,GIANTX,fade,True,100,25,1,1,0,0,False,Flickless,GIANTX,viper,True,100,25,1,0,0,1,False,westside,GIANTX,cypher,True,100,50,0,1,0,3,False
1806.405,7735,ACTIVE_ROUND,14,3,10,75.000,,,MiniBoo,Team Heretics,raze,True,100,,0,0,0,1,False,RieNs,Team Heretics,fade,True,100,,0,0,1,1,False,Boo,Team Heretics,omen,True,100,,1,1,1,1,False,benjyfishy,Team Heretics,deadlock,True,100,,0,0,0,1,False,Wo0t,Team Heretics,chamber,True,100,25,0,3,1,1,False,grubinho,GIANTX,omen,True,100,25,2,1,0,1,False,ara,GIANTX,raze,True,100,25,0,0,1,0,False,Cloud,GIANTX,fade,True,100,25,1,1,0,0,False,Flickless,GIANTX,viper,True,100,25,1,0,0,1,False,westside,GIANTX,cypher,True,100,50,0,1,0,3,False
1806.638,7736,ACTIVE_ROUND,14,3,10,75.000,,,MiniBoo,Team Heretics,raze,True,100,,0,0,0,1,False,RieNs,Team Heretics,fade,True,100,,0,0,1,1,False,Boo,Team Heretics,omen,True,100,,1,1,1,1,False,benjyfishy,Team Heretics,deadlock,True,100,,0,0,0,1,False,Wo0t,Team Heretics,chamber,True,100,25,0,3,1,1,False,grubinho,GIANTX,omen,True,100,25,2,1,0,1,False,ara,GIANTX,raze,True,100,25,0,0,1,0,False,Cloud,GIANTX,fade,True,100,25,1,1,0,0,False,Flickless,GIANTX,viper,True,100,25,1,0,0,1,False,westside,GIANTX,cypher,True,100,50,0,1,0,3,False
1806.872,7737,ACTIVE_ROUND,14,3,10,75.000,,,MiniBoo,Team Heretics,raze,True,100,,0,0,0,1,False,RieNs,Team Heretics,fade,True,100,,0,0,1,1,False,Boo,Team Heretics,omen,True,100,,1,1,1,1,False,benjyfishy,Team Heretics,deadlock,True,100,,0,0,0,1,False,Wo0t,Team Heretics,chamber,True,100,25,0,3,1,1,False,grubinho,GIANTX,omen,True,100,25,2,1,0,1,False,ara,GIANTX,raze,True,100,25,0,0,1,0,False,Cloud,GIANTX,fade,True,100,25,1,1,0,0,False,Flickless,GIANTX,viper,True,100,25,1,0,0,1,False,westside,GIANTX,cypher,True,100,50,0,1,0,3,False
1807.105,7738,ACTIVE_ROUND,14,3,10,74.000,,,MiniBoo,Team Heretics,raze,True,100,,0,0,0,1,False,RieNs,Team Heretics,fade,True,100,,0,0,1,1,False,Boo,Team Heretics,omen,True,100,,1,1,1,1,False,benjyfishy,Team Heretics,deadlock,True,100,,0,0,0,1,False,Wo0t,Team Heretics,chamber,True,100,25,0,3,1,1,False,grubinho,GIANTX,omen,True,100,25,2,1,0,1,False,ara,GIANTX,raze,True,100,25,0,0,1,0,False,Cloud,GIANTX,fade,True,100,25,1,1,0,0,False,Flickless,GIANTX,viper,True,100,25,1,0,0,1,False,westside,GIANTX,cypher,True,100,50,0,1,0,3,False
1807.339,7739,ACTIVE_ROUND,14,3,10,74.000,,,MiniBoo,Team Heretics,raze,True,100,,0,0,0,1,False,RieNs,Team Heretics,fade,True,100,,0,0,1,1,False,Boo,Team Heretics,omen,True,100,,1,1,1,1,False,benjyfishy,Team Heretics,deadlock,True,100,,0,0,0,1,False,Wo0t,Team Heretics,chamber,True,100,25,0,3,1,1,False,grubinho,GIANTX,omen,True,100,25,2,1,0,1,False,ara,GIANTX,raze,True,100,25,0,0,1,0,False,Cloud,GIANTX,fade,True,100,25,1,1,0,0,False,Flickless,GIANTX,viper,True,100,25,1,0,0,1,False,westside,GIANTX,cypher,True,100,50,0,1,0,3,False
1807.572,7740,ACTIVE_ROUND,14,3,10,74.000,,,MiniBoo,Team Heretics,raze,True,100,,0,0,0,1,False,RieNs,Team Heretics,fade,True,100,,0,0,1,1,False,Boo,Team Heretics,omen,True,100,,1,1,1,1,False,benjyfishy,Team Heretics,deadlock,True,100,,0,0,0,1,False,Wo0t,Team Heretics,chamber,True,100,25,0,3,1,1,False,grubinho,GIANTX,omen,True,100,25,2,1,0,1,False,ara,GIANTX,raze,True,100,25,0,0,1,0,False,Cloud,GIANTX,fade,True,100,25,1,1,0,0,False,Flickless,GIANTX,viper,True,100,25,1,0,0,1,False,westside,GIANTX,cypher,True,100,50,0,1,0,3,False
1807.806,7741,ACTIVE_ROUND,14,3,10,74.000,,,MiniBoo,Team Heretics,raze,True,100,,0,0,0,1,False,RieNs,Team Heretics,fade,True,100,,0,0,1,1,False,Boo,Team Heretics,omen,True,100,,1,1,1,1,False,benjyfishy,Team Heretics,deadlock,True,100,,0,0,0,1,False,Wo0t,Team Heretics,chamber,True,100,25,0,3,1,1,False,grubinho,GIANTX,omen,True,100,25,2,1,0,1,False,ara,GIANTX,raze,True,100,25,0,0,1,0,False,Cloud,GIANTX,fade,True,100,25,1,1,0,0,False,Flickless,GIANTX,viper,True,100,25,1,0,0,1,False,westside,GIANTX,cypher,True,100,50,0,1,0,3,False
1808.040,7742,ACTIVE_ROUND,14,3,10,73.000,,,MiniBoo,Team Heretics,raze,True,100,,0,0,0,1,False,RieNs,Team Heretics,fade,True,100,,0,0,1,1,False,Boo,Team Heretics,omen,True,100,,1,1,1,1,False,benjyfishy,Team Heretics,deadlock,True,100,,0,0,0,1,False,Wo0t,Team Heretics,chamber,True,100,25,0,3,1,1,False,grubinho,GIANTX,omen,True,100,25,2,1,0,1,False,ara,GIANTX,raze,True,100,25,0,0,1,0,False,Cloud,GIANTX,fade,True,100,25,1,1,0,0,False,Flickless,GIANTX,viper,True,100,25,1,0,0,1,False,westside,GIANTX,cypher,True,100,50,0,1,0,3,False
1808.273,7743,ACTIVE_ROUND,14,3,10,73.000,,,MiniBoo,Team Heretics,raze,True,100,,0,0,0,1,False,RieNs,Team Heretics,fade,True,100,,0,0,1,1,False,Boo,Team Heretics,omen,True,100,,1,1,1,1,False,benjyfishy,Team Heretics,deadlock,True,100,,0,0,0,1,False,Wo0t,Team Heretics,chamber,True,100,25,0,3,1,1,False,grubinho,GIANTX,omen,True,100,25,2,1,0,1,False,ara,GIANTX,raze,True,100,25,0,0,1,0,False,Cloud,GIANTX,fade,True,100,25,1,1,0,0,False,Flickless,GIANTX,viper,True,100,25,1,0,0,1,False,westside,GIANTX,cypher,True,100,50,0,1,0,3,False
1808.507,7744,ACTIVE_ROUND,14,3,10,73.000,,,MiniBoo,Team Heretics,raze,True,100,,0,0,0,1,False,RieNs,Team Heretics,fade,True,100,,0,0,1,1,False,Boo,Team Heretics,omen,True,100,,1,1,1,1,False,benjyfishy,Team Heretics,deadlock,True,100,,0,0,0,1,False,Wo0t,Team Heretics,chamber,True,100,25,0,3,1,1,False,grubinho,GIANTX,omen,True,100,25,2,1,0,1,False,ara,GIANTX,raze,True,100,25,0,0,1,0,False,Cloud,GIANTX,fade,True,100,25,1,1,0,0,False,Flickless,GIANTX,viper,True,100,25,1,0,0,1,False,westside,GIANTX,cypher,True,100,50,0,1,0,3,False
1808.740,7745,ACTIVE_ROUND,14,3,10,73.000,,,MiniBoo,Team Heretics,raze,True,100,,0,0,0,1,False,RieNs,Team Heretics,fade,True,100,,0,0,1,1,False,Boo,Team Heretics,omen,True,100,,1,1,1,1,False,benjyfishy,Team Heretics,deadlock,True,100,,0,0,0,1,False,Wo0t,Team Heretics,chamber,True,100,25,0,3,1,1,False,grubinho,GIANTX,omen,True,100,25,2,1,0,1,False,ara,GIANTX,raze,True,100,25,0,0,1,0,False,Cloud,GIANTX,fade,True,100,25,1,1,0,0,False,Flickless,GIANTX,viper,True,100,25,1,0,0,1,False,westside,GIANTX,cypher,True,100,50,0,1,0,3,False
1808.974,7746,ACTIVE_ROUND,14,3,10,72.000,,,MiniBoo,Team Heretics,raze,True,100,,0,0,0,1,False,RieNs,Team Heretics,fade,True,100,,0,0,1,1,False,Boo,Team Heretics,omen,True,100,,1,1,1,1,False,benjyfishy,Team Heretics,deadlock,True,100,,0,0,0,1,False,Wo0t,Team Heretics,chamber,True,100,25,0,3,1,1,False,grubinho,GIANTX,omen,True,100,25,2,1,0,1,False,ara,GIANTX,raze,True,100,25,0,0,1,0,False,Cloud,GIANTX,fade,True,100,25,1,1,0,0,False,Flickless,GIANTX,viper,True,100,25,1,0,0,1,False,westside,GIANTX,cypher,True,100,50,0,1,0,3,False
1809.207,7747,ACTIVE_ROUND,14,3,10,72.000,,,MiniBoo,Team Heretics,raze,True,100,,0,0,0,1,False,RieNs,Team Heretics,fade,True,100,,0,0,1,1,False,Boo,Team Heretics,omen,True,100,,1,1,1,1,False,benjyfishy,Team Heretics,deadlock,True,100,,0,0,0,1,False,Wo0t,Team Heretics,chamber,True,100,25,0,3,1,1,False,grubinho,GIANTX,omen,True,100,25,2,1,0,1,False,ara,GIANTX,raze,True,100,25,0,0,1,0,False,Cloud,GIANTX,fade,True,100,25,1,1,0,0,False,Flickless,GIANTX,viper,True,100,25,1,0,0,1,False,westside,GIANTX,cypher,True,100,50,0,1,0,3,False
1809.441,7748,ACTIVE_ROUND,14,3,10,72.000,,,MiniBoo,Team Heretics,raze,True,100,,0,0,0,1,False,RieNs,Team Heretics,fade,True,100,,0,0,1,1,False,Boo,Team Heretics,omen,True,100,,1,1,1,1,False,benjyfishy,Team Heretics,deadlock,True,100,,0,0,0,1,False,Wo0t,Team Heretics,chamber,True,100,25,0,3,1,1,False,grubinho,GIANTX,omen,True,100,25,2,1,0,1,False,ara,GIANTX,raze,True,100,25,0,0,1,0,False,Cloud,GIANTX,fade,True,100,25,1,1,0,0,False,Flickless,GIANTX,viper,True,100,25,1,0,0,1,False,westside,GIANTX,cypher,True,100,50,0,1,0,3,False
1809.675,7749,ACTIVE_ROUND,14,3,10,72.000,,,MiniBoo,Team Heretics,raze,True,100,,0,0,0,1,False,RieNs,Team Heretics,fade,True,100,,0,0,1,1,False,Boo,Team Heretics,omen,True,100,,1,1,1,1,False,benjyfishy,Team Heretics,deadlock,True,100,,0,0,0,1,False,Wo0t,Team Heretics,chamber,True,100,25,0,3,1,1,False,grubinho,GIANTX,omen,True,100,25,2,1,0,1,False,ara,GIANTX,raze,True,100,25,0,0,1,0,False,Cloud,GIANTX,fade,True,100,25,1,1,0,0,False,Flickless,GIANTX,viper,True,100,25,1,0,0,1,False,westside,GIANTX,cypher,True,100,50,0,1,0,3,False
1809.908,7750,ACTIVE_ROUND,14,3,10,72.000,,,MiniBoo,Team Heretics,raze,True,100,,0,0,0,1,False,RieNs,Team Heretics,fade,True,100,,0,0,1,1,False,Boo,Team Heretics,omen,True,100,,1,1,1,1,False,benjyfishy,Team Heretics,deadlock,True,100,,0,0,0,1,False,Wo0t,Team Heretics,chamber,True,100,25,0,3,1,1,False,grubinho,GIANTX,omen,True,100,25,2,1,0,1,False,ara,GIANTX,raze,True,100,25,0,0,1,0,False,Cloud,GIANTX,fade,True,100,25,1,1,0,0,False,Flickless,GIANTX,viper,True,100,25,1,0,0,1,False,westside,GIANTX,cypher,True,100,50,0,1,0,3,False
1810.142,7751,ACTIVE_ROUND,14,3,10,71.000,,,MiniBoo,Team Heretics,raze,True,100,,0,0,0,1,False,RieNs,Team Heretics,fade,True,100,,0,0,1,1,False,Boo,Team Heretics,omen,True,100,,1,1,1,1,False,benjyfishy,Team Heretics,deadlock,True,100,,0,0,0,1,False,Wo0t,Team Heretics,chamber,True,100,25,0,3,1,1,False,grubinho,GIANTX,omen,True,100,25,2,1,0,1,False,ara,GIANTX,raze,True,100,25,0,0,1,0,False,Cloud,GIANTX,fade,True,100,25,1,1,0,0,False,Flickless,GIANTX,viper,True,100,25,1,0,0,1,False,westside,GIANTX,cypher,True,100,50,0,1,0,3,False
1810.375,7752,ACTIVE_ROUND,14,3,10,71.000,,,MiniBoo,Team Heretics,raze,True,100,,0,0,0,1,False,RieNs,Team Heretics,fade,True,100,,0,0,1,1,False,Boo,Team Heretics,omen,True,100,,1,1,1,1,False,benjyfishy,Team Heretics,deadlock,True,100,,0,0,0,1,False,Wo0t,Team Heretics,chamber,True,100,25,0,3,1,1,False,grubinho,GIANTX,omen,True,100,25,2,1,0,1,False,ara,GIANTX,raze,True,100,25,0,0,1,0,False,Cloud,GIANTX,fade,True,100,25,1,1,0,0,False,Flickless,GIANTX,viper,True,100,25,1,0,0,1,False,westside,GIANTX,cypher,True,100,50,0,1,0,3,False
1810.609,7753,ACTIVE_ROUND,14,3,10,71.000,,,MiniBoo,Team Heretics,raze,True,100,,0,0,0,1,False,RieNs,Team Heretics,fade,True,100,,0,0,1,1,False,Boo,Team Heretics,omen,True,100,,1,1,1,1,False,benjyfishy,Team Heretics,deadlock,True,100,,0,0,0,1,False,Wo0t,Team Heretics,chamber,True,100,25,0,3,1,1,False,grubinho,GIANTX,omen,True,100,25,2,1,0,1,False,ara,GIANTX,raze,True,100,25,0,0,1,0,False,Cloud,GIANTX,fade,True,100,25,1,1,0,0,False,Flickless,GIANTX,viper,True,100,25,1,0,0,1,False,westside,GIANTX,cypher,True,100,50,0,1,0,3,False
1810.842,7754,ACTIVE_ROUND,14,3,10,71.000,,,MiniBoo,Team Heretics,raze,True,100,,0,0,0,1,False,RieNs,Team Heretics,fade,True,100,,0,0,1,1,False,Boo,Team Heretics,omen,True,100,,1,1,1,1,False,benjyfishy,Team Heretics,deadlock,True,100,,0,0,0,1,False,Wo0t,Team Heretics,chamber,True,100,25,0,3,1,1,False,grubinho,GIANTX,omen,True,100,25,2,1,0,1,False,ara,GIANTX,raze,True,100,25,0,0,1,0,False,Cloud,GIANTX,fade,True,100,25,1,1,0,0,False,Flickless,GIANTX,viper,True,100,25,1,0,0,1,False,westside,GIANTX,cypher,True,100,50,0,1,0,3,False
1811.076,7755,ACTIVE_ROUND,14,3,10,70.000,,,MiniBoo,Team Heretics,raze,True,100,,0,0,0,1,False,RieNs,Team Heretics,fade,True,100,,0,0,1,1,False,Boo,Team Heretics,omen,True,100,,1,1,1,1,False,benjyfishy,Team Heretics,deadlock,True,100,,0,0,0,1,False,Wo0t,Team Heretics,chamber,True,100,25,0,3,1,1,False,grubinho,GIANTX,omen,True,100,25,2,1,0,1,False,ara,GIANTX,raze,True,100,25,0,0,1,0,False,Cloud,GIANTX,fade,True,100,25,1,1,0,0,False,Flickless,GIANTX,viper,True,100,25,1,0,0,1,False,westside,GIANTX,cypher,True,100,50,0,1,0,3,False
1811.310,7756,ACTIVE_ROUND,14,3,10,70.000,,,MiniBoo,Team Heretics,raze,True,100,,0,0,0,1,False,RieNs,Team Heretics,fade,True,100,,0,0,1,1,False,Boo,Team Heretics,omen,True,100,,1,1,1,1,False,benjyfishy,Team Heretics,deadlock,True,100,,0,0,0,1,False,Wo0t,Team Heretics,chamber,True,100,25,0,3,1,1,False,grubinho,GIANTX,omen,True,100,25,2,1,0,1,False,ara,GIANTX,raze,True,100,25,0,0,1,0,False,Cloud,GIANTX,fade,True,100,25,1,1,0,1,False,Flickless,GIANTX,viper,True,100,25,1,0,0,1,False,westside,GIANTX,cypher,True,100,50,0,1,0,3,False
1811.543,7757,ACTIVE_ROUND,14,3,10,70.000,,,MiniBoo,Team Heretics,raze,True,100,,0,0,0,1,False,RieNs,Team Heretics,fade,True,100,,0,0,1,1,False,Boo,Team Heretics,omen,True,100,,1,1,1,1,False,benjyfishy,Team Heretics,deadlock,True,100,,0,0,0,1,False,Wo0t,Team Heretics,chamber,True,100,25,0,3,1,1,False,grubinho,GIANTX,omen,True,100,25,2,1,0,1,False,ara,GIANTX,raze,True,100,25,0,0,1,0,False,Cloud,GIANTX,fade,True,100,25,1,1,0,1,False,Flickless,GIANTX,viper,True,100,25,1,0,0,1,False,westside,GIANTX,cypher,True,100,50,0,1,0,3,False
1811.777,7758,ACTIVE_ROUND,14,3,10,70.000,,,MiniBoo,Team Heretics,raze,True,100,,0,0,0,1,False,RieNs,Team Heretics,fade,True,100,,0,0,1,1,False,Boo,Team Heretics,omen,True,100,,1,1,1,1,False,benjyfishy,Team Heretics,deadlock,True,100,,0,0,0,1,False,Wo0t,Team Heretics,chamber,True,100,25,0,3,1,1,False,grubinho,GIANTX,omen,True,100,25,2,1,0,1,False,ara,GIANTX,raze,True,100,25,0,0,1,0,False,Cloud,GIANTX,fade,True,100,25,1,1,0,1,False,Flickless,GIANTX,viper,True,100,25,1,0,0,1,False,westside,GIANTX,cypher,True,100,50,0,1,0,3,False
1812.010,7759,ACTIVE_ROUND,14,3,10,69.000,,,MiniBoo,Team Heretics,raze,True,100,,0,0,0,1,False,RieNs,Team Heretics,fade,True,100,,0,0,1,1,False,Boo,Team Heretics,omen,True,100,,1,1,1,1,False,benjyfishy,Team Heretics,deadlock,True,100,,0,0,0,1,False,Wo0t,Team Heretics,chamber,True,100,25,0,3,1,1,False,grubinho,GIANTX,omen,True,100,25,2,1,0,1,False,ara,GIANTX,raze,True,100,25,0,0,1,0,False,Cloud,GIANTX,fade,True,100,25,1,1,0,1,False,Flickless,GIANTX,viper,True,100,25,1,0,0,1,False,westside,GIANTX,cypher,True,100,50,0,1,0,3,False
1812.244,7760,ACTIVE_ROUND,14,3,10,69.000,,,MiniBoo,Team Heretics,raze,True,100,,0,0,0,1,False,RieNs,Team Heretics,fade,True,100,,0,0,1,1,False,Boo,Team Heretics,omen,True,100,,1,1,1,1,False,benjyfishy,Team Heretics,deadlock,True,100,,0,0,0,1,False,Wo0t,Team Heretics,chamber,True,100,25,0,3,1,1,False,grubinho,GIANTX,omen,True,100,25,2,1,0,1,False,ara,GIANTX,raze,True,100,25,0,0,1,0,False,Cloud,GIANTX,fade,True,100,25,1,1,0,1,False,Flickless,GIANTX,viper,True,100,25,1,0,0,1,False,westside,GIANTX,cypher,True,100,50,0,1,0,3,False
1812.477,7761,ACTIVE_ROUND,14,3,10,69.000,,,MiniBoo,Team Heretics,raze,True,100,,0,0,0,1,False,RieNs,Team Heretics,fade,True,100,,0,0,1,1,False,Boo,Team Heretics,omen,True,100,,1,1,1,1,False,benjyfishy,Team Heretics,deadlock,True,100,,0,0,0,1,False,Wo0t,Team Heretics,chamber,True,100,25,0,3,1,1,False,grubinho,GIANTX,omen,True,100,25,2,1,0,1,False,ara,GIANTX,raze,True,100,25,0,0,1,0,False,Cloud,GIANTX,fade,True,100,25,1,1,0,1,False,Flickless,GIANTX,viper,True,100,25,1,0,0,1,False,westside,GIANTX,cypher,True,100,50,0,1,0,3,False
1812.711,7762,ACTIVE_ROUND,14,3,10,69.000,,,MiniBoo,Team Heretics,raze,True,100,,0,0,0,1,False,RieNs,Team Heretics,fade,True,100,,0,0,1,1,False,Boo,Team Heretics,omen,True,100,,1,1,1,1,False,benjyfishy,Team Heretics,deadlock,True,100,,0,0,0,1,False,Wo0t,Team Heretics,chamber,True,100,25,0,3,1,1,False,grubinho,GIANTX,omen,True,100,25,2,1,0,1,False,ara,GIANTX,raze,True,100,25,0,0,1,0,False,Cloud,GIANTX,fade,True,100,25,1,1,0,1,False,Flickless,GIANTX,viper,True,100,25,1,0,0,1,False,westside,GIANTX,cypher,True,100,50,0,1,0,3,False
1812.944,7763,ACTIVE_ROUND,14,3,10,69.000,,,MiniBoo,Team Heretics,raze,True,100,,0,0,0,1,False,RieNs,Team Heretics,fade,True,100,,0,0,1,1,False,Boo,Team Heretics,omen,True,100,,1,1,1,1,False,benjyfishy,Team Heretics,deadlock,True,100,,0,0,0,1,False,Wo0t,Team Heretics,chamber,True,100,25,0,3,1,1,False,grubinho,GIANTX,omen,True,100,25,2,1,0,1,False,ara,GIANTX,raze,True,100,25,0,0,1,0,False,Cloud,GIANTX,fade,True,100,25,1,1,0,1,False,Flickless,GIANTX,viper,True,100,25,1,0,0,1,False,westside,GIANTX,cypher,True,100,50,0,1,0,3,False
1813.178,7764,ACTIVE_ROUND,14,3,10,68.000,,,MiniBoo,Team Heretics,raze,True,100,,0,0,0,1,False,RieNs,Team Heretics,fade,True,100,,0,0,1,1,False,Boo,Team Heretics,omen,True,100,,1,1,2,1,False,benjyfishy,Team Heretics,deadlock,True,100,,0,0,0,1,False,Wo0t,Team Heretics,chamber,True,100,25,0,3,1,1,False,grubinho,GIANTX,omen,True,100,25,2,1,1,1,False,ara,GIANTX,raze,True,100,25,0,0,1,0,False,Cloud,GIANTX,fade,True,100,25,1,1,0,1,False,Flickless,GIANTX,viper,True,100,25,1,0,0,1,False,westside,GIANTX,cypher,True,100,50,0,1,0,3,False
1813.412,7765,ACTIVE_ROUND,14,3,10,68.000,,,MiniBoo,Team Heretics,raze,True,100,,0,0,0,1,False,RieNs,Team Heretics,fade,True,100,,0,0,1,1,False,Boo,Team Heretics,omen,True,100,,1,1,2,1,False,benjyfishy,Team Heretics,deadlock,True,100,,0,0,0,1,False,Wo0t,Team Heretics,chamber,True,100,25,0,3,1,1,False,grubinho,GIANTX,omen,True,100,25,2,1,1,1,False,ara,GIANTX,raze,True,100,25,0,0,1,0,False,Cloud,GIANTX,fade,True,100,25,1,1,0,1,False,Flickless,GIANTX,viper,True,100,25,1,0,0,1,False,westside,GIANTX,cypher,True,100,8,0,1,0,3,False
1813.645,7766,ACTIVE_ROUND,14,3,10,68.000,,,MiniBoo,Team Heretics,raze,True,100,,0,0,0,1,False,RieNs,Team Heretics,fade,True,100,,0,0,1,1,False,Boo,Team Heretics,omen,True,100,,1,1,2,1,False,benjyfishy,Team Heretics,deadlock,True,100,,0,0,0,1,False,Wo0t,Team Heretics,chamber,True,100,25,0,3,1,1,False,grubinho,GIANTX,omen,True,100,25,2,1,1,1,False,ara,GIANTX,raze,True,100,25,0,0,1,0,False,Cloud,GIANTX,fade,True,100,25,1,1,0,1,False,Flickless,GIANTX,viper,True,100,25,1,0,0,1,False,westside,GIANTX,cypher,True,100,8,0,1,0,3,False
1813.879,7767,ACTIVE_ROUND,14,3,10,68.000,,,MiniBoo,Team Heretics,raze,True,100,,0,0,0,1,False,RieNs,Team Heretics,fade,True,100,,0,0,1,1,False,Boo,Team Heretics,omen,True,100,,1,1,2,1,False,benjyfishy,Team Heretics,deadlock,True,100,,0,0,0,1,False,Wo0t,Team Heretics,chamber,True,100,25,0,3,1,1,False,grubinho,GIANTX,omen,True,100,25,2,1,1,1,False,ara,GIANTX,raze,True,100,25,0,0,1,0,False,Cloud,GIANTX,fade,True,100,25,1,1,0,1,False,Flickless,GIANTX,viper,True,100,25,1,0,0,1,False,westside,GIANTX,cypher,True,100,8,0,1,0,3,False
1814.112,7768,ACTIVE_ROUND,14,3,10,67.000,,,MiniBoo,Team Heretics,raze,True,100,,0,0,0,1,False,RieNs,Team Heretics,fade,True,100,,0,0,1,1,False,Boo,Team Heretics,omen,True,100,,1,1,2,1,False,benjyfishy,Team Heretics,deadlock,True,100,,0,0,0,1,False,Wo0t,Team Heretics,chamber,True,100,25,0,3,1,1,False,grubinho,GIANTX,omen,True,100,25,2,1,1,1,False,ara,GIANTX,raze,True,100,25,0,0,1,0,False,Cloud,GIANTX,fade,True,100,25,1,1,0,1,False,Flickless,GIANTX,viper,True,100,25,1,0,0,1,False,westside,GIANTX,cypher,True,100,8,0,1,0,3,False
1814.346,7769,ACTIVE_ROUND,14,3,10,67.000,,,MiniBoo,Team Heretics,raze,True,100,,0,0,0,1,False,RieNs,Team Heretics,fade,True,100,,0,0,1,1,False,Boo,Team Heretics,omen,True,100,,1,1,2,1,False,benjyfishy,Team Heretics,deadlock,True,100,,0,0,0,1,False,Wo0t,Team Heretics,chamber,True,100,25,0,3,1,1,False,grubinho,GIANTX,omen,True,100,25,2,1,1,1,False,ara,GIANTX,raze,True,100,25,0,0,1,0,False,Cloud,GIANTX,fade,True,100,25,1,1,0,1,False,Flickless,GIANTX,viper,True,100,25,1,0,0,1,False,westside,GIANTX,cypher,True,100,8,0,1,0,3,False
1814.579,7770,ACTIVE_ROUND,14,3,10,67.000,,,MiniBoo,Team Heretics,raze,True,100,,0,0,0,1,False,RieNs,Team Heretics,fade,True,100,,0,0,1,1,False,Boo,Team Heretics,omen,True,100,,1,1,2,1,False,benjyfishy,Team Heretics,deadlock,True,100,,0,0,0,1,False,Wo0t,Team Heretics,chamber,True,100,25,0,3,1,1,False,grubinho,GIANTX,omen,True,100,25,2,1,1,1,False,ara,GIANTX,raze,True,100,25,0,0,1,0,False,Cloud,GIANTX,fade,True,100,25,1,1,0,1,False,Flickless,GIANTX,viper,True,100,25,1,0,0,1,False,westside,GIANTX,cypher,True,100,8,0,1,0,3,False
1814.813,7771,ACTIVE_ROUND,14,3,10,67.000,,,MiniBoo,Team Heretics,raze,True,100,,0,0,0,1,False,RieNs,Team Heretics,fade,True,100,,0,0,1,1,False,Boo,Team Heretics,omen,True,100,,1,1,2,1,False,benjyfishy,Team Heretics,deadlock,True,100,,0,0,0,1,False,Wo0t,Team Heretics,chamber,True,100,25,0,3,1,1,False,grubinho,GIANTX,omen,True,100,25,2,1,1,1,False,ara,GIANTX,raze,True,100,25,0,0,1,0,False,Cloud,GIANTX,fade,True,100,25,1,1,0,1,False,Flickless,GIANTX,viper,True,100,25,1,0,0,1,False,westside,GIANTX,cypher,True,100,8,0,1,0,3,False
1815.047,7772,ACTIVE_ROUND,14,3,10,66.000,,,MiniBoo,Team Heretics,raze,True,100,,0,0,0,1,False,RieNs,Team Heretics,fade,True,100,,0,0,1,1,False,Boo,Team Heretics,omen,True,100,,1,1,2,1,False,benjyfishy,Team Heretics,deadlock,True,100,,0,0,0,1,False,Wo0t,Team Heretics,chamber,True,100,25,0,3,1,1,False,grubinho,GIANTX,omen,True,100,25,2,1,1,1,False,ara,GIANTX,raze,True,100,25,0,0,1,0,False,Cloud,GIANTX,fade,True,100,25,1,1,0,1,False,Flickless,GIANTX,viper,True,100,25,1,0,0,1,False,westside,GIANTX,cypher,True,100,8,0,1,0,3,False
1815.280,7773,ACTIVE_ROUND,14,3,10,66.000,,,MiniBoo,Team Heretics,raze,True,100,,0,0,0,1,False,RieNs,Team Heretics,fade,True,100,,0,0,1,1,False,Boo,Team Heretics,omen,True,100,,1,1,1,1,False,benjyfishy,Team Heretics,deadlock,True,100,,0,0,0,1,False,Wo0t,Team Heretics,chamber,True,100,25,0,3,1,1,False,grubinho,GIANTX,omen,True,100,25,2,1,1,1,False,ara,GIANTX,raze,True,100,25,0,0,1,0,False,Cloud,GIANTX,fade,True,100,25,1,1,0,1,False,Flickless,GIANTX,viper,True,100,25,1,0,0,1,False,westside,GIANTX,cypher,True,100,8,0,1,0,3,False
1815.514,7774,ACTIVE_ROUND,14,3,10,66.000,,,MiniBoo,Team Heretics,raze,True,100,,0,0,0,1,False,RieNs,Team Heretics,fade,True,100,,0,0,1,1,False,Boo,Team Heretics,omen,True,100,,1,1,1,1,False,benjyfishy,Team Heretics,deadlock,True,100,,0,0,0,1,False,Wo0t,Team Heretics,chamber,True,100,25,0,3,1,1,False,grubinho,GIANTX,omen,True,100,25,2,1,1,1,False,ara,GIANTX,raze,True,100,25,0,0,1,0,False,Cloud,GIANTX,fade,True,100,25,1,1,0,1,False,Flickless,GIANTX,viper,True,100,25,1,0,0,1,False,westside,GIANTX,cypher,True,100,8,0,1,0,3,False
1815.747,7775,ACTIVE_ROUND,14,3,10,66.000,,,MiniBoo,Team Heretics,raze,True,100,,0,0,0,1,False,RieNs,Team Heretics,fade,True,100,,0,0,1,1,False,Boo,Team Heretics,omen,True,100,,1,1,1,1,False,benjyfishy,Team Heretics,deadlock,True,100,,0,0,0,1,False,Wo0t,Team Heretics,chamber,True,100,25,0,3,1,1,False,grubinho,GIANTX,omen,True,100,25,2,1,1,1,False,ara,GIANTX,raze,True,100,25,0,0,1,0,False,Cloud,GIANTX,fade,True,100,25,1,1,0,1,False,Flickless,GIANTX,viper,True,100,25,1,0,0,1,False,westside,GIANTX,cypher,True,100,8,0,1,0,3,False
1815.981,7776,ACTIVE_ROUND,14,3,10,65.000,,,MiniBoo,Team Heretics,raze,True,100,,0,0,0,1,False,RieNs,Team Heretics,fade,True,100,,0,0,1,1,False,Boo,Team Heretics,omen,True,100,,1,1,1,1,False,benjyfishy,Team Heretics,deadlock,True,100,,0,0,0,1,False,Wo0t,Team Heretics,chamber,True,100,25,0,3,1,1,False,grubinho,GIANTX,omen,True,100,25,2,1,1,1,False,ara,GIANTX,raze,True,100,25,0,0,1,0,False,Cloud,GIANTX,fade,True,100,25,1,1,0,1,False,Flickless,GIANTX,viper,True,100,25,1,0,0,1,False,westside,GIANTX,cypher,True,100,50,0,1,0,3,False
1816.214,7777,ACTIVE_ROUND,14,3,10,65.000,,,MiniBoo,Team Heretics,raze,True,100,,0,0,0,1,False,RieNs,Team Heretics,fade,True,100,,0,0,1,1,False,Boo,Team Heretics,omen,True,100,,0,1,1,1,False,benjyfishy,Team Heretics,deadlock,True,100,,0,0,0,1,False,Wo0t,Team Heretics,chamber,True,100,25,0,3,1,1,False,grubinho,GIANTX,omen,True,100,25,2,1,1,1,False,ara,GIANTX,raze,True,100,25,0,0,1,0,False,Cloud,GIANTX,fade,True,100,25,1,1,0,1,False,Flickless,GIANTX,viper,True,100,25,1,0,0,1,False,westside,GIANTX,cypher,True,100,50,0,1,0,3,False
1816.448,7778,ACTIVE_ROUND,14,3,10,65.000,,,MiniBoo,Team Heretics,raze,True,100,,0,0,0,1,False,RieNs,Team Heretics,fade,True,100,,0,0,1,1,False,Boo,Team Heretics,omen,True,100,,0,1,1,1,False,benjyfishy,Team Heretics,deadlock,True,100,,0,0,0,1,False,Wo0t,Team Heretics,chamber,True,100,25,0,3,1,1,False,grubinho,GIANTX,omen,True,100,25,2,1,1,1,False,ara,GIANTX,raze,True,100,25,0,0,1,0,False,Cloud,GIANTX,fade,True,100,25,1,1,0,1,False,Flickless,GIANTX,viper,True,100,25,1,0,0,1,False,westside,GIANTX,cypher,True,100,50,0,1,0,3,False
1816.682,7779,ACTIVE_ROUND,14,3,10,65.000,,,MiniBoo,Team Heretics,raze,True,100,,0,0,0,1,False,RieNs,Team Heretics,fade,True,100,,0,0,1,1,False,Boo,Team Heretics,omen,True,100,,0,1,1,1,False,benjyfishy,Team Heretics,deadlock,True,100,,0,0,0,1,False,Wo0t,Team Heretics,chamber,True,100,25,0,3,1,1,False,grubinho,GIANTX,omen,True,100,25,2,1,1,1,False,ara,GIANTX,raze,True,100,25,0,0,1,0,False,Cloud,GIANTX,fade,True,100,25,1,1,0,1,False,Flickless,GIANTX,viper,True,100,25,1,0,0,1,False,westside,GIANTX,cypher,True,100,50,0,1,0,3,False
1816.915,7780,ACTIVE_ROUND,14,3,10,65.000,,,MiniBoo,Team Heretics,raze,True,100,,0,0,0,1,False,RieNs,Team Heretics,fade,True,100,,0,0,1,1,False,Boo,Team Heretics,omen,True,100,,0,1,1,1,False,benjyfishy,Team Heretics,deadlock,True,100,,0,0,0,1,False,Wo0t,Team Heretics,chamber,True,100,25,0,3,1,1,False,grubinho,GIANTX,omen,True,100,25,2,1,1,1,False,ara,GIANTX,raze,True,100,25,0,0,1,0,False,Cloud,GIANTX,fade,True,100,25,1,1,0,1,False,Flickless,GIANTX,viper,True,100,25,1,0,0,1,False,westside,GIANTX,cypher,True,100,50,0,1,0,3,False
1817.149,7781,ACTIVE_ROUND,14,3,10,64.000,,,MiniBoo,Team Heretics,raze,True,100,,0,0,0,1,False,RieNs,Team Heretics,fade,True,100,,0,0,1,1,False,Boo,Team Heretics,omen,True,100,,0,1,1,1,False,benjyfishy,Team Heretics,deadlock,True,100,,0,0,0,1,False,Wo0t,Team Heretics,chamber,True,100,25,0,3,1,1,False,grubinho,GIANTX,omen,True,100,25,2,1,1,1,False,ara,GIANTX,raze,True,100,25,0,0,1,0,False,Cloud,GIANTX,fade,True,100,25,1,1,0,1,False,Flickless,GIANTX,viper,True,100,25,1,0,0,1,False,westside,GIANTX,cypher,True,100,50,0,1,0,3,False
1817.382,7782,ACTIVE_ROUND,14,3,10,64.000,,,MiniBoo,Team Heretics,raze,True,100,,0,0,0,1,False,RieNs,Team Heretics,fade,True,100,,0,0,1,1,False,Boo,Team Heretics,omen,True,100,,0,1,1,1,False,benjyfishy,Team Heretics,deadlock,True,100,,0,0,0,1,False,Wo0t,Team Heretics,chamber,True,100,25,0,3,1,1,False,grubinho,GIANTX,omen,True,100,25,2,1,1,1,False,ara,GIANTX,raze,True,100,25,0,0,1,0,False,Cloud,GIANTX,fade,True,100,25,1,1,0,1,False,Flickless,GIANTX,viper,True,100,25,1,0,0,1,False,westside,GIANTX,cypher,True,100,50,0,1,0,3,False
1817.616,7783,ACTIVE_ROUND,14,3,10,64.000,,,MiniBoo,Team Heretics,raze,True,100,,0,0,0,1,False,RieNs,Team Heretics,fade,True,100,,0,0,1,1,False,Boo,Team Heretics,omen,True,100,,0,1,1,1,False,benjyfishy,Team Heretics,deadlock,True,100,,0,0,0,1,False,Wo0t,Team Heretics,chamber,True,100,25,0,3,1,1,False,grubinho,GIANTX,omen,True,100,25,2,1,1,1,False,ara,GIANTX,raze,True,100,25,0,0,1,0,False,Cloud,GIANTX,fade,True,100,25,1,1,0,1,False,Flickless,GIANTX,viper,True,100,25,1,0,0,1,False,westside,GIANTX,cypher,True,100,50,0,1,0,3,False
1817.849,7784,ACTIVE_ROUND,14,3,10,64.000,,,MiniBoo,Team Heretics,raze,True,100,,0,0,0,1,False,RieNs,Team Heretics,fade,True,100,,0,0,1,1,False,Boo,Team Heretics,omen,True,100,,0,1,1,1,False,benjyfishy,Team Heretics,deadlock,True,100,,0,0,0,1,False,Wo0t,Team Heretics,chamber,True,100,25,0,3,1,1,False,grubinho,GIANTX,omen,True,100,25,2,1,1,1,False,ara,GIANTX,raze,True,100,25,0,0,1,0,False,Cloud,GIANTX,fade,True,100,25,1,1,0,1,False,Flickless,GIANTX,viper,True,100,25,1,0,0,1,False,westside,GIANTX,cypher,True,100,50,0,1,0,3,False
1818.083,7785,ACTIVE_ROUND,14,3,10,63.000,,,MiniBoo,Team Heretics,raze,True,100,,0,0,0,1,False,RieNs,Team Heretics,fade,True,100,,0,0,1,1,False,Boo,Team Heretics,omen,True,100,,0,1,1,1,False,benjyfishy,Team Heretics,deadlock,True,100,,0,0,0,1,False,Wo0t,Team Heretics,chamber,True,100,25,0,3,1,1,False,grubinho,GIANTX,omen,True,100,25,2,1,1,1,False,ara,GIANTX,raze,True,100,25,0,0,1,0,False,Cloud,GIANTX,fade,True,100,25,1,1,0,1,False,Flickless,GIANTX,viper,True,100,25,1,0,0,1,False,westside,GIANTX,cypher,True,100,50,0,1,0,3,False
1818.317,7786,ACTIVE_ROUND,14,3,10,63.000,,,MiniBoo,Team Heretics,raze,True,100,,0,0,0,1,False,RieNs,Team Heretics,fade,True,100,,0,0,0,1,False,Boo,Team Heretics,omen,True,100,,0,1,1,1,False,benjyfishy,Team Heretics,deadlock,True,100,,0,0,0,1,False,Wo0t,Team Heretics,chamber,True,100,25,0,3,1,1,False,grubinho,GIANTX,omen,True,100,25,2,1,1,1,False,ara,GIANTX,raze,True,100,25,0,0,1,0,False,Cloud,GIANTX,fade,True,100,25,1,1,0,1,False,Flickless,GIANTX,viper,True,100,25,1,0,0,1,False,westside,GIANTX,cypher,True,100,50,0,1,0,3,False
1818.550,7787,ACTIVE_ROUND,14,3,10,63.000,,,MiniBoo,Team Heretics,raze,True,100,,0,0,0,1,False,RieNs,Team Heretics,fade,True,100,,0,0,0,1,False,Boo,Team Heretics,omen,True,100,,0,1,1,1,False,benjyfishy,Team Heretics,deadlock,True,100,,0,0,0,1,False,Wo0t,Team Heretics,chamber,True,100,25,0,3,1,1,False,grubinho,GIANTX,omen,True,100,25,2,1,1,1,False,ara,GIANTX,raze,True,100,25,0,0,1,0,False,Cloud,GIANTX,fade,True,100,25,1,1,0,1,False,Flickless,GIANTX,viper,True,100,25,1,0,0,1,False,westside,GIANTX,cypher,True,100,50,0,1,0,3,False
1818.784,7788,ACTIVE_ROUND,14,3,10,63.000,,,MiniBoo,Team Heretics,raze,True,100,,0,0,0,1,False,RieNs,Team Heretics,fade,True,100,,0,0,0,1,False,Boo,Team Heretics,omen,True,100,,0,1,1,1,False,benjyfishy,Team Heretics,deadlock,True,100,,0,0,0,1,False,Wo0t,Team Heretics,chamber,True,100,25,0,3,1,1,False,grubinho,GIANTX,omen,True,100,25,2,1,1,1,False,ara,GIANTX,raze,True,100,25,0,0,1,0,False,Cloud,GIANTX,fade,True,100,25,1,1,0,1,False,Flickless,GIANTX,viper,True,100,25,1,0,0,1,False,westside,GIANTX,cypher,True,100,50,0,1,0,3,False
1819.017,7789,ACTIVE_ROUND,14,3,10,62.000,,,MiniBoo,Team Heretics,raze,True,100,,0,0,0,1,False,RieNs,Team Heretics,fade,True,100,,0,0,0,1,False,Boo,Team Heretics,omen,True,100,,0,1,1,1,False,benjyfishy,Team Heretics,deadlock,True,100,,0,0,0,1,False,Wo0t,Team Heretics,chamber,True,100,25,0,3,1,1,False,grubinho,GIANTX,omen,True,100,25,2,1,1,1,False,ara,GIANTX,raze,True,100,25,0,0,1,0,False,Cloud,GIANTX,fade,True,100,25,1,1,0,1,False,Flickless,GIANTX,viper,True,100,25,1,0,0,1,False,westside,GIANTX,cypher,True,100,50,0,1,0,3,False
1819.251,7790,ACTIVE_ROUND,14,3,10,62.000,,,MiniBoo,Team Heretics,raze,True,100,,0,0,0,1,False,RieNs,Team Heretics,fade,True,100,,0,0,0,1,False,Boo,Team Heretics,omen,True,100,,0,1,1,1,False,benjyfishy,Team Heretics,deadlock,True,100,,0,0,0,1,False,Wo0t,Team Heretics,chamber,True,100,25,0,3,1,1,False,grubinho,GIANTX,omen,True,100,25,1,1,1,1,False,ara,GIANTX,raze,True,100,25,0,0,1,0,False,Cloud,GIANTX,fade,True,100,25,1,1,0,1,False,Flickless,GIANTX,viper,True,100,25,1,0,0,1,False,westside,GIANTX,cypher,True,100,50,0,1,0,3,False
1819.484,7791,ACTIVE_ROUND,14,3,10,62.000,,,MiniBoo,Team Heretics,raze,True,100,,0,0,0,1,False,RieNs,Team Heretics,fade,True,100,,0,0,0,1,False,Boo,Team Heretics,omen,True,100,,0,1,1,1,False,benjyfishy,Team Heretics,deadlock,True,100,,0,0,0,1,False,Wo0t,Team Heretics,chamber,True,100,25,0,3,1,1,False,grubinho,GIANTX,omen,True,100,25,1,1,1,1,False,ara,GIANTX,raze,True,100,25,0,0,1,0,False,Cloud,GIANTX,fade,True,100,25,1,1,0,1,False,Flickless,GIANTX,viper,True,100,25,1,0,0,1,False,westside,GIANTX,cypher,True,100,50,0,1,0,3,False
1819.718,7792,ACTIVE_ROUND,14,3,10,62.000,,,MiniBoo,Team Heretics,raze,True,100,,0,0,0,1,False,RieNs,Team Heretics,fade,True,100,,0,0,0,1,False,Boo,Team Heretics,omen,True,100,,0,1,1,1,False,benjyfishy,Team Heretics,deadlock,True,100,,0,0,0,1,False,Wo0t,Team Heretics,chamber,True,100,25,0,3,1,1,False,grubinho,GIANTX,omen,True,100,25,1,1,1,1,False,ara,GIANTX,raze,True,100,25,0,0,1,0,False,Cloud,GIANTX,fade,True,100,25,1,1,0,1,False,Flickless,GIANTX,viper,True,100,25,1,0,0,1,False,westside,GIANTX,cypher,True,100,50,0,1,0,3,False
1819.951,7793,ACTIVE_ROUND,14,3,10,62.000,,,MiniBoo,Team Heretics,raze,True,100,,0,0,0,1,False,RieNs,Team Heretics,fade,True,100,,0,0,0,1,False,Boo,Team Heretics,omen,True,100,,0,1,1,1,False,benjyfishy,Team Heretics,deadlock,True,100,,0,0,0,1,False,Wo0t,Team Heretics,chamber,True,100,25,0,3,1,1,False,grubinho,GIANTX,omen,True,100,25,1,1,1,1,False,ara,GIANTX,raze,True,100,25,0,0,1,0,False,Cloud,GIANTX,fade,True,100,25,1,1,0,1,False,Flickless,GIANTX,viper,True,100,25,1,0,0,1,False,westside,GIANTX,cypher,True,100,50,0,1,0,3,False
1820.185,7794,ACTIVE_ROUND,14,3,10,61.000,,,MiniBoo,Team Heretics,raze,True,100,,0,0,0,1,False,RieNs,Team Heretics,fade,True,100,,0,0,0,1,False,Boo,Team Heretics,omen,True,100,,0,1,1,1,False,benjyfishy,Team Heretics,deadlock,True,100,,0,0,0,1,False,Wo0t,Team Heretics,chamber,True,100,25,0,3,1,1,False,grubinho,GIANTX,omen,True,100,25,1,1,1,1,False,ara,GIANTX,raze,True,100,25,0,0,1,0,False,Cloud,GIANTX,fade,True,100,25,1,1,0,1,False,Flickless,GIANTX,viper,True,100,25,1,0,0,1,False,westside,GIANTX,cypher,True,100,50,0,1,0,3,False
1820.419,7795,ACTIVE_ROUND,14,3,10,61.000,,,MiniBoo,Team Heretics,raze,True,100,,0,0,0,1,False,RieNs,Team Heretics,fade,True,100,,0,0,0,1,False,Boo,Team Heretics,omen,True,100,,0,1,1,1,False,benjyfishy,Team Heretics,deadlock,True,100,,0,0,0,1,False,Wo0t,Team Heretics,chamber,True,100,25,0,3,1,1,False,grubinho,GIANTX,omen,True,100,25,1,1,1,1,False,ara,GIANTX,raze,True,100,25,0,0,1,0,False,Cloud,GIANTX,fade,True,100,25,1,1,0,1,False,Flickless,GIANTX,viper,True,100,25,1,0,0,1,False,westside,GIANTX,cypher,True,100,50,0,1,0,3,False
1820.652,7796,ACTIVE_ROUND,14,3,10,61.000,,,MiniBoo,Team Heretics,raze,True,100,,0,0,0,1,False,RieNs,Team Heretics,fade,True,100,,0,0,0,1,False,Boo,Team Heretics,omen,True,100,,0,1,1,1,False,benjyfishy,Team Heretics,deadlock,True,100,,0,0,0,1,False,Wo0t,Team Heretics,chamber,True,100,25,0,3,1,1,False,grubinho,GIANTX,omen,True,100,25,1,1,1,1,False,ara,GIANTX,raze,True,100,25,0,0,1,0,False,Cloud,GIANTX,fade,True,100,25,1,1,0,1,False,Flickless,GIANTX,viper,True,100,25,1,0,0,1,False,westside,GIANTX,cypher,True,100,50,0,1,0,3,False
1820.886,7797,ACTIVE_ROUND,14,3,10,61.000,,,MiniBoo,Team Heretics,raze,True,100,,0,0,0,1,False,RieNs,Team Heretics,fade,True,100,,0,0,0,1,False,Boo,Team Heretics,omen,True,100,,0,1,1,1,False,benjyfishy,Team Heretics,deadlock,True,100,,0,0,0,1,False,Wo0t,Team Heretics,chamber,True,100,25,0,3,1,1,False,grubinho,GIANTX,omen,True,100,25,1,1,1,1,False,ara,GIANTX,raze,True,100,25,0,0,1,0,False,Cloud,GIANTX,fade,True,100,25,1,1,0,1,False,Flickless,GIANTX,viper,True,100,25,1,0,0,1,False,westside,GIANTX,cypher,True,100,50,0,1,0,3,False
1821.119,7798,ACTIVE_ROUND,14,3,10,60.000,,,MiniBoo,Team Heretics,raze,True,100,,0,0,0,1,False,RieNs,Team Heretics,fade,True,100,,0,0,0,1,False,Boo,Team Heretics,omen,True,100,,0,1,1,1,False,benjyfishy,Team Heretics,deadlock,True,100,,0,0,0,1,False,Wo0t,Team Heretics,chamber,True,100,25,0,3,1,1,False,grubinho,GIANTX,omen,True,100,25,1,1,1,1,False,ara,GIANTX,raze,True,100,25,0,0,1,0,False,Cloud,GIANTX,fade,True,100,25,1,1,0,1,False,Flickless,GIANTX,viper,True,100,25,1,0,0,1,False,westside,GIANTX,cypher,True,100,50,0,1,0,3,False
1821.353,7799,ACTIVE_ROUND,14,3,10,60.000,,,MiniBoo,Team Heretics,raze,True,100,,0,0,0,1,False,RieNs,Team Heretics,fade,True,100,,0,0,0,1,False,Boo,Team Heretics,omen,True,100,,0,1,1,1,False,benjyfishy,Team Heretics,deadlock,True,100,,0,0,0,1,False,Wo0t,Team Heretics,chamber,True,100,25,0,3,1,1,False,grubinho,GIANTX,omen,True,100,25,1,1,1,1,False,ara,GIANTX,raze,True,100,25,0,0,1,0,False,Cloud,GIANTX,fade,True,100,25,1,1,0,1,False,Flickless,GIANTX,viper,True,100,25,1,0,0,1,False,westside,GIANTX,cypher,True,100,50,0,1,0,3,False
1821.586,7800,ACTIVE_ROUND,14,3,10,60.000,,,MiniBoo,Team Heretics,raze,True,100,,0,0,0,1,False,RieNs,Team Heretics,fade,True,100,,0,0,0,1,False,Boo,Team Heretics,omen,True,100,,0,1,1,1,False,benjyfishy,Team Heretics,deadlock,True,100,,0,0,0,1,False,Wo0t,Team Heretics,chamber,True,100,25,0,3,1,1,False,grubinho,GIANTX,omen,True,100,25,1,1,1,1,False,ara,GIANTX,raze,True,100,25,0,0,1,0,False,Cloud,GIANTX,fade,True,100,25,1,1,0,1,False,Flickless,GIANTX,viper,True,100,25,1,0,0,1,False,westside,GIANTX,cypher,True,100,50,0,1,0,3,False
1821.820,7801,ACTIVE_ROUND,14,3,10,60.000,,,MiniBoo,Team Heretics,raze,True,100,,0,0,0,1,False,RieNs,Team Heretics,fade,True,100,,0,0,0,1,False,Boo,Team Heretics,omen,True,100,,0,1,1,1,False,benjyfishy,Team Heretics,deadlock,True,100,,0,0,0,1,False,Wo0t,Team Heretics,chamber,True,100,25,0,3,1,1,False,grubinho,GIANTX,omen,True,100,25,1,1,1,1,False,ara,GIANTX,raze,True,100,25,0,0,1,0,False,Cloud,GIANTX,fade,True,100,25,1,1,0,1,False,Flickless,GIANTX,viper,True,100,25,1,0,0,1,False,westside,GIANTX,cypher,True,100,50,0,1,0,3,False
1822.054,7802,ACTIVE_ROUND,14,3,10,59.000,,,MiniBoo,Team Heretics,raze,True,100,,0,0,0,1,False,RieNs,Team Heretics,fade,True,100,,0,0,0,1,False,Boo,Team Heretics,omen,True,100,,0,1,1,1,False,benjyfishy,Team Heretics,deadlock,True,100,,0,0,0,1,False,Wo0t,Team Heretics,chamber,True,100,25,0,3,1,1,False,grubinho,GIANTX,omen,True,100,25,1,1,1,1,False,ara,GIANTX,raze,True,100,25,0,0,1,0,False,Cloud,GIANTX,fade,True,100,25,1,1,0,1,False,Flickless,GIANTX,viper,True,100,25,1,0,0,1,False,westside,GIANTX,cypher,True,100,50,0,1,0,3,False
1822.287,7803,ACTIVE_ROUND,14,3,10,59.000,,,MiniBoo,Team Heretics,raze,True,100,,0,0,0,1,False,RieNs,Team Heretics,fade,True,100,,0,0,0,1,False,Boo,Team Heretics,omen,True,100,,0,1,1,1,False,benjyfishy,Team Heretics,deadlock,True,100,,0,0,0,1,False,Wo0t,Team Heretics,chamber,True,100,25,0,3,1,1,False,grubinho,GIANTX,omen,True,100,25,1,1,1,1,False,ara,GIANTX,raze,True,100,25,0,0,1,0,False,Cloud,GIANTX,fade,True,100,25,1,1,0,1,False,Flickless,GIANTX,viper,True,100,25,1,0,0,1,False,westside,GIANTX,cypher,True,100,50,0,1,0,3,False
1822.521,7804,ACTIVE_ROUND,14,3,10,59.000,,,MiniBoo,Team Heretics,raze,True,100,,0,0,0,1,False,RieNs,Team Heretics,fade,True,100,,0,0,0,1,False,Boo,Team Heretics,omen,True,100,,0,1,1,1,False,benjyfishy,Team Heretics,deadlock,True,100,,0,0,0,1,False,Wo0t,Team Heretics,chamber,True,100,25,0,3,1,1,False,grubinho,GIANTX,omen,True,100,25,1,1,1,1,False,ara,GIANTX,raze,True,100,25,0,0,1,0,False,Cloud,GIANTX,fade,True,100,25,1,1,0,1,False,Flickless,GIANTX,viper,True,100,25,1,0,0,1,False,westside,GIANTX,cypher,True,100,50,0,1,0,3,False
1822.754,7805,ACTIVE_ROUND,14,3,10,59.000,,,MiniBoo,Team Heretics,raze,True,100,,0,0,0,1,False,RieNs,Team Heretics,fade,True,100,,0,0,0,1,False,Boo,Team Heretics,omen,True,100,,0,1,1,1,False,benjyfishy,Team Heretics,deadlock,True,100,,0,0,0,1,False,Wo0t,Team Heretics,chamber,True,100,25,0,3,1,1,False,grubinho,GIANTX,omen,True,100,25,1,1,1,1,False,ara,GIANTX,raze,True,100,25,0,0,1,0,False,Cloud,GIANTX,fade,True,100,25,1,1,0,1,False,Flickless,GIANTX,viper,True,100,25,1,0,0,1,False,westside,GIANTX,cypher,True,100,50,0,1,0,3,False
1822.988,7806,ACTIVE_ROUND,14,3,10,58.000,,,MiniBoo,Team Heretics,raze,True,100,,0,0,0,1,False,RieNs,Team Heretics,fade,True,100,,0,0,0,1,False,Boo,Team Heretics,omen,True,100,,0,1,1,1,False,benjyfishy,Team Heretics,deadlock,True,100,,0,0,0,1,False,Wo0t,Team Heretics,chamber,True,100,25,0,3,1,1,False,grubinho,GIANTX,omen,True,100,25,1,1,1,1,False,ara,GIANTX,raze,True,100,25,0,0,1,0,False,Cloud,GIANTX,fade,True,100,25,1,1,0,1,False,Flickless,GIANTX,viper,True,100,5,1,0,0,1,False,westside,GIANTX,cypher,True,100,50,0,1,0,3,False
1823.221,7807,ACTIVE_ROUND,14,3,10,58.000,,,MiniBoo,Team Heretics,raze,True,100,,0,0,0,1,False,RieNs,Team Heretics,fade,True,100,,0,0,0,1,False,Boo,Team Heretics,omen,True,100,,0,1,1,1,False,benjyfishy,Team Heretics,deadlock,True,100,,0,0,0,1,False,Wo0t,Team Heretics,chamber,True,100,25,0,3,1,1,False,grubinho,GIANTX,omen,True,100,25,1,1,1,1,False,ara,GIANTX,raze,True,100,25,0,0,1,0,False,Cloud,GIANTX,fade,True,100,25,1,1,0,1,False,Flickless,GIANTX,viper,True,100,5,1,0,0,1,False,westside,GIANTX,cypher,True,100,50,0,1,0,3,False
1823.455,7808,ACTIVE_ROUND,14,3,10,58.000,,,MiniBoo,Team Heretics,raze,True,100,,0,0,0,1,False,RieNs,Team Heretics,fade,True,100,,0,0,0,1,False,Boo,Team Heretics,omen,True,100,,0,1,1,1,False,benjyfishy,Team Heretics,deadlock,True,100,,0,0,0,1,False,Wo0t,Team Heretics,chamber,True,100,25,0,3,1,1,False,grubinho,GIANTX,omen,True,100,25,1,1,1,1,False,ara,GIANTX,raze,True,100,25,0,0,1,0,False,Cloud,GIANTX,fade,True,100,25,1,1,0,1,False,Flickless,GIANTX,viper,True,100,25,1,0,0,1,False,westside,GIANTX,cypher,True,100,50,0,1,0,3,False
1823.689,7809,ACTIVE_ROUND,14,3,10,58.000,,,MiniBoo,Team Heretics,raze,True,100,,0,0,0,1,False,RieNs,Team Heretics,fade,True,100,,0,0,0,1,False,Boo,Team Heretics,omen,True,100,,0,1,1,1,False,benjyfishy,Team Heretics,deadlock,True,100,,0,0,0,1,False,Wo0t,Team Heretics,chamber,True,100,25,0,3,1,1,False,grubinho,GIANTX,omen,True,100,25,1,1,1,1,False,ara,GIANTX,raze,True,100,25,0,0,1,0,False,Cloud,GIANTX,fade,True,100,25,1,1,0,1,False,Flickless,GIANTX,viper,True,100,25,1,0,0,1,False,westside,GIANTX,cypher,True,100,50,0,1,0,3,False
1823.922,7810,ACTIVE_ROUND,14,3,10,58.000,,,MiniBoo,Team Heretics,raze,True,100,,0,0,0,1,False,RieNs,Team Heretics,fade,True,100,,0,0,0,1,False,Boo,Team Heretics,omen,True,100,,0,1,1,1,False,benjyfishy,Team Heretics,deadlock,True,100,,0,0,0,1,False,Wo0t,Team Heretics,chamber,True,100,25,0,3,1,1,False,grubinho,GIANTX,omen,True,100,25,1,1,1,1,False,ara,GIANTX,raze,True,100,25,0,0,1,0,False,Cloud,GIANTX,fade,True,100,25,1,1,0,1,False,Flickless,GIANTX,viper,True,100,25,1,0,0,1,False,westside,GIANTX,cypher,True,100,50,0,1,0,3,False
1824.156,7811,ACTIVE_ROUND,14,3,10,57.000,,,MiniBoo,Team Heretics,raze,True,100,,0,0,0,1,False,RieNs,Team Heretics,fade,True,100,,0,0,0,1,False,Boo,Team Heretics,omen,True,100,,0,1,1,1,False,benjyfishy,Team Heretics,deadlock,True,100,,0,0,1,1,False,Wo0t,Team Heretics,chamber,True,100,25,0,3,1,1,False,grubinho,GIANTX,omen,True,100,25,1,1,1,1,False,ara,GIANTX,raze,True,100,25,0,0,1,0,False,Cloud,GIANTX,fade,True,100,25,1,1,0,1,False,Flickless,GIANTX,viper,True,100,25,1,0,0,1,False,westside,GIANTX,cypher,True,100,50,0,1,0,3,False
1824.389,7812,ACTIVE_ROUND,14,3,10,57.000,,,MiniBoo,Team Heretics,raze,True,100,,0,0,0,1,False,RieNs,Team Heretics,fade,True,100,,0,0,0,1,False,Boo,Team Heretics,omen,True,100,,0,1,1,1,False,benjyfishy,Team Heretics,deadlock,True,100,,0,0,1,1,False,Wo0t,Team Heretics,chamber,True,100,25,0,3,1,1,False,grubinho,GIANTX,omen,True,100,25,1,1,1,1,False,ara,GIANTX,raze,True,100,25,0,0,1,0,False,Cloud,GIANTX,fade,True,100,25,1,1,0,1,False,Flickless,GIANTX,viper,True,100,25,1,0,0,1,False,westside,GIANTX,cypher,True,100,50,0,1,0,3,False
1824.623,7813,ACTIVE_ROUND,14,3,10,57.000,,,MiniBoo,Team Heretics,raze,True,100,,0,0,0,1,False,RieNs,Team Heretics,fade,True,100,,0,0,0,1,False,Boo,Team Heretics,omen,True,100,,0,1,1,1,False,benjyfishy,Team Heretics,deadlock,True,100,,0,0,1,1,False,Wo0t,Team Heretics,chamber,True,100,25,0,3,1,1,False,grubinho,GIANTX,omen,True,100,25,1,1,1,1,False,ara,GIANTX,raze,True,100,25,0,0,1,0,False,Cloud,GIANTX,fade,True,100,25,1,1,0,1,False,Flickless,GIANTX,viper,True,100,25,1,0,0,1,False,westside,GIANTX,cypher,True,100,50,0,1,0,3,False
1824.856,7814,ACTIVE_ROUND,14,3,10,57.000,,,MiniBoo,Team Heretics,raze,True,100,,0,0,0,1,False,RieNs,Team Heretics,fade,True,100,,0,0,0,1,False,Boo,Team Heretics,omen,True,100,,0,1,1,1,False,benjyfishy,Team Heretics,deadlock,True,100,,0,0,1,1,False,Wo0t,Team Heretics,chamber,True,100,25,0,3,1,1,False,grubinho,GIANTX,omen,True,100,25,1,1,1,1,False,ara,GIANTX,raze,True,100,25,0,0,1,0,False,Cloud,GIANTX,fade,True,100,25,1,1,0,1,False,Flickless,GIANTX,viper,True,100,25,1,0,0,1,False,westside,GIANTX,cypher,True,100,50,0,1,0,3,False
1825.090,7815,ACTIVE_ROUND,14,3,10,56.000,,,MiniBoo,Team Heretics,raze,True,100,,0,0,0,1,False,RieNs,Team Heretics,fade,True,100,,0,0,0,1,False,Boo,Team Heretics,omen,True,100,,0,1,1,1,False,benjyfishy,Team Heretics,deadlock,True,100,,0,0,1,1,False,Wo0t,Team Heretics,chamber,True,100,25,0,3,1,1,False,grubinho,GIANTX,omen,True,100,25,1,1,1,1,False,ara,GIANTX,raze,True,100,25,0,0,1,0,False,Cloud,GIANTX,fade,True,100,25,1,1,0,1,False,Flickless,GIANTX,viper,True,100,25,1,0,0,1,False,westside,GIANTX,cypher,True,100,50,0,1,0,3,False
1825.323,7816,ACTIVE_ROUND,14,3,10,56.000,,,MiniBoo,Team Heretics,raze,True,100,,0,0,0,1,False,RieNs,Team Heretics,fade,True,100,,0,0,0,1,False,Boo,Team Heretics,omen,True,100,,0,1,1,1,False,benjyfishy,Team Heretics,deadlock,True,100,,0,0,1,1,False,Wo0t,Team Heretics,chamber,True,100,25,0,3,1,1,False,grubinho,GIANTX,omen,True,100,25,1,1,1,1,False,ara,GIANTX,raze,True,100,25,0,0,1,0,False,Cloud,GIANTX,fade,True,100,25,1,1,0,1,False,Flickless,GIANTX,viper,True,100,25,1,0,0,1,False,westside,GIANTX,cypher,True,100,50,0,1,0,3,False
1825.557,7817,ACTIVE_ROUND,14,3,10,56.000,,,MiniBoo,Team Heretics,raze,True,100,,0,0,0,1,False,RieNs,Team Heretics,fade,True,100,,0,0,0,1,False,Boo,Team Heretics,omen,True,100,,0,1,1,1,False,benjyfishy,Team Heretics,deadlock,True,100,,0,0,1,1,False,Wo0t,Team Heretics,chamber,True,100,25,0,3,1,1,False,grubinho,GIANTX,omen,True,100,25,1,1,1,1,False,ara,GIANTX,raze,True,100,25,0,0,1,0,False,Cloud,GIANTX,fade,True,100,25,1,1,0,1,False,Flickless,GIANTX,viper,True,100,25,1,0,0,1,False,westside,GIANTX,cypher,True,100,50,0,1,0,3,False
1825.791,7818,ACTIVE_ROUND,14,3,10,56.000,,,MiniBoo,Team Heretics,raze,True,100,,0,0,0,1,False,RieNs,Team Heretics,fade,True,100,,0,0,0,1,False,Boo,Team Heretics,omen,True,100,,0,1,1,1,False,benjyfishy,Team Heretics,deadlock,True,100,,0,0,1,1,False,Wo0t,Team Heretics,chamber,True,100,25,0,3,1,1,False,grubinho,GIANTX,omen,True,100,25,1,1,1,1,False,ara,GIANTX,raze,True,100,25,0,0,1,0,False,Cloud,GIANTX,fade,True,100,25,1,1,0,1,False,Flickless,GIANTX,viper,True,100,25,1,0,0,1,False,westside,GIANTX,cypher,True,100,50,0,1,0,3,False
1826.024,7819,ACTIVE_ROUND,14,3,10,55.000,,,MiniBoo,Team Heretics,raze,True,100,,0,0,0,1,False,RieNs,Team Heretics,fade,True,100,,0,0,0,1,False,Boo,Team Heretics,omen,True,100,,0,1,1,1,False,benjyfishy,Team Heretics,deadlock,True,100,,0,0,1,1,False,Wo0t,Team Heretics,chamber,True,100,25,0,3,1,1,False,grubinho,GIANTX,omen,True,100,25,1,1,1,1,False,ara,GIANTX,raze,True,100,25,0,0,1,0,False,Cloud,GIANTX,fade,True,100,25,1,1,0,1,False,Flickless,GIANTX,viper,True,100,25,1,0,0,1,False,westside,GIANTX,cypher,True,100,50,0,1,0,3,False
1826.258,7820,ACTIVE_ROUND,14,3,10,55.000,,,MiniBoo,Team Heretics,raze,True,100,,0,0,0,1,False,RieNs,Team Heretics,fade,True,100,,0,0,0,1,False,Boo,Team Heretics,omen,True,100,,0,1,1,1,False,benjyfishy,Team Heretics,deadlock,True,100,,0,0,1,1,False,Wo0t,Team Heretics,chamber,True,100,25,0,3,1,1,False,grubinho,GIANTX,omen,True,100,25,1,1,1,1,False,ara,GIANTX,raze,True,100,25,0,0,1,0,False,Cloud,GIANTX,fade,True,100,25,1,1,0,1,False,Flickless,GIANTX,viper,True,100,25,1,0,0,1,False,westside,GIANTX,cypher,True,100,50,0,1,0,3,False
1826.491,7821,ACTIVE_ROUND,14,3,10,55.000,,,MiniBoo,Team Heretics,raze,True,100,,0,0,0,1,False,RieNs,Team Heretics,fade,True,100,,0,0,0,1,False,Boo,Team Heretics,omen,True,100,,0,1,1,1,False,benjyfishy,Team Heretics,deadlock,True,100,,0,0,1,1,False,Wo0t,Team Heretics,chamber,True,100,25,0,3,1,1,False,grubinho,GIANTX,omen,True,100,25,1,1,1,1,False,ara,GIANTX,raze,True,100,25,0,0,1,0,False,Cloud,GIANTX,fade,True,100,25,1,1,0,1,False,Flickless,GIANTX,viper,True,100,25,1,0,0,1,False,westside,GIANTX,cypher,True,100,50,0,1,0,3,False
1826.725,7822,ACTIVE_ROUND,14,3,10,55.000,,,MiniBoo,Team Heretics,raze,True,100,,0,0,0,1,False,RieNs,Team Heretics,fade,True,100,,0,0,0,1,False,Boo,Team Heretics,omen,True,100,,0,1,1,1,False,benjyfishy,Team Heretics,deadlock,True,100,,0,0,1,1,False,Wo0t,Team Heretics,chamber,True,100,25,0,3,1,1,False,grubinho,GIANTX,omen,True,100,25,1,1,1,1,False,ara,GIANTX,raze,True,100,25,0,0,1,0,False,Cloud,GIANTX,fade,True,100,25,1,1,0,1,False,Flickless,GIANTX,viper,True,100,25,1,0,0,1,False,westside,GIANTX,cypher,True,100,50,0,1,0,3,False
1826.958,7823,ACTIVE_ROUND,14,3,10,54.000,,,MiniBoo,Team Heretics,raze,True,100,,0,0,0,1,False,RieNs,Team Heretics,fade,True,100,,0,0,0,1,False,Boo,Team Heretics,omen,True,100,,0,1,1,1,False,benjyfishy,Team Heretics,deadlock,True,100,,0,0,1,1,False,Wo0t,Team Heretics,chamber,True,100,25,0,3,1,1,False,grubinho,GIANTX,omen,True,100,25,1,1,1,1,False,ara,GIANTX,raze,True,100,25,0,0,1,0,False,Cloud,GIANTX,fade,True,100,25,1,1,0,1,False,Flickless,GIANTX,viper,True,100,25,1,0,0,1,False,westside,GIANTX,cypher,True,100,50,0,1,0,3,False
1827.192,7824,ACTIVE_ROUND,14,3,10,54.000,,,MiniBoo,Team Heretics,raze,True,100,,0,0,0,1,False,RieNs,Team Heretics,fade,True,100,,0,0,0,1,False,Boo,Team Heretics,omen,True,100,,0,1,1,1,False,benjyfishy,Team Heretics,deadlock,True,100,,0,0,1,1,False,Wo0t,Team Heretics,chamber,True,100,25,0,3,1,1,False,grubinho,GIANTX,omen,True,100,25,1,1,1,1,False,ara,GIANTX,raze,True,100,25,0,0,1,0,False,Cloud,GIANTX,fade,True,100,25,1,1,0,1,False,Flickless,GIANTX,viper,True,100,25,1,0,0,1,False,westside,GIANTX,cypher,True,100,50,0,1,0,3,False
1827.426,7825,ACTIVE_ROUND,14,3,10,54.000,,,MiniBoo,Team Heretics,raze,True,100,,0,0,0,1,False,RieNs,Team Heretics,fade,True,100,,0,0,0,1,False,Boo,Team Heretics,omen,True,100,,0,1,1,1,False,benjyfishy,Team Heretics,deadlock,True,100,,0,0,1,1,False,Wo0t,Team Heretics,chamber,True,100,25,0,3,1,1,False,grubinho,GIANTX,omen,True,100,25,1,1,1,1,False,ara,GIANTX,raze,True,100,25,0,0,1,0,False,Cloud,GIANTX,fade,True,100,25,1,1,0,1,False,Flickless,GIANTX,viper,True,100,25,1,0,0,1,False,westside,GIANTX,cypher,True,100,50,0,1,0,3,False
1827.659,7826,ACTIVE_ROUND,14,3,10,54.000,,,MiniBoo,Team Heretics,raze,True,100,,0,0,0,1,False,RieNs,Team Heretics,fade,True,100,,0,0,0,1,False,Boo,Team Heretics,omen,True,100,,0,1,1,1,False,benjyfishy,Team Heretics,deadlock,True,100,,0,0,1,1,False,Wo0t,Team Heretics,chamber,True,100,25,0,3,1,1,False,grubinho,GIANTX,omen,True,100,25,1,1,1,1,False,ara,GIANTX,raze,True,100,25,0,0,1,0,False,Cloud,GIANTX,fade,True,100,25,1,1,0,1,False,Flickless,GIANTX,viper,True,100,25,1,0,0,1,False,westside,GIANTX,cypher,True,100,50,0,1,0,3,False
1827.893,7827,ACTIVE_ROUND,14,3,10,54.000,,,MiniBoo,Team Heretics,raze,True,100,,0,0,0,1,False,RieNs,Team Heretics,fade,True,100,,0,0,0,1,False,Boo,Team Heretics,omen,True,100,,0,1,1,1,False,benjyfishy,Team Heretics,deadlock,True,100,,0,0,1,1,False,Wo0t,Team Heretics,chamber,True,100,25,0,3,1,1,False,grubinho,GIANTX,omen,True,100,25,1,1,1,1,False,ara,GIANTX,raze,True,100,25,0,0,1,0,False,Cloud,GIANTX,fade,True,100,25,1,1,0,1,False,Flickless,GIANTX,viper,True,100,25,1,0,0,1,False,westside,GIANTX,cypher,True,100,50,0,1,0,3,False
1828.126,7828,ACTIVE_ROUND,14,3,10,53.000,,,MiniBoo,Team Heretics,raze,True,100,,0,0,0,2,False,RieNs,Team Heretics,fade,True,100,,0,0,0,1,False,Boo,Team Heretics,omen,True,100,,0,1,1,1,False,benjyfishy,Team Heretics,deadlock,True,100,,0,0,1,1,False,Wo0t,Team Heretics,chamber,True,100,25,0,3,1,1,False,grubinho,GIANTX,omen,True,100,25,1,1,1,1,False,ara,GIANTX,raze,True,100,25,0,0,1,0,False,Cloud,GIANTX,fade,True,100,25,1,1,0,1,False,Flickless,GIANTX,viper,True,100,25,1,0,0,1,False,westside,GIANTX,cypher,True,100,50,0,1,0,3,False
1828.360,7829,ACTIVE_ROUND,14,3,10,53.000,,,MiniBoo,Team Heretics,raze,True,100,,0,0,0,2,False,RieNs,Team Heretics,fade,True,100,,0,0,0,1,False,Boo,Team Heretics,omen,True,100,,0,1,1,1,False,benjyfishy,Team Heretics,deadlock,True,100,,0,0,1,1,False,Wo0t,Team Heretics,chamber,True,100,25,0,3,1,1,False,grubinho,GIANTX,omen,True,100,25,1,1,1,1,False,ara,GIANTX,raze,True,100,25,0,0,1,0,False,Cloud,GIANTX,fade,True,100,25,1,1,0,1,False,Flickless,GIANTX,viper,True,100,25,1,0,0,1,False,westside,GIANTX,cypher,True,100,50,0,1,0,3,False
1828.593,7830,ACTIVE_ROUND,14,3,10,53.000,,,MiniBoo,Team Heretics,raze,True,100,,0,0,0,2,False,RieNs,Team Heretics,fade,True,100,,0,0,0,1,False,Boo,Team Heretics,omen,True,100,,0,1,1,1,False,benjyfishy,Team Heretics,deadlock,True,100,,0,0,1,1,False,Wo0t,Team Heretics,chamber,True,100,25,0,3,1,1,False,grubinho,GIANTX,omen,True,100,25,1,1,1,1,False,ara,GIANTX,raze,True,100,25,0,0,1,0,False,Cloud,GIANTX,fade,True,100,25,1,1,0,1,False,Flickless,GIANTX,viper,True,100,25,1,0,0,1,False,westside,GIANTX,cypher,True,100,50,0,1,0,3,False
1828.827,7831,ACTIVE_ROUND,14,3,10,53.000,,,MiniBoo,Team Heretics,raze,True,100,,0,0,0,2,False,RieNs,Team Heretics,fade,True,100,,0,0,0,1,False,Boo,Team Heretics,omen,True,100,,0,1,1,1,False,benjyfishy,Team Heretics,deadlock,True,100,,0,0,1,1,False,Wo0t,Team Heretics,chamber,True,100,25,0,3,1,1,False,grubinho,GIANTX,omen,True,100,25,1,1,1,1,False,ara,GIANTX,raze,True,100,25,0,0,1,0,False,Cloud,GIANTX,fade,True,100,25,1,1,0,1,False,Flickless,GIANTX,viper,True,100,25,1,0,0,1,False,westside,GIANTX,cypher,True,100,50,0,1,0,3,False
1829.061,7832,ACTIVE_ROUND,14,3,10,52.000,,,MiniBoo,Team Heretics,raze,True,100,,0,0,0,2,False,RieNs,Team Heretics,fade,True,100,,0,0,0,1,False,Boo,Team Heretics,omen,True,100,,0,1,1,1,False,benjyfishy,Team Heretics,deadlock,True,100,,0,0,1,1,False,Wo0t,Team Heretics,chamber,True,100,25,0,3,1,1,False,grubinho,GIANTX,omen,True,100,25,1,1,1,1,False,ara,GIANTX,raze,True,100,25,0,0,1,0,False,Cloud,GIANTX,fade,True,100,25,1,1,0,1,False,Flickless,GIANTX,viper,True,100,25,1,0,0,1,False,westside,GIANTX,cypher,True,100,50,0,1,0,3,False
1829.294,7833,ACTIVE_ROUND,14,3,10,52.000,,,MiniBoo,Team Heretics,raze,True,100,,0,0,0,2,False,RieNs,Team Heretics,fade,True,100,,0,0,0,1,False,Boo,Team Heretics,omen,True,100,,0,1,1,1,False,benjyfishy,Team Heretics,deadlock,True,100,,0,0,1,1,False,Wo0t,Team Heretics,chamber,True,100,25,0,3,1,1,False,grubinho,GIANTX,omen,True,100,25,1,1,1,1,False,ara,GIANTX,raze,True,100,25,0,0,1,0,False,Cloud,GIANTX,fade,True,100,25,1,1,0,1,False,Flickless,GIANTX,viper,True,100,25,1,0,0,1,False,westside,GIANTX,cypher,True,100,50,0,1,0,3,False
1829.528,7834,ACTIVE_ROUND,14,3,10,52.000,,,MiniBoo,Team Heretics,raze,True,100,,0,0,0,2,False,RieNs,Team Heretics,fade,True,100,,0,0,0,1,False,Boo,Team Heretics,omen,True,100,,0,1,1,1,False,benjyfishy,Team Heretics,deadlock,True,100,,0,0,1,1,False,Wo0t,Team Heretics,chamber,True,100,25,0,3,1,1,False,grubinho,GIANTX,omen,True,100,25,1,1,1,1,False,ara,GIANTX,raze,True,100,25,0,0,1,0,False,Cloud,GIANTX,fade,True,100,25,1,1,0,1,False,Flickless,GIANTX,viper,True,100,25,1,0,0,1,False,westside,GIANTX,cypher,True,100,50,0,1,0,3,False
1829.761,7835,ACTIVE_ROUND,14,3,10,52.000,,,MiniBoo,Team Heretics,raze,True,100,,0,0,0,2,False,RieNs,Team Heretics,fade,True,100,,0,0,0,1,False,Boo,Team Heretics,omen,True,100,,0,1,1,1,False,benjyfishy,Team Heretics,deadlock,True,100,,0,0,1,1,False,Wo0t,Team Heretics,chamber,True,100,25,0,3,1,1,False,grubinho,GIANTX,omen,True,100,25,1,1,1,1,False,ara,GIANTX,raze,True,100,25,0,0,1,0,False,Cloud,GIANTX,fade,True,100,25,1,1,0,1,False,Flickless,GIANTX,viper,True,100,25,1,0,0,1,False,westside,GIANTX,cypher,True,100,50,0,1,0,3,False
1829.995,7836,ACTIVE_ROUND,14,3,10,51.000,,,MiniBoo,Team Heretics,raze,True,100,,0,0,0,2,False,RieNs,Team Heretics,fade,True,100,,0,0,0,1,False,Boo,Team Heretics,omen,True,100,,0,1,1,1,False,benjyfishy,Team Heretics,deadlock,True,100,,0,0,1,1,False,Wo0t,Team Heretics,chamber,True,100,25,0,3,1,1,False,grubinho,GIANTX,omen,True,100,25,1,1,1,1,False,ara,GIANTX,raze,True,100,25,0,0,1,0,False,Cloud,GIANTX,fade,True,100,25,1,1,0,1,False,Flickless,GIANTX,viper,True,100,25,1,0,0,1,False,westside,GIANTX,cypher,True,100,50,0,1,0,3,False
1830.228,7837,ACTIVE_ROUND,14,3,10,51.000,,,MiniBoo,Team Heretics,raze,True,100,,0,0,0,2,False,RieNs,Team Heretics,fade,True,100,,0,0,0,1,False,Boo,Team Heretics,omen,True,100,,0,1,1,1,False,benjyfishy,Team Heretics,deadlock,True,100,,0,0,1,1,False,Wo0t,Team Heretics,chamber,True,100,25,0,3,1,1,False,grubinho,GIANTX,omen,True,100,25,1,1,1,1,False,ara,GIANTX,raze,True,100,25,0,0,1,0,False,Cloud,GIANTX,fade,True,100,25,1,1,0,1,False,Flickless,GIANTX,viper,True,100,25,1,0,0,1,False,westside,GIANTX,cypher,True,100,50,0,1,0,3,False
1830.462,7838,ACTIVE_ROUND,14,3,10,51.000,,,MiniBoo,Team Heretics,raze,True,100,,0,0,0,2,False,RieNs,Team Heretics,fade,True,100,,0,0,0,1,False,Boo,Team Heretics,omen,True,100,,0,1,1,1,False,benjyfishy,Team Heretics,deadlock,True,100,,0,0,1,1,False,Wo0t,Team Heretics,chamber,True,100,25,0,3,1,1,False,grubinho,GIANTX,omen,True,100,25,1,1,1,1,False,ara,GIANTX,raze,True,100,25,0,0,1,0,False,Cloud,GIANTX,fade,True,100,25,1,1,0,1,False,Flickless,GIANTX,viper,True,100,25,1,0,0,1,False,westside,GIANTX,cypher,True,100,50,0,1,0,3,False
1830.696,7839,ACTIVE_ROUND,14,3,10,51.000,,,MiniBoo,Team Heretics,raze,True,100,,0,0,0,2,False,RieNs,Team Heretics,fade,True,100,,0,0,0,1,False,Boo,Team Heretics,omen,True,100,,0,1,1,1,False,benjyfishy,Team Heretics,deadlock,True,100,,0,0,1,1,False,Wo0t,Team Heretics,chamber,True,100,25,0,3,1,1,False,grubinho,GIANTX,omen,True,100,25,1,1,1,1,False,ara,GIANTX,raze,True,100,25,0,0,1,0,False,Cloud,GIANTX,fade,True,100,25,1,1,0,1,False,Flickless,GIANTX,viper,True,100,25,1,0,0,1,False,westside,GIANTX,cypher,True,100,50,0,1,0,3,False
1830.929,7840,ACTIVE_ROUND,14,3,10,51.000,,,MiniBoo,Team Heretics,raze,True,100,,0,0,0,2,False,RieNs,Team Heretics,fade,True,100,,0,0,0,1,False,Boo,Team Heretics,omen,True,100,,0,1,1,1,False,benjyfishy,Team Heretics,deadlock,True,100,,0,0,1,1,False,Wo0t,Team Heretics,chamber,True,100,25,0,3,1,1,False,grubinho,GIANTX,omen,True,100,25,1,1,1,1,False,ara,GIANTX,raze,True,100,25,0,0,1,0,False,Cloud,GIANTX,fade,True,100,25,1,1,0,1,False,Flickless,GIANTX,viper,True,100,25,1,0,0,1,False,westside,GIANTX,cypher,True,100,50,0,1,0,3,False
1831.163,7841,ACTIVE_ROUND,14,3,10,50.000,,,MiniBoo,Team Heretics,raze,True,100,,0,0,0,2,False,RieNs,Team Heretics,fade,True,100,,0,0,0,1,False,Boo,Team Heretics,omen,True,100,,0,1,1,1,False,benjyfishy,Team Heretics,deadlock,True,100,,0,0,1,1,False,Wo0t,Team Heretics,chamber,True,100,25,0,3,1,1,False,grubinho,GIANTX,omen,True,100,25,1,1,1,1,False,ara,GIANTX,raze,True,100,25,0,0,1,0,False,Cloud,GIANTX,fade,True,100,25,1,1,0,1,False,Flickless,GIANTX,viper,True,100,25,1,0,0,1,False,westside,GIANTX,cypher,True,100,50,0,1,0,3,False
1831.396,7842,ACTIVE_ROUND,14,3,10,50.000,,,MiniBoo,Team Heretics,raze,True,100,,0,0,0,2,False,RieNs,Team Heretics,fade,True,100,,0,0,0,1,False,Boo,Team Heretics,omen,True,100,,0,1,1,1,False,benjyfishy,Team Heretics,deadlock,True,100,,0,0,1,1,False,Wo0t,Team Heretics,chamber,True,100,25,0,3,1,1,False,grubinho,GIANTX,omen,True,100,25,1,1,1,1,False,ara,GIANTX,raze,True,100,25,0,0,1,0,False,Cloud,GIANTX,fade,True,100,25,1,1,0,1,False,Flickless,GIANTX,viper,True,100,25,1,0,0,1,False,westside,GIANTX,cypher,True,100,50,0,1,0,3,False
1831.630,7843,ACTIVE_ROUND,14,3,10,50.000,,,MiniBoo,Team Heretics,raze,True,100,,0,0,0,2,False,RieNs,Team Heretics,fade,True,100,,0,0,0,1,False,Boo,Team Heretics,omen,True,100,,0,1,1,1,False,benjyfishy,Team Heretics,deadlock,True,100,,0,0,1,1,False,Wo0t,Team Heretics,chamber,True,100,25,0,3,1,1,False,grubinho,GIANTX,omen,True,100,25,1,1,1,1,False,ara,GIANTX,raze,True,100,25,0,0,1,0,False,Cloud,GIANTX,fade,True,100,25,1,1,0,1,False,Flickless,GIANTX,viper,True,100,25,1,0,0,1,False,westside,GIANTX,cypher,True,100,50,0,1,0,3,False
1831.863,7844,ACTIVE_ROUND,14,3,10,50.000,,,MiniBoo,Team Heretics,raze,True,100,,0,0,0,2,False,RieNs,Team Heretics,fade,True,100,,0,0,0,1,False,Boo,Team Heretics,omen,True,100,,0,1,1,1,False,benjyfishy,Team Heretics,deadlock,True,100,,0,0,1,1,False,Wo0t,Team Heretics,chamber,True,100,25,0,3,1,1,False,grubinho,GIANTX,omen,True,100,25,1,1,1,1,False,ara,GIANTX,raze,True,100,25,0,0,1,0,False,Cloud,GIANTX,fade,True,100,25,1,1,0,1,False,Flickless,GIANTX,viper,True,100,25,1,0,0,1,False,westside,GIANTX,cypher,True,100,50,0,1,0,3,False
1832.097,7845,ACTIVE_ROUND,14,3,10,49.000,,,MiniBoo,Team Heretics,raze,True,100,,0,0,0,2,False,RieNs,Team Heretics,fade,True,100,,0,0,0,1,False,Boo,Team Heretics,omen,True,100,,0,1,1,1,False,benjyfishy,Team Heretics,deadlock,True,100,,0,0,1,1,False,Wo0t,Team Heretics,chamber,True,100,25,0,3,1,1,False,grubinho,GIANTX,omen,True,100,25,1,1,1,1,False,ara,GIANTX,raze,True,100,25,0,0,1,0,False,Cloud,GIANTX,fade,True,100,25,1,1,0,1,False,Flickless,GIANTX,viper,True,100,25,1,0,0,1,False,westside,GIANTX,cypher,True,100,50,0,1,0,3,False
1832.331,7846,ACTIVE_ROUND,14,3,10,49.000,,,MiniBoo,Team Heretics,raze,True,100,,0,0,0,2,False,RieNs,Team Heretics,fade,True,100,,0,0,0,1,False,Boo,Team Heretics,omen,True,100,,0,1,1,1,False,benjyfishy,Team Heretics,deadlock,True,100,,0,0,1,1,False,Wo0t,Team Heretics,chamber,True,100,25,0,3,1,1,False,grubinho,GIANTX,omen,True,100,25,1,1,1,1,False,ara,GIANTX,raze,True,100,25,0,0,1,0,False,Cloud,GIANTX,fade,True,100,25,1,1,0,1,False,Flickless,GIANTX,viper,True,100,25,1,0,0,1,False,westside,GIANTX,cypher,True,100,50,0,1,0,3,False
1832.564,7847,ACTIVE_ROUND,14,3,10,49.000,,,MiniBoo,Team Heretics,raze,True,100,,0,0,0,2,False,RieNs,Team Heretics,fade,True,100,,0,0,0,1,False,Boo,Team Heretics,omen,True,100,,0,1,1,1,False,benjyfishy,Team Heretics,deadlock,True,100,,0,0,1,1,False,Wo0t,Team Heretics,chamber,True,100,25,0,3,1,1,False,grubinho,GIANTX,omen,True,100,25,1,1,1,1,False,ara,GIANTX,raze,True,100,25,0,0,1,0,False,Cloud,GIANTX,fade,True,100,25,1,1,0,1,False,Flickless,GIANTX,viper,True,100,25,1,0,0,1,False,westside,GIANTX,cypher,True,100,50,0,1,0,3,False
1832.798,7848,ACTIVE_ROUND,14,3,10,49.000,,,MiniBoo,Team Heretics,raze,True,100,,0,0,0,2,False,RieNs,Team Heretics,fade,True,100,,0,0,0,1,False,Boo,Team Heretics,omen,True,100,,0,1,1,1,False,benjyfishy,Team Heretics,deadlock,True,100,,0,0,1,1,False,Wo0t,Team Heretics,chamber,True,100,25,0,3,1,1,False,grubinho,GIANTX,omen,True,100,25,1,1,1,1,False,ara,GIANTX,raze,True,100,25,0,0,1,0,False,Cloud,GIANTX,fade,True,100,25,1,1,0,1,False,Flickless,GIANTX,viper,True,100,25,1,0,0,1,False,westside,GIANTX,cypher,True,100,50,0,1,0,3,False
1833.031,7849,ACTIVE_ROUND,14,3,10,48.000,,,MiniBoo,Team Heretics,raze,True,100,,0,0,0,2,False,RieNs,Team Heretics,fade,True,100,,0,0,0,1,False,Boo,Team Heretics,omen,True,100,,0,1,1,1,False,benjyfishy,Team Heretics,deadlock,True,100,,0,0,1,1,False,Wo0t,Team Heretics,chamber,True,100,25,0,3,1,1,False,grubinho,GIANTX,omen,True,100,25,1,1,1,1,False,ara,GIANTX,raze,True,100,25,0,0,1,0,False,Cloud,GIANTX,fade,True,100,25,1,1,0,1,False,Flickless,GIANTX,viper,True,100,25,1,0,0,1,False,westside,GIANTX,cypher,True,100,50,0,1,0,3,False
1833.265,7850,ACTIVE_ROUND,14,3,10,48.000,,,MiniBoo,Team Heretics,raze,True,100,,0,0,0,2,False,RieNs,Team Heretics,fade,True,100,,0,0,0,1,False,Boo,Team Heretics,omen,True,100,,0,1,1,1,False,benjyfishy,Team Heretics,deadlock,True,100,,0,0,1,1,False,Wo0t,Team Heretics,chamber,True,100,25,0,3,1,1,False,grubinho,GIANTX,omen,True,100,25,1,1,0,1,False,ara,GIANTX,raze,True,100,25,0,0,1,0,False,Cloud,GIANTX,fade,True,100,25,1,1,0,1,False,Flickless,GIANTX,viper,True,100,25,1,0,0,1,False,westside,GIANTX,cypher,True,100,50,0,1,0,3,False
1833.498,7851,ACTIVE_ROUND,14,3,10,48.000,,,MiniBoo,Team Heretics,raze,True,100,,0,0,0,2,False,RieNs,Team Heretics,fade,True,100,,0,0,0,1,False,Boo,Team Heretics,omen,True,100,,0,1,1,1,False,benjyfishy,Team Heretics,deadlock,True,100,,0,0,1,1,False,Wo0t,Team Heretics,chamber,True,100,25,0,3,1,1,False,grubinho,GIANTX,omen,True,100,25,1,1,0,1,False,ara,GIANTX,raze,True,100,25,0,0,1,0,False,Cloud,GIANTX,fade,True,100,25,1,1,0,1,False,Flickless,GIANTX,viper,True,100,25,1,0,0,1,False,westside,GIANTX,cypher,True,100,50,0,1,0,3,False
1833.732,7852,ACTIVE_ROUND,14,3,10,48.000,,,MiniBoo,Team Heretics,raze,True,100,,0,0,0,2,False,RieNs,Team Heretics,fade,True,100,,0,0,0,1,False,Boo,Team Heretics,omen,True,100,,0,1,1,1,False,benjyfishy,Team Heretics,deadlock,True,100,,0,0,1,1,False,Wo0t,Team Heretics,chamber,True,100,25,0,3,1,1,False,grubinho,GIANTX,omen,True,100,25,1,1,0,1,False,ara,GIANTX,raze,True,100,25,0,0,1,0,False,Cloud,GIANTX,fade,True,100,25,1,1,0,1,False,Flickless,GIANTX,viper,True,100,25,1,0,0,1,False,westside,GIANTX,cypher,True,100,50,0,1,0,3,False
1833.965,7853,ACTIVE_ROUND,14,3,10,48.000,,,MiniBoo,Team Heretics,raze,True,100,,0,0,0,2,False,RieNs,Team Heretics,fade,True,100,,0,0,0,1,False,Boo,Team Heretics,omen,True,100,,0,1,1,1,False,benjyfishy,Team Heretics,deadlock,True,100,,0,0,1,1,False,Wo0t,Team Heretics,chamber,True,100,25,0,3,1,1,False,grubinho,GIANTX,omen,True,100,25,1,1,0,1,False,ara,GIANTX,raze,True,100,25,0,0,1,0,False,Cloud,GIANTX,fade,True,100,25,1,1,0,1,False,Flickless,GIANTX,viper,True,100,25,1,0,0,1,False,westside,GIANTX,cypher,True,100,50,0,1,0,3,False
1834.199,7854,ACTIVE_ROUND,14,3,10,47.000,,,MiniBoo,Team Heretics,raze,True,100,,0,0,0,2,False,RieNs,Team Heretics,fade,True,100,,0,0,0,1,False,Boo,Team Heretics,omen,True,100,,0,1,1,1,False,benjyfishy,Team Heretics,deadlock,True,100,,0,0,1,1,False,Wo0t,Team Heretics,chamber,True,100,25,0,3,1,1,False,grubinho,GIANTX,omen,True,100,25,1,1,0,1,False,ara,GIANTX,raze,True,100,25,0,0,1,0,False,Cloud,GIANTX,fade,True,100,25,1,1,0,1,False,Flickless,GIANTX,viper,True,100,25,1,0,0,1,False,westside,GIANTX,cypher,True,100,50,0,1,0,3,False
1834.433,7855,ACTIVE_ROUND,14,3,10,47.000,,,MiniBoo,Team Heretics,raze,True,100,,0,0,0,2,False,RieNs,Team Heretics,fade,True,100,,0,0,0,1,False,Boo,Team Heretics,omen,True,100,,0,1,1,1,False,benjyfishy,Team Heretics,deadlock,True,100,,0,0,1,1,False,Wo0t,Team Heretics,chamber,True,100,25,0,3,1,1,False,grubinho,GIANTX,omen,True,100,25,1,1,0,1,False,ara,GIANTX,raze,True,100,25,0,0,1,0,False,Cloud,GIANTX,fade,True,100,25,1,1,0,1,False,Flickless,GIANTX,viper,True,100,25,1,0,0,1,False,westside,GIANTX,cypher,True,100,50,0,1,0,3,False
1834.666,7856,ACTIVE_ROUND,14,3,10,47.000,,,MiniBoo,Team Heretics,raze,True,100,,0,0,0,2,False,RieNs,Team Heretics,fade,True,100,,0,0,0,1,False,Boo,Team Heretics,omen,True,100,,0,1,1,1,False,benjyfishy,Team Heretics,deadlock,True,100,,0,0,1,1,False,Wo0t,Team Heretics,chamber,True,100,25,0,3,1,1,False,grubinho,GIANTX,omen,True,100,25,1,1,0,1,False,ara,GIANTX,raze,True,100,25,0,0,1,0,False,Cloud,GIANTX,fade,True,100,25,1,1,0,1,False,Flickless,GIANTX,viper,True,100,25,1,0,0,1,False,westside,GIANTX,cypher,True,100,50,0,1,0,3,False
1834.900,7857,ACTIVE_ROUND,14,3,10,47.000,,,MiniBoo,Team Heretics,raze,True,100,,0,0,0,2,False,RieNs,Team Heretics,fade,True,100,,0,0,0,1,False,Boo,Team Heretics,omen,True,100,,0,1,1,1,False,benjyfishy,Team Heretics,deadlock,True,100,,0,0,1,1,False,Wo0t,Team Heretics,chamber,True,100,25,0,3,1,1,False,grubinho,GIANTX,omen,True,100,25,1,1,0,1,False,ara,GIANTX,raze,True,100,25,0,0,1,0,False,Cloud,GIANTX,fade,True,100,25,1,1,0,1,False,Flickless,GIANTX,viper,True,100,25,1,0,0,1,False,westside,GIANTX,cypher,True,100,50,0,1,0,3,False
1835.133,7858,ACTIVE_ROUND,14,3,10,46.000,,,MiniBoo,Team Heretics,raze,True,100,,0,0,0,2,False,RieNs,Team Heretics,fade,True,100,,0,0,0,1,False,Boo,Team Heretics,omen,True,100,,0,1,1,1,False,benjyfishy,Team Heretics,deadlock,True,100,,0,0,1,1,False,Wo0t,Team Heretics,chamber,True,100,25,0,3,1,1,False,grubinho,GIANTX,omen,True,100,25,1,1,0,1,False,ara,GIANTX,raze,True,100,25,0,0,1,0,False,Cloud,GIANTX,fade,True,100,25,1,1,0,1,False,Flickless,GIANTX,viper,True,100,25,1,0,0,1,False,westside,GIANTX,cypher,True,100,50,0,1,0,3,False
1835.367,7859,ACTIVE_ROUND,14,3,10,46.000,,,MiniBoo,Team Heretics,raze,True,100,,0,0,0,2,False,RieNs,Team Heretics,fade,True,100,,0,0,0,1,False,Boo,Team Heretics,omen,True,100,,0,1,1,1,False,benjyfishy,Team Heretics,deadlock,True,100,,0,0,1,1,False,Wo0t,Team Heretics,chamber,True,100,25,0,3,1,1,False,grubinho,GIANTX,omen,True,100,25,1,1,0,1,False,ara,GIANTX,raze,True,100,25,0,0,1,0,False,Cloud,GIANTX,fade,True,100,25,1,1,0,1,False,Flickless,GIANTX,viper,True,100,25,1,0,0,1,False,westside,GIANTX,cypher,True,100,50,0,1,0,3,False
1835.600,7860,ACTIVE_ROUND,14,3,10,46.000,,,MiniBoo,Team Heretics,raze,True,100,,0,0,0,2,False,RieNs,Team Heretics,fade,True,100,,0,0,0,1,False,Boo,Team Heretics,omen,True,100,,0,1,1,1,False,benjyfishy,Team Heretics,deadlock,True,100,,0,0,1,1,False,Wo0t,Team Heretics,chamber,True,100,25,0,3,1,1,False,grubinho,GIANTX,omen,True,100,25,1,1,0,1,False,ara,GIANTX,raze,True,100,25,0,0,1,0,False,Cloud,GIANTX,fade,True,100,25,1,1,0,1,False,Flickless,GIANTX,viper,True,100,25,1,0,0,1,False,westside,GIANTX,cypher,True,100,50,0,1,0,3,False
1835.834,7861,ACTIVE_ROUND,14,3,10,46.000,,,MiniBoo,Team Heretics,raze,True,100,,0,0,0,2,False,RieNs,Team Heretics,fade,True,100,,0,0,0,1,False,Boo,Team Heretics,omen,True,100,,0,1,1,1,False,benjyfishy,Team Heretics,deadlock,True,100,,0,0,1,1,False,Wo0t,Team Heretics,chamber,True,100,25,0,3,1,1,False,grubinho,GIANTX,omen,True,100,25,1,1,0,1,False,ara,GIANTX,raze,True,100,25,0,0,1,0,False,Cloud,GIANTX,fade,True,100,25,1,1,0,1,False,Flickless,GIANTX,viper,True,100,25,1,0,0,1,False,westside,GIANTX,cypher,True,100,50,0,1,0,3,False
1836.068,7862,ACTIVE_ROUND,14,3,10,45.000,,,MiniBoo,Team Heretics,raze,True,100,,0,0,0,2,False,RieNs,Team Heretics,fade,True,100,,0,0,0,1,False,Boo,Team Heretics,omen,True,100,,0,1,1,1,False,benjyfishy,Team Heretics,deadlock,True,100,,0,0,1,1,False,Wo0t,Team Heretics,chamber,True,100,25,0,3,1,1,False,grubinho,GIANTX,omen,True,100,25,1,1,0,1,False,ara,GIANTX,raze,True,100,25,0,0,1,0,False,Cloud,GIANTX,fade,True,100,25,1,1,0,1,False,Flickless,GIANTX,viper,True,100,25,1,0,0,1,False,westside,GIANTX,cypher,True,100,50,0,1,0,3,False
1836.301,7863,ACTIVE_ROUND,14,3,10,45.000,,,MiniBoo,Team Heretics,raze,True,100,,0,0,0,2,False,RieNs,Team Heretics,fade,True,100,,0,0,0,1,False,Boo,Team Heretics,omen,True,100,,0,1,1,1,False,benjyfishy,Team Heretics,deadlock,True,100,,0,0,1,1,False,Wo0t,Team Heretics,chamber,True,100,25,0,3,1,1,False,grubinho,GIANTX,omen,True,100,25,1,1,0,1,False,ara,GIANTX,raze,True,100,25,0,0,1,0,False,Cloud,GIANTX,fade,True,100,25,1,1,0,1,False,Flickless,GIANTX,viper,True,100,25,1,0,0,1,False,westside,GIANTX,cypher,True,100,50,0,1,0,3,False
1836.535,7864,ACTIVE_ROUND,14,3,10,45.000,,,MiniBoo,Team Heretics,raze,True,100,,0,0,0,2,False,RieNs,Team Heretics,fade,True,100,,0,0,0,1,False,Boo,Team Heretics,omen,True,100,,0,1,1,1,False,benjyfishy,Team Heretics,deadlock,True,100,,0,0,1,1,False,Wo0t,Team Heretics,chamber,True,100,25,0,3,1,1,False,grubinho,GIANTX,omen,True,100,25,1,1,0,1,False,ara,GIANTX,raze,True,100,25,0,0,1,0,False,Cloud,GIANTX,fade,True,100,25,1,1,0,1,False,Flickless,GIANTX,viper,True,100,25,1,0,0,1,False,westside,GIANTX,cypher,True,100,50,0,1,0,3,False
1836.768,7865,ACTIVE_ROUND,14,3,10,45.000,,,MiniBoo,Team Heretics,raze,True,100,,0,0,0,2,False,RieNs,Team Heretics,fade,True,100,,0,0,0,1,False,Boo,Team Heretics,omen,True,100,,0,1,1,1,False,benjyfishy,Team Heretics,deadlock,True,100,,0,0,1,1,False,Wo0t,Team Heretics,chamber,True,100,25,0,3,1,1,False,grubinho,GIANTX,omen,True,100,25,1,1,0,1,False,ara,GIANTX,raze,True,100,25,0,0,1,0,False,Cloud,GIANTX,fade,True,100,25,1,1,0,1,False,Flickless,GIANTX,viper,True,100,25,1,0,0,1,False,westside,GIANTX,cypher,True,100,50,0,1,0,3,False
1837.002,7866,ACTIVE_ROUND,14,3,10,44.000,,,MiniBoo,Team Heretics,raze,True,100,,0,0,0,2,False,RieNs,Team Heretics,fade,True,100,,0,0,0,1,False,Boo,Team Heretics,omen,True,100,,0,1,1,1,False,benjyfishy,Team Heretics,deadlock,True,100,,0,0,1,1,False,Wo0t,Team Heretics,chamber,True,100,25,0,3,1,1,False,grubinho,GIANTX,omen,True,100,25,1,1,0,1,False,ara,GIANTX,raze,True,100,25,0,0,1,0,False,Cloud,GIANTX,fade,True,100,25,1,1,0,1,False,Flickless,GIANTX,viper,True,100,25,1,0,0,1,False,westside,GIANTX,cypher,True,100,50,0,1,0,3,False
1837.235,7867,ACTIVE_ROUND,14,3,10,44.000,,,MiniBoo,Team Heretics,raze,True,100,,0,0,0,2,False,RieNs,Team Heretics,fade,True,100,,0,0,0,1,False,Boo,Team Heretics,omen,True,100,,0,1,1,1,False,benjyfishy,Team Heretics,deadlock,True,100,,0,0,1,1,False,Wo0t,Team Heretics,chamber,True,100,25,0,3,1,1,False,grubinho,GIANTX,omen,True,100,25,1,1,0,1,False,ara,GIANTX,raze,True,100,25,0,0,1,0,False,Cloud,GIANTX,fade,True,100,25,1,1,0,1,False,Flickless,GIANTX,viper,True,100,25,1,0,0,1,False,westside,GIANTX,cypher,True,100,50,0,1,0,3,False
1837.469,7868,ACTIVE_ROUND,14,3,10,44.000,,,MiniBoo,Team Heretics,raze,True,100,,0,0,0,2,False,RieNs,Team Heretics,fade,True,100,,0,0,0,1,False,Boo,Team Heretics,omen,True,100,,0,1,1,1,False,benjyfishy,Team Heretics,deadlock,True,100,,0,0,1,1,False,Wo0t,Team Heretics,chamber,True,100,25,0,3,1,1,False,grubinho,GIANTX,omen,True,100,25,1,1,0,1,False,ara,GIANTX,raze,True,100,25,0,0,1,0,False,Cloud,GIANTX,fade,True,100,25,1,1,0,1,False,Flickless,GIANTX,viper,True,100,25,1,0,0,1,False,westside,GIANTX,cypher,True,100,50,0,1,0,3,False
1837.703,7869,ACTIVE_ROUND,14,3,10,44.000,,,MiniBoo,Team Heretics,raze,True,100,,0,0,0,2,False,RieNs,Team Heretics,fade,True,100,,0,0,0,1,False,Boo,Team Heretics,omen,True,100,,0,1,1,1,False,benjyfishy,Team Heretics,deadlock,True,100,,0,0,1,1,False,Wo0t,Team Heretics,chamber,True,100,25,0,3,1,1,False,grubinho,GIANTX,omen,True,100,25,1,1,0,1,False,ara,GIANTX,raze,True,100,25,0,0,1,0,False,Cloud,GIANTX,fade,True,100,25,1,1,0,1,False,Flickless,GIANTX,viper,True,100,25,1,0,0,1,False,westside,GIANTX,cypher,True,100,50,0,1,0,3,False
1837.936,7870,ACTIVE_ROUND,14,3,10,44.000,,,MiniBoo,Team Heretics,raze,True,100,,0,0,0,2,False,RieNs,Team Heretics,fade,True,100,,0,0,0,1,False,Boo,Team Heretics,omen,True,100,,0,1,1,1,False,benjyfishy,Team Heretics,deadlock,True,100,,0,0,1,1,False,Wo0t,Team Heretics,chamber,True,100,25,0,3,1,1,False,grubinho,GIANTX,omen,True,100,25,1,1,0,1,False,ara,GIANTX,raze,True,100,25,0,0,1,0,False,Cloud,GIANTX,fade,True,100,25,1,1,0,1,False,Flickless,GIANTX,viper,True,100,25,1,0,0,1,False,westside,GIANTX,cypher,True,100,50,0,1,0,3,False
1838.170,7871,ACTIVE_ROUND,14,3,10,43.000,,,MiniBoo,Team Heretics,raze,True,100,,0,0,0,2,False,RieNs,Team Heretics,fade,True,100,,0,0,0,1,False,Boo,Team Heretics,omen,True,100,,0,1,1,1,False,benjyfishy,Team Heretics,deadlock,True,100,,0,0,1,1,False,Wo0t,Team Heretics,chamber,True,100,25,0,3,1,1,False,grubinho,GIANTX,omen,True,100,25,1,1,0,1,False,ara,GIANTX,raze,True,100,25,0,0,1,0,False,Cloud,GIANTX,fade,True,100,25,1,1,0,1,False,Flickless,GIANTX,viper,True,100,25,1,0,0,1,False,westside,GIANTX,cypher,True,100,50,0,1,0,3,False
1838.403,7872,ACTIVE_ROUND,14,3,10,43.000,,,MiniBoo,Team Heretics,raze,True,100,,0,0,0,2,False,RieNs,Team Heretics,fade,True,100,,0,0,0,1,False,Boo,Team Heretics,omen,True,100,,0,1,1,1,False,benjyfishy,Team Heretics,deadlock,True,100,,0,0,1,1,False,Wo0t,Team Heretics,chamber,True,100,25,0,3,1,1,False,grubinho,GIANTX,omen,True,100,25,1,1,0,1,False,ara,GIANTX,raze,True,100,25,0,0,1,0,False,Cloud,GIANTX,fade,True,100,25,1,1,0,1,False,Flickless,GIANTX,viper,True,100,25,1,0,0,1,False,westside,GIANTX,cypher,True,100,50,0,1,0,3,False
1838.637,7873,ACTIVE_ROUND,14,3,10,43.000,,,MiniBoo,Team Heretics,raze,True,100,,0,0,0,2,False,RieNs,Team Heretics,fade,True,100,,0,0,0,1,False,Boo,Team Heretics,omen,True,100,,0,1,1,1,False,benjyfishy,Team Heretics,deadlock,True,100,,0,0,1,1,False,Wo0t,Team Heretics,chamber,True,100,25,0,3,1,1,False,grubinho,GIANTX,omen,True,100,25,1,1,0,1,False,ara,GIANTX,raze,True,100,25,0,0,1,0,False,Cloud,GIANTX,fade,True,100,25,1,1,0,1,False,Flickless,GIANTX,viper,True,100,25,1,0,0,1,False,westside,GIANTX,cypher,True,100,50,0,1,0,3,False
1838.870,7874,ACTIVE_ROUND,14,3,10,43.000,,,MiniBoo,Team Heretics,raze,True,100,,0,0,0,2,False,RieNs,Team Heretics,fade,True,100,,0,0,0,1,False,Boo,Team Heretics,omen,True,100,,0,1,1,1,False,benjyfishy,Team Heretics,deadlock,True,100,,0,0,1,1,False,Wo0t,Team Heretics,chamber,True,100,25,0,3,1,1,False,grubinho,GIANTX,omen,True,100,25,1,1,0,1,False,ara,GIANTX,raze,True,100,25,0,0,1,0,False,Cloud,GIANTX,fade,True,100,25,1,1,0,1,False,Flickless,GIANTX,viper,True,100,25,1,0,0,1,False,westside,GIANTX,cypher,True,100,50,0,1,0,3,False
1839.104,7875,ACTIVE_ROUND,14,3,10,42.000,,,MiniBoo,Team Heretics,raze,True,100,,0,0,0,2,False,RieNs,Team Heretics,fade,True,100,,0,0,0,1,False,Boo,Team Heretics,omen,True,100,,0,1,1,1,False,benjyfishy,Team Heretics,deadlock,True,100,,0,0,1,1,False,Wo0t,Team Heretics,chamber,True,100,25,0,3,1,1,False,grubinho,GIANTX,omen,True,100,25,1,1,0,1,False,ara,GIANTX,raze,True,100,25,0,0,1,0,False,Cloud,GIANTX,fade,True,100,25,1,1,0,1,False,Flickless,GIANTX,viper,True,100,25,1,0,0,1,False,westside,GIANTX,cypher,True,100,50,0,1,0,3,False
1839.338,7876,ACTIVE_ROUND,14,3,10,42.000,,,MiniBoo,Team Heretics,raze,True,100,,0,0,0,2,False,RieNs,Team Heretics,fade,True,100,7,0,0,0,1,False,Boo,Team Heretics,omen,True,100,,0,1,1,1,False,benjyfishy,Team Heretics,deadlock,True,100,,0,0,1,1,False,Wo0t,Team Heretics,chamber,True,100,25,0,3,1,1,False,grubinho,GIANTX,omen,True,100,25,1,1,0,1,False,ara,GIANTX,raze,True,100,25,0,0,1,0,False,Cloud,GIANTX,fade,True,100,25,1,1,0,1,False,Flickless,GIANTX,viper,True,100,25,1,0,0,1,False,westside,GIANTX,cypher,True,100,50,0,1,0,3,False
1839.571,7877,ACTIVE_ROUND,14,3,10,42.000,,,MiniBoo,Team Heretics,raze,True,100,,0,0,0,2,False,RieNs,Team Heretics,fade,True,100,7,0,0,0,1,False,Boo,Team Heretics,omen,True,100,,0,1,1,1,False,benjyfishy,Team Heretics,deadlock,True,100,,0,0,1,1,False,Wo0t,Team Heretics,chamber,True,100,25,0,3,1,1,False,grubinho,GIANTX,omen,True,100,25,1,1,0,1,False,ara,GIANTX,raze,True,100,25,0,0,1,0,False,Cloud,GIANTX,fade,True,100,25,1,1,0,1,False,Flickless,GIANTX,viper,True,100,25,1,0,0,1,False,westside,GIANTX,cypher,True,100,50,0,1,0,3,False
1839.805,7878,ACTIVE_ROUND,14,3,10,42.000,,,MiniBoo,Team Heretics,raze,True,100,,0,0,0,2,False,RieNs,Team Heretics,fade,True,100,7,0,0,0,1,False,Boo,Team Heretics,omen,True,100,,0,1,1,1,False,benjyfishy,Team Heretics,deadlock,True,100,,0,0,1,1,False,Wo0t,Team Heretics,chamber,True,100,25,0,3,1,1,False,grubinho,GIANTX,omen,True,100,25,1,1,0,1,False,ara,GIANTX,raze,True,100,25,0,0,1,0,False,Cloud,GIANTX,fade,True,100,25,1,1,0,1,False,Flickless,GIANTX,viper,True,100,25,1,0,0,1,False,westside,GIANTX,cypher,True,100,50,0,1,0,3,False
1840.038,7879,ACTIVE_ROUND,14,3,10,41.000,,,MiniBoo,Team Heretics,raze,True,100,,0,0,0,2,False,RieNs,Team Heretics,fade,True,100,7,0,0,0,1,False,Boo,Team Heretics,omen,True,100,,0,1,1,1,False,benjyfishy,Team Heretics,deadlock,True,100,,0,0,1,1,False,Wo0t,Team Heretics,chamber,True,100,25,0,3,1,1,False,grubinho,GIANTX,omen,True,100,25,1,1,0,1,False,ara,GIANTX,raze,True,100,25,0,0,1,0,False,Cloud,GIANTX,fade,True,100,25,1,1,0,1,False,Flickless,GIANTX,viper,True,100,25,1,0,0,1,False,westside,GIANTX,cypher,True,100,50,0,1,0,3,False
1840.272,7880,ACTIVE_ROUND,14,3,10,41.000,,,MiniBoo,Team Heretics,raze,True,100,,0,0,0,2,False,RieNs,Team Heretics,fade,True,100,7,0,0,0,1,False,Boo,Team Heretics,omen,True,100,,0,1,1,1,False,benjyfishy,Team Heretics,deadlock,True,100,,0,0,1,1,False,Wo0t,Team Heretics,chamber,True,100,25,0,3,1,1,False,grubinho,GIANTX,omen,True,100,25,1,1,0,1,False,ara,GIANTX,raze,True,100,25,0,0,1,0,False,Cloud,GIANTX,fade,True,100,25,1,1,1,1,False,Flickless,GIANTX,viper,True,100,25,1,0,0,1,False,westside,GIANTX,cypher,True,100,50,0,1,0,3,False
1840.505,7881,ACTIVE_ROUND,14,3,10,41.000,,,MiniBoo,Team Heretics,raze,True,100,,0,0,0,2,False,RieNs,Team Heretics,fade,True,100,7,0,0,0,1,False,Boo,Team Heretics,omen,True,100,,0,1,1,1,False,benjyfishy,Team Heretics,deadlock,True,100,,0,0,1,1,False,Wo0t,Team Heretics,chamber,True,100,25,0,3,1,1,False,grubinho,GIANTX,omen,True,100,25,1,1,0,1,False,ara,GIANTX,raze,True,100,25,0,0,1,0,False,Cloud,GIANTX,fade,True,100,25,1,1,1,1,False,Flickless,GIANTX,viper,True,100,25,1,0,0,1,False,westside,GIANTX,cypher,True,100,50,0,1,0,3,False
1840.739,7882,ACTIVE_ROUND,14,3,10,41.000,,,MiniBoo,Team Heretics,raze,True,100,,0,0,0,2,False,RieNs,Team Heretics,fade,True,100,7,0,0,0,1,False,Boo,Team Heretics,omen,True,100,,0,1,1,1,False,benjyfishy,Team Heretics,deadlock,True,100,,0,0,1,1,False,Wo0t,Team Heretics,chamber,True,100,25,0,3,1,1,False,grubinho,GIANTX,omen,True,100,25,1,1,0,1,False,ara,GIANTX,raze,True,100,25,0,0,1,0,False,Cloud,GIANTX,fade,True,100,25,1,1,1,1,False,Flickless,GIANTX,viper,True,100,25,1,0,0,1,False,westside,GIANTX,cypher,True,100,50,0,1,0,3,False
1840.972,7883,ACTIVE_ROUND,14,3,10,40.000,,,MiniBoo,Team Heretics,raze,True,100,,0,0,0,2,False,RieNs,Team Heretics,fade,True,100,7,0,0,0,1,False,Boo,Team Heretics,omen,True,100,,0,1,1,1,False,benjyfishy,Team Heretics,deadlock,True,100,,0,0,1,1,False,Wo0t,Team Heretics,chamber,True,100,25,0,3,1,1,False,grubinho,GIANTX,omen,True,100,25,1,1,0,1,False,ara,GIANTX,raze,True,100,25,0,0,1,0,False,Cloud,GIANTX,fade,True,100,25,1,1,1,1,False,Flickless,GIANTX,viper,True,100,25,1,0,0,1,False,westside,GIANTX,cypher,True,100,50,0,1,0,3,False
1841.206,7884,ACTIVE_ROUND,14,3,10,40.000,,,MiniBoo,Team Heretics,raze,True,100,,0,0,0,2,False,RieNs,Team Heretics,fade,True,100,7,0,0,0,1,False,Boo,Team Heretics,omen,True,100,,0,1,1,1,False,benjyfishy,Team Heretics,deadlock,True,100,,0,0,1,1,False,Wo0t,Team Heretics,chamber,True,100,25,0,3,1,1,False,grubinho,GIANTX,omen,True,100,25,1,1,0,1,False,ara,GIANTX,raze,True,100,25,0,0,1,0,False,Cloud,GIANTX,fade,True,100,25,1,1,1,1,False,Flickless,GIANTX,viper,True,100,25,1,0,0,1,False,westside,GIANTX,cypher,True,100,50,0,1,0,3,False
1841.440,7885,ACTIVE_ROUND,14,3,10,40.000,,,MiniBoo,Team Heretics,raze,True,100,,0,0,0,2,False,RieNs,Team Heretics,fade,True,100,7,0,0,0,1,False,Boo,Team Heretics,omen,True,100,,0,1,1,1,False,benjyfishy,Team Heretics,deadlock,True,100,,0,0,1,1,False,Wo0t,Team Heretics,chamber,True,100,25,0,3,1,1,False,grubinho,GIANTX,omen,True,100,25,1,1,0,1,False,ara,GIANTX,raze,True,100,25,0,0,1,0,False,Cloud,GIANTX,fade,True,100,25,1,1,1,1,False,Flickless,GIANTX,viper,True,100,25,1,0,0,1,False,westside,GIANTX,cypher,True,100,50,0,1,0,3,False
1841.673,7886,ACTIVE_ROUND,14,3,10,40.000,,,MiniBoo,Team Heretics,raze,True,100,,0,0,0,2,False,RieNs,Team Heretics,fade,True,100,7,0,0,0,1,False,Boo,Team Heretics,omen,True,100,,0,1,1,1,False,benjyfishy,Team Heretics,deadlock,True,100,,0,0,1,1,False,Wo0t,Team Heretics,chamber,True,100,25,0,3,1,1,False,grubinho,GIANTX,omen,True,100,25,1,1,0,1,False,ara,GIANTX,raze,True,100,25,0,0,1,0,False,Cloud,GIANTX,fade,True,100,25,1,1,1,1,False,Flickless,GIANTX,viper,True,100,25,1,0,0,1,False,westside,GIANTX,cypher,True,100,50,0,1,0,3,False
1841.907,7887,ACTIVE_ROUND,14,3,10,40.000,,,MiniBoo,Team Heretics,raze,True,100,,0,0,0,2,False,RieNs,Team Heretics,fade,True,100,7,0,0,0,1,False,Boo,Team Heretics,omen,True,100,,0,1,1,1,False,benjyfishy,Team Heretics,deadlock,True,100,,0,0,1,1,False,Wo0t,Team Heretics,chamber,True,100,25,0,3,1,1,False,grubinho,GIANTX,omen,True,100,25,1,1,0,1,False,ara,GIANTX,raze,True,100,25,0,0,1,0,False,Cloud,GIANTX,fade,True,100,25,1,1,1,1,False,Flickless,GIANTX,viper,True,100,25,1,0,0,1,False,westside,GIANTX,cypher,True,100,50,0,1,0,3,False
1842.140,7888,ACTIVE_ROUND,14,3,10,39.000,,,MiniBoo,Team Heretics,raze,True,100,,0,0,0,2,False,RieNs,Team Heretics,fade,True,100,7,0,0,0,1,False,Boo,Team Heretics,omen,True,100,,0,1,1,1,False,benjyfishy,Team Heretics,deadlock,True,100,,0,0,1,1,False,Wo0t,Team Heretics,chamber,True,100,25,0,3,1,1,False,grubinho,GIANTX,omen,True,100,25,1,1,0,1,False,ara,GIANTX,raze,True,100,25,0,0,1,0,False,Cloud,GIANTX,fade,True,100,25,1,1,1,1,False,Flickless,GIANTX,viper,True,100,25,1,0,0,1,False,westside,GIANTX,cypher,True,100,50,0,1,0,3,False
1842.374,7889,ACTIVE_ROUND,14,3,10,39.000,,,MiniBoo,Team Heretics,raze,True,100,,0,0,0,2,False,RieNs,Team Heretics,fade,True,100,7,0,0,0,1,False,Boo,Team Heretics,omen,True,100,,0,1,1,1,False,benjyfishy,Team Heretics,deadlock,True,100,,0,0,1,1,False,Wo0t,Team Heretics,chamber,True,100,25,0,3,1,1,False,grubinho,GIANTX,omen,True,100,25,1,1,0,1,False,ara,GIANTX,raze,True,100,25,0,0,1,0,False,Cloud,GIANTX,fade,True,100,25,1,1,1,1,False,Flickless,GIANTX,viper,True,100,25,1,0,0,1,False,westside,GIANTX,cypher,True,100,50,0,1,0,3,False
1842.607,7890,ACTIVE_ROUND,14,3,10,39.000,,,MiniBoo,Team Heretics,raze,True,100,,0,0,0,2,False,RieNs,Team Heretics,fade,True,100,7,0,0,0,1,False,Boo,Team Heretics,omen,True,100,,0,1,1,1,False,benjyfishy,Team Heretics,deadlock,True,100,,0,0,1,1,False,Wo0t,Team Heretics,chamber,True,100,25,0,3,1,1,False,grubinho,GIANTX,omen,True,100,25,1,1,0,1,False,ara,GIANTX,raze,True,100,25,0,0,1,0,False,Cloud,GIANTX,fade,True,100,25,1,1,1,1,False,Flickless,GIANTX,viper,True,100,25,1,0,0,1,False,westside,GIANTX,cypher,True,100,50,0,1,0,3,False
1842.841,7891,ACTIVE_ROUND,14,3,10,39.000,,,MiniBoo,Team Heretics,raze,True,100,,0,0,0,2,False,RieNs,Team Heretics,fade,True,100,7,0,0,0,1,False,Boo,Team Heretics,omen,True,100,,0,1,1,1,False,benjyfishy,Team Heretics,deadlock,True,100,,0,0,1,1,False,Wo0t,Team Heretics,chamber,True,100,25,0,3,1,1,False,grubinho,GIANTX,omen,True,100,25,1,1,0,1,False,ara,GIANTX,raze,True,100,25,0,0,1,0,False,Cloud,GIANTX,fade,True,100,25,1,1,1,1,False,Flickless,GIANTX,viper,True,100,25,1,0,0,1,False,westside,GIANTX,cypher,True,100,50,0,1,0,3,False
1843.075,7892,ACTIVE_ROUND,14,3,10,38.000,,,MiniBoo,Team Heretics,raze,True,100,,0,0,0,2,False,RieNs,Team Heretics,fade,True,100,7,0,0,0,1,False,Boo,Team Heretics,omen,True,100,,0,1,1,1,False,benjyfishy,Team Heretics,deadlock,True,100,,0,0,1,1,False,Wo0t,Team Heretics,chamber,True,100,25,0,3,1,1,False,grubinho,GIANTX,omen,True,100,25,1,1,0,1,False,ara,GIANTX,raze,True,100,25,0,0,1,0,False,Cloud,GIANTX,fade,True,100,25,1,1,1,1,False,Flickless,GIANTX,viper,True,100,25,1,0,0,1,False,westside,GIANTX,cypher,True,100,50,0,1,0,3,False
1843.308,7893,ACTIVE_ROUND,14,3,10,38.000,,,MiniBoo,Team Heretics,raze,True,100,,0,0,0,2,False,RieNs,Team Heretics,fade,True,100,7,0,0,0,1,False,Boo,Team Heretics,omen,True,100,,0,1,1,1,False,benjyfishy,Team Heretics,deadlock,True,100,,0,0,1,1,False,Wo0t,Team Heretics,chamber,True,100,25,0,3,1,1,False,grubinho,GIANTX,omen,True,100,25,1,1,1,1,False,ara,GIANTX,raze,True,100,25,0,0,1,0,False,Cloud,GIANTX,fade,True,100,25,1,1,1,1,False,Flickless,GIANTX,viper,True,100,25,1,0,0,1,False,westside,GIANTX,cypher,True,100,50,0,1,0,3,False
1843.542,7894,ACTIVE_ROUND,14,3,10,38.000,,,MiniBoo,Team Heretics,raze,True,100,,0,0,0,2,False,RieNs,Team Heretics,fade,True,100,7,0,0,0,1,False,Boo,Team Heretics,omen,True,100,,0,1,1,1,False,benjyfishy,Team Heretics,deadlock,True,100,,0,0,1,1,False,Wo0t,Team Heretics,chamber,True,100,25,0,3,1,1,False,grubinho,GIANTX,omen,True,100,25,1,1,1,1,False,ara,GIANTX,raze,True,100,25,0,0,1,0,False,Cloud,GIANTX,fade,True,100,25,1,1,1,1,False,Flickless,GIANTX,viper,True,100,25,1,0,0,1,False,westside,GIANTX,cypher,True,100,50,0,1,0,3,False
1843.775,7895,ACTIVE_ROUND,14,3,10,38.000,,,MiniBoo,Team Heretics,raze,True,100,,0,0,0,2,False,RieNs,Team Heretics,fade,True,100,7,0,0,0,1,False,Boo,Team Heretics,omen,True,100,,0,1,1,1,False,benjyfishy,Team Heretics,deadlock,True,100,,0,0,1,1,False,Wo0t,Team Heretics,chamber,True,100,25,0,3,1,1,False,grubinho,GIANTX,omen,True,100,25,1,1,1,1,False,ara,GIANTX,raze,True,100,25,0,0,1,0,False,Cloud,GIANTX,fade,True,100,25,1,1,1,1,False,Flickless,GIANTX,viper,True,100,25,1,0,0,1,False,westside,GIANTX,cypher,True,100,50,0,1,0,3,False
1844.009,7896,ACTIVE_ROUND,14,3,10,37.000,,,MiniBoo,Team Heretics,raze,True,100,,0,0,0,2,False,RieNs,Team Heretics,fade,True,100,7,0,0,0,1,False,Boo,Team Heretics,omen,True,100,,0,1,1,1,False,benjyfishy,Team Heretics,deadlock,True,100,,0,0,1,1,False,Wo0t,Team Heretics,chamber,True,100,25,0,3,1,1,False,grubinho,GIANTX,omen,True,100,25,1,1,1,1,False,ara,GIANTX,raze,True,100,25,0,0,1,0,False,Cloud,GIANTX,fade,True,100,25,1,1,1,1,False,Flickless,GIANTX,viper,True,100,25,1,0,0,1,False,westside,GIANTX,cypher,True,100,50,0,1,0,3,False
1844.242,7897,ACTIVE_ROUND,14,3,10,37.000,,,MiniBoo,Team Heretics,raze,True,100,,0,0,0,2,False,RieNs,Team Heretics,fade,True,100,7,0,0,0,1,False,Boo,Team Heretics,omen,True,100,,0,1,1,1,False,benjyfishy,Team Heretics,deadlock,True,100,,0,0,1,1,False,Wo0t,Team Heretics,chamber,True,100,25,0,3,1,1,False,grubinho,GIANTX,omen,True,100,25,1,1,1,1,False,ara,GIANTX,raze,True,100,25,0,0,1,0,False,Cloud,GIANTX,fade,True,100,25,1,1,1,1,False,Flickless,GIANTX,viper,True,100,25,1,0,0,1,False,westside,GIANTX,cypher,True,100,50,0,1,0,3,False
1844.476,7898,ACTIVE_ROUND,14,3,10,37.000,,,MiniBoo,Team Heretics,raze,True,100,,0,0,0,2,False,RieNs,Team Heretics,fade,True,100,7,0,0,0,1,False,Boo,Team Heretics,omen,True,100,,0,1,1,1,False,benjyfishy,Team Heretics,deadlock,True,100,,0,0,1,1,False,Wo0t,Team Heretics,chamber,True,100,25,0,3,1,1,False,grubinho,GIANTX,omen,True,100,25,1,1,1,1,False,ara,GIANTX,raze,True,100,25,0,0,1,0,False,Cloud,GIANTX,fade,True,100,25,1,1,1,1,False,Flickless,GIANTX,viper,True,100,25,1,0,0,1,False,westside,GIANTX,cypher,True,100,50,0,1,0,3,False
1844.710,7899,ACTIVE_ROUND,14,3,10,37.000,,,MiniBoo,Team Heretics,raze,True,100,,0,0,0,2,False,RieNs,Team Heretics,fade,True,100,7,0,0,0,1,False,Boo,Team Heretics,omen,True,100,,0,1,1,1,False,benjyfishy,Team Heretics,deadlock,True,100,,0,0,1,1,False,Wo0t,Team Heretics,chamber,True,100,25,0,3,1,1,False,grubinho,GIANTX,omen,True,100,25,1,1,1,1,False,ara,GIANTX,raze,True,100,25,0,0,1,0,False,Cloud,GIANTX,fade,True,100,25,1,1,1,1,False,Flickless,GIANTX,viper,True,100,25,1,0,0,1,False,westside,GIANTX,cypher,True,100,50,0,1,0,3,False
1844.943,7900,ACTIVE_ROUND,14,3,10,37.000,,,MiniBoo,Team Heretics,raze,True,100,,0,0,0,2,False,RieNs,Team Heretics,fade,True,100,7,0,0,0,1,False,Boo,Team Heretics,omen,True,100,,0,1,1,1,False,benjyfishy,Team Heretics,deadlock,True,100,,0,0,1,1,False,Wo0t,Team Heretics,chamber,True,100,25,0,3,1,1,False,grubinho,GIANTX,omen,True,100,25,1,1,1,1,False,ara,GIANTX,raze,True,100,25,0,0,1,0,False,Cloud,GIANTX,fade,True,100,25,1,1,1,1,False,Flickless,GIANTX,viper,True,100,25,1,0,0,1,False,westside,GIANTX,cypher,True,100,50,0,1,0,3,False
1845.177,7901,ACTIVE_ROUND,14,3,10,36.000,,,MiniBoo,Team Heretics,raze,True,100,,0,0,0,2,False,RieNs,Team Heretics,fade,True,100,7,0,0,0,1,False,Boo,Team Heretics,omen,True,100,,0,1,2,1,False,benjyfishy,Team Heretics,deadlock,True,100,,0,0,1,1,False,Wo0t,Team Heretics,chamber,True,100,25,0,3,1,1,False,grubinho,GIANTX,omen,True,100,25,1,1,1,1,False,ara,GIANTX,raze,True,100,25,0,0,1,0,False,Cloud,GIANTX,fade,True,100,25,1,1,1,1,False,Flickless,GIANTX,viper,True,100,25,1,0,0,1,False,westside,GIANTX,cypher,True,100,50,0,1,0,3,False
1845.410,7902,ACTIVE_ROUND,14,3,10,36.000,,,MiniBoo,Team Heretics,raze,True,100,,0,0,0,2,False,RieNs,Team Heretics,fade,True,100,7,0,0,0,1,False,Boo,Team Heretics,omen,True,100,,0,1,2,1,False,benjyfishy,Team Heretics,deadlock,True,100,,0,0,1,1,False,Wo0t,Team Heretics,chamber,True,100,25,0,3,1,1,False,grubinho,GIANTX,omen,True,100,25,1,1,1,1,False,ara,GIANTX,raze,True,100,25,0,0,1,0,False,Cloud,GIANTX,fade,True,100,25,1,1,1,1,False,Flickless,GIANTX,viper,True,100,25,1,0,0,1,False,westside,GIANTX,cypher,True,100,50,0,1,0,3,False
1845.644,7903,ACTIVE_ROUND,14,3,10,36.000,,,MiniBoo,Team Heretics,raze,True,100,,0,0,0,2,False,RieNs,Team Heretics,fade,True,100,7,0,0,0,1,False,Boo,Team Heretics,omen,True,100,,0,1,2,1,False,benjyfishy,Team Heretics,deadlock,True,100,,0,0,1,1,False,Wo0t,Team Heretics,chamber,True,100,25,0,3,1,1,False,grubinho,GIANTX,omen,True,100,25,1,1,1,1,False,ara,GIANTX,raze,True,100,25,0,0,1,0,False,Cloud,GIANTX,fade,True,100,25,1,1,1,1,False,Flickless,GIANTX,viper,True,100,25,1,0,0,1,False,westside,GIANTX,cypher,True,100,50,0,1,0,3,False
1845.877,7904,ACTIVE_ROUND,14,3,10,36.000,,,MiniBoo,Team Heretics,raze,True,100,,0,0,0,2,False,RieNs,Team Heretics,fade,True,100,7,0,0,0,1,False,Boo,Team Heretics,omen,True,100,,0,1,2,1,False,benjyfishy,Team Heretics,deadlock,True,100,,0,0,1,1,False,Wo0t,Team Heretics,chamber,True,100,25,0,3,1,1,False,grubinho,GIANTX,omen,True,100,25,1,1,1,1,False,ara,GIANTX,raze,True,100,25,0,0,1,0,False,Cloud,GIANTX,fade,True,100,25,1,1,1,1,False,Flickless,GIANTX,viper,True,100,25,1,0,0,1,False,westside,GIANTX,cypher,True,100,50,0,1,0,3,False
1846.111,7905,ACTIVE_ROUND,14,3,10,35.000,,,MiniBoo,Team Heretics,raze,True,100,,0,0,0,2,False,RieNs,Team Heretics,fade,True,100,7,0,0,0,1,False,Boo,Team Heretics,omen,True,100,,0,1,2,1,False,benjyfishy,Team Heretics,deadlock,True,100,,0,0,1,1,False,Wo0t,Team Heretics,chamber,True,100,25,0,3,1,1,False,grubinho,GIANTX,omen,True,100,25,1,1,1,1,False,ara,GIANTX,raze,True,100,25,0,0,1,0,False,Cloud,GIANTX,fade,True,100,25,1,1,1,1,False,Flickless,GIANTX,viper,True,100,25,1,0,0,1,False,westside,GIANTX,cypher,True,100,8,0,1,0,3,False
1846.344,7906,ACTIVE_ROUND,14,3,10,35.000,,,MiniBoo,Team Heretics,raze,True,100,,0,0,0,2,False,RieNs,Team Heretics,fade,True,100,7,0,0,0,1,False,Boo,Team Heretics,omen,True,100,,0,1,2,1,False,benjyfishy,Team Heretics,deadlock,True,100,,0,0,1,1,False,Wo0t,Team Heretics,chamber,True,100,25,0,3,1,1,False,grubinho,GIANTX,omen,True,100,25,1,1,1,1,False,ara,GIANTX,raze,True,100,25,0,0,1,0,False,Cloud,GIANTX,fade,True,100,25,1,1,1,1,False,Flickless,GIANTX,viper,True,100,25,1,0,0,1,False,westside,GIANTX,cypher,True,100,50,0,1,0,3,False
1846.578,7907,ACTIVE_ROUND,14,3,10,35.000,,,MiniBoo,Team Heretics,raze,True,100,,0,0,0,2,False,RieNs,Team Heretics,fade,True,100,7,0,0,0,1,False,Boo,Team Heretics,omen,True,100,,0,1,2,1,False,benjyfishy,Team Heretics,deadlock,True,100,,0,0,1,1,False,Wo0t,Team Heretics,chamber,True,100,25,0,3,1,1,False,grubinho,GIANTX,omen,True,100,25,1,1,1,1,False,ara,GIANTX,raze,True,100,25,0,0,1,0,False,Cloud,GIANTX,fade,True,100,25,1,1,1,1,False,Flickless,GIANTX,viper,True,100,25,1,0,0,1,False,westside,GIANTX,cypher,True,100,50,0,1,0,3,False
1846.812,7908,ACTIVE_ROUND,14,3,10,35.000,,,MiniBoo,Team Heretics,raze,True,100,,0,0,0,2,False,RieNs,Team Heretics,fade,True,100,7,0,0,0,1,False,Boo,Team Heretics,omen,True,100,,0,1,2,1,False,benjyfishy,Team Heretics,deadlock,True,100,,0,0,1,1,False,Wo0t,Team Heretics,chamber,True,100,25,0,3,1,1,False,grubinho,GIANTX,omen,True,100,25,1,1,1,1,False,ara,GIANTX,raze,True,100,25,0,0,1,0,False,Cloud,GIANTX,fade,True,100,25,1,1,1,1,False,Flickless,GIANTX,viper,True,100,25,1,0,0,1,False,westside,GIANTX,cypher,True,100,50,0,1,0,3,False
1847.045,7909,ACTIVE_ROUND,14,3,10,34.000,,,MiniBoo,Team Heretics,raze,True,100,,0,0,0,2,False,RieNs,Team Heretics,fade,True,100,7,0,0,0,1,False,Boo,Team Heretics,omen,True,100,,0,1,2,1,False,benjyfishy,Team Heretics,deadlock,True,100,,0,0,1,1,False,Wo0t,Team Heretics,chamber,True,100,25,0,3,1,1,False,grubinho,GIANTX,omen,True,100,25,1,1,1,1,False,ara,GIANTX,raze,True,100,25,0,0,1,0,False,Cloud,GIANTX,fade,True,100,25,1,1,1,1,False,Flickless,GIANTX,viper,True,100,25,1,0,0,1,False,westside,GIANTX,cypher,True,100,50,0,1,0,3,False
1847.279,7910,ACTIVE_ROUND,14,3,10,34.000,,,MiniBoo,Team Heretics,raze,True,100,,0,0,0,2,False,RieNs,Team Heretics,fade,True,100,7,0,0,0,1,False,Boo,Team Heretics,omen,True,100,,0,1,2,1,False,benjyfishy,Team Heretics,deadlock,True,100,,0,0,1,1,False,Wo0t,Team Heretics,chamber,True,100,25,0,3,1,1,False,grubinho,GIANTX,omen,True,100,25,1,1,1,1,False,ara,GIANTX,raze,True,100,25,0,0,1,0,False,Cloud,GIANTX,fade,True,100,25,1,1,0,1,False,Flickless,GIANTX,viper,True,100,25,1,0,0,1,False,westside,GIANTX,cypher,True,100,50,0,1,0,3,False
1847.512,7911,ACTIVE_ROUND,14,3,10,34.000,,,MiniBoo,Team Heretics,raze,True,100,,0,0,0,2,False,RieNs,Team Heretics,fade,True,100,7,0,0,0,1,False,Boo,Team Heretics,omen,True,100,,0,1,2,1,False,benjyfishy,Team Heretics,deadlock,True,100,,0,0,1,1,False,Wo0t,Team Heretics,chamber,True,100,25,0,3,1,1,False,grubinho,GIANTX,omen,True,100,25,1,1,1,1,False,ara,GIANTX,raze,True,100,25,0,0,1,0,False,Cloud,GIANTX,fade,True,100,25,1,1,0,1,False,Flickless,GIANTX,viper,True,100,25,1,0,0,1,False,westside,GIANTX,cypher,True,100,50,0,1,0,3,False
1847.746,7912,ACTIVE_ROUND,14,3,10,34.000,,,MiniBoo,Team Heretics,raze,True,100,,0,0,0,2,False,RieNs,Team Heretics,fade,True,100,7,0,0,0,1,False,Boo,Team Heretics,omen,True,100,,0,1,2,1,False,benjyfishy,Team Heretics,deadlock,True,100,,0,0,1,1,False,Wo0t,Team Heretics,chamber,True,100,25,0,3,1,1,False,grubinho,GIANTX,omen,True,100,25,1,1,1,1,False,ara,GIANTX,raze,True,100,25,0,0,1,0,False,Cloud,GIANTX,fade,True,100,25,1,1,0,1,False,Flickless,GIANTX,viper,True,100,25,1,0,0,1,False,westside,GIANTX,cypher,True,100,50,0,1,0,3,False
1847.979,7913,ACTIVE_ROUND,14,3,10,34.000,,,MiniBoo,Team Heretics,raze,True,100,,0,0,0,2,False,RieNs,Team Heretics,fade,True,100,7,0,0,0,1,False,Boo,Team Heretics,omen,True,100,,0,1,2,1,False,benjyfishy,Team Heretics,deadlock,True,100,,0,0,1,1,False,Wo0t,Team Heretics,chamber,True,100,25,0,3,1,1,False,grubinho,GIANTX,omen,True,100,25,1,1,1,1,False,ara,GIANTX,raze,True,100,25,0,0,1,0,False,Cloud,GIANTX,fade,True,100,25,1,1,0,1,False,Flickless,GIANTX,viper,True,100,25,1,0,0,1,False,westside,GIANTX,cypher,True,100,50,0,1,0,3,False
1848.213,7914,ACTIVE_ROUND,14,3,10,33.000,,,MiniBoo,Team Heretics,raze,True,100,,0,0,0,2,False,RieNs,Team Heretics,fade,True,100,7,0,0,0,1,False,Boo,Team Heretics,omen,True,100,,0,1,2,1,False,benjyfishy,Team Heretics,deadlock,True,100,,0,0,1,1,False,Wo0t,Team Heretics,chamber,True,100,25,0,3,1,1,False,grubinho,GIANTX,omen,True,100,25,1,1,1,1,False,ara,GIANTX,raze,True,100,25,0,0,1,0,False,Cloud,GIANTX,fade,True,100,25,1,1,0,1,False,Flickless,GIANTX,viper,True,100,25,1,0,0,1,False,westside,GIANTX,cypher,True,100,50,0,1,0,3,False
1848.447,7915,ACTIVE_ROUND,14,3,10,33.000,,,MiniBoo,Team Heretics,raze,True,100,,0,0,0,2,False,RieNs,Team Heretics,fade,True,100,7,0,0,0,1,False,Boo,Team Heretics,omen,True,100,,0,1,2,1,False,benjyfishy,Team Heretics,deadlock,True,100,,0,0,1,1,False,Wo0t,Team Heretics,chamber,True,100,25,0,3,1,1,False,grubinho,GIANTX,omen,True,100,25,1,1,1,1,False,ara,GIANTX,raze,True,100,25,0,0,1,0,False,Cloud,GIANTX,fade,True,100,25,1,1,0,1,False,Flickless,GIANTX,viper,True,100,25,1,0,0,1,False,westside,GIANTX,cypher,True,100,50,0,1,0,3,False
1848.680,7916,ACTIVE_ROUND,14,3,10,33.000,,,MiniBoo,Team Heretics,raze,True,100,,0,0,0,2,False,RieNs,Team Heretics,fade,True,100,7,0,0,0,1,False,Boo,Team Heretics,omen,True,100,,0,1,2,1,False,benjyfishy,Team Heretics,deadlock,True,100,,0,0,1,1,False,Wo0t,Team Heretics,chamber,True,100,25,0,3,1,1,False,grubinho,GIANTX,omen,True,100,25,1,1,1,1,False,ara,GIANTX,raze,True,100,25,0,0,1,0,False,Cloud,GIANTX,fade,True,100,25,1,1,0,1,False,Flickless,GIANTX,viper,True,100,25,1,0,0,1,False,westside,GIANTX,cypher,True,100,50,0,1,0,3,False
1848.914,7917,ACTIVE_ROUND,14,3,10,33.000,,,MiniBoo,Team Heretics,raze,True,100,,0,0,0,2,False,RieNs,Team Heretics,fade,True,100,7,0,0,0,1,False,Boo,Team Heretics,omen,True,100,,0,1,2,1,False,benjyfishy,Team Heretics,deadlock,True,100,,0,0,1,1,False,Wo0t,Team Heretics,chamber,True,100,25,0,3,1,1,False,grubinho,GIANTX,omen,True,100,25,1,1,1,1,False,ara,GIANTX,raze,True,100,25,0,0,1,0,False,Cloud,GIANTX,fade,True,100,25,1,1,0,1,False,Flickless,GIANTX,viper,True,100,25,1,0,0,1,False,westside,GIANTX,cypher,True,100,50,0,1,0,3,False
1849.147,7918,ACTIVE_ROUND,14,3,10,32.000,,,MiniBoo,Team Heretics,raze,True,100,,0,0,0,2,False,RieNs,Team Heretics,fade,True,100,7,0,0,0,1,False,Boo,Team Heretics,omen,True,100,,0,1,2,1,False,benjyfishy,Team Heretics,deadlock,True,100,,0,0,1,1,False,Wo0t,Team Heretics,chamber,True,100,25,0,3,1,1,False,grubinho,GIANTX,omen,True,100,25,1,1,1,1,False,ara,GIANTX,raze,True,100,25,0,0,1,0,False,Cloud,GIANTX,fade,True,100,25,1,1,0,1,False,Flickless,GIANTX,viper,True,100,25,1,0,0,1,False,westside,GIANTX,cypher,True,100,50,0,1,0,3,False
1849.381,7919,ACTIVE_ROUND,14,3,10,32.000,,,MiniBoo,Team Heretics,raze,True,100,,0,0,0,2,False,RieNs,Team Heretics,fade,True,100,7,0,0,0,1,False,Boo,Team Heretics,omen,True,100,,0,1,2,1,False,benjyfishy,Team Heretics,deadlock,True,100,,0,0,1,1,False,Wo0t,Team Heretics,chamber,True,100,25,0,3,1,1,False,grubinho,GIANTX,omen,True,100,25,1,1,1,1,False,ara,GIANTX,raze,True,100,25,0,0,1,0,False,Cloud,GIANTX,fade,True,100,25,1,1,0,1,False,Flickless,GIANTX,viper,True,100,25,1,0,0,1,False,westside,GIANTX,cypher,True,100,50,0,1,0,3,False
1849.614,7920,ACTIVE_ROUND,14,3,10,32.000,,,MiniBoo,Team Heretics,raze,True,100,,0,0,0,2,False,RieNs,Team Heretics,fade,True,100,7,0,0,0,1,False,Boo,Team Heretics,omen,True,100,,0,1,2,1,False,benjyfishy,Team Heretics,deadlock,True,100,,0,0,1,1,False,Wo0t,Team Heretics,chamber,True,100,25,0,3,1,1,False,grubinho,GIANTX,omen,True,100,25,1,1,1,1,False,ara,GIANTX,raze,True,100,25,0,0,1,0,False,Cloud,GIANTX,fade,True,100,25,1,1,0,1,False,Flickless,GIANTX,viper,True,100,25,1,0,0,1,False,westside,GIANTX,cypher,True,100,50,0,1,0,3,False
1849.848,7921,ACTIVE_ROUND,14,3,10,32.000,,,MiniBoo,Team Heretics,raze,True,100,,0,0,0,2,False,RieNs,Team Heretics,fade,True,100,7,0,0,0,1,False,Boo,Team Heretics,omen,True,100,,0,1,2,1,False,benjyfishy,Team Heretics,deadlock,True,100,,0,0,1,1,False,Wo0t,Team Heretics,chamber,True,100,25,0,3,1,1,False,grubinho,GIANTX,omen,True,100,25,1,1,1,1,False,ara,GIANTX,raze,True,100,25,0,0,1,0,False,Cloud,GIANTX,fade,True,100,25,1,1,0,1,False,Flickless,GIANTX,viper,True,100,25,1,0,0,1,False,westside,GIANTX,cypher,True,100,50,0,1,0,3,False
1850.082,7922,ACTIVE_ROUND,14,3,10,31.000,,,MiniBoo,Team Heretics,raze,True,100,,0,0,0,2,False,RieNs,Team Heretics,fade,True,100,7,0,0,0,1,False,Boo,Team Heretics,omen,True,100,,0,1,2,1,False,benjyfishy,Team Heretics,deadlock,True,100,,0,0,1,1,False,Wo0t,Team Heretics,chamber,True,100,25,0,3,1,1,False,grubinho,GIANTX,omen,True,100,25,1,1,1,1,False,ara,GIANTX,raze,True,100,25,0,0,1,0,False,Cloud,GIANTX,fade,True,100,25,1,1,0,1,False,Flickless,GIANTX,viper,True,100,25,1,0,0,1,False,westside,GIANTX,cypher,True,100,50,0,1,0,3,False
1850.315,7923,ACTIVE_ROUND,14,3,10,31.000,,,MiniBoo,Team Heretics,raze,True,100,,0,0,0,2,False,RieNs,Team Heretics,fade,True,100,7,0,0,0,1,False,Boo,Team Heretics,omen,True,100,,0,1,2,1,False,benjyfishy,Team Heretics,deadlock,True,100,,0,0,1,1,False,Wo0t,Team Heretics,chamber,True,100,25,0,3,1,1,False,grubinho,GIANTX,omen,True,100,25,1,1,1,1,False,ara,GIANTX,raze,True,100,25,0,0,1,0,False,Cloud,GIANTX,fade,True,100,25,1,1,0,1,False,Flickless,GIANTX,viper,True,100,25,1,0,0,1,False,westside,GIANTX,cypher,True,100,50,0,1,0,3,False
1850.549,7924,ACTIVE_ROUND,14,3,10,31.000,,,MiniBoo,Team Heretics,raze,True,100,,0,0,0,2,False,RieNs,Team Heretics,fade,True,100,7,0,0,0,1,False,Boo,Team Heretics,omen,True,100,,0,1,2,1,False,benjyfishy,Team Heretics,deadlock,True,100,,0,0,1,1,False,Wo0t,Team Heretics,chamber,True,100,25,0,3,1,1,False,grubinho,GIANTX,omen,True,100,25,1,1,1,1,False,ara,GIANTX,raze,True,100,25,0,0,1,0,False,Cloud,GIANTX,fade,True,100,25,1,1,0,1,False,Flickless,GIANTX,viper,True,100,25,1,0,0,1,False,westside,GIANTX,cypher,True,100,50,0,1,0,3,False
1850.782,7925,ACTIVE_ROUND,14,3,10,31.000,,,MiniBoo,Team Heretics,raze,True,100,,0,0,0,2,False,RieNs,Team Heretics,fade,True,100,7,0,0,0,1,False,Boo,Team Heretics,omen,True,100,,0,1,2,1,False,benjyfishy,Team Heretics,deadlock,True,100,,0,0,1,1,False,Wo0t,Team Heretics,chamber,True,100,25,0,3,1,1,False,grubinho,GIANTX,omen,True,100,25,1,1,1,1,False,ara,GIANTX,raze,True,100,25,0,0,1,0,False,Cloud,GIANTX,fade,True,100,25,1,1,0,1,False,Flickless,GIANTX,viper,True,100,25,1,0,0,1,False,westside,GIANTX,cypher,True,100,50,0,1,0,3,False
1851.016,7926,ACTIVE_ROUND,14,3,10,30.000,,,MiniBoo,Team Heretics,raze,True,100,,0,0,0,2,False,RieNs,Team Heretics,fade,True,100,7,0,0,0,1,False,Boo,Team Heretics,omen,True,100,,0,1,2,1,False,benjyfishy,Team Heretics,deadlock,True,100,,0,0,1,1,False,Wo0t,Team Heretics,chamber,True,100,25,0,3,1,1,False,grubinho,GIANTX,omen,True,100,25,1,1,1,1,False,ara,GIANTX,raze,True,100,25,0,0,1,0,False,Cloud,GIANTX,fade,True,100,25,1,1,0,1,False,Flickless,GIANTX,viper,True,100,25,1,0,0,1,False,westside,GIANTX,cypher,True,100,50,0,1,0,3,False
1851.249,7927,ACTIVE_ROUND,14,3,10,30.000,,,MiniBoo,Team Heretics,raze,True,100,,0,0,0,2,False,RieNs,Team Heretics,fade,True,100,7,0,0,0,1,False,Boo,Team Heretics,omen,True,100,,0,1,1,1,False,benjyfishy,Team Heretics,deadlock,True,100,,0,0,0,1,False,Wo0t,Team Heretics,chamber,True,100,25,0,3,1,1,False,grubinho,GIANTX,omen,True,100,25,1,1,1,1,False,ara,GIANTX,raze,True,100,25,0,0,1,0,False,Cloud,GIANTX,fade,True,100,25,1,1,0,1,False,Flickless,GIANTX,viper,True,100,25,1,0,0,1,False,westside,GIANTX,cypher,True,100,50,0,1,0,3,False
1851.483,7928,ACTIVE_ROUND,14,3,10,30.000,,,MiniBoo,Team Heretics,raze,True,100,,0,0,0,2,False,RieNs,Team Heretics,fade,True,100,7,0,0,0,1,False,Boo,Team Heretics,omen,True,100,,0,1,1,1,False,benjyfishy,Team Heretics,deadlock,True,100,,0,0,0,1,False,Wo0t,Team Heretics,chamber,True,100,25,0,3,1,1,False,grubinho,GIANTX,omen,True,100,25,1,1,1,1,False,ara,GIANTX,raze,True,100,25,0,0,1,0,False,Cloud,GIANTX,fade,True,100,25,1,1,0,1,False,Flickless,GIANTX,viper,True,100,25,1,0,0,1,False,westside,GIANTX,cypher,True,100,50,0,1,0,3,False
1851.717,7929,ACTIVE_ROUND,14,3,10,30.000,,,MiniBoo,Team Heretics,raze,True,100,,0,0,0,2,False,RieNs,Team Heretics,fade,True,100,7,0,0,0,1,False,Boo,Team Heretics,omen,True,100,,0,1,1,1,False,benjyfishy,Team Heretics,deadlock,True,100,,0,0,0,1,False,Wo0t,Team Heretics,chamber,True,100,25,0,3,1,1,False,grubinho,GIANTX,omen,True,100,25,1,1,1,1,False,ara,GIANTX,raze,True,100,25,0,0,1,0,False,Cloud,GIANTX,fade,True,100,25,1,1,0,1,False,Flickless,GIANTX,viper,True,100,25,1,0,0,1,False,westside,GIANTX,cypher,True,100,50,0,1,0,3,False
1851.950,7930,ACTIVE_ROUND,14,3,10,30.000,,,MiniBoo,Team Heretics,raze,False,,,0,0,0,2,False,RieNs,Team Heretics,fade,True,100,7,0,0,0,1,False,Boo,Team Heretics,omen,True,100,,0,1,1,1,False,benjyfishy,Team Heretics,deadlock,True,100,,0,0,0,1,False,Wo0t,Team Heretics,chamber,True,100,25,0,3,1,1,False,grubinho,GIANTX,omen,True,100,25,1,1,1,1,False,ara,GIANTX,raze,True,100,25,0,0,1,0,False,Cloud,GIANTX,fade,True,100,25,1,1,0,1,False,Flickless,GIANTX,viper,True,100,25,1,0,0,1,False,westside,GIANTX,cypher,True,100,50,0,1,0,3,False
1852.184,7931,ACTIVE_ROUND,14,3,10,29.000,,,MiniBoo,Team Heretics,raze,False,,,0,0,0,2,False,RieNs,Team Heretics,fade,True,100,7,0,0,0,1,False,Boo,Team Heretics,omen,True,100,,0,1,1,1,False,benjyfishy,Team Heretics,deadlock,True,100,,0,0,1,1,False,Wo0t,Team Heretics,chamber,True,100,25,0,3,1,1,False,grubinho,GIANTX,omen,True,100,25,1,1,1,1,False,ara,GIANTX,raze,True,100,25,0,0,1,0,False,Cloud,GIANTX,fade,True,100,25,1,1,0,2,False,Flickless,GIANTX,viper,True,100,25,1,0,0,1,False,westside,GIANTX,cypher,True,100,50,0,1,0,3,False
1852.417,7932,ACTIVE_ROUND,14,3,10,29.000,,,MiniBoo,Team Heretics,raze,False,,,0,0,0,2,False,RieNs,Team Heretics,fade,True,100,7,0,0,0,1,False,Boo,Team Heretics,omen,True,100,,0,1,1,1,False,benjyfishy,Team Heretics,deadlock,False,,,0,0,1,1,False,Wo0t,Team Heretics,chamber,True,100,25,0,3,1,1,False,grubinho,GIANTX,omen,True,100,25,1,1,1,1,False,ara,GIANTX,raze,True,100,25,0,0,1,0,False,Cloud,GIANTX,fade,True,100,25,1,1,0,2,False,Flickless,GIANTX,viper,True,100,25,1,0,0,1,False,westside,GIANTX,cypher,True,100,50,0,1,0,3,False
1852.651,7933,ACTIVE_ROUND,14,3,10,29.000,,,MiniBoo,Team Heretics,raze,False,,,0,0,0,2,False,RieNs,Team Heretics,fade,True,100,7,0,0,0,1,False,Boo,Team Heretics,omen,True,100,,0,1,1,1,False,benjyfishy,Team Heretics,deadlock,False,,,0,0,1,1,False,Wo0t,Team Heretics,chamber,True,100,25,0,3,1,1,False,grubinho,GIANTX,omen,True,100,25,1,1,1,1,False,ara,GIANTX,raze,True,100,25,0,0,1,0,False,Cloud,GIANTX,fade,True,100,25,0,0,0,2,False,Flickless,GIANTX,viper,True,100,25,1,0,0,1,False,westside,GIANTX,cypher,True,100,50,0,1,0,3,False
1852.884,7934,ACTIVE_ROUND,14,3,10,29.000,,,MiniBoo,Team Heretics,raze,False,,,0,0,0,2,False,RieNs,Team Heretics,fade,True,100,7,0,0,0,1,False,Boo,Team Heretics,omen,True,100,,0,1,1,1,False,benjyfishy,Team Heretics,deadlock,False,,,0,0,1,1,False,Wo0t,Team Heretics,chamber,True,100,25,0,3,1,1,False,grubinho,GIANTX,omen,True,100,25,1,1,1,1,False,ara,GIANTX,raze,True,100,25,0,0,1,0,False,Cloud,GIANTX,fade,False,,25,0,0,0,2,False,Flickless,GIANTX,viper,True,100,25,1,0,0,1,False,westside,GIANTX,cypher,True,100,50,0,1,0,3,False
1853.118,7935,ACTIVE_ROUND,14,3,10,28.000,,,MiniBoo,Team Heretics,raze,False,,,0,0,0,2,False,RieNs,Team Heretics,fade,True,100,7,0,0,0,2,False,Boo,Team Heretics,omen,True,100,,0,1,1,1,False,benjyfishy,Team Heretics,deadlock,False,,,0,0,1,1,False,Wo0t,Team Heretics,chamber,True,100,25,0,3,1,1,False,grubinho,GIANTX,omen,True,100,25,1,1,1,1,False,ara,GIANTX,raze,True,100,25,0,0,1,0,False,Cloud,GIANTX,fade,False,,25,0,0,0,2,False,Flickless,GIANTX,viper,True,100,25,1,0,0,1,False,westside,GIANTX,cypher,True,100,50,0,1,0,3,False
1853.351,7936,ACTIVE_ROUND,14,3,10,28.000,,,MiniBoo,Team Heretics,raze,False,,,0,0,0,2,False,RieNs,Team Heretics,fade,True,100,7,0,0,0,2,False,Boo,Team Heretics,omen,True,100,,0,1,1,1,False,benjyfishy,Team Heretics,deadlock,False,,,0,0,1,1,False,Wo0t,Team Heretics,chamber,True,100,25,0,3,1,1,False,grubinho,GIANTX,omen,True,100,25,1,1,1,1,False,ara,GIANTX,raze,True,100,25,0,0,1,0,False,Cloud,GIANTX,fade,False,,25,0,0,0,2,False,Flickless,GIANTX,viper,True,100,25,1,0,0,1,False,westside,GIANTX,cypher,True,100,50,0,1,0,3,False
1853.585,7937,ACTIVE_ROUND,14,3,10,28.000,,,MiniBoo,Team Heretics,raze,False,,,0,0,0,2,False,RieNs,Team Heretics,fade,True,100,7,0,0,0,2,False,Boo,Team Heretics,omen,True,100,,0,1,1,1,False,benjyfishy,Team Heretics,deadlock,False,,,0,0,1,1,False,Wo0t,Team Heretics,chamber,True,100,25,0,3,1,1,False,grubinho,GIANTX,omen,True,100,25,1,1,1,1,False,ara,GIANTX,raze,True,100,25,0,0,1,0,False,Cloud,GIANTX,fade,False,,25,0,0,0,2,False,Flickless,GIANTX,viper,True,100,25,1,0,0,1,False,westside,GIANTX,cypher,True,100,50,0,1,0,3,False
1853.819,7938,ACTIVE_ROUND,14,3,10,28.000,,,MiniBoo,Team Heretics,raze,False,,,0,0,0,2,False,RieNs,Team Heretics,fade,True,100,7,0,0,0,2,False,Boo,Team Heretics,omen,True,100,,0,1,1,1,False,benjyfishy,Team Heretics,deadlock,False,,,0,0,1,1,False,Wo0t,Team Heretics,chamber,True,100,25,0,3,1,1,False,grubinho,GIANTX,omen,True,100,25,1,1,1,1,False,ara,GIANTX,raze,True,100,25,0,0,1,0,False,Cloud,GIANTX,fade,False,,25,0,0,0,2,False,Flickless,GIANTX,viper,True,100,25,1,0,0,1,False,westside,GIANTX,cypher,True,100,50,0,1,0,3,False
1854.052,7939,ACTIVE_ROUND,14,3,10,27.000,,,MiniBoo,Team Heretics,raze,False,,,0,0,0,2,False,RieNs,Team Heretics,fade,True,100,7,0,0,0,2,False,Boo,Team Heretics,omen,True,100,,0,1,1,1,False,benjyfishy,Team Heretics,deadlock,False,,,0,0,1,1,False,Wo0t,Team Heretics,chamber,True,100,25,0,3,1,1,False,grubinho,GIANTX,omen,True,100,25,1,1,1,1,False,ara,GIANTX,raze,True,100,25,0,0,1,0,False,Cloud,GIANTX,fade,False,,25,0,0,0,2,False,Flickless,GIANTX,viper,True,100,25,1,0,0,1,False,westside,GIANTX,cypher,True,100,50,0,1,0,3,False
1854.286,7940,ACTIVE_ROUND,14,3,10,27.000,,,MiniBoo,Team Heretics,raze,False,,,0,0,0,2,False,RieNs,Team Heretics,fade,True,70,7,0,0,0,2,False,Boo,Team Heretics,omen,True,69,,0,1,1,1,False,benjyfishy,Team Heretics,deadlock,False,,,0,0,1,1,False,Wo0t,Team Heretics,chamber,True,100,25,0,3,1,1,False,grubinho,GIANTX,omen,True,100,25,1,1,1,1,False,ara,GIANTX,raze,True,100,25,0,0,1,0,False,Cloud,GIANTX,fade,False,,25,0,0,0,2,False,Flickless,GIANTX,viper,True,100,25,1,0,0,1,False,westside,GIANTX,cypher,True,100,50,0,1,0,3,False
1854.519,7941,ACTIVE_ROUND,14,3,10,27.000,,,MiniBoo,Team Heretics,raze,False,,,0,0,0,2,False,RieNs,Team Heretics,fade,True,70,7,0,0,0,2,False,Boo,Team Heretics,omen,True,69,,0,1,1,1,False,benjyfishy,Team Heretics,deadlock,False,,,0,0,1,1,False,Wo0t,Team Heretics,chamber,True,100,25,0,3,1,1,False,grubinho,GIANTX,omen,True,100,25,1,1,1,1,False,ara,GIANTX,raze,True,100,25,0,0,1,0,False,Cloud,GIANTX,fade,False,,25,0,0,0,2,False,Flickless,GIANTX,viper,True,100,25,1,0,0,1,False,westside,GIANTX,cypher,True,100,50,0,1,0,3,False
1854.753,7942,ACTIVE_ROUND,14,3,10,27.000,,,MiniBoo,Team Heretics,raze,False,,,0,0,0,2,False,RieNs,Team Heretics,fade,True,70,7,0,0,0,2,False,Boo,Team Heretics,omen,True,69,,0,1,1,1,False,benjyfishy,Team Heretics,deadlock,False,,,0,0,1,1,False,Wo0t,Team Heretics,chamber,True,100,25,0,3,1,1,False,grubinho,GIANTX,omen,True,100,25,1,1,1,1,False,ara,GIANTX,raze,True,100,25,0,0,1,0,False,Cloud,GIANTX,fade,False,,25,0,0,0,2,False,Flickless,GIANTX,viper,True,100,25,1,0,0,1,False,westside,GIANTX,cypher,True,100,50,0,1,0,3,False
1854.986,7943,ACTIVE_ROUND,14,3,10,26.000,,,MiniBoo,Team Heretics,raze,False,,,0,0,0,2,False,RieNs,Team Heretics,fade,True,70,7,0,0,0,2,False,Boo,Team Heretics,omen,True,69,,0,1,1,1,False,benjyfishy,Team Heretics,deadlock,False,,,0,0,1,1,False,Wo0t,Team Heretics,chamber,True,100,25,0,3,1,1,False,grubinho,GIANTX,omen,True,100,25,1,1,1,1,False,ara,GIANTX,raze,True,100,25,0,0,1,0,False,Cloud,GIANTX,fade,False,,25,0,0,0,2,False,Flickless,GIANTX,viper,True,100,25,1,0,0,1,False,westside,GIANTX,cypher,True,100,50,0,1,0,3,False
1855.220,7944,ACTIVE_ROUND,14,3,10,26.000,,,MiniBoo,Team Heretics,raze,False,,,0,0,0,2,False,RieNs,Team Heretics,fade,True,70,7,0,0,0,2,False,Boo,Team Heretics,omen,True,74,,0,1,1,1,False,benjyfishy,Team Heretics,deadlock,False,,,0,0,1,1,False,Wo0t,Team Heretics,chamber,True,100,25,0,3,1,1,False,grubinho,GIANTX,omen,True,100,25,1,0,1,1,False,ara,GIANTX,raze,True,100,25,0,0,1,0,False,Cloud,GIANTX,fade,False,,25,0,0,0,2,False,Flickless,GIANTX,viper,True,100,25,1,0,0,1,False,westside,GIANTX,cypher,True,100,50,0,1,0,3,False
1855.454,7945,ACTIVE_ROUND,14,3,10,26.000,,,MiniBoo,Team Heretics,raze,False,,,0,0,0,2,False,RieNs,Team Heretics,fade,True,70,7,0,0,0,2,False,Boo,Team Heretics,omen,True,74,,0,1,1,1,False,benjyfishy,Team Heretics,deadlock,False,,,0,0,1,1,False,Wo0t,Team Heretics,chamber,True,100,25,0,3,1,1,False,grubinho,GIANTX,omen,True,100,25,1,0,1,1,False,ara,GIANTX,raze,True,100,25,0,0,1,0,False,Cloud,GIANTX,fade,False,,25,0,0,0,2,False,Flickless,GIANTX,viper,True,100,25,1,0,0,1,False,westside,GIANTX,cypher,True,100,50,0,1,0,3,False
1855.687,7946,ACTIVE_ROUND,14,3,10,26.000,,,MiniBoo,Team Heretics,raze,False,,,0,0,0,2,False,RieNs,Team Heretics,fade,True,70,7,0,0,0,2,False,Boo,Team Heretics,omen,True,74,,0,1,1,1,False,benjyfishy,Team Heretics,deadlock,False,,,0,0,1,1,False,Wo0t,Team Heretics,chamber,True,100,25,0,3,1,1,False,grubinho,GIANTX,omen,True,100,25,1,0,1,1,False,ara,GIANTX,raze,True,100,25,0,0,1,0,False,Cloud,GIANTX,fade,False,,25,0,0,0,2,False,Flickless,GIANTX,viper,True,100,25,1,0,0,1,False,westside,GIANTX,cypher,True,100,50,0,1,0,3,False
1855.921,7947,ACTIVE_ROUND,14,3,10,26.000,,,MiniBoo,Team Heretics,raze,False,,,0,0,0,2,False,RieNs,Team Heretics,fade,True,70,7,0,0,0,2,False,Boo,Team Heretics,omen,True,74,,0,1,1,1,False,benjyfishy,Team Heretics,deadlock,False,,,0,0,1,1,False,Wo0t,Team Heretics,chamber,True,100,25,0,3,1,1,False,grubinho,GIANTX,omen,True,100,25,1,0,1,1,False,ara,GIANTX,raze,True,100,25,0,0,1,0,False,Cloud,GIANTX,fade,False,,25,0,0,0,2,False,Flickless,GIANTX,viper,True,100,25,1,0,0,1,False,westside,GIANTX,cypher,True,100,50,0,1,0,3,False
1856.154,7948,ACTIVE_ROUND,14,3,10,25.000,,,MiniBoo,Team Heretics,raze,False,,,0,0,0,2,False,RieNs,Team Heretics,fade,True,90,7,0,0,0,2,False,Boo,Team Heretics,omen,True,99,,0,1,1,1,False,benjyfishy,Team Heretics,deadlock,False,,,0,0,1,1,False,Wo0t,Team Heretics,chamber,True,100,25,0,3,1,1,False,grubinho,GIANTX,omen,True,100,25,1,0,1,1,False,ara,GIANTX,raze,True,100,25,0,0,1,0,False,Cloud,GIANTX,fade,False,,25,0,0,0,2,False,Flickless,GIANTX,viper,True,100,25,1,0,0,1,False,westside,GIANTX,cypher,True,100,50,0,1,0,3,False
1856.388,7949,ACTIVE_ROUND,14,3,10,25.000,,,MiniBoo,Team Heretics,raze,False,,,0,0,0,2,False,RieNs,Team Heretics,fade,True,90,7,0,0,0,2,False,Boo,Team Heretics,omen,True,99,,0,1,1,1,False,benjyfishy,Team Heretics,deadlock,False,,,0,0,1,1,False,Wo0t,Team Heretics,chamber,True,100,25,0,3,1,1,False,grubinho,GIANTX,omen,True,100,25,1,0,1,1,False,ara,GIANTX,raze,True,100,25,0,0,1,0,False,Cloud,GIANTX,fade,False,,25,0,0,0,2,False,Flickless,GIANTX,viper,True,100,25,1,0,0,1,False,westside,GIANTX,cypher,True,100,50,0,1,0,3,False
1856.621,7950,ACTIVE_ROUND,14,3,10,25.000,,,MiniBoo,Team Heretics,raze,False,,,0,0,0,2,False,RieNs,Team Heretics,fade,True,90,7,0,0,0,2,False,Boo,Team Heretics,omen,True,99,,0,1,1,1,False,benjyfishy,Team Heretics,deadlock,False,,,0,0,1,1,False,Wo0t,Team Heretics,chamber,True,100,25,0,3,1,1,False,grubinho,GIANTX,omen,True,100,25,1,0,1,1,False,ara,GIANTX,raze,True,100,25,0,0,1,0,False,Cloud,GIANTX,fade,False,,25,0,0,0,2,False,Flickless,GIANTX,viper,True,100,25,1,0,0,1,False,westside,GIANTX,cypher,True,100,50,0,1,0,3,False
1856.855,7951,ACTIVE_ROUND,14,3,10,25.000,,,MiniBoo,Team Heretics,raze,False,,,0,0,0,2,False,RieNs,Team Heretics,fade,True,90,7,0,0,0,2,False,Boo,Team Heretics,omen,True,99,,0,1,1,1,False,benjyfishy,Team Heretics,deadlock,False,,,0,0,1,1,False,Wo0t,Team Heretics,chamber,True,100,25,0,3,1,1,False,grubinho,GIANTX,omen,True,100,25,1,0,1,1,False,ara,GIANTX,raze,True,100,25,0,0,1,0,False,Cloud,GIANTX,fade,False,,25,0,0,0,2,False,Flickless,GIANTX,viper,True,100,25,1,0,0,1,False,westside,GIANTX,cypher,True,100,50,0,1,0,3,False
1857.089,7952,ACTIVE_ROUND,14,3,10,24.000,,,MiniBoo,Team Heretics,raze,False,,,0,0,0,2,False,RieNs,Team Heretics,fade,True,90,7,0,0,0,2,False,Boo,Team Heretics,omen,True,99,,0,1,1,1,False,benjyfishy,Team Heretics,deadlock,False,,,0,0,1,1,False,Wo0t,Team Heretics,chamber,True,100,25,0,3,1,1,False,grubinho,GIANTX,omen,True,100,25,1,0,1,1,False,ara,GIANTX,raze,True,100,25,0,0,1,0,False,Cloud,GIANTX,fade,False,,25,0,0,0,2,False,Flickless,GIANTX,viper,True,100,25,1,0,0,1,False,westside,GIANTX,cypher,True,100,50,0,1,0,3,False
1857.322,7953,ACTIVE_ROUND,14,3,10,24.000,,,MiniBoo,Team Heretics,raze,False,,,0,0,0,2,False,RieNs,Team Heretics,fade,True,94,7,0,0,0,2,False,Boo,Team Heretics,omen,True,100,,0,1,1,1,False,benjyfishy,Team Heretics,deadlock,False,,,0,0,1,1,False,Wo0t,Team Heretics,chamber,True,100,25,0,3,1,1,False,grubinho,GIANTX,omen,True,100,25,1,0,0,1,False,ara,GIANTX,raze,True,100,25,0,0,1,0,False,Cloud,GIANTX,fade,False,,25,0,0,0,2,False,Flickless,GIANTX,viper,True,100,25,0,0,0,1,False,westside,GIANTX,cypher,True,100,50,0,1,0,3,False
1857.556,7954,ACTIVE_ROUND,14,3,10,24.000,,,MiniBoo,Team Heretics,raze,False,,,0,0,0,2,False,RieNs,Team Heretics,fade,True,94,7,0,0,0,2,False,Boo,Team Heretics,omen,True,100,,0,1,1,1,False,benjyfishy,Team Heretics,deadlock,False,,,0,0,1,1,False,Wo0t,Team Heretics,chamber,True,100,25,0,3,1,1,False,grubinho,GIANTX,omen,True,100,25,1,0,0,1,False,ara,GIANTX,raze,True,100,25,0,0,1,0,False,Cloud,GIANTX,fade,False,,25,0,0,0,2,False,Flickless,GIANTX,viper,True,100,25,0,0,0,1,False,westside,GIANTX,cypher,True,100,50,0,1,0,3,False
1857.789,7955,ACTIVE_ROUND,14,3,10,24.000,,,MiniBoo,Team Heretics,raze,False,,,0,0,0,2,False,RieNs,Team Heretics,fade,True,94,7,0,0,0,2,False,Boo,Team Heretics,omen,True,100,,0,1,1,1,False,benjyfishy,Team Heretics,deadlock,False,,,0,0,1,1,False,Wo0t,Team Heretics,chamber,True,100,25,0,3,1,1,False,grubinho,GIANTX,omen,True,100,25,1,0,0,1,False,ara,GIANTX,raze,True,100,25,0,0,1,0,False,Cloud,GIANTX,fade,False,,25,0,0,0,2,False,Flickless,GIANTX,viper,True,100,25,0,0,0,1,False,westside,GIANTX,cypher,True,100,50,0,1,0,3,False
1858.023,7956,ACTIVE_ROUND,14,3,10,23.000,,,MiniBoo,Team Heretics,raze,False,,,0,0,0,2,False,RieNs,Team Heretics,fade,True,94,7,0,0,0,2,False,Boo,Team Heretics,omen,True,100,,0,1,1,1,False,benjyfishy,Team Heretics,deadlock,False,,,0,0,1,1,False,Wo0t,Team Heretics,chamber,True,100,25,0,3,1,1,False,grubinho,GIANTX,omen,True,100,25,1,0,0,1,False,ara,GIANTX,raze,True,100,25,0,0,1,0,False,Cloud,GIANTX,fade,False,,25,0,0,0,2,False,Flickless,GIANTX,viper,True,100,25,0,0,0,1,False,westside,GIANTX,cypher,True,100,50,0,1,0,3,False
1858.256,7957,ACTIVE_ROUND,14,3,10,23.000,,,MiniBoo,Team Heretics,raze,False,,,0,0,0,2,False,RieNs,Team Heretics,fade,True,82,7,0,0,1,2,False,Boo,Team Heretics,omen,True,100,,0,1,1,1,False,benjyfishy,Team Heretics,deadlock,False,,,0,0,1,1,False,Wo0t,Team Heretics,chamber,True,100,25,0,3,1,1,False,grubinho,GIANTX,omen,True,100,25,1,0,0,1,False,ara,GIANTX,raze,True,100,25,0,0,0,0,False,Cloud,GIANTX,fade,False,,25,0,0,0,2,False,Flickless,GIANTX,viper,True,100,25,0,0,0,1,False,westside,GIANTX,cypher,True,100,50,0,1,0,3,False
1858.490,7958,ACTIVE_ROUND,14,3,10,23.000,,,MiniBoo,Team Heretics,raze,False,,,0,0,0,2,False,RieNs,Team Heretics,fade,True,82,7,0,0,1,2,False,Boo,Team Heretics,omen,True,100,,0,1,1,1,False,benjyfishy,Team Heretics,deadlock,False,,,0,0,1,1,False,Wo0t,Team Heretics,chamber,True,100,25,0,3,1,1,False,grubinho,GIANTX,omen,True,100,25,1,0,0,1,False,ara,GIANTX,raze,True,100,25,0,0,0,0,False,Cloud,GIANTX,fade,False,,25,0,0,0,2,False,Flickless,GIANTX,viper,True,100,25,0,0,0,1,False,westside,GIANTX,cypher,True,100,50,0,1,0,3,False
1858.724,7959,ACTIVE_ROUND,14,3,10,23.000,,,MiniBoo,Team Heretics,raze,False,,,0,0,0,2,False,RieNs,Team Heretics,fade,True,82,7,0,0,1,2,False,Boo,Team Heretics,omen,True,100,,0,1,1,1,False,benjyfishy,Team Heretics,deadlock,False,,,0,0,1,1,False,Wo0t,Team Heretics,chamber,True,100,25,0,3,1,1,False,grubinho,GIANTX,omen,True,100,25,1,0,0,1,False,ara,GIANTX,raze,True,100,25,0,0,0,0,False,Cloud,GIANTX,fade,False,,25,0,0,0,2,False,Flickless,GIANTX,viper,True,100,25,0,0,0,1,False,westside,GIANTX,cypher,True,100,50,0,1,0,3,False
1858.957,7960,ACTIVE_ROUND,14,3,10,23.000,,,MiniBoo,Team Heretics,raze,False,,,0,0,0,2,False,RieNs,Team Heretics,fade,True,82,7,0,0,1,2,False,Boo,Team Heretics,omen,True,100,,0,1,1,1,False,benjyfishy,Team Heretics,deadlock,False,,,0,0,1,1,False,Wo0t,Team Heretics,chamber,True,100,25,0,3,1,1,False,grubinho,GIANTX,omen,True,100,25,1,0,0,1,False,ara,GIANTX,raze,True,100,25,0,0,0,0,False,Cloud,GIANTX,fade,False,,25,0,0,0,2,False,Flickless,GIANTX,viper,True,100,25,0,0,0,1,False,westside,GIANTX,cypher,True,100,50,0,1,0,3,False
1859.191,7961,ACTIVE_ROUND,14,3,10,22.000,,,MiniBoo,Team Heretics,raze,False,,,0,0,0,2,False,RieNs,Team Heretics,fade,True,82,7,0,0,1,2,False,Boo,Team Heretics,omen,True,100,,0,1,1,1,False,benjyfishy,Team Heretics,deadlock,False,,,0,0,1,1,False,Wo0t,Team Heretics,chamber,True,100,25,0,3,1,1,False,grubinho,GIANTX,omen,True,100,25,1,0,0,1,False,ara,GIANTX,raze,True,100,25,0,0,0,0,False,Cloud,GIANTX,fade,False,,25,0,0,0,2,False,Flickless,GIANTX,viper,True,100,25,0,0,0,1,False,westside,GIANTX,cypher,True,100,50,0,1,0,3,False
1859.424,7962,ACTIVE_ROUND,14,3,10,22.000,,,MiniBoo,Team Heretics,raze,False,,,0,0,0,2,False,RieNs,Team Heretics,fade,True,82,7,0,0,1,2,False,Boo,Team Heretics,omen,True,100,,0,1,1,1,False,benjyfishy,Team Heretics,deadlock,False,,,0,0,1,1,False,Wo0t,Team Heretics,chamber,True,100,25,0,3,1,1,False,grubinho,GIANTX,omen,True,100,25,1,0,0,1,False,ara,GIANTX,raze,True,100,25,0,0,0,0,False,Cloud,GIANTX,fade,False,,25,0,0,0,2,False,Flickless,GIANTX,viper,True,100,25,0,0,0,1,False,westside,GIANTX,cypher,True,100,50,0,1,0,3,False
1859.658,7963,ACTIVE_ROUND,14,3,10,22.000,,,MiniBoo,Team Heretics,raze,False,,,0,0,0,2,False,RieNs,Team Heretics,fade,True,82,7,0,0,1,2,False,Boo,Team Heretics,omen,True,100,,0,0,0,1,False,benjyfishy,Team Heretics,deadlock,False,,,0,0,1,1,False,Wo0t,Team Heretics,chamber,True,100,25,0,3,1,1,False,grubinho,GIANTX,omen,True,100,25,1,0,0,1,False,ara,GIANTX,raze,True,100,25,0,0,0,0,False,Cloud,GIANTX,fade,False,,25,0,0,0,2,False,Flickless,GIANTX,viper,True,100,25,0,0,0,1,False,westside,GIANTX,cypher,True,100,50,0,1,0,3,False
1859.891,7964,ACTIVE_ROUND,14,3,10,22.000,,,MiniBoo,Team Heretics,raze,False,,,0,0,0,2,False,RieNs,Team Heretics,fade,True,82,7,0,0,1,2,False,Boo,Team Heretics,omen,False,,,0,0,0,1,False,benjyfishy,Team Heretics,deadlock,False,,,0,0,1,1,False,Wo0t,Team Heretics,chamber,True,100,25,0,3,1,1,False,grubinho,GIANTX,omen,True,100,25,1,0,0,1,False,ara,GIANTX,raze,False,,25,0,0,0,0,False,Cloud,GIANTX,fade,False,,25,0,0,0,2,False,Flickless,GIANTX,viper,True,100,25,0,0,0,1,False,westside,GIANTX,cypher,True,100,50,0,1,0,3,False
1860.125,7965,ACTIVE_ROUND,14,3,10,21.000,,,MiniBoo,Team Heretics,raze,False,,,0,0,0,2,False,RieNs,Team Heretics,fade,True,22,7,0,0,1,3,False,Boo,Team Heretics,omen,False,,,0,0,0,1,False,benjyfishy,Team Heretics,deadlock,False,,,0,0,1,1,False,Wo0t,Team Heretics,chamber,True,100,25,0,3,1,1,False,grubinho,GIANTX,omen,True,100,25,1,0,0,1,False,ara,GIANTX,raze,False,,25,0,0,0,0,False,Cloud,GIANTX,fade,False,,25,0,0,0,2,False,Flickless,GIANTX,viper,True,100,25,0,0,0,1,False,westside,GIANTX,cypher,True,45,50,0,1,0,4,False
1860.359,7966,ACTIVE_ROUND,14,3,10,21.000,,,MiniBoo,Team Heretics,raze,False,,,0,0,0,2,False,RieNs,Team Heretics,fade,True,22,7,0,0,1,3,False,Boo,Team Heretics,omen,False,,,0,0,0,1,False,benjyfishy,Team Heretics,deadlock,False,,,0,0,1,1,False,Wo0t,Team Heretics,chamber,True,100,25,0,3,1,1,False,grubinho,GIANTX,omen,True,100,25,1,0,0,1,False,ara,GIANTX,raze,False,,25,0,0,0,0,False,Cloud,GIANTX,fade,False,,25,0,0,0,2,False,Flickless,GIANTX,viper,True,100,25,0,0,0,1,False,westside,GIANTX,cypher,True,45,50,0,1,0,4,False
1860.592,7967,ACTIVE_ROUND,14,3,10,21.000,,,MiniBoo,Team Heretics,raze,False,,,0,0,0,2,False,RieNs,Team Heretics,fade,True,22,7,0,0,0,3,False,Boo,Team Heretics,omen,False,,,0,0,0,1,False,benjyfishy,Team Heretics,deadlock,False,,,0,0,1,1,False,Wo0t,Team Heretics,chamber,True,100,25,0,3,1,1,False,grubinho,GIANTX,omen,True,100,25,1,0,0,1,False,ara,GIANTX,raze,False,,25,0,0,0,0,False,Cloud,GIANTX,fade,False,,25,0,0,0,2,False,Flickless,GIANTX,viper,True,100,25,0,0,0,1,False,westside,GIANTX,cypher,True,45,50,0,1,0,4,False
1860.826,7968,ACTIVE_ROUND,14,3,10,21.000,,,MiniBoo,Team Heretics,raze,False,,,0,0,0,2,False,RieNs,Team Heretics,fade,False,,7,0,0,0,3,False,Boo,Team Heretics,omen,False,,,0,0,0,1,False,benjyfishy,Team Heretics,deadlock,False,,,0,0,1,1,False,Wo0t,Team Heretics,chamber,True,100,25,0,3,1,1,False,grubinho,GIANTX,omen,True,100,25,1,0,0,1,False,ara,GIANTX,raze,False,,25,0,0,0,0,False,Cloud,GIANTX,fade,False,,25,0,0,0,2,False,Flickless,GIANTX,viper,True,100,25,0,0,0,1,False,westside,GIANTX,cypher,True,45,50,0,1,0,4,False
1861.059,7969,ACTIVE_ROUND,14,3,10,20.000,,,MiniBoo,Team Heretics,raze,False,,,0,0,0,2,False,RieNs,Team Heretics,fade,False,,7,0,0,0,3,False,Boo,Team Heretics,omen,False,,,0,0,0,1,False,benjyfishy,Team Heretics,deadlock,False,,,0,0,1,1,False,Wo0t,Team Heretics,chamber,True,100,25,0,3,1,1,False,grubinho,GIANTX,omen,True,100,25,1,0,0,1,False,ara,GIANTX,raze,False,,25,0,0,0,0,False,Cloud,GIANTX,fade,False,,25,0,0,0,2,False,Flickless,GIANTX,viper,True,100,25,0,0,0,1,False,westside,GIANTX,cypher,True,45,50,0,1,0,4,False
1861.293,7970,ACTIVE_ROUND,14,3,10,20.000,,,MiniBoo,Team Heretics,raze,False,,,0,0,0,2,False,RieNs,Team Heretics,fade,False,,7,0,0,0,3,False,Boo,Team Heretics,omen,False,,,0,0,0,1,False,benjyfishy,Team Heretics,deadlock,False,,,0,0,1,1,False,Wo0t,Team Heretics,chamber,True,100,25,0,3,1,1,False,grubinho,GIANTX,omen,True,100,25,1,0,0,1,False,ara,GIANTX,raze,False,,25,0,0,0,0,False,Cloud,GIANTX,fade,False,,25,0,0,0,2,False,Flickless,GIANTX,viper,True,100,25,0,0,0,1,False,westside,GIANTX,cypher,True,19,50,0,1,0,5,False
1861.526,7971,ACTIVE_ROUND,14,3,10,20.000,,,MiniBoo,Team Heretics,raze,False,,,0,0,0,2,False,RieNs,Team Heretics,fade,False,,7,0,0,0,3,False,Boo,Team Heretics,omen,False,,,0,0,0,1,False,benjyfishy,Team Heretics,deadlock,False,,,0,0,1,1,False,Wo0t,Team Heretics,chamber,True,100,25,0,3,1,1,False,grubinho,GIANTX,omen,True,100,25,1,0,0,1,False,ara,GIANTX,raze,False,,25,0,0,0,0,False,Cloud,GIANTX,fade,False,,25,0,0,0,2,False,Flickless,GIANTX,viper,True,100,25,0,0,0,1,False,westside,GIANTX,cypher,True,19,50,0,1,0,5,False
1861.760,7972,ACTIVE_ROUND,14,3,10,20.000,,,MiniBoo,Team Heretics,raze,False,,,0,0,0,2,False,RieNs,Team Heretics,fade,False,,7,0,0,0,3,False,Boo,Team Heretics,omen,False,,,0,0,0,1,False,benjyfishy,Team Heretics,deadlock,False,,,0,0,1,1,False,Wo0t,Team Heretics,chamber,True,100,25,0,3,1,1,False,grubinho,GIANTX,omen,True,100,25,1,0,0,1,False,ara,GIANTX,raze,False,,25,0,0,0,0,False,Cloud,GIANTX,fade,False,,25,0,0,0,2,False,Flickless,GIANTX,viper,True,100,25,0,0,0,1,False,westside,GIANTX,cypher,True,19,50,0,1,0,5,False
1861.993,7973,ACTIVE_ROUND,14,3,10,19.000,,,MiniBoo,Team Heretics,raze,False,,,0,0,0,2,False,RieNs,Team Heretics,fade,False,,7,0,0,0,3,False,Boo,Team Heretics,omen,False,,,0,0,0,1,False,benjyfishy,Team Heretics,deadlock,False,,,0,0,1,1,False,Wo0t,Team Heretics,chamber,True,100,25,0,3,1,1,False,grubinho,GIANTX,omen,True,100,25,1,0,0,1,False,ara,GIANTX,raze,False,,25,0,0,0,0,False,Cloud,GIANTX,fade,False,,25,0,0,0,2,False,Flickless,GIANTX,viper,True,100,25,0,0,0,1,False,westside,GIANTX,cypher,True,19,50,0,1,0,5,False
1862.227,7974,ACTIVE_ROUND,14,3,10,19.000,,,MiniBoo,Team Heretics,raze,False,,,0,0,0,2,False,RieNs,Team Heretics,fade,False,,7,0,0,0,3,False,Boo,Team Heretics,omen,False,,,0,0,0,1,False,benjyfishy,Team Heretics,deadlock,False,,,0,0,1,1,False,Wo0t,Team Heretics,chamber,True,100,25,0,3,1,1,False,grubinho,GIANTX,omen,True,100,25,1,0,0,1,False,ara,GIANTX,raze,False,,25,0,0,0,0,False,Cloud,GIANTX,fade,False,,25,0,0,0,2,False,Flickless,GIANTX,viper,True,100,25,0,0,0,1,False,westside,GIANTX,cypher,True,19,50,0,1,0,5,False
1862.461,7975,ACTIVE_ROUND,14,3,10,19.000,,,MiniBoo,Team Heretics,raze,False,,,0,0,0,2,False,RieNs,Team Heretics,fade,False,,7,0,0,0,3,False,Boo,Team Heretics,omen,False,,,0,0,0,1,False,benjyfishy,Team Heretics,deadlock,False,,,0,0,1,1,False,Wo0t,Team Heretics,chamber,True,100,25,0,3,1,1,False,grubinho,GIANTX,omen,True,100,25,1,0,0,1,False,ara,GIANTX,raze,False,,25,0,0,0,0,False,Cloud,GIANTX,fade,False,,25,0,0,0,2,False,Flickless,GIANTX,viper,True,100,25,0,0,0,1,False,westside,GIANTX,cypher,True,19,50,0,1,0,5,False
1862.694,7976,ACTIVE_ROUND,14,3,10,19.000,,,MiniBoo,Team Heretics,raze,False,,,0,0,0,2,False,RieNs,Team Heretics,fade,False,,7,0,0,0,3,False,Boo,Team Heretics,omen,False,,,0,0,0,1,False,benjyfishy,Team Heretics,deadlock,False,,,0,0,1,1,False,Wo0t,Team Heretics,chamber,True,100,25,0,3,1,1,False,grubinho,GIANTX,omen,True,100,25,1,0,0,1,False,ara,GIANTX,raze,False,,25,0,0,0,0,False,Cloud,GIANTX,fade,False,,25,0,0,0,2,False,Flickless,GIANTX,viper,True,100,25,0,0,0,1,False,westside,GIANTX,cypher,True,19,50,0,1,0,5,False
1862.928,7977,ACTIVE_ROUND,14,3,10,19.000,,,MiniBoo,Team Heretics,raze,False,,,0,0,0,2,False,RieNs,Team Heretics,fade,False,,7,0,0,0,3,False,Boo,Team Heretics,omen,False,,,0,0,0,1,False,benjyfishy,Team Heretics,deadlock,False,,,0,0,1,1,False,Wo0t,Team Heretics,chamber,True,100,25,0,3,1,1,False,grubinho,GIANTX,omen,True,100,25,1,0,0,1,False,ara,GIANTX,raze,False,,25,0,0,0,0,False,Cloud,GIANTX,fade,False,,25,0,0,0,2,False,Flickless,GIANTX,viper,True,100,25,0,0,0,1,False,westside,GIANTX,cypher,True,19,50,0,1,0,5,False
1863.161,7978,ACTIVE_ROUND,14,3,10,18.000,,,MiniBoo,Team Heretics,raze,False,,,0,0,0,2,False,RieNs,Team Heretics,fade,False,,7,0,0,0,3,False,Boo,Team Heretics,omen,False,,,0,0,0,1,False,benjyfishy,Team Heretics,deadlock,False,,,0,0,1,1,False,Wo0t,Team Heretics,chamber,True,100,25,0,3,1,1,False,grubinho,GIANTX,omen,True,100,25,1,0,0,1,False,ara,GIANTX,raze,False,,25,0,0,0,0,False,Cloud,GIANTX,fade,False,,25,0,0,0,2,False,Flickless,GIANTX,viper,True,100,25,0,0,0,1,False,westside,GIANTX,cypher,True,19,50,0,1,0,5,False
1863.395,7979,ACTIVE_ROUND,14,3,10,18.000,,,MiniBoo,Team Heretics,raze,False,,,0,0,0,2,False,RieNs,Team Heretics,fade,False,,7,0,0,0,3,False,Boo,Team Heretics,omen,False,,,0,0,0,1,False,benjyfishy,Team Heretics,deadlock,False,,,0,0,1,1,False,Wo0t,Team Heretics,chamber,True,100,25,0,3,1,1,False,grubinho,GIANTX,omen,True,100,25,1,0,0,1,False,ara,GIANTX,raze,False,,25,0,0,0,0,False,Cloud,GIANTX,fade,False,,25,0,0,0,2,False,Flickless,GIANTX,viper,True,100,25,0,0,0,1,False,westside,GIANTX,cypher,True,19,50,0,1,0,5,False
1863.628,7980,ACTIVE_ROUND,14,3,10,18.000,,,MiniBoo,Team Heretics,raze,False,,,0,0,0,2,False,RieNs,Team Heretics,fade,False,,7,0,0,0,3,False,Boo,Team Heretics,omen,False,,,0,0,0,1,False,benjyfishy,Team Heretics,deadlock,False,,,0,0,1,1,False,Wo0t,Team Heretics,chamber,True,100,25,0,3,1,1,False,grubinho,GIANTX,omen,True,100,25,1,0,0,1,False,ara,GIANTX,raze,False,,25,0,0,0,0,False,Cloud,GIANTX,fade,False,,25,0,0,0,2,False,Flickless,GIANTX,viper,True,100,25,0,0,0,1,False,westside,GIANTX,cypher,True,19,50,0,1,0,5,False
1863.862,7981,ACTIVE_ROUND,14,3,10,18.000,,,MiniBoo,Team Heretics,raze,False,,,0,0,0,2,False,RieNs,Team Heretics,fade,False,,7,0,0,0,3,False,Boo,Team Heretics,omen,False,,,0,0,0,1,False,benjyfishy,Team Heretics,deadlock,False,,,0,0,1,1,False,Wo0t,Team Heretics,chamber,True,100,25,0,3,1,1,False,grubinho,GIANTX,omen,True,100,25,1,0,0,1,False,ara,GIANTX,raze,False,,25,0,0,0,0,False,Cloud,GIANTX,fade,False,,25,0,0,0,2,False,Flickless,GIANTX,viper,True,100,25,0,0,0,1,False,westside,GIANTX,cypher,True,19,50,0,1,0,5,False
1864.096,7982,ACTIVE_ROUND,14,3,10,17.000,,,MiniBoo,Team Heretics,raze,False,,,0,0,0,2,False,RieNs,Team Heretics,fade,False,,7,0,0,0,3,False,Boo,Team Heretics,omen,False,,,0,0,0,1,False,benjyfishy,Team Heretics,deadlock,False,,,0,0,1,1,False,Wo0t,Team Heretics,chamber,True,100,25,0,3,1,1,False,grubinho,GIANTX,omen,True,100,25,1,0,0,1,False,ara,GIANTX,raze,False,,25,0,0,0,0,False,Cloud,GIANTX,fade,False,,25,0,0,0,2,False,Flickless,GIANTX,viper,True,100,25,0,0,0,1,False,westside,GIANTX,cypher,True,19,50,0,1,0,5,False
1864.329,7983,ACTIVE_ROUND,14,3,10,17.000,,,MiniBoo,Team Heretics,raze,False,,,0,0,0,2,False,RieNs,Team Heretics,fade,False,,7,0,0,0,3,False,Boo,Team Heretics,omen,False,,,0,0,0,1,False,benjyfishy,Team Heretics,deadlock,False,,,0,0,1,1,False,Wo0t,Team Heretics,chamber,True,100,25,0,3,1,1,False,grubinho,GIANTX,omen,True,100,25,1,0,0,1,False,ara,GIANTX,raze,False,,25,0,0,0,0,False,Cloud,GIANTX,fade,False,,25,0,0,0,2,False,Flickless,GIANTX,viper,True,100,25,0,0,0,1,False,westside,GIANTX,cypher,True,19,50,0,1,0,5,False
1864.563,7984,ACTIVE_ROUND,14,3,10,17.000,,,MiniBoo,Team Heretics,raze,False,,,0,0,0,2,False,RieNs,Team Heretics,fade,False,,7,0,0,0,3,False,Boo,Team Heretics,omen,False,,,0,0,0,1,False,benjyfishy,Team Heretics,deadlock,False,,,0,0,1,1,False,Wo0t,Team Heretics,chamber,True,100,25,0,3,1,1,False,grubinho,GIANTX,omen,True,100,25,1,0,0,1,False,ara,GIANTX,raze,False,,25,0,0,0,0,False,Cloud,GIANTX,fade,False,,25,0,0,0,2,False,Flickless,GIANTX,viper,True,100,25,0,0,0,1,False,westside,GIANTX,cypher,True,19,50,0,1,0,5,False
1864.796,7985,ACTIVE_ROUND,14,3,10,17.000,,,MiniBoo,Team Heretics,raze,False,,,0,0,0,2,False,RieNs,Team Heretics,fade,False,,7,0,0,0,3,False,Boo,Team Heretics,omen,False,,,0,0,0,1,False,benjyfishy,Team Heretics,deadlock,False,,,0,0,1,1,False,Wo0t,Team Heretics,chamber,True,100,25,0,3,1,1,False,grubinho,GIANTX,omen,True,100,25,1,0,0,1,False,ara,GIANTX,raze,False,,25,0,0,0,0,False,Cloud,GIANTX,fade,False,,25,0,0,0,2,False,Flickless,GIANTX,viper,True,100,25,0,0,0,1,False,westside,GIANTX,cypher,True,19,50,0,1,0,5,False
1865.030,7986,ACTIVE_ROUND,14,3,10,16.000,,,MiniBoo,Team Heretics,raze,False,,,0,0,0,2,False,RieNs,Team Heretics,fade,False,,7,0,0,0,3,False,Boo,Team Heretics,omen,False,,,0,0,0,1,False,benjyfishy,Team Heretics,deadlock,False,,,0,0,1,1,False,Wo0t,Team Heretics,chamber,True,100,25,0,3,1,1,False,grubinho,GIANTX,omen,True,100,25,1,0,0,1,False,ara,GIANTX,raze,False,,25,0,0,0,0,False,Cloud,GIANTX,fade,False,,25,0,0,0,2,False,Flickless,GIANTX,viper,True,100,25,0,0,0,1,False,westside,GIANTX,cypher,True,19,50,0,1,0,5,False
1865.263,7987,ACTIVE_ROUND,14,3,10,16.000,,,MiniBoo,Team Heretics,raze,False,,,0,0,0,2,False,RieNs,Team Heretics,fade,False,,7,0,0,0,3,False,Boo,Team Heretics,omen,False,,,0,0,0,1,False,benjyfishy,Team Heretics,deadlock,False,,,0,0,1,1,False,Wo0t,Team Heretics,chamber,True,100,25,0,3,1,1,False,grubinho,GIANTX,omen,True,100,25,1,0,0,1,False,ara,GIANTX,raze,False,,25,0,0,0,0,False,Cloud,GIANTX,fade,False,,25,0,0,0,2,False,Flickless,GIANTX,viper,True,100,25,0,0,0,1,False,westside,GIANTX,cypher,True,19,50,0,1,1,5,False
1865.497,7988,ACTIVE_ROUND,14,3,10,16.000,,,MiniBoo,Team Heretics,raze,False,,,0,0,0,2,False,RieNs,Team Heretics,fade,False,,7,0,0,0,3,False,Boo,Team Heretics,omen,False,,,0,0,0,1,False,benjyfishy,Team Heretics,deadlock,False,,,0,0,1,1,False,Wo0t,Team Heretics,chamber,True,100,25,0,3,1,1,False,grubinho,GIANTX,omen,True,100,25,1,0,0,1,False,ara,GIANTX,raze,False,,25,0,0,0,0,False,Cloud,GIANTX,fade,False,,25,0,0,0,2,False,Flickless,GIANTX,viper,True,100,25,0,0,0,1,False,westside,GIANTX,cypher,True,19,50,0,1,1,5,False
1865.731,7989,ACTIVE_ROUND,14,3,10,16.000,,,MiniBoo,Team Heretics,raze,False,,,0,0,0,2,False,RieNs,Team Heretics,fade,False,,7,0,0,0,3,False,Boo,Team Heretics,omen,False,,,0,0,0,1,False,benjyfishy,Team Heretics,deadlock,False,,,0,0,1,1,False,Wo0t,Team Heretics,chamber,True,100,25,0,3,1,1,False,grubinho,GIANTX,omen,True,100,25,1,0,0,1,False,ara,GIANTX,raze,False,,25,0,0,0,0,False,Cloud,GIANTX,fade,False,,25,0,0,0,2,False,Flickless,GIANTX,viper,True,100,25,0,0,0,1,False,westside,GIANTX,cypher,True,19,50,0,1,1,5,False
1865.964,7990,ACTIVE_ROUND,14,3,10,16.000,,,MiniBoo,Team Heretics,raze,False,,,0,0,0,2,False,RieNs,Team Heretics,fade,False,,7,0,0,0,3,False,Boo,Team Heretics,omen,False,,,0,0,0,1,False,benjyfishy,Team Heretics,deadlock,False,,,0,0,1,1,False,Wo0t,Team Heretics,chamber,True,100,25,0,3,1,1,False,grubinho,GIANTX,omen,True,100,25,1,0,0,1,False,ara,GIANTX,raze,False,,25,0,0,0,0,False,Cloud,GIANTX,fade,False,,25,0,0,0,2,False,Flickless,GIANTX,viper,True,100,25,0,0,0,1,False,westside,GIANTX,cypher,True,19,50,0,1,1,5,False
1866.198,7991,ACTIVE_ROUND,14,3,10,15.000,,,MiniBoo,Team Heretics,raze,False,,,0,0,0,2,False,RieNs,Team Heretics,fade,False,,7,0,0,0,3,False,Boo,Team Heretics,omen,False,,,0,0,0,1,False,benjyfishy,Team Heretics,deadlock,False,,,0,0,1,1,False,Wo0t,Team Heretics,chamber,True,100,25,0,3,1,1,False,grubinho,GIANTX,omen,True,100,25,1,0,0,1,False,ara,GIANTX,raze,False,,25,0,0,0,0,False,Cloud,GIANTX,fade,False,,25,0,0,0,2,False,Flickless,GIANTX,viper,True,100,25,0,0,0,1,False,westside,GIANTX,cypher,True,19,50,0,1,1,5,False
1866.431,7992,ACTIVE_ROUND,14,3,10,15.000,,,MiniBoo,Team Heretics,raze,False,,,0,0,0,2,False,RieNs,Team Heretics,fade,False,,7,0,0,0,3,False,Boo,Team Heretics,omen,False,,,0,0,0,1,False,benjyfishy,Team Heretics,deadlock,False,,,0,0,1,1,False,Wo0t,Team Heretics,chamber,True,100,25,0,3,1,1,False,grubinho,GIANTX,omen,True,100,25,1,0,0,1,False,ara,GIANTX,raze,False,,25,0,0,0,0,False,Cloud,GIANTX,fade,False,,25,0,0,0,2,False,Flickless,GIANTX,viper,True,100,25,0,0,0,1,False,westside,GIANTX,cypher,True,19,50,0,1,1,5,False
1866.665,7993,ACTIVE_ROUND,14,3,10,15.000,,,MiniBoo,Team Heretics,raze,False,,,0,0,0,2,False,RieNs,Team Heretics,fade,False,,7,0,0,0,3,False,Boo,Team Heretics,omen,False,,,0,0,0,1,False,benjyfishy,Team Heretics,deadlock,False,,,0,0,1,1,False,Wo0t,Team Heretics,chamber,True,100,25,0,3,1,1,False,grubinho,GIANTX,omen,True,100,25,1,0,0,1,False,ara,GIANTX,raze,False,,25,0,0,0,0,False,Cloud,GIANTX,fade,False,,25,0,0,0,2,False,Flickless,GIANTX,viper,True,100,25,0,0,0,1,False,westside,GIANTX,cypher,True,19,50,0,1,1,5,False
1866.898,7994,ACTIVE_ROUND,14,3,10,15.000,,,MiniBoo,Team Heretics,raze,False,,,0,0,0,2,False,RieNs,Team Heretics,fade,False,,7,0,0,0,3,False,Boo,Team Heretics,omen,False,,,0,0,0,1,False,benjyfishy,Team Heretics,deadlock,False,,,0,0,1,1,False,Wo0t,Team Heretics,chamber,True,100,25,0,3,1,1,False,grubinho,GIANTX,omen,True,100,25,1,0,0,1,False,ara,GIANTX,raze,False,,25,0,0,0,0,False,Cloud,GIANTX,fade,False,,25,0,0,0,2,False,Flickless,GIANTX,viper,True,100,25,0,0,0,1,False,westside,GIANTX,cypher,True,19,50,0,1,1,5,False
1867.132,7995,ACTIVE_ROUND,14,3,10,14.840,,,MiniBoo,Team Heretics,raze,False,,,0,0,0,2,False,RieNs,Team Heretics,fade,False,,7,0,0,0,3,False,Boo,Team Heretics,omen,False,,,0,0,0,1,False,benjyfishy,Team Heretics,deadlock,False,,,0,0,1,1,False,Wo0t,Team Heretics,chamber,True,100,25,0,3,1,1,False,grubinho,GIANTX,omen,True,100,25,1,0,0,1,False,ara,GIANTX,raze,False,,25,0,0,0,0,False,Cloud,GIANTX,fade,False,,25,0,0,0,2,False,Flickless,GIANTX,viper,True,100,25,0,0,0,1,False,westside,GIANTX,cypher,True,19,50,0,1,1,5,False
1867.366,7996,ACTIVE_ROUND,14,3,10,14.620,,,MiniBoo,Team Heretics,raze,False,,,0,0,0,2,False,RieNs,Team Heretics,fade,False,,7,0,0,0,3,False,Boo,Team Heretics,omen,False,,,0,0,0,1,False,benjyfishy,Team Heretics,deadlock,False,,,0,0,1,1,False,Wo0t,Team Heretics,chamber,True,100,25,0,3,1,1,False,grubinho,GIANTX,omen,True,100,25,1,0,0,1,False,ara,GIANTX,raze,False,,25,0,0,0,0,False,Cloud,GIANTX,fade,False,,25,0,0,0,2,False,Flickless,GIANTX,viper,True,100,25,0,0,0,1,False,westside,GIANTX,cypher,True,19,50,0,1,1,5,False
1867.599,7997,ACTIVE_ROUND,14,3,10,14.370,,,MiniBoo,Team Heretics,raze,False,,,0,0,0,2,False,RieNs,Team Heretics,fade,False,,7,0,0,0,3,False,Boo,Team Heretics,omen,False,,,0,0,0,1,False,benjyfishy,Team Heretics,deadlock,False,,,0,0,1,1,False,Wo0t,Team Heretics,chamber,True,100,25,0,3,1,1,False,grubinho,GIANTX,omen,True,100,25,1,0,0,1,False,ara,GIANTX,raze,False,,25,0,0,0,0,False,Cloud,GIANTX,fade,False,,25,0,0,0,2,False,Flickless,GIANTX,viper,True,100,25,0,0,0,1,False,westside,GIANTX,cypher,True,19,50,0,1,1,5,False
1867.833,7998,ACTIVE_ROUND,14,3,10,14.140,,,MiniBoo,Team Heretics,raze,False,,,0,0,0,2,False,RieNs,Team Heretics,fade,False,,7,0,0,0,3,False,Boo,Team Heretics,omen,False,,,0,0,0,1,False,benjyfishy,Team Heretics,deadlock,False,,,0,0,1,1,False,Wo0t,Team Heretics,chamber,True,100,25,0,3,1,1,False,grubinho,GIANTX,omen,True,100,25,1,0,0,1,False,ara,GIANTX,raze,False,,25,0,0,0,0,False,Cloud,GIANTX,fade,False,,25,0,0,0,2,False,Flickless,GIANTX,viper,True,100,25,0,0,0,1,False,westside,GIANTX,cypher,True,19,50,0,1,1,5,False
1868.066,7999,ACTIVE_ROUND,14,3,10,13.880,,,MiniBoo,Team Heretics,raze,False,,,0,0,0,2,False,RieNs,Team Heretics,fade,False,,7,0,0,0,3,False,Boo,Team Heretics,omen,False,,,0,0,0,1,False,benjyfishy,Team Heretics,deadlock,False,,,0,0,1,1,False,Wo0t,Team Heretics,chamber,True,100,25,0,3,1,1,False,grubinho,GIANTX,omen,True,100,25,1,0,0,1,False,ara,GIANTX,raze,False,,25,0,0,0,0,False,Cloud,GIANTX,fade,False,,25,0,0,0,2,False,Flickless,GIANTX,viper,True,100,25,0,0,0,1,False,westside,GIANTX,cypher,True,19,50,0,1,1,5,False
1868.300,8000,ACTIVE_ROUND,14,3,10,13.670,,,MiniBoo,Team Heretics,raze,False,,,0,0,0,2,False,RieNs,Team Heretics,fade,False,,7,0,0,0,3,False,Boo,Team Heretics,omen,False,,,0,0,0,1,False,benjyfishy,Team Heretics,deadlock,False,,,0,0,1,1,False,Wo0t,Team Heretics,chamber,True,56,25,0,3,1,1,False,grubinho,GIANTX,omen,True,100,25,1,0,0,1,False,ara,GIANTX,raze,False,,25,0,0,0,0,False,Cloud,GIANTX,fade,False,,25,0,0,0,2,False,Flickless,GIANTX,viper,True,100,25,0,0,0,1,False,westside,GIANTX,cypher,True,19,50,0,1,1,5,False
1868.533,8001,ACTIVE_ROUND,14,3,10,6.000,,,MiniBoo,Team Heretics,raze,False,,,0,0,0,2,False,RieNs,Team Heretics,fade,False,,7,0,0,0,3,False,Boo,Team Heretics,omen,False,,,0,0,0,1,False,benjyfishy,Team Heretics,deadlock,False,,,0,0,1,1,False,Wo0t,Team Heretics,chamber,True,56,25,0,3,1,1,False,grubinho,GIANTX,omen,True,100,25,1,0,0,1,False,ara,GIANTX,raze,False,,25,0,0,0,0,False,Cloud,GIANTX,fade,False,,25,0,0,0,2,False,Flickless,GIANTX,viper,True,100,25,0,0,0,1,False,westside,GIANTX,cypher,True,19,50,0,1,1,5,False
1868.767,8002,POST_ROUND,14,3,11,,,0.000,MiniBoo,Team Heretics,raze,False,,,0,0,0,2,False,RieNs,Team Heretics,fade,False,,7,0,0,0,3,False,Boo,Team Heretics,omen,False,,,0,0,0,1,False,benjyfishy,Team Heretics,deadlock,False,,,0,0,1,1,False,Wo0t,Team Heretics,chamber,True,56,25,0,0,0,1,False,grubinho,GIANTX,omen,True,100,25,1,0,0,1,False,ara,GIANTX,raze,False,,25,0,0,0,0,False,Cloud,GIANTX,fade,False,,25,0,0,0,2,False,Flickless,GIANTX,viper,True,100,25,0,0,0,1,False,westside,GIANTX,cypher,True,19,50,0,1,1,5,False
1869.000,8003,POST_ROUND,14,3,11,,,0.234,MiniBoo,Team Heretics,raze,False,,,0,0,0,2,False,RieNs,Team Heretics,fade,False,,7,0,0,0,3,False,Boo,Team Heretics,omen,False,,,0,0,0,1,False,benjyfishy,Team Heretics,deadlock,False,,,0,0,1,1,False,Wo0t,Team Heretics,chamber,False,,25,0,0,0,1,False,grubinho,GIANTX,omen,True,100,25,1,0,0,1,False,ara,GIANTX,raze,False,,25,0,0,0,0,False,Cloud,GIANTX,fade,False,,25,0,0,0,2,False,Flickless,GIANTX,viper,True,100,25,0,0,0,1,False,westside,GIANTX,cypher,True,19,50,0,1,1,5,False
1869.234,8004,POST_ROUND,14,3,11,,,0.467,MiniBoo,Team Heretics,raze,False,,,0,0,0,2,False,RieNs,Team Heretics,fade,False,,7,0,0,0,3,False,Boo,Team Heretics,omen,False,,,0,0,0,1,False,benjyfishy,Team Heretics,deadlock,False,,,0,0,1,1,False,Wo0t,Team Heretics,chamber,False,,25,0,0,0,1,False,grubinho,GIANTX,omen,True,100,25,1,0,0,2,False,ara,GIANTX,raze,False,,25,0,0,0,0,False,Cloud,GIANTX,fade,False,,25,0,0,0,2,False,Flickless,GIANTX,viper,True,100,25,0,0,0,1,False,westside,GIANTX,cypher,True,19,50,0,1,1,5,False
1869.468,8005,POST_ROUND,14,3,11,,,0.701,MiniBoo,Team Heretics,raze,False,,,0,0,0,2,False,RieNs,Team Heretics,fade,False,,7,0,0,0,3,False,Boo,Team Heretics,omen,False,,,0,0,0,1,False,benjyfishy,Team Heretics,deadlock,False,,,0,0,1,1,False,Wo0t,Team Heretics,chamber,False,,25,0,0,0,1,False,grubinho,GIANTX,omen,True,100,25,1,0,0,2,False,ara,GIANTX,raze,False,,25,0,0,0,0,False,Cloud,GIANTX,fade,False,,25,0,0,0,2,False,Flickless,GIANTX,viper,True,100,25,0,0,0,1,False,westside,GIANTX,cypher,True,19,50,0,1,1,5,False
1869.701,8006,POST_ROUND,14,3,11,,,0.934,MiniBoo,Team Heretics,raze,False,,,0,0,0,2,False,RieNs,Team Heretics,fade,False,,7,0,0,0,3,False,Boo,Team Heretics,omen,False,,,0,0,0,1,False,benjyfishy,Team Heretics,deadlock,False,,,0,0,1,1,False,Wo0t,Team Heretics,chamber,False,,25,0,0,0,1,False,grubinho,GIANTX,omen,True,100,25,1,0,0,2,False,ara,GIANTX,raze,False,,25,0,0,0,0,False,Cloud,GIANTX,fade,False,,25,0,0,0,2,False,Flickless,GIANTX,viper,True,100,25,0,0,0,1,False,westside,GIANTX,cypher,True,19,50,0,1,1,5,False
1869.935,8007,POST_ROUND,14,3,11,,,1.168,MiniBoo,Team Heretics,raze,False,,,0,0,0,2,False,RieNs,Team Heretics,fade,False,,7,0,0,0,3,False,Boo,Team Heretics,omen,False,,,0,0,0,1,False,benjyfishy,Team Heretics,deadlock,False,,,0,0,1,1,False,Wo0t,Team Heretics,chamber,False,,25,0,0,0,1,False,grubinho,GIANTX,omen,True,100,25,1,0,0,2,False,ara,GIANTX,raze,False,,25,0,0,0,0,False,Cloud,GIANTX,fade,False,,25,0,0,0,2,False,Flickless,GIANTX,viper,True,100,25,0,0,0,1,False,westside,GIANTX,cypher,True,19,50,0,1,1,5,False
1870.168,8008,POST_ROUND,14,3,11,,,1.401,MiniBoo,Team Heretics,raze,False,,,0,0,0,2,False,RieNs,Team Heretics,fade,False,,7,0,0,0,3,False,Boo,Team Heretics,omen,False,,,0,0,0,1,False,benjyfishy,Team Heretics,deadlock,False,,,0,0,1,1,False,Wo0t,Team Heretics,chamber,False,,25,0,0,0,1,False,grubinho,GIANTX,omen,True,100,25,1,0,0,2,False,ara,GIANTX,raze,False,,25,0,0,0,0,False,Cloud,GIANTX,fade,False,,25,0,0,0,2,False,Flickless,GIANTX,viper,True,100,25,0,0,0,1,False,westside,GIANTX,cypher,True,19,50,0,1,1,5,False
1870.402,8009,POST_ROUND,14,3,11,,,1.635,MiniBoo,Team Heretics,raze,False,,,0,0,0,2,False,RieNs,Team Heretics,fade,False,,7,0,0,0,3,False,Boo,Team Heretics,omen,False,,,0,0,0,1,False,benjyfishy,Team Heretics,deadlock,False,,,0,0,1,1,False,Wo0t,Team Heretics,chamber,False,,25,0,0,0,1,False,grubinho,GIANTX,omen,True,100,25,1,0,0,2,False,ara,GIANTX,raze,False,,25,0,0,0,0,False,Cloud,GIANTX,fade,False,,25,0,0,0,2,False,Flickless,GIANTX,viper,True,100,25,0,0,0,1,False,westside,GIANTX,cypher,True,19,50,0,1,1,5,False
1870.635,8010,POST_ROUND,14,3,11,,,1.869,MiniBoo,Team Heretics,raze,False,,,0,0,0,2,False,RieNs,Team Heretics,fade,False,,7,0,0,0,3,False,Boo,Team Heretics,omen,False,,,0,0,0,1,False,benjyfishy,Team Heretics,deadlock,False,,,0,0,1,1,False,Wo0t,Team Heretics,chamber,False,,25,0,0,0,1,False,grubinho,GIANTX,omen,True,100,25,1,0,0,2,False,ara,GIANTX,raze,False,,25,0,0,0,0,False,Cloud,GIANTX,fade,False,,25,0,0,0,2,False,Flickless,GIANTX,viper,True,100,25,0,0,0,1,False,westside,GIANTX,cypher,True,19,50,0,1,1,5,False
1870.869,8011,POST_ROUND,14,3,11,,,2.102,MiniBoo,Team Heretics,raze,False,,,0,0,0,2,False,RieNs,Team Heretics,fade,False,,7,0,0,0,3,False,Boo,Team Heretics,omen,False,,,0,0,0,1,False,benjyfishy,Team Heretics,deadlock,False,,,0,0,1,1,False,Wo0t,Team Heretics,chamber,False,,25,0,0,0,1,False,grubinho,GIANTX,omen,True,100,25,1,0,0,2,False,ara,GIANTX,raze,False,,25,0,0,0,0,False,Cloud,GIANTX,fade,False,,25,0,0,0,2,False,Flickless,GIANTX,viper,True,100,25,0,0,0,1,False,westside,GIANTX,cypher,True,19,50,0,1,1,5,False
1871.103,8012,POST_ROUND,14,3,11,,,2.336,MiniBoo,Team Heretics,raze,False,,,0,0,0,2,False,RieNs,Team Heretics,fade,False,,7,0,0,0,3,False,Boo,Team Heretics,omen,False,,,0,0,0,1,False,benjyfishy,Team Heretics,deadlock,False,,,0,0,1,1,False,Wo0t,Team Heretics,chamber,False,,25,0,0,0,1,False,grubinho,GIANTX,omen,True,100,25,1,0,0,2,False,ara,GIANTX,raze,False,,25,0,0,0,0,False,Cloud,GIANTX,fade,False,,25,0,0,0,2,False,Flickless,GIANTX,viper,True,100,25,0,0,0,1,False,westside,GIANTX,cypher,True,19,50,0,1,1,5,False
1871.336,8013,POST_ROUND,14,3,11,,,2.569,MiniBoo,Team Heretics,raze,False,,,0,0,0,2,False,RieNs,Team Heretics,fade,False,,7,0,0,0,3,False,Boo,Team Heretics,omen,False,,,0,0,0,1,False,benjyfishy,Team Heretics,deadlock,False,,,0,0,1,1,False,Wo0t,Team Heretics,chamber,False,,25,0,0,0,1,False,grubinho,GIANTX,omen,True,100,25,1,0,0,2,False,ara,GIANTX,raze,False,,25,0,0,0,0,False,Cloud,GIANTX,fade,False,,25,0,0,0,2,False,Flickless,GIANTX,viper,True,100,25,0,0,0,1,False,westside,GIANTX,cypher,True,19,50,0,1,1,5,False
1871.570,8014,POST_ROUND,14,3,11,,,2.803,MiniBoo,Team Heretics,raze,False,,,0,0,0,2,False,RieNs,Team Heretics,fade,False,,7,0,0,0,3,False,Boo,Team Heretics,omen,False,,,0,0,0,1,False,benjyfishy,Team Heretics,deadlock,False,,,0,0,1,1,False,Wo0t,Team Heretics,chamber,False,,25,0,0,0,1,False,grubinho,GIANTX,omen,True,100,25,1,0,0,2,False,ara,GIANTX,raze,False,,25,0,0,0,0,False,Cloud,GIANTX,fade,False,,25,0,0,0,2,False,Flickless,GIANTX,viper,True,100,25,0,0,0,1,False,westside,GIANTX,cypher,True,19,50,0,1,1,5,False
1871.803,8015,POST_ROUND,14,3,11,,,3.036,MiniBoo,Team Heretics,raze,False,,,0,0,0,2,False,RieNs,Team Heretics,fade,False,,7,0,0,0,3,False,Boo,Team Heretics,omen,False,,,0,0,0,1,False,benjyfishy,Team Heretics,deadlock,False,,,0,0,1,1,False,Wo0t,Team Heretics,chamber,False,,25,0,0,0,1,False,grubinho,GIANTX,omen,True,100,25,1,0,0,2,False,ara,GIANTX,raze,False,,25,0,0,0,0,False,Cloud,GIANTX,fade,False,,25,0,0,0,2,False,Flickless,GIANTX,viper,True,100,25,0,0,0,1,False,westside,GIANTX,cypher,True,19,50,0,1,1,5,False
1872.037,8016,POST_ROUND,14,3,11,,,3.270,MiniBoo,Team Heretics,raze,False,,,0,0,0,2,False,RieNs,Team Heretics,fade,False,,7,0,0,0,3,False,Boo,Team Heretics,omen,False,,,0,0,0,1,False,benjyfishy,Team Heretics,deadlock,False,,,0,0,1,1,False,Wo0t,Team Heretics,chamber,False,,25,0,0,0,1,False,grubinho,GIANTX,omen,True,100,25,1,0,0,2,False,ara,GIANTX,raze,False,,25,0,0,0,0,False,Cloud,GIANTX,fade,False,,25,0,0,0,2,False,Flickless,GIANTX,viper,True,100,25,0,0,0,1,False,westside,GIANTX,cypher,True,19,50,0,1,1,5,False
1872.270,8017,POST_ROUND,14,3,11,,,3.504,MiniBoo,Team Heretics,raze,False,,,0,0,0,2,False,RieNs,Team Heretics,fade,False,,7,0,0,0,3,False,Boo,Team Heretics,omen,False,,,0,0,0,1,False,benjyfishy,Team Heretics,deadlock,False,,,0,0,1,1,False,Wo0t,Team Heretics,chamber,False,,25,0,0,0,1,False,grubinho,GIANTX,omen,True,100,25,1,0,0,2,False,ara,GIANTX,raze,False,,25,0,0,0,0,False,Cloud,GIANTX,fade,False,,25,0,0,0,2,False,Flickless,GIANTX,viper,True,100,25,0,0,0,1,False,westside,GIANTX,cypher,True,19,50,0,1,1,5,False
1872.504,8018,POST_ROUND,14,3,11,,,3.737,MiniBoo,Team Heretics,raze,False,,,0,0,0,2,False,RieNs,Team Heretics,fade,False,,7,0,0,0,3,False,Boo,Team Heretics,omen,False,,,0,0,0,1,False,benjyfishy,Team Heretics,deadlock,False,,,0,0,1,1,False,Wo0t,Team Heretics,chamber,False,,25,0,0,0,1,False,grubinho,GIANTX,omen,True,100,25,1,0,0,2,False,ara,GIANTX,raze,False,,25,0,0,0,0,False,Cloud,GIANTX,fade,False,,25,0,0,0,2,False,Flickless,GIANTX,viper,True,100,25,0,0,0,1,False,westside,GIANTX,cypher,True,19,50,0,1,1,5,False
1872.738,8019,POST_ROUND,14,3,11,,,3.971,MiniBoo,Team Heretics,raze,False,,,0,0,0,2,False,RieNs,Team Heretics,fade,False,,7,0,0,0,3,False,Boo,Team Heretics,omen,False,,,0,0,0,1,False,benjyfishy,Team Heretics,deadlock,False,,,0,0,1,1,False,Wo0t,Team Heretics,chamber,False,,25,0,0,0,1,False,grubinho,GIANTX,omen,True,100,25,1,0,0,2,False,ara,GIANTX,raze,False,,25,0,0,0,0,False,Cloud,GIANTX,fade,False,,25,0,0,0,2,False,Flickless,GIANTX,viper,True,100,25,0,0,0,1,False,westside,GIANTX,cypher,True,19,50,0,1,1,5,False
1872.971,8020,POST_ROUND,14,3,11,,,4.204,MiniBoo,Team Heretics,raze,False,,,0,0,0,2,False,RieNs,Team Heretics,fade,False,,7,0,0,0,3,False,Boo,Team Heretics,omen,False,,,0,0,0,1,False,benjyfishy,Team Heretics,deadlock,False,,,0,0,1,1,False,Wo0t,Team Heretics,chamber,False,,25,0,0,0,1,False,grubinho,GIANTX,omen,True,100,25,1,0,0,2,False,ara,GIANTX,raze,False,,25,0,0,0,0,False,Cloud,GIANTX,fade,False,,25,0,0,0,2,False,Flickless,GIANTX,viper,True,100,25,0,0,0,1,False,westside,GIANTX,cypher,True,19,50,0,1,1,5,False
1873.205,8021,POST_ROUND,14,3,11,,,4.438,MiniBoo,Team Heretics,raze,False,,,0,0,0,2,False,RieNs,Team Heretics,fade,False,,7,0,0,0,3,False,Boo,Team Heretics,omen,False,,,0,0,0,1,False,benjyfishy,Team Heretics,deadlock,False,,,0,0,1,1,False,Wo0t,Team Heretics,chamber,False,,25,0,0,0,1,False,grubinho,GIANTX,omen,True,100,25,1,0,1,2,False,ara,GIANTX,raze,False,,25,0,0,0,0,False,Cloud,GIANTX,fade,False,,25,0,0,0,2,False,Flickless,GIANTX,viper,True,100,25,0,0,0,1,False,westside,GIANTX,cypher,True,19,50,0,1,1,5,False
1873.438,8022,POST_ROUND,14,3,11,,,4.671,MiniBoo,Team Heretics,raze,False,,,0,0,0,2,False,RieNs,Team Heretics,fade,False,,7,0,0,0,3,False,Boo,Team Heretics,omen,False,,,0,0,0,1,False,benjyfishy,Team Heretics,deadlock,False,,,0,0,1,1,False,Wo0t,Team Heretics,chamber,False,,25,0,0,0,1,False,grubinho,GIANTX,omen,True,100,25,1,0,1,2,False,ara,GIANTX,raze,False,,25,0,0,0,0,False,Cloud,GIANTX,fade,False,,25,0,0,0,2,False,Flickless,GIANTX,viper,True,100,25,0,0,0,1,False,westside,GIANTX,cypher,True,19,50,0,1,1,5,False
1873.672,8023,POST_ROUND,14,3,11,,,4.905,MiniBoo,Team Heretics,raze,False,,,0,0,0,2,False,RieNs,Team Heretics,fade,False,,7,0,0,0,3,False,Boo,Team Heretics,omen,False,,,0,0,0,1,False,benjyfishy,Team Heretics,deadlock,False,,,0,0,1,1,False,Wo0t,Team Heretics,chamber,False,,25,0,0,0,1,False,grubinho,GIANTX,omen,True,100,25,1,0,1,2,False,ara,GIANTX,raze,False,,25,0,0,0,0,False,Cloud,GIANTX,fade,False,,25,0,0,0,2,False,Flickless,GIANTX,viper,True,100,25,0,0,0,1,False,westside,GIANTX,cypher,True,19,50,0,1,1,5,False
1883.014,8063,PREROUND,15,3,11,,,,MiniBoo,Team Heretics,raze,True,,,0,2,1,3,False,RieNs,Team Heretics,fade,True,,,2,1,1,4,False,Boo,Team Heretics,omen,True,,,2,1,2,2,False,benjyfishy,Team Heretics,deadlock,True,,,1,2,1,2,False,Wo0t,Team Heretics,chamber,True,,,0,1,1,2,False,grubinho,GIANTX,omen,True,,,2,1,2,2,False,ara,GIANTX,raze,True,,,0,0,1,1,False,Cloud,GIANTX,fade,True,,,2,1,1,4,False,Flickless,GIANTX,viper,True,,,1,1,1,1,False,westside,GIANTX,cypher,True,,,2,2,1,5,False
1883.248,8064,PREROUND,15,3,11,,,,MiniBoo,Team Heretics,raze,True,,,0,2,1,3,False,RieNs,Team Heretics,fade,True,,,2,1,1,4,False,Boo,Team Heretics,omen,True,,,2,1,2,2,False,benjyfishy,Team Heretics,deadlock,True,,,1,2,1,2,False,Wo0t,Team Heretics,chamber,True,,,0,1,1,2,False,grubinho,GIANTX,omen,True,,,2,1,2,2,False,ara,GIANTX,raze,True,,,0,0,1,1,False,Cloud,GIANTX,fade,True,,,2,1,1,4,False,Flickless,GIANTX,viper,True,,,1,1,1,1,False,westside,GIANTX,cypher,True,,,2,2,1,5,False
1883.482,8065,PREROUND,15,3,11,,,,MiniBoo,Team Heretics,raze,True,,,0,2,1,3,False,RieNs,Team Heretics,fade,True,,,2,1,1,4,False,Boo,Team Heretics,omen,True,,,2,1,2,2,False,benjyfishy,Team Heretics,deadlock,True,,,1,2,1,2,False,Wo0t,Team Heretics,chamber,True,,,0,1,1,2,False,grubinho,GIANTX,omen,True,,,2,1,2,2,False,ara,GIANTX,raze,True,,,0,0,1,1,False,Cloud,GIANTX,fade,True,,,2,1,1,4,False,Flickless,GIANTX,viper,True,,,1,1,1,1,False,westside,GIANTX,cypher,True,,,2,2,1,5,False
1883.715,8066,PREROUND,15,3,11,,,,MiniBoo,Team Heretics,raze,True,,,0,2,1,3,False,RieNs,Team Heretics,fade,True,,,2,1,1,4,False,Boo,Team Heretics,omen,True,,,2,1,2,2,False,benjyfishy,Team Heretics,deadlock,True,,,1,2,1,2,False,Wo0t,Team Heretics,chamber,True,,,0,1,1,2,False,grubinho,GIANTX,omen,True,,,2,1,2,2,False,ara,GIANTX,raze,True,,,0,0,1,1,False,Cloud,GIANTX,fade,True,,,2,1,1,4,False,Flickless,GIANTX,viper,True,,,1,1,1,1,False,westside,GIANTX,cypher,True,,,2,2,1,5,False
1883.949,8067,PREROUND,15,3,11,,,,MiniBoo,Team Heretics,raze,True,,,0,2,1,3,False,RieNs,Team Heretics,fade,True,,,2,1,1,4,False,Boo,Team Heretics,omen,True,,,2,1,2,2,False,benjyfishy,Team Heretics,deadlock,True,,,1,2,1,2,False,Wo0t,Team Heretics,chamber,True,,,0,1,1,2,False,grubinho,GIANTX,omen,True,,,2,1,2,2,False,ara,GIANTX,raze,True,,,0,0,1,1,False,Cloud,GIANTX,fade,True,,,2,1,1,4,False,Flickless,GIANTX,viper,True,,,1,1,1,1,False,westside,GIANTX,cypher,True,,,2,2,1,5,False
1884.182,8068,PREROUND,15,3,11,,,,MiniBoo,Team Heretics,raze,True,,,0,2,1,3,False,RieNs,Team Heretics,fade,True,,,2,1,1,4,False,Boo,Team Heretics,omen,True,,,2,1,2,2,False,benjyfishy,Team Heretics,deadlock,True,,,1,2,1,2,False,Wo0t,Team Heretics,chamber,True,,,0,1,1,2,False,grubinho,GIANTX,omen,True,,,2,1,2,2,False,ara,GIANTX,raze,True,,,0,0,1,1,False,Cloud,GIANTX,fade,True,,,2,1,1,4,False,Flickless,GIANTX,viper,True,,,1,1,1,1,False,westside,GIANTX,cypher,True,,,2,2,1,5,False
1884.416,8069,PREROUND,15,3,11,,,,MiniBoo,Team Heretics,raze,True,,,0,2,1,3,False,RieNs,Team Heretics,fade,True,,,2,1,1,4,False,Boo,Team Heretics,omen,True,,,2,1,2,2,False,benjyfishy,Team Heretics,deadlock,True,,,1,2,1,2,False,Wo0t,Team Heretics,chamber,True,,,0,1,1,2,False,grubinho,GIANTX,omen,True,,,2,1,2,2,False,ara,GIANTX,raze,True,,,0,0,1,1,False,Cloud,GIANTX,fade,True,,,2,1,1,4,False,Flickless,GIANTX,viper,True,,,1,1,1,1,False,westside,GIANTX,cypher,True,,,2,2,1,5,False
1884.649,8070,PREROUND,15,3,11,,,,MiniBoo,Team Heretics,raze,True,,,0,2,1,3,False,RieNs,Team Heretics,fade,True,,,2,1,1,4,False,Boo,Team Heretics,omen,True,,,2,1,2,2,False,benjyfishy,Team Heretics,deadlock,True,,,1,2,1,2,False,Wo0t,Team Heretics,chamber,True,,,0,1,1,2,False,grubinho,GIANTX,omen,True,,,2,1,2,2,False,ara,GIANTX,raze,True,,,0,0,1,1,False,Cloud,GIANTX,fade,True,,,2,1,1,4,False,Flickless,GIANTX,viper,True,,,1,1,1,1,False,westside,GIANTX,cypher,True,,,2,2,1,5,False
1884.883,8071,PREROUND,15,3,11,,,,MiniBoo,Team Heretics,raze,True,,,0,2,1,3,False,RieNs,Team Heretics,fade,True,,,2,1,1,4,False,Boo,Team Heretics,omen,True,,,2,1,2,2,False,benjyfishy,Team Heretics,deadlock,True,,,1,2,1,2,False,Wo0t,Team Heretics,chamber,True,,,0,1,1,2,False,grubinho,GIANTX,omen,True,,,2,1,2,2,False,ara,GIANTX,raze,True,,,0,0,1,1,False,Cloud,GIANTX,fade,True,,,2,1,1,4,False,Flickless,GIANTX,viper,True,,,1,1,1,1,False,westside,GIANTX,cypher,True,,,2,2,1,5,False
1885.117,8072,PREROUND,15,3,11,,,,MiniBoo,Team Heretics,raze,True,,,0,2,1,3,False,RieNs,Team Heretics,fade,True,,,2,1,1,4,False,Boo,Team Heretics,omen,True,,,2,1,2,2,False,benjyfishy,Team Heretics,deadlock,True,,,1,2,1,2,False,Wo0t,Team Heretics,chamber,True,,,0,1,1,2,False,grubinho,GIANTX,omen,True,,,2,1,2,2,False,ara,GIANTX,raze,True,,,0,0,1,1,False,Cloud,GIANTX,fade,True,,,2,1,1,4,False,Flickless,GIANTX,viper,True,,,1,0,1,1,False,westside,GIANTX,cypher,True,,,2,2,1,5,False
1885.350,8073,PREROUND,15,3,11,,,,MiniBoo,Team Heretics,raze,True,,,0,2,1,3,False,RieNs,Team Heretics,fade,True,,,2,1,1,4,False,Boo,Team Heretics,omen,True,,,2,1,2,2,False,benjyfishy,Team Heretics,deadlock,True,,,1,2,1,2,False,Wo0t,Team Heretics,chamber,True,,,0,1,1,2,False,grubinho,GIANTX,omen,True,,,2,1,2,2,False,ara,GIANTX,raze,True,,,0,0,1,1,False,Cloud,GIANTX,fade,True,,,2,1,1,4,False,Flickless,GIANTX,viper,True,,,1,0,1,1,False,westside,GIANTX,cypher,True,,,2,2,1,5,False
1885.584,8074,PREROUND,15,3,11,,,,MiniBoo,Team Heretics,raze,True,,,0,2,1,3,False,RieNs,Team Heretics,fade,True,,,2,1,1,4,False,Boo,Team Heretics,omen,True,,,2,1,2,2,False,benjyfishy,Team Heretics,deadlock,True,,,1,2,1,2,False,Wo0t,Team Heretics,chamber,True,,,0,1,1,2,False,grubinho,GIANTX,omen,True,,,2,1,2,2,False,ara,GIANTX,raze,True,,,0,0,1,1,False,Cloud,GIANTX,fade,True,,,2,1,1,4,False,Flickless,GIANTX,viper,True,,,1,0,1,1,False,westside,GIANTX,cypher,True,,,2,2,1,5,False
1885.817,8075,PREROUND,15,3,11,,,,MiniBoo,Team Heretics,raze,True,,,0,2,1,3,False,RieNs,Team Heretics,fade,True,,,2,1,1,4,False,Boo,Team Heretics,omen,True,,,2,1,2,2,False,benjyfishy,Team Heretics,deadlock,True,,,1,2,1,2,False,Wo0t,Team Heretics,chamber,True,,,0,1,1,2,False,grubinho,GIANTX,omen,True,,,2,1,2,2,False,ara,GIANTX,raze,True,,,0,0,1,1,False,Cloud,GIANTX,fade,True,,,2,1,1,4,False,Flickless,GIANTX,viper,True,,,1,0,1,1,False,westside,GIANTX,cypher,True,,,2,2,1,5,False
1886.051,8076,PREROUND,15,3,11,,,,MiniBoo,Team Heretics,raze,True,,,0,2,1,3,False,RieNs,Team Heretics,fade,True,,,2,1,1,4,False,Boo,Team Heretics,omen,True,,,2,1,2,2,False,benjyfishy,Team Heretics,deadlock,True,,,1,2,1,2,False,Wo0t,Team Heretics,chamber,True,,,0,1,1,2,False,grubinho,GIANTX,omen,True,,,2,1,2,2,False,ara,GIANTX,raze,True,,,0,0,1,1,False,Cloud,GIANTX,fade,True,,,2,1,1,4,False,Flickless,GIANTX,viper,True,,,1,0,1,1,False,westside,GIANTX,cypher,True,,,2,2,1,5,False
1886.284,8077,PREROUND,15,3,11,,,,MiniBoo,Team Heretics,raze,True,,,0,2,1,3,False,RieNs,Team Heretics,fade,True,,,2,1,1,4,False,Boo,Team Heretics,omen,True,,,2,1,2,2,False,benjyfishy,Team Heretics,deadlock,True,,,1,2,1,2,False,Wo0t,Team Heretics,chamber,True,,,0,1,1,2,False,grubinho,GIANTX,omen,True,,,2,1,2,2,False,ara,GIANTX,raze,True,,,0,0,1,1,False,Cloud,GIANTX,fade,True,,,2,1,1,4,False,Flickless,GIANTX,viper,True,,,1,0,1,1,False,westside,GIANTX,cypher,True,,,1,2,1,5,False
1886.518,8078,PREROUND,15,3,11,,,,MiniBoo,Team Heretics,raze,True,,,0,2,1,3,False,RieNs,Team Heretics,fade,True,,,2,1,1,4,False,Boo,Team Heretics,omen,True,,,2,1,2,2,False,benjyfishy,Team Heretics,deadlock,True,,,1,2,1,2,False,Wo0t,Team Heretics,chamber,True,,,0,1,1,2,False,grubinho,GIANTX,omen,True,,,2,1,2,2,False,ara,GIANTX,raze,True,,,0,0,1,1,False,Cloud,GIANTX,fade,True,,,2,1,1,4,False,Flickless,GIANTX,viper,True,,,1,0,1,1,False,westside,GIANTX,cypher,True,,,1,2,1,5,False
1886.752,8079,PREROUND,15,3,11,,,,MiniBoo,Team Heretics,raze,True,,,0,2,1,3,False,RieNs,Team Heretics,fade,True,,,2,1,1,4,False,Boo,Team Heretics,omen,True,,,2,1,2,2,False,benjyfishy,Team Heretics,deadlock,True,,,1,2,1,2,False,Wo0t,Team Heretics,chamber,True,,,0,1,1,2,False,grubinho,GIANTX,omen,True,,,2,1,2,2,False,ara,GIANTX,raze,True,,,0,0,1,1,False,Cloud,GIANTX,fade,True,,,2,1,1,4,False,Flickless,GIANTX,viper,True,,,1,0,1,1,False,westside,GIANTX,cypher,True,,,1,2,1,5,False
1886.985,8080,PREROUND,15,3,11,,,,MiniBoo,Team Heretics,raze,True,,,0,2,1,3,False,RieNs,Team Heretics,fade,True,,,2,1,1,4,False,Boo,Team Heretics,omen,True,,,2,1,2,2,False,benjyfishy,Team Heretics,deadlock,True,,,1,2,1,2,False,Wo0t,Team Heretics,chamber,True,,,0,1,1,2,False,grubinho,GIANTX,omen,True,,,2,1,2,2,False,ara,GIANTX,raze,True,,,0,0,1,1,False,Cloud,GIANTX,fade,True,,,2,1,1,4,False,Flickless,GIANTX,viper,True,,,1,0,1,1,False,westside,GIANTX,cypher,True,,,1,2,1,5,False
1887.219,8081,PREROUND,15,3,11,,,,MiniBoo,Team Heretics,raze,True,,,0,2,1,3,False,RieNs,Team Heretics,fade,True,,,2,1,1,4,False,Boo,Team Heretics,omen,True,,,2,1,2,2,False,benjyfishy,Team Heretics,deadlock,True,,,1,2,1,2,False,Wo0t,Team Heretics,chamber,True,,,0,1,1,2,False,grubinho,GIANTX,omen,True,,,2,1,2,2,False,ara,GIANTX,raze,True,,,0,0,1,1,False,Cloud,GIANTX,fade,True,,,2,1,1,4,False,Flickless,GIANTX,viper,True,,,1,0,1,1,False,westside,GIANTX,cypher,True,,,1,2,1,5,False
1887.452,8082,PREROUND,15,3,11,,,,MiniBoo,Team Heretics,raze,True,,,0,2,1,3,False,RieNs,Team Heretics,fade,True,,,2,1,1,4,False,Boo,Team Heretics,omen,True,,,2,1,2,2,False,benjyfishy,Team Heretics,deadlock,True,,,1,2,1,2,False,Wo0t,Team Heretics,chamber,True,,,0,1,1,2,False,grubinho,GIANTX,omen,True,,,2,1,2,2,False,ara,GIANTX,raze,True,,,0,0,1,1,False,Cloud,GIANTX,fade,True,,,2,1,1,4,False,Flickless,GIANTX,viper,True,,,1,0,1,1,False,westside,GIANTX,cypher,True,,,1,2,1,5,False
1887.686,8083,PREROUND,15,3,11,,,,MiniBoo,Team Heretics,raze,True,,,0,2,1,3,False,RieNs,Team Heretics,fade,True,,,2,1,1,4,False,Boo,Team Heretics,omen,True,,,2,1,2,2,False,benjyfishy,Team Heretics,deadlock,True,,,1,2,1,2,False,Wo0t,Team Heretics,chamber,True,,,0,1,1,2,False,grubinho,GIANTX,omen,True,,,2,1,2,2,False,ara,GIANTX,raze,True,,,0,0,1,1,False,Cloud,GIANTX,fade,True,,,2,1,1,4,False,Flickless,GIANTX,viper,True,,,1,0,1,1,False,westside,GIANTX,cypher,True,,,1,2,1,5,False
1887.919,8084,PREROUND,15,3,11,,,,MiniBoo,Team Heretics,raze,True,,,0,2,1,3,False,RieNs,Team Heretics,fade,True,,,2,1,1,4,False,Boo,Team Heretics,omen,True,,,2,1,2,2,False,benjyfishy,Team Heretics,deadlock,True,,,1,2,1,2,False,Wo0t,Team Heretics,chamber,True,,,0,1,1,2,False,grubinho,GIANTX,omen,True,,,2,1,2,2,False,ara,GIANTX,raze,True,,,0,0,1,1,False,Cloud,GIANTX,fade,True,,,2,1,1,4,False,Flickless,GIANTX,viper,True,,,1,0,1,1,False,westside,GIANTX,cypher,True,,,1,2,1,5,False
1888.153,8085,PREROUND,15,3,11,,,,MiniBoo,Team Heretics,raze,True,,,0,2,1,3,False,RieNs,Team Heretics,fade,True,,,2,1,1,4,False,Boo,Team Heretics,omen,True,,,2,1,2,2,False,benjyfishy,Team Heretics,deadlock,True,,,1,2,1,2,False,Wo0t,Team Heretics,chamber,True,,,0,1,1,2,False,grubinho,GIANTX,omen,True,,,2,1,2,2,False,ara,GIANTX,raze,True,,,0,0,1,1,False,Cloud,GIANTX,fade,True,,,2,1,1,4,False,Flickless,GIANTX,viper,True,,,1,0,1,1,False,westside,GIANTX,cypher,True,,,1,2,1,5,False
1888.387,8086,PREROUND,15,3,11,,,,MiniBoo,Team Heretics,raze,True,,,0,2,1,3,False,RieNs,Team Heretics,fade,True,,,2,1,1,4,False,Boo,Team Heretics,omen,True,,,2,1,2,2,False,benjyfishy,Team Heretics,deadlock,True,,,1,2,1,2,False,Wo0t,Team Heretics,chamber,True,,,0,1,1,2,False,grubinho,GIANTX,omen,True,,,2,1,2,2,False,ara,GIANTX,raze,True,,,0,0,1,1,False,Cloud,GIANTX,fade,True,,,2,1,1,4,False,Flickless,GIANTX,viper,True,,,1,0,1,1,False,westside,GIANTX,cypher,True,,,1,2,1,5,False
1888.620,8087,PREROUND,15,3,11,,,,MiniBoo,Team Heretics,raze,True,,,0,2,1,3,False,RieNs,Team Heretics,fade,True,,,2,1,1,4,False,Boo,Team Heretics,omen,True,,,2,1,2,2,False,benjyfishy,Team Heretics,deadlock,True,,,1,2,1,2,False,Wo0t,Team Heretics,chamber,True,,,0,1,1,2,False,grubinho,GIANTX,omen,True,,,2,1,2,2,False,ara,GIANTX,raze,True,,,0,0,1,1,False,Cloud,GIANTX,fade,True,,,2,1,1,4,False,Flickless,GIANTX,viper,True,,,1,0,1,1,False,westside,GIANTX,cypher,True,,,1,2,1,5,False
1888.854,8088,PREROUND,15,3,11,,,,MiniBoo,Team Heretics,raze,True,,,0,2,1,3,False,RieNs,Team Heretics,fade,True,,,2,1,1,4,False,Boo,Team Heretics,omen,True,,,2,1,2,2,False,benjyfishy,Team Heretics,deadlock,True,,,1,2,1,2,False,Wo0t,Team Heretics,chamber,True,,,0,1,1,2,False,grubinho,GIANTX,omen,True,,,2,1,2,2,False,ara,GIANTX,raze,True,,,0,0,1,1,False,Cloud,GIANTX,fade,True,,,2,1,1,4,False,Flickless,GIANTX,viper,True,,,1,0,1,1,False,westside,GIANTX,cypher,True,,,1,2,1,5,False
1889.087,8089,PREROUND,15,3,11,,,,MiniBoo,Team Heretics,raze,True,,,0,2,1,3,False,RieNs,Team Heretics,fade,True,,,2,1,1,4,False,Boo,Team Heretics,omen,True,,,2,1,2,2,False,benjyfishy,Team Heretics,deadlock,True,,,1,2,1,2,False,Wo0t,Team Heretics,chamber,True,,,0,1,1,2,False,grubinho,GIANTX,omen,True,,,2,1,2,2,False,ara,GIANTX,raze,True,,,0,0,1,1,False,Cloud,GIANTX,fade,True,,,2,1,1,4,False,Flickless,GIANTX,viper,True,,,1,0,1,1,False,westside,GIANTX,cypher,True,,,1,2,1,5,False
1889.321,8090,PREROUND,15,3,11,,,,MiniBoo,Team Heretics,raze,True,,,0,2,1,3,False,RieNs,Team Heretics,fade,True,,,2,1,1,4,False,Boo,Team Heretics,omen,True,,,2,1,2,2,False,benjyfishy,Team Heretics,deadlock,True,,,1,2,1,2,False,Wo0t,Team Heretics,chamber,True,,,0,1,1,2,False,grubinho,GIANTX,omen,True,,,2,1,2,2,False,ara,GIANTX,raze,True,,,0,0,1,1,False,Cloud,GIANTX,fade,True,,,2,1,1,4,False,Flickless,GIANTX,viper,True,,,1,0,1,1,False,westside,GIANTX,cypher,True,,,1,2,1,5,False
1889.554,8091,PREROUND,15,3,11,,,,MiniBoo,Team Heretics,raze,True,,,0,2,1,3,False,RieNs,Team Heretics,fade,True,,,2,1,1,4,False,Boo,Team Heretics,omen,True,,,2,1,2,2,False,benjyfishy,Team Heretics,deadlock,True,,,1,2,1,2,False,Wo0t,Team Heretics,chamber,True,,,0,1,1,2,False,grubinho,GIANTX,omen,True,,,2,1,2,2,False,ara,GIANTX,raze,True,,,0,0,1,1,False,Cloud,GIANTX,fade,True,,,2,1,1,4,False,Flickless,GIANTX,viper,True,,,1,0,1,1,False,westside,GIANTX,cypher,True,,,1,2,1,5,False
1889.788,8092,PREROUND,15,3,11,,,,MiniBoo,Team Heretics,raze,True,,,0,2,1,3,False,RieNs,Team Heretics,fade,True,,,2,1,1,4,False,Boo,Team Heretics,omen,True,,,2,1,2,2,False,benjyfishy,Team Heretics,deadlock,True,,,1,2,1,2,False,Wo0t,Team Heretics,chamber,True,,,0,1,1,2,False,grubinho,GIANTX,omen,True,,,2,1,2,2,False,ara,GIANTX,raze,True,,,0,0,1,1,False,Cloud,GIANTX,fade,True,,,2,1,1,4,False,Flickless,GIANTX,viper,True,,,1,0,1,1,False,westside,GIANTX,cypher,True,,,1,2,1,5,False
1890.021,8093,PREROUND,15,3,11,,,,MiniBoo,Team Heretics,raze,True,,,0,2,1,3,False,RieNs,Team Heretics,fade,True,,,2,1,1,4,False,Boo,Team Heretics,omen,True,,,2,1,2,2,False,benjyfishy,Team Heretics,deadlock,True,,,1,2,1,2,False,Wo0t,Team Heretics,chamber,True,,,0,1,1,2,False,grubinho,GIANTX,omen,True,,,2,1,2,2,False,ara,GIANTX,raze,True,,,0,0,1,1,False,Cloud,GIANTX,fade,True,,,2,1,1,4,False,Flickless,GIANTX,viper,True,,,1,0,1,1,False,westside,GIANTX,cypher,True,,,1,2,1,5,False
1890.255,8094,PREROUND,15,3,11,,,,MiniBoo,Team Heretics,raze,True,,,0,2,1,3,False,RieNs,Team Heretics,fade,True,,,2,1,1,4,False,Boo,Team Heretics,omen,True,,,2,1,2,2,False,benjyfishy,Team Heretics,deadlock,True,,,1,2,1,2,False,Wo0t,Team Heretics,chamber,True,,,0,1,1,2,False,grubinho,GIANTX,omen,True,,,2,1,2,2,False,ara,GIANTX,raze,True,,,0,0,1,1,False,Cloud,GIANTX,fade,True,,,2,1,1,4,False,Flickless,GIANTX,viper,True,,,1,0,1,1,False,westside,GIANTX,cypher,True,,,1,2,1,5,False
1890.489,8095,PREROUND,15,3,11,,,,MiniBoo,Team Heretics,raze,True,,,0,2,1,3,False,RieNs,Team Heretics,fade,True,,,2,1,1,4,False,Boo,Team Heretics,omen,True,,,2,1,2,2,False,benjyfishy,Team Heretics,deadlock,True,,,1,2,1,2,False,Wo0t,Team Heretics,chamber,True,,,0,1,1,2,False,grubinho,GIANTX,omen,True,,,2,1,2,2,False,ara,GIANTX,raze,True,,,0,0,1,1,False,Cloud,GIANTX,fade,True,,,2,1,1,4,False,Flickless,GIANTX,viper,True,,,1,0,1,1,False,westside,GIANTX,cypher,True,,,1,2,1,5,False
1890.722,8096,PREROUND,15,3,11,,,,MiniBoo,Team Heretics,raze,True,,,0,2,1,3,False,RieNs,Team Heretics,fade,True,,,2,1,1,4,False,Boo,Team Heretics,omen,True,,,2,1,2,2,False,benjyfishy,Team Heretics,deadlock,True,,,1,2,1,2,False,Wo0t,Team Heretics,chamber,True,,,0,1,1,2,False,grubinho,GIANTX,omen,True,,,2,1,2,2,False,ara,GIANTX,raze,True,,,0,0,1,1,False,Cloud,GIANTX,fade,True,,,2,1,1,4,False,Flickless,GIANTX,viper,True,,,1,0,1,1,False,westside,GIANTX,cypher,True,,,1,2,1,5,False
1890.956,8097,PREROUND,15,3,11,,,,MiniBoo,Team Heretics,raze,True,,,0,2,1,3,False,RieNs,Team Heretics,fade,True,,,2,1,1,4,False,Boo,Team Heretics,omen,True,,,2,1,2,2,False,benjyfishy,Team Heretics,deadlock,True,,,1,2,1,2,False,Wo0t,Team Heretics,chamber,True,,,0,1,1,2,False,grubinho,GIANTX,omen,True,,,2,1,2,2,False,ara,GIANTX,raze,True,,,0,0,1,1,False,Cloud,GIANTX,fade,True,,,2,1,1,4,False,Flickless,GIANTX,viper,True,,,1,0,1,1,False,westside,GIANTX,cypher,True,,,1,2,1,5,False
1891.189,8098,PREROUND,15,3,11,,,,MiniBoo,Team Heretics,raze,True,,,0,2,1,3,False,RieNs,Team Heretics,fade,True,,,2,1,1,4,False,Boo,Team Heretics,omen,True,,,2,1,2,2,False,benjyfishy,Team Heretics,deadlock,True,,,1,2,1,2,False,Wo0t,Team Heretics,chamber,True,,,0,1,1,2,False,grubinho,GIANTX,omen,True,,,2,1,2,2,False,ara,GIANTX,raze,True,,,0,0,1,1,False,Cloud,GIANTX,fade,True,,,2,1,1,4,False,Flickless,GIANTX,viper,True,,,1,0,1,1,False,westside,GIANTX,cypher,True,,,1,2,1,5,False
1891.423,8099,PREROUND,15,3,11,,,,MiniBoo,Team Heretics,raze,True,,,0,2,1,3,False,RieNs,Team Heretics,fade,True,,,2,1,1,4,False,Boo,Team Heretics,omen,True,,,2,1,2,2,False,benjyfishy,Team Heretics,deadlock,True,,,1,2,1,2,False,Wo0t,Team Heretics,chamber,True,,,0,1,1,2,False,grubinho,GIANTX,omen,True,,,2,1,2,2,False,ara,GIANTX,raze,True,,,0,0,1,1,False,Cloud,GIANTX,fade,True,,,2,1,1,4,False,Flickless,GIANTX,viper,True,,,1,0,1,1,False,westside,GIANTX,cypher,True,,,1,2,1,5,False
1891.656,8100,PREROUND,15,3,11,,,,MiniBoo,Team Heretics,raze,True,,,0,2,1,3,False,RieNs,Team Heretics,fade,True,,,2,1,1,4,False,Boo,Team Heretics,omen,True,,,2,1,2,2,False,benjyfishy,Team Heretics,deadlock,True,,,1,2,1,2,False,Wo0t,Team Heretics,chamber,True,,,0,1,1,2,False,grubinho,GIANTX,omen,True,,,2,1,2,2,False,ara,GIANTX,raze,True,,,0,0,1,1,False,Cloud,GIANTX,fade,True,,,2,1,1,4,False,Flickless,GIANTX,viper,True,,,1,0,1,1,False,westside,GIANTX,cypher,True,,,1,2,1,5,False
1891.890,8101,PREROUND,15,3,11,,,,MiniBoo,Team Heretics,raze,True,,,0,2,1,3,False,RieNs,Team Heretics,fade,True,,,2,1,1,4,False,Boo,Team Heretics,omen,True,,,2,1,2,2,False,benjyfishy,Team Heretics,deadlock,True,,,1,2,1,2,False,Wo0t,Team Heretics,chamber,True,,,0,1,1,2,False,grubinho,GIANTX,omen,True,,,2,1,2,2,False,ara,GIANTX,raze,True,,,0,0,1,1,False,Cloud,GIANTX,fade,True,,,2,1,1,4,False,Flickless,GIANTX,viper,True,,,1,0,1,1,False,westside,GIANTX,cypher,True,,,1,2,1,5,False
1892.124,8102,PREROUND,15,3,11,,,,MiniBoo,Team Heretics,raze,True,,,0,2,1,3,False,RieNs,Team Heretics,fade,True,,,2,1,1,4,False,Boo,Team Heretics,omen,True,,,2,1,2,2,False,benjyfishy,Team Heretics,deadlock,True,,,1,2,1,2,False,Wo0t,Team Heretics,chamber,True,,,0,1,1,2,False,grubinho,GIANTX,omen,True,,,2,1,2,2,False,ara,GIANTX,raze,True,,,1,2,1,1,False,Cloud,GIANTX,fade,True,,,2,1,1,4,False,Flickless,GIANTX,viper,True,,,1,0,1,1,False,westside,GIANTX,cypher,True,,,1,2,1,5,False
1892.357,8103,PREROUND,15,3,11,,,,MiniBoo,Team Heretics,raze,True,,,0,2,1,3,False,RieNs,Team Heretics,fade,True,,,2,1,1,4,False,Boo,Team Heretics,omen,True,,,2,1,2,2,False,benjyfishy,Team Heretics,deadlock,True,,,1,2,1,2,False,Wo0t,Team Heretics,chamber,True,,,0,1,1,2,False,grubinho,GIANTX,omen,True,,,2,1,2,2,False,ara,GIANTX,raze,True,,,1,2,1,1,False,Cloud,GIANTX,fade,True,,,2,1,1,4,False,Flickless,GIANTX,viper,True,,,1,0,1,1,False,westside,GIANTX,cypher,True,,,1,2,1,5,False
1892.591,8104,PREROUND,15,3,11,,,,MiniBoo,Team Heretics,raze,True,,,0,2,1,3,False,RieNs,Team Heretics,fade,True,,,2,1,1,4,False,Boo,Team Heretics,omen,True,,,2,1,2,2,False,benjyfishy,Team Heretics,deadlock,True,,,1,2,1,2,False,Wo0t,Team Heretics,chamber,True,,,0,1,1,2,False,grubinho,GIANTX,omen,True,,,2,1,2,2,False,ara,GIANTX,raze,True,,,1,2,1,1,False,Cloud,GIANTX,fade,True,,,2,1,1,4,False,Flickless,GIANTX,viper,True,,,1,0,1,1,False,westside,GIANTX,cypher,True,,,1,2,1,5,False
1892.824,8105,PREROUND,15,3,11,,,,MiniBoo,Team Heretics,raze,True,,,0,2,1,3,False,RieNs,Team Heretics,fade,True,,,2,1,1,4,False,Boo,Team Heretics,omen,True,,,2,1,2,2,False,benjyfishy,Team Heretics,deadlock,True,,,1,2,1,2,False,Wo0t,Team Heretics,chamber,True,,,0,1,1,2,False,grubinho,GIANTX,omen,True,,,2,1,2,2,False,ara,GIANTX,raze,True,,,1,2,1,1,False,Cloud,GIANTX,fade,True,,,2,1,1,4,False,Flickless,GIANTX,viper,True,,,1,0,1,1,False,westside,GIANTX,cypher,True,,,1,2,1,5,False
1893.058,8106,PREROUND,15,3,11,,,,MiniBoo,Team Heretics,raze,True,,,0,2,1,3,False,RieNs,Team Heretics,fade,True,,,2,1,1,4,False,Boo,Team Heretics,omen,True,,,2,1,2,2,False,benjyfishy,Team Heretics,deadlock,True,,,1,2,1,2,False,Wo0t,Team Heretics,chamber,True,,,0,1,1,2,False,grubinho,GIANTX,omen,True,,,2,1,2,2,False,ara,GIANTX,raze,True,,,1,2,1,1,False,Cloud,GIANTX,fade,True,,,2,1,1,4,False,Flickless,GIANTX,viper,True,,,1,0,1,1,False,westside,GIANTX,cypher,True,,,1,2,1,5,False
1893.291,8107,PREROUND,15,3,11,,,,MiniBoo,Team Heretics,raze,True,,,0,2,1,3,False,RieNs,Team Heretics,fade,True,,,2,1,1,4,False,Boo,Team Heretics,omen,True,,,2,1,2,2,False,benjyfishy,Team Heretics,deadlock,True,,,1,2,1,2,False,Wo0t,Team Heretics,chamber,True,,,0,1,1,2,False,grubinho,GIANTX,omen,True,,,2,1,2,2,False,ara,GIANTX,raze,True,,,1,2,1,1,False,Cloud,GIANTX,fade,True,,,2,1,1,4,False,Flickless,GIANTX,viper,True,,,1,0,1,1,False,westside,GIANTX,cypher,True,,,1,2,1,5,False
1893.525,8108,PREROUND,15,3,11,,,,MiniBoo,Team Heretics,raze,True,,,0,2,1,3,False,RieNs,Team Heretics,fade,True,,,2,1,1,4,False,Boo,Team Heretics,omen,True,,,2,1,2,2,False,benjyfishy,Team Heretics,deadlock,True,,,1,2,1,2,False,Wo0t,Team Heretics,chamber,True,,,0,1,1,2,False,grubinho,GIANTX,omen,True,,,2,1,2,2,False,ara,GIANTX,raze,True,,,1,2,1,1,False,Cloud,GIANTX,fade,True,,,2,1,1,4,False,Flickless,GIANTX,viper,True,,,1,0,1,1,False,westside,GIANTX,cypher,True,,,1,2,1,5,False
1893.759,8109,PREROUND,15,3,11,,,,MiniBoo,Team Heretics,raze,True,,,0,2,1,3,False,RieNs,Team Heretics,fade,True,,,2,1,1,4,False,Boo,Team Heretics,omen,True,,,2,1,2,2,False,benjyfishy,Team Heretics,deadlock,True,,,1,2,1,2,False,Wo0t,Team Heretics,chamber,True,,,0,1,1,2,False,grubinho,GIANTX,omen,True,,,2,1,2,2,False,ara,GIANTX,raze,True,,,1,2,1,1,False,Cloud,GIANTX,fade,True,,,2,1,1,4,False,Flickless,GIANTX,viper,True,,,1,0,1,1,False,westside,GIANTX,cypher,True,,,1,2,1,5,False
1893.992,8110,PREROUND,15,3,11,,,,MiniBoo,Team Heretics,raze,True,,,0,2,1,3,False,RieNs,Team Heretics,fade,True,,,2,1,1,4,False,Boo,Team Heretics,omen,True,,,2,1,2,2,False,benjyfishy,Team Heretics,deadlock,True,,,1,2,1,2,False,Wo0t,Team Heretics,chamber,True,,,0,1,1,2,False,grubinho,GIANTX,omen,True,,,2,1,2,2,False,ara,GIANTX,raze,True,,,1,2,1,1,False,Cloud,GIANTX,fade,True,,,2,1,1,4,False,Flickless,GIANTX,viper,True,,,1,0,1,1,False,westside,GIANTX,cypher,True,,,1,2,1,5,False
1894.226,8111,PREROUND,15,3,11,,,,MiniBoo,Team Heretics,raze,True,,,0,2,1,3,False,RieNs,Team Heretics,fade,True,,,2,1,1,4,False,Boo,Team Heretics,omen,True,,,2,1,2,2,False,benjyfishy,Team Heretics,deadlock,True,,,1,2,1,2,False,Wo0t,Team Heretics,chamber,True,,,0,1,1,2,False,grubinho,GIANTX,omen,True,,,2,1,2,2,False,ara,GIANTX,raze,True,,,1,2,1,1,False,Cloud,GIANTX,fade,True,,,2,1,1,4,False,Flickless,GIANTX,viper,True,,,1,0,1,1,False,westside,GIANTX,cypher,True,,,1,2,1,5,False
1894.459,8112,PREROUND,15,3,11,,,,MiniBoo,Team Heretics,raze,True,,,0,2,1,3,False,RieNs,Team Heretics,fade,True,,,2,1,1,4,False,Boo,Team Heretics,omen,True,,,2,1,2,2,False,benjyfishy,Team Heretics,deadlock,True,,,1,2,1,2,False,Wo0t,Team Heretics,chamber,True,,,0,1,1,2,False,grubinho,GIANTX,omen,True,,,2,1,2,2,False,ara,GIANTX,raze,True,,,1,2,1,1,False,Cloud,GIANTX,fade,True,,,2,1,1,4,False,Flickless,GIANTX,viper,True,,,1,0,1,1,False,westside,GIANTX,cypher,True,,,1,2,1,5,False
1894.693,8113,PREROUND,15,3,11,,,,MiniBoo,Team Heretics,raze,True,,,0,2,1,3,False,RieNs,Team Heretics,fade,True,,,2,1,1,4,False,Boo,Team Heretics,omen,True,,,2,1,2,2,False,benjyfishy,Team Heretics,deadlock,True,,,1,2,1,2,False,Wo0t,Team Heretics,chamber,True,,,0,1,1,2,False,grubinho,GIANTX,omen,True,,,2,1,2,2,False,ara,GIANTX,raze,True,,,1,2,1,1,False,Cloud,GIANTX,fade,True,,,2,1,1,4,False,Flickless,GIANTX,viper,True,,,1,0,1,1,False,westside,GIANTX,cypher,True,,,1,2,1,5,False
1894.926,8114,PREROUND,15,3,11,,,,MiniBoo,Team Heretics,raze,True,,,0,2,1,3,False,RieNs,Team Heretics,fade,True,,,2,1,1,4,False,Boo,Team Heretics,omen,True,,,2,1,2,2,False,benjyfishy,Team Heretics,deadlock,True,,,1,2,1,2,False,Wo0t,Team Heretics,chamber,True,,,0,1,1,2,False,grubinho,GIANTX,omen,True,,,2,1,2,2,False,ara,GIANTX,raze,True,,,1,2,1,1,False,Cloud,GIANTX,fade,True,,,2,1,1,4,False,Flickless,GIANTX,viper,True,,,1,0,1,1,False,westside,GIANTX,cypher,True,,,1,2,1,5,False
1895.160,8115,PREROUND,15,3,11,,,,MiniBoo,Team Heretics,raze,True,,,0,2,1,3,False,RieNs,Team Heretics,fade,True,,,2,1,1,4,False,Boo,Team Heretics,omen,True,,,2,1,2,2,False,benjyfishy,Team Heretics,deadlock,True,,,1,2,1,2,False,Wo0t,Team Heretics,chamber,True,,,0,1,1,2,False,grubinho,GIANTX,omen,True,,,2,1,2,2,False,ara,GIANTX,raze,True,,,1,2,1,1,False,Cloud,GIANTX,fade,True,,,2,1,1,4,False,Flickless,GIANTX,viper,True,,,1,0,1,1,False,westside,GIANTX,cypher,True,,,1,2,1,5,False
1895.394,8116,PREROUND,15,3,11,,,,MiniBoo,Team Heretics,raze,True,,,0,2,1,3,False,RieNs,Team Heretics,fade,True,,,2,1,1,4,False,Boo,Team Heretics,omen,True,,,2,1,2,2,False,benjyfishy,Team Heretics,deadlock,True,,,1,2,1,2,False,Wo0t,Team Heretics,chamber,True,,,0,1,1,2,False,grubinho,GIANTX,omen,True,,,2,1,2,2,False,ara,GIANTX,raze,True,,,1,2,1,1,False,Cloud,GIANTX,fade,True,,,2,1,1,4,False,Flickless,GIANTX,viper,True,,,1,0,1,1,False,westside,GIANTX,cypher,True,,,1,2,1,5,False
1895.627,8117,PREROUND,15,3,11,,,,MiniBoo,Team Heretics,raze,True,,,0,2,1,3,False,RieNs,Team Heretics,fade,True,,,2,1,1,4,False,Boo,Team Heretics,omen,True,,,2,1,2,2,False,benjyfishy,Team Heretics,deadlock,True,,,1,2,1,2,False,Wo0t,Team Heretics,chamber,True,,,0,1,1,2,False,grubinho,GIANTX,omen,True,,,2,1,2,2,False,ara,GIANTX,raze,True,,,1,2,1,1,False,Cloud,GIANTX,fade,True,,,2,1,1,4,False,Flickless,GIANTX,viper,True,,,1,0,1,1,False,westside,GIANTX,cypher,True,,,1,2,1,5,False
1895.861,8118,PREROUND,15,3,11,,,,MiniBoo,Team Heretics,raze,True,,,0,2,1,3,False,RieNs,Team Heretics,fade,True,,,2,1,1,4,False,Boo,Team Heretics,omen,True,,,2,1,2,2,False,benjyfishy,Team Heretics,deadlock,True,,,1,2,1,2,False,Wo0t,Team Heretics,chamber,True,,,0,1,1,2,False,grubinho,GIANTX,omen,True,,,2,1,2,2,False,ara,GIANTX,raze,True,,,1,2,1,1,False,Cloud,GIANTX,fade,True,,,2,1,1,4,False,Flickless,GIANTX,viper,True,,,1,0,1,1,False,westside,GIANTX,cypher,True,,,1,2,1,5,False
1896.094,8119,PREROUND,15,3,11,,,,MiniBoo,Team Heretics,raze,True,,,0,2,1,3,False,RieNs,Team Heretics,fade,True,,,2,1,1,4,False,Boo,Team Heretics,omen,True,,,2,1,2,2,False,benjyfishy,Team Heretics,deadlock,True,,,1,2,1,2,False,Wo0t,Team Heretics,chamber,True,,,0,1,1,2,False,grubinho,GIANTX,omen,True,,,2,1,2,2,False,ara,GIANTX,raze,True,,,1,2,1,1,False,Cloud,GIANTX,fade,True,,,2,1,1,4,False,Flickless,GIANTX,viper,True,,,1,0,1,1,False,westside,GIANTX,cypher,True,,,1,2,1,5,False
1896.328,8120,PREROUND,15,3,11,,,,MiniBoo,Team Heretics,raze,True,,,0,2,1,3,False,RieNs,Team Heretics,fade,True,,,2,1,1,4,False,Boo,Team Heretics,omen,True,,,2,1,2,2,False,benjyfishy,Team Heretics,deadlock,True,,,1,2,1,2,False,Wo0t,Team Heretics,chamber,True,,,0,1,1,2,False,grubinho,GIANTX,omen,True,,,2,1,2,2,False,ara,GIANTX,raze,True,,,1,2,1,1,False,Cloud,GIANTX,fade,True,,,2,1,1,4,False,Flickless,GIANTX,viper,True,,,1,0,1,1,False,westside,GIANTX,cypher,True,,,1,2,1,5,False
1896.561,8121,PREROUND,15,3,11,,,,MiniBoo,Team Heretics,raze,True,,,0,2,1,3,False,RieNs,Team Heretics,fade,True,,,2,1,1,4,False,Boo,Team Heretics,omen,True,,,2,1,2,2,False,benjyfishy,Team Heretics,deadlock,True,,,1,2,1,2,False,Wo0t,Team Heretics,chamber,True,,,0,1,1,2,False,grubinho,GIANTX,omen,True,,,2,1,2,2,False,ara,GIANTX,raze,True,,,1,2,1,1,False,Cloud,GIANTX,fade,True,,,2,1,1,4,False,Flickless,GIANTX,viper,True,,,1,0,1,1,False,westside,GIANTX,cypher,True,,,1,2,1,5,False
1896.795,8122,PREROUND,15,3,11,,,,MiniBoo,Team Heretics,raze,True,,,0,2,1,3,False,RieNs,Team Heretics,fade,True,,,2,1,1,4,False,Boo,Team Heretics,omen,True,,,2,1,2,2,False,benjyfishy,Team Heretics,deadlock,True,,,1,2,1,2,False,Wo0t,Team Heretics,chamber,True,,,0,1,1,2,False,grubinho,GIANTX,omen,True,,,2,1,2,2,False,ara,GIANTX,raze,True,,,1,2,1,1,False,Cloud,GIANTX,fade,True,,,2,1,1,4,False,Flickless,GIANTX,viper,True,,,1,0,1,1,False,westside,GIANTX,cypher,True,,,1,2,1,5,False
1897.028,8123,PREROUND,15,3,11,,,,MiniBoo,Team Heretics,raze,True,,,0,2,1,3,False,RieNs,Team Heretics,fade,True,,,2,1,1,4,False,Boo,Team Heretics,omen,True,,,2,1,2,2,False,benjyfishy,Team Heretics,deadlock,True,,,1,2,1,2,False,Wo0t,Team Heretics,chamber,True,,,0,1,1,2,False,grubinho,GIANTX,omen,True,,,2,1,2,2,False,ara,GIANTX,raze,True,,,1,2,1,1,False,Cloud,GIANTX,fade,True,,,2,1,1,4,False,Flickless,GIANTX,viper,True,,,1,0,1,1,False,westside,GIANTX,cypher,True,,,1,2,1,5,False
1897.262,8124,PREROUND,15,3,11,,,,MiniBoo,Team Heretics,raze,True,,,0,2,1,3,False,RieNs,Team Heretics,fade,True,,,2,1,1,4,False,Boo,Team Heretics,omen,True,,,2,1,2,2,False,benjyfishy,Team Heretics,deadlock,True,,,1,2,1,2,False,Wo0t,Team Heretics,chamber,True,,,0,1,1,2,False,grubinho,GIANTX,omen,True,,,2,1,2,2,False,ara,GIANTX,raze,True,,,1,2,1,1,False,Cloud,GIANTX,fade,True,,,2,1,1,4,False,Flickless,GIANTX,viper,True,,,1,0,1,1,False,westside,GIANTX,cypher,True,,,1,2,1,5,False
1897.496,8125,PREROUND,15,3,11,,,,MiniBoo,Team Heretics,raze,True,,,0,2,1,3,False,RieNs,Team Heretics,fade,True,,,2,1,1,4,False,Boo,Team Heretics,omen,True,,,2,1,2,2,False,benjyfishy,Team Heretics,deadlock,True,,,1,2,1,2,False,Wo0t,Team Heretics,chamber,True,,,0,1,1,2,False,grubinho,GIANTX,omen,True,,,2,1,2,2,False,ara,GIANTX,raze,True,,,1,2,1,1,False,Cloud,GIANTX,fade,True,,,2,1,1,4,False,Flickless,GIANTX,viper,True,,,1,0,1,1,False,westside,GIANTX,cypher,True,,,1,2,1,5,False
1897.729,8126,PREROUND,15,3,11,,,,MiniBoo,Team Heretics,raze,True,,,0,2,1,3,False,RieNs,Team Heretics,fade,True,,,2,1,1,4,False,Boo,Team Heretics,omen,True,,,2,1,2,2,False,benjyfishy,Team Heretics,deadlock,True,,,1,2,1,2,False,Wo0t,Team Heretics,chamber,True,,,0,1,1,2,False,grubinho,GIANTX,omen,True,,,2,1,2,2,False,ara,GIANTX,raze,True,,,1,2,1,1,False,Cloud,GIANTX,fade,True,,,2,1,1,4,False,Flickless,GIANTX,viper,True,,,1,0,1,1,False,westside,GIANTX,cypher,True,,,1,2,1,5,False
1897.963,8127,PREROUND,15,3,11,,,,MiniBoo,Team Heretics,raze,True,,,0,2,1,3,False,RieNs,Team Heretics,fade,True,,,2,1,1,4,False,Boo,Team Heretics,omen,True,,,2,1,2,2,False,benjyfishy,Team Heretics,deadlock,True,,,1,2,1,2,False,Wo0t,Team Heretics,chamber,True,,,0,1,1,2,False,grubinho,GIANTX,omen,True,,,2,1,2,2,False,ara,GIANTX,raze,True,,,1,2,1,1,False,Cloud,GIANTX,fade,True,,,2,1,1,4,False,Flickless,GIANTX,viper,True,,,1,0,1,1,False,westside,GIANTX,cypher,True,,,1,2,1,5,False
1898.196,8128,PREROUND,15,3,11,,,,MiniBoo,Team Heretics,raze,True,,,0,2,1,3,False,RieNs,Team Heretics,fade,True,,,2,1,1,4,False,Boo,Team Heretics,omen,True,,,2,1,2,2,False,benjyfishy,Team Heretics,deadlock,True,,,1,2,1,2,False,Wo0t,Team Heretics,chamber,True,,,0,1,1,2,False,grubinho,GIANTX,omen,True,,,2,1,2,2,False,ara,GIANTX,raze,True,,,1,2,1,1,False,Cloud,GIANTX,fade,True,,,2,1,1,4,False,Flickless,GIANTX,viper,True,,,1,0,1,1,False,westside,GIANTX,cypher,True,,,1,2,1,5,False
1898.430,8129,PREROUND,15,3,11,,,,MiniBoo,Team Heretics,raze,True,,,0,2,1,3,False,RieNs,Team Heretics,fade,True,,,2,1,1,4,False,Boo,Team Heretics,omen,True,,,2,1,2,2,False,benjyfishy,Team Heretics,deadlock,True,,,1,2,1,2,False,Wo0t,Team Heretics,chamber,True,,,0,1,1,2,False,grubinho,GIANTX,omen,True,,,2,1,2,2,False,ara,GIANTX,raze,True,,,1,2,1,1,False,Cloud,GIANTX,fade,True,,,2,1,1,4,False,Flickless,GIANTX,viper,True,,,1,0,1,1,False,westside,GIANTX,cypher,True,,,1,2,1,5,False
1898.663,8130,PREROUND,15,3,11,,,,MiniBoo,Team Heretics,raze,True,,,0,2,1,3,False,RieNs,Team Heretics,fade,True,,,2,1,1,4,False,Boo,Team Heretics,omen,True,,,2,1,2,2,False,benjyfishy,Team Heretics,deadlock,True,,,1,2,1,2,False,Wo0t,Team Heretics,chamber,True,,,0,1,1,2,False,grubinho,GIANTX,omen,True,,,2,1,2,2,False,ara,GIANTX,raze,True,,,1,2,1,1,False,Cloud,GIANTX,fade,True,,,2,1,1,4,False,Flickless,GIANTX,viper,True,,,1,0,1,1,False,westside,GIANTX,cypher,True,,,1,2,1,5,False
1898.897,8131,PREROUND,15,3,11,,,,MiniBoo,Team Heretics,raze,True,,,0,2,1,3,False,RieNs,Team Heretics,fade,True,,,2,1,1,4,False,Boo,Team Heretics,omen,True,,,2,1,2,2,False,benjyfishy,Team Heretics,deadlock,True,,,1,2,1,2,False,Wo0t,Team Heretics,chamber,True,,,0,1,1,2,False,grubinho,GIANTX,omen,True,,,2,1,2,2,False,ara,GIANTX,raze,True,,,1,2,1,1,False,Cloud,GIANTX,fade,True,,,2,1,1,4,False,Flickless,GIANTX,viper,True,,,1,0,1,1,False,westside,GIANTX,cypher,True,,,1,2,1,5,False
1899.131,8132,PREROUND,15,3,11,,,,MiniBoo,Team Heretics,raze,True,,,0,2,1,3,False,RieNs,Team Heretics,fade,True,,,2,1,1,4,False,Boo,Team Heretics,omen,True,,,2,1,2,2,False,benjyfishy,Team Heretics,deadlock,True,,,1,2,1,2,False,Wo0t,Team Heretics,chamber,True,,,0,1,1,2,False,grubinho,GIANTX,omen,True,,,2,1,2,2,False,ara,GIANTX,raze,True,,,1,2,1,1,False,Cloud,GIANTX,fade,True,,,2,1,1,4,False,Flickless,GIANTX,viper,True,,,1,0,1,1,False,westside,GIANTX,cypher,True,,,1,2,1,5,False
1899.364,8133,PREROUND,15,3,11,,,,MiniBoo,Team Heretics,raze,True,,,0,2,1,3,False,RieNs,Team Heretics,fade,True,,,2,1,1,4,False,Boo,Team Heretics,omen,True,,,2,1,2,2,False,benjyfishy,Team Heretics,deadlock,True,,,1,2,1,2,False,Wo0t,Team Heretics,chamber,True,,,0,1,1,2,False,grubinho,GIANTX,omen,True,,,2,1,2,2,False,ara,GIANTX,raze,True,,,1,2,1,1,False,Cloud,GIANTX,fade,True,,,2,1,1,4,False,Flickless,GIANTX,viper,True,,,1,0,1,1,False,westside,GIANTX,cypher,True,,,1,2,1,5,False
1899.598,8134,PREROUND,15,3,11,,,,MiniBoo,Team Heretics,raze,True,,,0,2,1,3,False,RieNs,Team Heretics,fade,True,,,2,1,1,4,False,Boo,Team Heretics,omen,True,,,2,1,2,2,False,benjyfishy,Team Heretics,deadlock,True,,,1,2,1,2,False,Wo0t,Team Heretics,chamber,True,,,0,1,1,2,False,grubinho,GIANTX,omen,True,,,2,1,2,2,False,ara,GIANTX,raze,True,,,1,2,1,1,False,Cloud,GIANTX,fade,True,,,2,1,1,4,False,Flickless,GIANTX,viper,True,,,1,0,1,1,False,westside,GIANTX,cypher,True,,,1,2,1,5,False
1899.831,8135,PREROUND,15,3,11,,,,MiniBoo,Team Heretics,raze,True,,,0,2,1,3,False,RieNs,Team Heretics,fade,True,,,2,1,1,4,False,Boo,Team Heretics,omen,True,,,2,1,2,2,False,benjyfishy,Team Heretics,deadlock,True,,,1,2,1,2,False,Wo0t,Team Heretics,chamber,True,,,0,1,1,2,False,grubinho,GIANTX,omen,True,,,2,1,2,2,False,ara,GIANTX,raze,True,,,1,2,1,1,False,Cloud,GIANTX,fade,True,,,2,1,1,4,False,Flickless,GIANTX,viper,True,,,1,0,1,1,False,westside,GIANTX,cypher,True,,,1,2,1,5,False
1900.065,8136,PREROUND,15,3,11,,,,MiniBoo,Team Heretics,raze,True,,,0,2,1,3,False,RieNs,Team Heretics,fade,True,,,2,1,1,4,False,Boo,Team Heretics,omen,True,,,2,1,2,2,False,benjyfishy,Team Heretics,deadlock,True,,,1,2,1,2,False,Wo0t,Team Heretics,chamber,True,,,0,1,1,2,False,grubinho,GIANTX,omen,True,,,2,1,2,2,False,ara,GIANTX,raze,True,,,1,2,1,1,False,Cloud,GIANTX,fade,True,,,2,1,1,4,False,Flickless,GIANTX,viper,True,,,1,0,1,1,False,westside,GIANTX,cypher,True,,,1,2,1,5,False
1900.298,8137,PREROUND,15,3,11,,,,MiniBoo,Team Heretics,raze,True,,,0,2,1,3,False,RieNs,Team Heretics,fade,True,,,2,1,1,4,False,Boo,Team Heretics,omen,True,,,2,1,2,2,False,benjyfishy,Team Heretics,deadlock,True,,,1,2,1,2,False,Wo0t,Team Heretics,chamber,True,,,0,1,1,2,False,grubinho,GIANTX,omen,True,,,2,1,2,2,False,ara,GIANTX,raze,True,,,1,2,1,1,False,Cloud,GIANTX,fade,True,,,2,1,1,4,False,Flickless,GIANTX,viper,True,,,1,0,0,1,False,westside,GIANTX,cypher,True,,,1,2,1,5,False
1900.532,8138,PREROUND,15,3,11,,,,MiniBoo,Team Heretics,raze,True,,,0,2,1,3,False,RieNs,Team Heretics,fade,True,,,2,1,1,4,False,Boo,Team Heretics,omen,True,,,2,1,2,2,False,benjyfishy,Team Heretics,deadlock,True,,,1,2,1,2,False,Wo0t,Team Heretics,chamber,True,,,0,1,1,2,False,grubinho,GIANTX,omen,True,,,2,1,2,2,False,ara,GIANTX,raze,True,,,1,2,1,1,False,Cloud,GIANTX,fade,True,,,2,1,1,4,False,Flickless,GIANTX,viper,True,,,1,0,0,1,False,westside,GIANTX,cypher,True,,,1,2,1,5,False
1900.766,8139,PREROUND,15,3,11,,,,MiniBoo,Team Heretics,raze,True,,,0,2,1,3,False,RieNs,Team Heretics,fade,True,,,2,1,1,4,False,Boo,Team Heretics,omen,True,,,2,1,2,2,False,benjyfishy,Team Heretics,deadlock,True,,,1,2,1,2,False,Wo0t,Team Heretics,chamber,True,,,0,1,1,2,False,grubinho,GIANTX,omen,True,,,2,1,2,2,False,ara,GIANTX,raze,True,,,1,2,1,1,False,Cloud,GIANTX,fade,True,,,2,1,1,4,False,Flickless,GIANTX,viper,True,,,1,0,0,1,False,westside,GIANTX,cypher,True,,,1,2,1,5,False
1900.999,8140,PREROUND,15,3,11,,,,MiniBoo,Team Heretics,raze,True,,,0,2,1,3,False,RieNs,Team Heretics,fade,True,,,2,1,1,4,False,Boo,Team Heretics,omen,True,,,2,1,2,2,False,benjyfishy,Team Heretics,deadlock,True,,,1,2,1,2,False,Wo0t,Team Heretics,chamber,True,,,0,1,1,2,False,grubinho,GIANTX,omen,True,,,2,1,2,2,False,ara,GIANTX,raze,True,,,1,2,1,1,False,Cloud,GIANTX,fade,True,,,2,1,1,4,False,Flickless,GIANTX,viper,True,,,1,0,0,1,False,westside,GIANTX,cypher,True,,,1,2,1,5,False
1901.233,8141,PREROUND,15,3,11,,,,MiniBoo,Team Heretics,raze,True,,,0,2,1,3,False,RieNs,Team Heretics,fade,True,,,2,1,1,4,False,Boo,Team Heretics,omen,True,,,2,1,2,2,False,benjyfishy,Team Heretics,deadlock,True,,,1,2,1,2,False,Wo0t,Team Heretics,chamber,True,,,0,1,1,2,False,grubinho,GIANTX,omen,True,,,2,1,2,2,False,ara,GIANTX,raze,True,,,1,2,1,1,False,Cloud,GIANTX,fade,True,,,2,1,1,4,False,Flickless,GIANTX,viper,True,,,1,0,0,1,False,westside,GIANTX,cypher,True,,,1,1,1,5,False
1901.466,8142,PREROUND,15,3,11,,,,MiniBoo,Team Heretics,raze,True,,,0,2,1,3,False,RieNs,Team Heretics,fade,True,,,2,1,1,4,False,Boo,Team Heretics,omen,True,,,2,1,2,2,False,benjyfishy,Team Heretics,deadlock,True,,,1,2,1,2,False,Wo0t,Team Heretics,chamber,True,,,0,1,1,2,False,grubinho,GIANTX,omen,True,,,2,1,2,2,False,ara,GIANTX,raze,True,,,1,2,1,1,False,Cloud,GIANTX,fade,True,,,2,1,1,4,False,Flickless,GIANTX,viper,True,,,1,0,0,1,False,westside,GIANTX,cypher,True,,,1,1,1,5,False
1901.700,8143,PREROUND,15,3,11,,,,MiniBoo,Team Heretics,raze,True,,,0,2,1,3,False,RieNs,Team Heretics,fade,True,,,2,1,1,4,False,Boo,Team Heretics,omen,True,,,2,1,2,2,False,benjyfishy,Team Heretics,deadlock,True,,,1,2,1,2,False,Wo0t,Team Heretics,chamber,True,,,0,1,1,2,False,grubinho,GIANTX,omen,True,,,2,1,2,2,False,ara,GIANTX,raze,True,,,1,2,1,1,False,Cloud,GIANTX,fade,True,,,2,1,1,4,False,Flickless,GIANTX,viper,True,,,1,0,0,1,False,westside,GIANTX,cypher,True,,,1,1,1,5,False
1901.933,8144,PREROUND,15,3,11,,,,MiniBoo,Team Heretics,raze,True,,,0,2,1,3,False,RieNs,Team Heretics,fade,True,,,2,1,1,4,False,Boo,Team Heretics,omen,True,,,2,1,2,2,False,benjyfishy,Team Heretics,deadlock,True,,,1,2,1,2,False,Wo0t,Team Heretics,chamber,True,,,0,1,1,2,False,grubinho,GIANTX,omen,True,,,2,1,2,2,False,ara,GIANTX,raze,True,,,1,2,1,1,False,Cloud,GIANTX,fade,True,,,2,1,1,4,False,Flickless,GIANTX,viper,True,,,1,0,0,1,False,westside,GIANTX,cypher,True,,,1,1,1,5,False
1902.167,8145,PREROUND,15,3,11,,,,MiniBoo,Team Heretics,raze,True,,,0,2,1,3,False,RieNs,Team Heretics,fade,True,,,2,1,1,4,False,Boo,Team Heretics,omen,True,,,2,1,2,2,False,benjyfishy,Team Heretics,deadlock,True,,,1,2,1,2,False,Wo0t,Team Heretics,chamber,True,,,0,1,1,2,False,grubinho,GIANTX,omen,True,,,2,1,2,2,False,ara,GIANTX,raze,True,,,1,2,1,1,False,Cloud,GIANTX,fade,True,,,2,1,1,4,False,Flickless,GIANTX,viper,True,,,1,0,0,1,False,westside,GIANTX,cypher,True,,,1,0,1,5,False
1902.400,8146,PREROUND,15,3,11,,,,MiniBoo,Team Heretics,raze,True,,,0,2,1,3,False,RieNs,Team Heretics,fade,True,,,2,1,1,4,False,Boo,Team Heretics,omen,True,,,2,1,2,2,False,benjyfishy,Team Heretics,deadlock,True,,,1,2,1,2,False,Wo0t,Team Heretics,chamber,True,,,0,1,1,2,False,grubinho,GIANTX,omen,True,,,2,1,2,2,False,ara,GIANTX,raze,True,,,1,2,1,1,False,Cloud,GIANTX,fade,True,,,2,1,1,4,False,Flickless,GIANTX,viper,True,,,1,0,0,1,False,westside,GIANTX,cypher,True,,,1,0,1,5,False
1902.634,8147,PREROUND,15,3,11,,,,MiniBoo,Team Heretics,raze,True,,,0,2,1,3,False,RieNs,Team Heretics,fade,True,,,2,1,1,4,False,Boo,Team Heretics,omen,True,,,2,1,2,2,False,benjyfishy,Team Heretics,deadlock,True,,,1,2,1,2,False,Wo0t,Team Heretics,chamber,True,,,0,1,1,2,False,grubinho,GIANTX,omen,True,,,2,1,2,2,False,ara,GIANTX,raze,True,,,1,2,1,1,False,Cloud,GIANTX,fade,True,,,2,1,1,4,False,Flickless,GIANTX,viper,True,,,1,0,0,1,False,westside,GIANTX,cypher,True,,,1,0,1,5,False
1902.868,8148,PREROUND,15,3,11,,,,MiniBoo,Team Heretics,raze,True,,,0,2,1,3,False,RieNs,Team Heretics,fade,True,,,2,1,1,4,False,Boo,Team Heretics,omen,True,,,2,1,2,2,False,benjyfishy,Team Heretics,deadlock,True,,,1,2,1,2,False,Wo0t,Team Heretics,chamber,True,,,0,1,1,2,False,grubinho,GIANTX,omen,True,,,2,1,2,2,False,ara,GIANTX,raze,True,,,1,2,1,1,False,Cloud,GIANTX,fade,True,,,2,1,1,4,False,Flickless,GIANTX,viper,True,,,1,0,0,1,False,westside,GIANTX,cypher,True,,,1,0,1,5,False
1903.101,8149,PREROUND,15,3,11,,,,MiniBoo,Team Heretics,raze,True,,,0,2,1,3,False,RieNs,Team Heretics,fade,True,,,2,1,1,4,False,Boo,Team Heretics,omen,True,,,2,1,2,2,False,benjyfishy,Team Heretics,deadlock,True,,,1,2,1,2,False,Wo0t,Team Heretics,chamber,True,,,0,1,1,2,False,grubinho,GIANTX,omen,True,,,2,1,2,2,False,ara,GIANTX,raze,True,,,1,2,1,1,False,Cloud,GIANTX,fade,True,,,2,1,1,4,False,Flickless,GIANTX,viper,True,,,1,0,0,1,False,westside,GIANTX,cypher,True,,,1,0,1,5,False
1903.335,8150,PREROUND,15,3,11,,,,MiniBoo,Team Heretics,raze,True,,,0,2,1,3,False,RieNs,Team Heretics,fade,True,,,2,1,1,4,False,Boo,Team Heretics,omen,True,,,2,1,2,2,False,benjyfishy,Team Heretics,deadlock,True,,,1,2,1,2,False,Wo0t,Team Heretics,chamber,True,,,0,1,1,2,False,grubinho,GIANTX,omen,True,,,2,1,2,2,False,ara,GIANTX,raze,True,,,1,2,1,1,False,Cloud,GIANTX,fade,True,,,2,1,1,4,False,Flickless,GIANTX,viper,True,,,1,0,0,1,False,westside,GIANTX,cypher,True,,,1,0,1,5,False
1903.568,8151,PREROUND,15,3,11,,,,MiniBoo,Team Heretics,raze,True,,,0,2,1,3,False,RieNs,Team Heretics,fade,True,,,2,1,1,4,False,Boo,Team Heretics,omen,True,,,2,1,2,2,False,benjyfishy,Team Heretics,deadlock,True,,,1,2,1,2,False,Wo0t,Team Heretics,chamber,True,,,0,1,1,2,False,grubinho,GIANTX,omen,True,,,2,1,2,2,False,ara,GIANTX,raze,True,,,1,2,1,1,False,Cloud,GIANTX,fade,True,,,2,1,1,4,False,Flickless,GIANTX,viper,True,,,1,0,0,1,False,westside,GIANTX,cypher,True,,,1,0,1,5,False
1903.802,8152,PREROUND,15,3,11,,,,MiniBoo,Team Heretics,raze,True,,,0,2,1,3,False,RieNs,Team Heretics,fade,True,,,2,1,1,4,False,Boo,Team Heretics,omen,True,,,2,1,2,2,False,benjyfishy,Team Heretics,deadlock,True,,,1,2,1,2,False,Wo0t,Team Heretics,chamber,True,,,0,1,1,2,False,grubinho,GIANTX,omen,True,,,2,1,2,2,False,ara,GIANTX,raze,True,,,1,2,1,1,False,Cloud,GIANTX,fade,True,,,2,1,1,4,False,Flickless,GIANTX,viper,True,,,1,0,0,1,False,westside,GIANTX,cypher,True,,,1,0,1,5,False
1904.035,8153,PREROUND,15,3,11,,,,MiniBoo,Team Heretics,raze,True,,,0,2,1,3,False,RieNs,Team Heretics,fade,True,,,2,1,1,4,False,Boo,Team Heretics,omen,True,,,2,1,2,2,False,benjyfishy,Team Heretics,deadlock,True,,,1,2,1,2,False,Wo0t,Team Heretics,chamber,True,,,0,1,1,2,False,grubinho,GIANTX,omen,True,,,2,1,2,2,False,ara,GIANTX,raze,True,,,1,2,1,1,False,Cloud,GIANTX,fade,True,,,2,1,1,4,False,Flickless,GIANTX,viper,True,,,1,0,0,1,False,westside,GIANTX,cypher,True,,,1,0,1,5,False
1904.269,8154,PREROUND,15,3,11,,,,MiniBoo,Team Heretics,raze,True,,,0,2,1,3,False,RieNs,Team Heretics,fade,True,,,2,1,1,4,False,Boo,Team Heretics,omen,True,,,2,1,2,2,False,benjyfishy,Team Heretics,deadlock,True,,,1,2,1,2,False,Wo0t,Team Heretics,chamber,True,,,0,1,1,2,False,grubinho,GIANTX,omen,True,,,2,1,2,2,False,ara,GIANTX,raze,True,,,1,2,1,1,False,Cloud,GIANTX,fade,True,,,2,1,1,4,False,Flickless,GIANTX,viper,True,,,1,0,0,1,False,westside,GIANTX,cypher,True,,,1,0,0,5,False
1904.503,8155,PREROUND,15,3,11,,,,MiniBoo,Team Heretics,raze,True,,,0,2,1,3,False,RieNs,Team Heretics,fade,True,,,2,1,1,4,False,Boo,Team Heretics,omen,True,,,2,1,2,2,False,benjyfishy,Team Heretics,deadlock,True,,,1,2,1,2,False,Wo0t,Team Heretics,chamber,True,,,0,1,1,2,False,grubinho,GIANTX,omen,True,,,2,1,2,2,False,ara,GIANTX,raze,True,,,1,2,1,1,False,Cloud,GIANTX,fade,True,,,2,1,1,4,False,Flickless,GIANTX,viper,True,,,1,0,0,1,False,westside,GIANTX,cypher,True,,,1,0,0,5,False
1904.736,8156,PREROUND,15,3,11,,,,MiniBoo,Team Heretics,raze,True,,,0,2,1,3,False,RieNs,Team Heretics,fade,True,,,2,1,1,4,False,Boo,Team Heretics,omen,True,,,2,1,2,2,False,benjyfishy,Team Heretics,deadlock,True,,,1,2,1,2,False,Wo0t,Team Heretics,chamber,True,,,0,1,1,2,False,grubinho,GIANTX,omen,True,,,2,1,2,2,False,ara,GIANTX,raze,True,,,1,2,1,1,False,Cloud,GIANTX,fade,True,,,2,1,1,4,False,Flickless,GIANTX,viper,True,,,1,0,0,1,False,westside,GIANTX,cypher,True,,,1,0,0,5,False
1904.970,8157,PREROUND,15,3,11,,,,MiniBoo,Team Heretics,raze,True,,,0,2,1,3,False,RieNs,Team Heretics,fade,True,,,2,1,1,4,False,Boo,Team Heretics,omen,True,,,2,1,2,2,False,benjyfishy,Team Heretics,deadlock,True,,,1,2,1,2,False,Wo0t,Team Heretics,chamber,True,,,0,1,1,2,False,grubinho,GIANTX,omen,True,,,2,1,2,2,False,ara,GIANTX,raze,True,,,1,2,1,1,False,Cloud,GIANTX,fade,True,,,2,1,1,4,False,Flickless,GIANTX,viper,True,,,1,0,0,1,False,westside,GIANTX,cypher,True,,,1,0,0,5,False
1905.203,8158,PREROUND,15,3,11,,,,MiniBoo,Team Heretics,raze,True,,,0,2,1,3,False,RieNs,Team Heretics,fade,True,,,2,1,1,4,False,Boo,Team Heretics,omen,True,,,2,1,2,2,False,benjyfishy,Team Heretics,deadlock,True,,,1,2,1,2,False,Wo0t,Team Heretics,chamber,True,,,0,1,1,2,False,grubinho,GIANTX,omen,True,,,2,1,2,2,False,ara,GIANTX,raze,True,,,1,2,1,1,False,Cloud,GIANTX,fade,True,,,2,1,1,4,False,Flickless,GIANTX,viper,True,,,1,0,0,1,False,westside,GIANTX,cypher,True,,,1,0,0,5,False
1905.437,8159,PREROUND,15,3,11,,,,MiniBoo,Team Heretics,raze,True,,,0,2,1,3,False,RieNs,Team Heretics,fade,True,,,2,1,1,4,False,Boo,Team Heretics,omen,True,,,2,1,2,2,False,benjyfishy,Team Heretics,deadlock,True,,,1,2,1,2,False,Wo0t,Team Heretics,chamber,True,,,0,1,1,2,False,grubinho,GIANTX,omen,True,,,2,1,2,2,False,ara,GIANTX,raze,True,,,1,2,1,1,False,Cloud,GIANTX,fade,True,,,2,1,1,4,False,Flickless,GIANTX,viper,True,,,1,0,0,1,False,westside,GIANTX,cypher,True,,,1,0,0,5,False
1905.670,8160,ACTIVE_ROUND,15,3,11,99.000,,,MiniBoo,Team Heretics,raze,True,,,0,2,1,3,False,RieNs,Team Heretics,fade,True,,,2,1,1,4,False,Boo,Team Heretics,omen,True,,,2,1,2,2,False,benjyfishy,Team Heretics,deadlock,True,,,1,2,1,2,False,Wo0t,Team Heretics,chamber,True,,,0,1,1,2,False,grubinho,GIANTX,omen,True,,,2,1,2,2,False,ara,GIANTX,raze,True,,,1,2,1,1,False,Cloud,GIANTX,fade,True,,,2,1,1,4,False,Flickless,GIANTX,viper,True,,,1,0,0,1,False,westside,GIANTX,cypher,True,,,1,0,0,5,False
1905.904,8161,ACTIVE_ROUND,15,3,11,99.000,,,MiniBoo,Team Heretics,raze,True,100,50,0,2,1,3,False,RieNs,Team Heretics,fade,True,100,50,2,1,1,4,False,Boo,Team Heretics,omen,True,100,25,2,1,2,2,False,benjyfishy,Team Heretics,deadlock,True,100,25,1,2,1,2,False,Wo0t,Team Heretics,chamber,True,100,50,0,1,1,2,False,grubinho,GIANTX,omen,True,100,25,2,1,2,2,False,ara,GIANTX,raze,True,100,25,1,2,1,1,False,Cloud,GIANTX,fade,True,100,25,2,1,1,4,False,Flickless,GIANTX,viper,True,100,25,1,0,0,1,False,westside,GIANTX,cypher,True,100,25,1,0,0,5,False
1906.138,8162,ACTIVE_ROUND,15,3,11,99.000,,,MiniBoo,Team Heretics,raze,True,100,50,0,2,1,3,False,RieNs,Team Heretics,fade,True,100,50,2,1,1,4,False,Boo,Team Heretics,omen,True,100,25,2,1,2,2,False,benjyfishy,Team Heretics,deadlock,True,100,25,1,2,1,2,False,Wo0t,Team Heretics,chamber,True,100,50,0,1,1,2,False,grubinho,GIANTX,omen,True,100,25,2,1,1,2,False,ara,GIANTX,raze,True,100,25,1,2,1,1,False,Cloud,GIANTX,fade,True,100,25,2,1,1,4,False,Flickless,GIANTX,viper,True,100,25,1,0,0,1,False,westside,GIANTX,cypher,True,100,25,1,0,0,5,False
1906.371,8163,ACTIVE_ROUND,15,3,11,99.000,,,MiniBoo,Team Heretics,raze,True,100,50,0,2,1,3,False,RieNs,Team Heretics,fade,True,100,50,2,1,1,4,False,Boo,Team Heretics,omen,True,100,25,2,1,2,2,False,benjyfishy,Team Heretics,deadlock,True,100,25,1,2,1,2,False,Wo0t,Team Heretics,chamber,True,100,50,0,1,1,2,False,grubinho,GIANTX,omen,True,100,25,2,1,1,2,False,ara,GIANTX,raze,True,100,25,1,2,1,1,False,Cloud,GIANTX,fade,True,100,25,2,1,1,4,False,Flickless,GIANTX,viper,True,100,25,1,0,0,1,False,westside,GIANTX,cypher,True,100,25,1,0,0,5,False
1906.605,8164,ACTIVE_ROUND,15,3,11,98.000,,,MiniBoo,Team Heretics,raze,True,100,50,0,2,1,3,False,RieNs,Team Heretics,fade,True,100,50,2,1,1,4,False,Boo,Team Heretics,omen,True,100,25,2,1,2,2,False,benjyfishy,Team Heretics,deadlock,True,100,25,1,2,1,2,False,Wo0t,Team Heretics,chamber,True,100,50,0,1,1,2,False,grubinho,GIANTX,omen,True,100,25,2,1,1,2,False,ara,GIANTX,raze,True,100,25,1,2,1,1,False,Cloud,GIANTX,fade,True,100,25,2,1,1,4,False,Flickless,GIANTX,viper,True,100,25,1,0,0,1,False,westside,GIANTX,cypher,True,100,25,1,0,0,5,False
1906.838,8165,ACTIVE_ROUND,15,3,11,98.000,,,MiniBoo,Team Heretics,raze,True,100,50,0,2,1,3,False,RieNs,Team Heretics,fade,True,100,50,2,1,1,4,False,Boo,Team Heretics,omen,True,100,25,2,1,2,2,False,benjyfishy,Team Heretics,deadlock,True,100,25,1,2,1,2,False,Wo0t,Team Heretics,chamber,True,100,50,0,1,1,2,False,grubinho,GIANTX,omen,True,100,25,2,1,1,2,False,ara,GIANTX,raze,True,100,25,1,2,1,1,False,Cloud,GIANTX,fade,True,100,25,2,1,1,4,False,Flickless,GIANTX,viper,True,100,25,1,0,0,1,False,westside,GIANTX,cypher,True,100,25,1,0,0,5,False
1907.072,8166,ACTIVE_ROUND,15,3,11,98.000,,,MiniBoo,Team Heretics,raze,True,100,50,0,2,1,3,False,RieNs,Team Heretics,fade,True,100,50,2,1,1,4,False,Boo,Team Heretics,omen,True,100,25,2,1,2,2,False,benjyfishy,Team Heretics,deadlock,True,100,25,1,2,1,2,False,Wo0t,Team Heretics,chamber,True,100,50,0,1,1,2,False,grubinho,GIANTX,omen,True,100,25,2,1,1,2,False,ara,GIANTX,raze,True,100,25,1,2,1,1,False,Cloud,GIANTX,fade,True,100,25,2,1,1,4,False,Flickless,GIANTX,viper,True,100,25,1,0,0,1,False,westside,GIANTX,cypher,True,100,25,1,0,0,5,False
1907.305,8167,ACTIVE_ROUND,15,3,11,98.000,,,MiniBoo,Team Heretics,raze,True,100,50,0,2,1,3,False,RieNs,Team Heretics,fade,True,100,50,2,1,1,4,False,Boo,Team Heretics,omen,True,100,25,2,1,2,2,False,benjyfishy,Team Heretics,deadlock,True,100,25,1,2,1,2,False,Wo0t,Team Heretics,chamber,True,100,50,0,1,1,2,False,grubinho,GIANTX,omen,True,100,25,2,1,1,2,False,ara,GIANTX,raze,True,100,25,1,2,1,1,False,Cloud,GIANTX,fade,True,100,25,2,1,1,4,False,Flickless,GIANTX,viper,True,100,25,1,0,0,1,False,westside,GIANTX,cypher,True,100,25,1,0,0,5,False
1907.539,8168,ACTIVE_ROUND,15,3,11,97.000,,,MiniBoo,Team Heretics,raze,True,100,50,0,2,1,3,False,RieNs,Team Heretics,fade,True,100,50,2,1,1,4,False,Boo,Team Heretics,omen,True,100,25,2,1,2,2,False,benjyfishy,Team Heretics,deadlock,True,100,25,1,2,1,2,False,Wo0t,Team Heretics,chamber,True,100,50,0,1,1,2,False,grubinho,GIANTX,omen,True,100,25,2,1,1,2,False,ara,GIANTX,raze,True,100,25,1,2,1,1,False,Cloud,GIANTX,fade,True,100,25,2,1,1,4,False,Flickless,GIANTX,viper,True,100,25,1,0,0,1,False,westside,GIANTX,cypher,True,100,25,1,0,0,5,False
1907.773,8169,ACTIVE_ROUND,15,3,11,97.000,,,MiniBoo,Team Heretics,raze,True,100,50,0,2,1,3,False,RieNs,Team Heretics,fade,True,100,50,2,1,1,4,False,Boo,Team Heretics,omen,True,100,25,2,1,2,2,False,benjyfishy,Team Heretics,deadlock,True,100,25,1,2,1,2,False,Wo0t,Team Heretics,chamber,True,100,50,0,1,1,2,False,grubinho,GIANTX,omen,True,100,25,2,1,1,2,False,ara,GIANTX,raze,True,100,25,1,2,1,1,False,Cloud,GIANTX,fade,True,100,25,2,1,1,4,False,Flickless,GIANTX,viper,True,100,25,1,0,0,1,False,westside,GIANTX,cypher,True,100,25,1,0,0,5,False
1908.006,8170,ACTIVE_ROUND,15,3,11,97.000,,,MiniBoo,Team Heretics,raze,True,100,50,0,2,1,3,False,RieNs,Team Heretics,fade,True,100,50,2,1,1,4,False,Boo,Team Heretics,omen,True,100,25,2,1,2,2,False,benjyfishy,Team Heretics,deadlock,True,100,25,1,2,1,2,False,Wo0t,Team Heretics,chamber,True,100,50,0,1,1,2,False,grubinho,GIANTX,omen,True,100,25,2,1,1,2,False,ara,GIANTX,raze,True,100,25,1,2,1,1,False,Cloud,GIANTX,fade,True,100,25,2,1,1,4,False,Flickless,GIANTX,viper,True,100,25,1,0,0,1,False,westside,GIANTX,cypher,True,100,25,1,0,0,5,False
1908.240,8171,ACTIVE_ROUND,15,3,11,97.000,,,MiniBoo,Team Heretics,raze,True,100,50,0,2,1,3,False,RieNs,Team Heretics,fade,True,100,50,2,1,1,4,False,Boo,Team Heretics,omen,True,100,25,2,1,2,2,False,benjyfishy,Team Heretics,deadlock,True,100,25,1,2,1,2,False,Wo0t,Team Heretics,chamber,True,100,50,0,1,1,2,False,grubinho,GIANTX,omen,True,100,25,2,1,1,2,False,ara,GIANTX,raze,True,100,25,1,2,1,1,False,Cloud,GIANTX,fade,True,100,25,2,1,1,4,False,Flickless,GIANTX,viper,True,100,25,1,0,0,1,False,westside,GIANTX,cypher,True,100,25,1,0,0,5,False
1908.473,8172,ACTIVE_ROUND,15,3,11,97.000,,,MiniBoo,Team Heretics,raze,True,100,50,0,2,1,3,False,RieNs,Team Heretics,fade,True,100,50,2,1,1,4,False,Boo,Team Heretics,omen,True,100,25,2,1,2,2,False,benjyfishy,Team Heretics,deadlock,True,100,25,1,2,1,2,False,Wo0t,Team Heretics,chamber,True,100,50,0,1,1,2,False,grubinho,GIANTX,omen,True,100,25,2,1,1,2,False,ara,GIANTX,raze,True,100,25,1,2,1,1,False,Cloud,GIANTX,fade,True,100,25,2,1,1,4,False,Flickless,GIANTX,viper,True,100,25,1,0,0,1,False,westside,GIANTX,cypher,True,100,25,1,0,0,5,False
1908.707,8173,ACTIVE_ROUND,15,3,11,96.000,,,MiniBoo,Team Heretics,raze,True,100,50,0,2,1,3,False,RieNs,Team Heretics,fade,True,100,50,2,1,1,4,False,Boo,Team Heretics,omen,True,100,25,2,1,2,2,False,benjyfishy,Team Heretics,deadlock,True,100,25,1,2,1,2,False,Wo0t,Team Heretics,chamber,True,100,50,0,1,1,2,False,grubinho,GIANTX,omen,True,100,25,2,1,1,2,False,ara,GIANTX,raze,True,100,25,1,2,1,1,False,Cloud,GIANTX,fade,True,100,25,2,1,1,4,False,Flickless,GIANTX,viper,True,100,25,1,0,0,1,False,westside,GIANTX,cypher,True,100,25,1,0,0,5,False
1908.940,8174,ACTIVE_ROUND,15,3,11,96.000,,,MiniBoo,Team Heretics,raze,True,100,50,0,2,1,3,False,RieNs,Team Heretics,fade,True,100,50,2,1,1,4,False,Boo,Team Heretics,omen,True,100,25,2,1,2,2,False,benjyfishy,Team Heretics,deadlock,True,100,25,1,2,1,2,False,Wo0t,Team Heretics,chamber,True,100,50,0,1,1,2,False,grubinho,GIANTX,omen,True,100,25,2,1,1,2,False,ara,GIANTX,raze,True,100,25,1,2,1,1,False,Cloud,GIANTX,fade,True,100,25,2,1,1,4,False,Flickless,GIANTX,viper,True,100,25,1,0,0,1,False,westside,GIANTX,cypher,True,100,25,1,0,0,5,False
1909.174,8175,ACTIVE_ROUND,15,3,11,96.000,,,MiniBoo,Team Heretics,raze,True,100,50,0,2,1,3,False,RieNs,Team Heretics,fade,True,100,50,2,1,1,4,False,Boo,Team Heretics,omen,True,100,25,2,1,2,2,False,benjyfishy,Team Heretics,deadlock,True,100,25,1,1,1,2,False,Wo0t,Team Heretics,chamber,True,100,50,0,1,1,2,False,grubinho,GIANTX,omen,True,100,25,2,1,1,2,False,ara,GIANTX,raze,True,100,25,1,2,1,1,False,Cloud,GIANTX,fade,True,100,25,2,1,1,4,False,Flickless,GIANTX,viper,True,100,25,1,0,0,1,False,westside,GIANTX,cypher,True,100,25,0,0,0,5,False
1909.408,8176,ACTIVE_ROUND,15,3,11,96.000,,,MiniBoo,Team Heretics,raze,True,100,50,0,2,1,3,False,RieNs,Team Heretics,fade,True,100,50,2,1,1,4,False,Boo,Team Heretics,omen,True,100,25,2,1,2,2,False,benjyfishy,Team Heretics,deadlock,True,100,25,1,1,1,2,False,Wo0t,Team Heretics,chamber,True,100,50,0,1,1,2,False,grubinho,GIANTX,omen,True,100,25,2,1,1,2,False,ara,GIANTX,raze,True,100,25,1,2,1,1,False,Cloud,GIANTX,fade,True,100,25,2,1,1,4,False,Flickless,GIANTX,viper,True,100,25,1,0,0,1,False,westside,GIANTX,cypher,True,100,25,0,0,0,5,False
1909.641,8177,ACTIVE_ROUND,15,3,11,95.000,,,MiniBoo,Team Heretics,raze,True,100,50,0,2,1,3,False,RieNs,Team Heretics,fade,True,100,50,2,1,1,4,False,Boo,Team Heretics,omen,True,100,25,2,1,2,2,False,benjyfishy,Team Heretics,deadlock,True,100,25,1,1,1,2,False,Wo0t,Team Heretics,chamber,True,100,50,0,1,1,2,False,grubinho,GIANTX,omen,True,100,25,2,1,1,2,False,ara,GIANTX,raze,True,100,25,1,2,1,1,False,Cloud,GIANTX,fade,True,100,25,2,1,1,4,False,Flickless,GIANTX,viper,True,100,25,1,0,0,1,False,westside,GIANTX,cypher,True,100,25,0,0,0,5,False
1909.875,8178,ACTIVE_ROUND,15,3,11,95.000,,,MiniBoo,Team Heretics,raze,True,100,50,0,2,1,3,False,RieNs,Team Heretics,fade,True,100,50,2,1,1,4,False,Boo,Team Heretics,omen,True,100,25,2,1,2,2,False,benjyfishy,Team Heretics,deadlock,True,100,25,1,1,1,2,False,Wo0t,Team Heretics,chamber,True,100,50,0,1,1,2,False,grubinho,GIANTX,omen,True,100,25,2,1,1,2,False,ara,GIANTX,raze,True,100,25,1,2,1,1,False,Cloud,GIANTX,fade,True,100,25,2,1,1,4,False,Flickless,GIANTX,viper,True,100,25,1,0,0,1,False,westside,GIANTX,cypher,True,100,25,0,0,0,5,False
1910.108,8179,ACTIVE_ROUND,15,3,11,95.000,,,MiniBoo,Team Heretics,raze,True,100,50,0,2,1,3,False,RieNs,Team Heretics,fade,True,100,50,2,1,1,4,False,Boo,Team Heretics,omen,True,100,25,2,1,2,2,False,benjyfishy,Team Heretics,deadlock,True,100,25,1,1,1,2,False,Wo0t,Team Heretics,chamber,True,100,50,0,1,1,2,False,grubinho,GIANTX,omen,True,100,25,2,1,1,2,False,ara,GIANTX,raze,True,100,25,1,2,1,1,False,Cloud,GIANTX,fade,True,100,25,2,1,1,4,False,Flickless,GIANTX,viper,True,100,25,1,0,0,1,False,westside,GIANTX,cypher,True,100,25,0,0,0,5,False
1910.342,8180,ACTIVE_ROUND,15,3,11,95.000,,,MiniBoo,Team Heretics,raze,True,100,50,0,2,1,3,False,RieNs,Team Heretics,fade,True,100,50,2,1,1,4,False,Boo,Team Heretics,omen,True,100,25,2,1,2,2,False,benjyfishy,Team Heretics,deadlock,True,100,25,1,1,1,2,False,Wo0t,Team Heretics,chamber,True,100,50,0,1,1,2,False,grubinho,GIANTX,omen,True,100,25,2,1,1,2,False,ara,GIANTX,raze,True,100,25,1,2,1,1,False,Cloud,GIANTX,fade,True,100,25,2,1,1,4,False,Flickless,GIANTX,viper,True,100,25,1,0,0,1,False,westside,GIANTX,cypher,True,100,25,0,0,0,5,False
1910.575,8181,ACTIVE_ROUND,15,3,11,94.000,,,MiniBoo,Team Heretics,raze,True,100,50,0,2,1,3,False,RieNs,Team Heretics,fade,True,100,50,2,1,1,4,False,Boo,Team Heretics,omen,True,100,25,2,1,2,2,False,benjyfishy,Team Heretics,deadlock,True,100,25,1,1,1,2,False,Wo0t,Team Heretics,chamber,True,100,50,0,1,1,2,False,grubinho,GIANTX,omen,True,100,25,2,1,1,2,False,ara,GIANTX,raze,True,100,25,1,2,1,1,False,Cloud,GIANTX,fade,True,100,25,2,1,1,4,False,Flickless,GIANTX,viper,True,100,25,1,0,0,1,False,westside,GIANTX,cypher,True,100,25,0,0,0,5,False
1910.809,8182,ACTIVE_ROUND,15,3,11,94.000,,,MiniBoo,Team Heretics,raze,True,100,50,0,2,1,3,False,RieNs,Team Heretics,fade,True,100,50,2,1,1,4,False,Boo,Team Heretics,omen,True,100,25,2,1,2,2,False,benjyfishy,Team Heretics,deadlock,True,100,25,1,1,1,2,False,Wo0t,Team Heretics,chamber,True,100,50,0,1,1,2,False,grubinho,GIANTX,omen,True,100,25,2,1,1,2,False,ara,GIANTX,raze,True,100,25,1,2,1,1,False,Cloud,GIANTX,fade,True,100,25,2,1,1,4,False,Flickless,GIANTX,viper,True,100,25,1,0,0,1,False,westside,GIANTX,cypher,True,100,25,0,0,0,5,False
1911.042,8183,ACTIVE_ROUND,15,3,11,94.000,,,MiniBoo,Team Heretics,raze,True,100,50,0,2,1,3,False,RieNs,Team Heretics,fade,True,100,50,2,1,1,4,False,Boo,Team Heretics,omen,True,100,25,2,1,2,2,False,benjyfishy,Team Heretics,deadlock,True,100,25,1,1,1,2,False,Wo0t,Team Heretics,chamber,True,100,50,0,1,1,2,False,grubinho,GIANTX,omen,True,100,25,2,1,1,2,False,ara,GIANTX,raze,True,100,25,1,2,1,1,False,Cloud,GIANTX,fade,True,100,25,2,1,1,4,False,Flickless,GIANTX,viper,True,100,25,1,0,0,1,False,westside,GIANTX,cypher,True,100,25,0,0,0,5,False
1911.276,8184,ACTIVE_ROUND,15,3,11,94.000,,,MiniBoo,Team Heretics,raze,True,100,50,0,2,1,3,False,RieNs,Team Heretics,fade,True,100,50,2,1,1,4,False,Boo,Team Heretics,omen,True,100,25,2,1,1,2,False,benjyfishy,Team Heretics,deadlock,True,100,25,1,1,1,2,False,Wo0t,Team Heretics,chamber,True,100,50,0,1,1,2,False,grubinho,GIANTX,omen,True,100,25,2,1,1,2,False,ara,GIANTX,raze,True,100,25,1,2,1,1,False,Cloud,GIANTX,fade,True,100,25,2,1,1,4,False,Flickless,GIANTX,viper,True,100,25,1,0,0,1,False,westside,GIANTX,cypher,True,100,25,0,0,0,5,False
1911.510,8185,ACTIVE_ROUND,15,3,11,94.000,,,MiniBoo,Team Heretics,raze,True,100,50,0,2,1,3,False,RieNs,Team Heretics,fade,True,100,50,2,1,1,4,False,Boo,Team Heretics,omen,True,100,25,2,1,1,2,False,benjyfishy,Team Heretics,deadlock,True,100,25,1,1,1,2,False,Wo0t,Team Heretics,chamber,True,100,50,0,1,1,2,False,grubinho,GIANTX,omen,True,100,25,2,1,1,2,False,ara,GIANTX,raze,True,100,25,1,2,1,1,False,Cloud,GIANTX,fade,True,100,25,2,1,1,4,False,Flickless,GIANTX,viper,True,100,25,1,0,0,1,False,westside,GIANTX,cypher,True,100,25,0,0,0,5,False
1911.743,8186,ACTIVE_ROUND,15,3,11,93.000,,,MiniBoo,Team Heretics,raze,True,100,50,0,2,1,3,False,RieNs,Team Heretics,fade,True,100,50,2,1,1,4,False,Boo,Team Heretics,omen,True,100,25,2,1,1,2,False,benjyfishy,Team Heretics,deadlock,True,100,25,1,1,1,2,False,Wo0t,Team Heretics,chamber,True,100,50,0,1,1,2,False,grubinho,GIANTX,omen,True,100,25,2,1,1,2,False,ara,GIANTX,raze,True,100,25,1,2,1,1,False,Cloud,GIANTX,fade,True,100,25,2,1,1,4,False,Flickless,GIANTX,viper,True,100,25,1,0,0,1,False,westside,GIANTX,cypher,True,100,25,0,0,0,5,False
1911.977,8187,ACTIVE_ROUND,15,3,11,93.000,,,MiniBoo,Team Heretics,raze,True,100,50,0,2,1,3,False,RieNs,Team Heretics,fade,True,100,50,2,1,1,4,False,Boo,Team Heretics,omen,True,100,25,2,1,1,2,False,benjyfishy,Team Heretics,deadlock,True,100,25,1,1,1,2,False,Wo0t,Team Heretics,chamber,True,100,50,0,1,1,2,False,grubinho,GIANTX,omen,True,100,25,2,1,1,2,False,ara,GIANTX,raze,True,100,25,1,2,1,1,False,Cloud,GIANTX,fade,True,100,25,2,1,1,4,False,Flickless,GIANTX,viper,True,100,25,1,0,0,1,False,westside,GIANTX,cypher,True,100,25,0,0,0,5,False
1912.210,8188,ACTIVE_ROUND,15,3,11,93.000,,,MiniBoo,Team Heretics,raze,True,100,50,0,2,1,3,False,RieNs,Team Heretics,fade,True,100,50,2,1,1,4,False,Boo,Team Heretics,omen,True,100,25,2,1,1,2,False,benjyfishy,Team Heretics,deadlock,True,100,25,1,1,1,2,False,Wo0t,Team Heretics,chamber,True,100,50,0,1,1,2,False,grubinho,GIANTX,omen,True,100,25,2,1,1,2,False,ara,GIANTX,raze,True,100,25,1,2,1,1,False,Cloud,GIANTX,fade,True,100,25,2,1,1,4,False,Flickless,GIANTX,viper,True,100,25,1,0,0,1,False,westside,GIANTX,cypher,True,100,25,0,0,0,5,False
1912.444,8189,ACTIVE_ROUND,15,3,11,93.000,,,MiniBoo,Team Heretics,raze,True,100,50,0,2,1,3,False,RieNs,Team Heretics,fade,True,100,50,2,1,1,4,False,Boo,Team Heretics,omen,True,100,25,2,1,1,2,False,benjyfishy,Team Heretics,deadlock,True,100,25,1,1,1,2,False,Wo0t,Team Heretics,chamber,True,100,50,0,1,1,2,False,grubinho,GIANTX,omen,True,100,25,2,1,1,2,False,ara,GIANTX,raze,True,100,25,1,2,1,1,False,Cloud,GIANTX,fade,True,100,25,2,1,1,4,False,Flickless,GIANTX,viper,True,100,25,1,0,0,1,False,westside,GIANTX,cypher,True,100,25,0,0,0,5,False
1912.677,8190,ACTIVE_ROUND,15,3,11,92.000,,,MiniBoo,Team Heretics,raze,True,100,50,0,2,1,3,False,RieNs,Team Heretics,fade,True,100,50,2,1,1,4,False,Boo,Team Heretics,omen,True,100,25,2,1,1,2,False,benjyfishy,Team Heretics,deadlock,True,100,25,1,1,1,2,False,Wo0t,Team Heretics,chamber,True,100,50,0,1,1,2,False,grubinho,GIANTX,omen,True,100,25,2,1,1,2,False,ara,GIANTX,raze,True,100,25,1,2,1,1,False,Cloud,GIANTX,fade,True,100,25,2,1,1,4,False,Flickless,GIANTX,viper,True,100,25,1,0,0,1,False,westside,GIANTX,cypher,True,100,25,0,0,0,5,False
1912.911,8191,ACTIVE_ROUND,15,3,11,92.000,,,MiniBoo,Team Heretics,raze,True,100,50,0,2,1,3,False,RieNs,Team Heretics,fade,True,100,50,2,1,1,4,False,Boo,Team Heretics,omen,True,100,25,2,1,1,2,False,benjyfishy,Team Heretics,deadlock,True,100,25,1,1,1,2,False,Wo0t,Team Heretics,chamber,True,100,50,0,1,1,2,False,grubinho,GIANTX,omen,True,100,25,2,1,1,2,False,ara,GIANTX,raze,True,100,25,1,2,1,1,False,Cloud,GIANTX,fade,True,100,25,2,1,1,4,False,Flickless,GIANTX,viper,True,100,25,1,0,0,1,False,westside,GIANTX,cypher,True,100,25,0,0,0,5,False
1913.145,8192,ACTIVE_ROUND,15,3,11,92.000,,,MiniBoo,Team Heretics,raze,True,100,50,0,2,1,3,False,RieNs,Team Heretics,fade,True,100,50,2,1,1,4,False,Boo,Team Heretics,omen,True,100,25,2,1,1,2,False,benjyfishy,Team Heretics,deadlock,True,100,25,1,1,1,2,False,Wo0t,Team Heretics,chamber,True,100,50,0,1,1,2,False,grubinho,GIANTX,omen,True,100,25,2,1,1,2,False,ara,GIANTX,raze,True,100,25,1,2,1,1,False,Cloud,GIANTX,fade,True,100,25,2,1,1,4,False,Flickless,GIANTX,viper,True,100,25,1,0,0,1,False,westside,GIANTX,cypher,True,100,25,0,0,0,5,False
1913.378,8193,ACTIVE_ROUND,15,3,11,92.000,,,MiniBoo,Team Heretics,raze,True,100,50,0,2,1,3,False,RieNs,Team Heretics,fade,True,100,50,2,1,1,4,False,Boo,Team Heretics,omen,True,100,25,2,1,1,2,False,benjyfishy,Team Heretics,deadlock,True,100,25,1,1,1,2,False,Wo0t,Team Heretics,chamber,True,100,50,0,1,1,2,False,grubinho,GIANTX,omen,True,100,25,2,1,1,2,False,ara,GIANTX,raze,True,100,25,1,2,1,1,False,Cloud,GIANTX,fade,True,100,25,2,1,1,4,False,Flickless,GIANTX,viper,True,100,25,1,0,0,1,False,westside,GIANTX,cypher,True,100,25,0,0,0,5,False
1913.612,8194,ACTIVE_ROUND,15,3,11,91.000,,,MiniBoo,Team Heretics,raze,True,100,50,0,2,1,3,False,RieNs,Team Heretics,fade,True,100,50,2,1,1,4,False,Boo,Team Heretics,omen,True,100,25,2,1,1,2,False,benjyfishy,Team Heretics,deadlock,True,100,25,1,1,1,2,False,Wo0t,Team Heretics,chamber,True,100,50,0,1,1,2,False,grubinho,GIANTX,omen,True,100,25,2,1,1,2,False,ara,GIANTX,raze,True,100,25,1,2,1,1,False,Cloud,GIANTX,fade,True,100,25,2,1,1,4,False,Flickless,GIANTX,viper,True,100,25,1,0,0,1,False,westside,GIANTX,cypher,True,100,25,0,0,0,5,False
1913.845,8195,ACTIVE_ROUND,15,3,11,91.000,,,MiniBoo,Team Heretics,raze,True,100,50,0,2,1,3,False,RieNs,Team Heretics,fade,True,100,50,2,1,1,4,False,Boo,Team Heretics,omen,True,100,25,2,1,1,2,False,benjyfishy,Team Heretics,deadlock,True,100,25,1,1,1,2,False,Wo0t,Team Heretics,chamber,True,100,50,0,1,1,2,False,grubinho,GIANTX,omen,True,100,25,2,1,1,2,False,ara,GIANTX,raze,True,100,25,1,2,1,1,False,Cloud,GIANTX,fade,True,100,25,2,1,1,4,False,Flickless,GIANTX,viper,True,100,25,1,0,0,1,False,westside,GIANTX,cypher,True,100,25,0,0,0,5,False
1914.079,8196,ACTIVE_ROUND,15,3,11,91.000,,,MiniBoo,Team Heretics,raze,True,100,50,0,2,1,3,False,RieNs,Team Heretics,fade,True,100,50,2,1,1,4,False,Boo,Team Heretics,omen,True,100,25,2,1,1,2,False,benjyfishy,Team Heretics,deadlock,True,100,25,1,1,1,2,False,Wo0t,Team Heretics,chamber,True,100,50,0,1,1,2,False,grubinho,GIANTX,omen,True,100,25,2,1,1,2,False,ara,GIANTX,raze,True,100,25,1,2,1,1,False,Cloud,GIANTX,fade,True,100,25,2,1,1,4,False,Flickless,GIANTX,viper,True,100,25,1,0,0,1,False,westside,GIANTX,cypher,True,100,25,0,0,0,5,False
1914.312,8197,ACTIVE_ROUND,15,3,11,91.000,,,MiniBoo,Team Heretics,raze,True,100,50,0,2,1,3,False,RieNs,Team Heretics,fade,True,100,50,2,1,1,4,False,Boo,Team Heretics,omen,True,100,25,2,1,1,2,False,benjyfishy,Team Heretics,deadlock,True,100,25,1,1,1,2,False,Wo0t,Team Heretics,chamber,True,100,50,0,1,1,2,False,grubinho,GIANTX,omen,True,100,25,2,1,1,2,False,ara,GIANTX,raze,True,100,25,1,2,1,1,False,Cloud,GIANTX,fade,True,100,25,2,1,1,4,False,Flickless,GIANTX,viper,True,100,25,1,0,0,1,False,westside,GIANTX,cypher,True,100,25,0,0,0,5,False
1914.546,8198,ACTIVE_ROUND,15,3,11,90.000,,,MiniBoo,Team Heretics,raze,True,100,50,0,2,1,3,False,RieNs,Team Heretics,fade,True,100,50,2,1,1,4,False,Boo,Team Heretics,omen,True,100,25,2,1,1,2,False,benjyfishy,Team Heretics,deadlock,True,100,25,1,1,1,2,False,Wo0t,Team Heretics,chamber,True,100,50,0,1,1,2,False,grubinho,GIANTX,omen,True,100,25,2,1,1,2,False,ara,GIANTX,raze,True,100,25,1,2,1,1,False,Cloud,GIANTX,fade,True,100,25,2,1,1,4,False,Flickless,GIANTX,viper,True,100,25,1,0,0,1,False,westside,GIANTX,cypher,True,100,25,0,0,0,5,False
1914.780,8199,ACTIVE_ROUND,15,3,11,90.000,,,MiniBoo,Team Heretics,raze,True,100,50,0,2,1,3,False,RieNs,Team Heretics,fade,True,100,50,2,1,1,4,False,Boo,Team Heretics,omen,True,100,25,2,1,1,2,False,benjyfishy,Team Heretics,deadlock,True,100,25,1,1,1,2,False,Wo0t,Team Heretics,chamber,True,100,50,0,1,1,2,False,grubinho,GIANTX,omen,True,100,25,2,1,1,2,False,ara,GIANTX,raze,True,100,25,1,2,1,1,False,Cloud,GIANTX,fade,True,100,25,2,1,1,4,False,Flickless,GIANTX,viper,True,100,25,1,0,0,1,False,westside,GIANTX,cypher,True,100,25,0,0,0,5,False
1915.013,8200,ACTIVE_ROUND,15,3,11,90.000,,,MiniBoo,Team Heretics,raze,True,100,50,0,2,1,3,False,RieNs,Team Heretics,fade,True,100,50,2,1,1,4,False,Boo,Team Heretics,omen,True,100,25,2,1,1,2,False,benjyfishy,Team Heretics,deadlock,True,100,25,1,1,1,2,False,Wo0t,Team Heretics,chamber,True,100,50,0,1,1,2,False,grubinho,GIANTX,omen,True,100,25,2,1,1,2,False,ara,GIANTX,raze,True,100,25,1,2,1,1,False,Cloud,GIANTX,fade,True,100,25,2,1,1,4,False,Flickless,GIANTX,viper,True,100,25,1,0,0,1,False,westside,GIANTX,cypher,True,100,25,0,0,0,5,False
1915.247,8201,ACTIVE_ROUND,15,3,11,90.000,,,MiniBoo,Team Heretics,raze,True,100,50,0,2,1,3,False,RieNs,Team Heretics,fade,True,100,50,2,1,1,4,False,Boo,Team Heretics,omen,True,100,25,2,1,1,2,False,benjyfishy,Team Heretics,deadlock,True,100,25,1,1,1,2,False,Wo0t,Team Heretics,chamber,True,100,50,0,1,1,2,False,grubinho,GIANTX,omen,True,100,25,2,1,1,2,False,ara,GIANTX,raze,True,100,25,1,2,1,1,False,Cloud,GIANTX,fade,True,100,25,2,1,1,4,False,Flickless,GIANTX,viper,True,100,25,1,0,0,1,False,westside,GIANTX,cypher,True,100,25,0,0,0,5,False
1915.480,8202,ACTIVE_ROUND,15,3,11,90.000,,,MiniBoo,Team Heretics,raze,True,100,50,0,2,1,3,False,RieNs,Team Heretics,fade,True,100,50,2,1,1,4,False,Boo,Team Heretics,omen,True,100,25,2,1,1,2,False,benjyfishy,Team Heretics,deadlock,True,100,25,1,1,1,2,False,Wo0t,Team Heretics,chamber,True,100,50,0,1,1,2,False,grubinho,GIANTX,omen,True,100,25,2,1,1,2,False,ara,GIANTX,raze,True,100,25,1,2,1,1,False,Cloud,GIANTX,fade,True,100,25,2,1,1,4,False,Flickless,GIANTX,viper,True,100,25,1,0,0,1,False,westside,GIANTX,cypher,True,100,25,0,0,0,5,False
1915.714,8203,ACTIVE_ROUND,15,3,11,89.000,,,MiniBoo,Team Heretics,raze,True,100,50,0,2,1,3,False,RieNs,Team Heretics,fade,True,100,50,2,1,1,4,False,Boo,Team Heretics,omen,True,100,25,2,1,1,2,False,benjyfishy,Team Heretics,deadlock,True,100,25,1,1,1,2,False,Wo0t,Team Heretics,chamber,True,100,50,0,1,1,2,False,grubinho,GIANTX,omen,True,100,25,2,1,1,2,False,ara,GIANTX,raze,True,100,25,1,2,1,1,False,Cloud,GIANTX,fade,True,100,25,2,1,1,4,False,Flickless,GIANTX,viper,True,100,25,1,0,0,1,False,westside,GIANTX,cypher,True,100,25,0,0,0,5,False
1915.947,8204,ACTIVE_ROUND,15,3,11,89.000,,,MiniBoo,Team Heretics,raze,True,100,50,0,2,1,3,False,RieNs,Team Heretics,fade,True,100,50,2,1,1,4,False,Boo,Team Heretics,omen,True,100,25,2,1,1,2,False,benjyfishy,Team Heretics,deadlock,True,100,25,1,1,1,2,False,Wo0t,Team Heretics,chamber,True,100,50,0,1,1,2,False,grubinho,GIANTX,omen,True,100,25,2,1,1,2,False,ara,GIANTX,raze,True,100,25,1,2,1,1,False,Cloud,GIANTX,fade,True,100,25,2,1,1,4,False,Flickless,GIANTX,viper,True,100,25,1,0,0,1,False,westside,GIANTX,cypher,True,100,25,0,0,0,5,False
1916.181,8205,ACTIVE_ROUND,15,3,11,89.000,,,MiniBoo,Team Heretics,raze,True,100,50,0,2,1,3,False,RieNs,Team Heretics,fade,True,100,50,2,1,1,4,False,Boo,Team Heretics,omen,True,100,25,2,1,1,2,False,benjyfishy,Team Heretics,deadlock,True,100,25,1,1,1,2,False,Wo0t,Team Heretics,chamber,True,100,50,0,1,1,2,False,grubinho,GIANTX,omen,True,100,25,2,1,1,2,False,ara,GIANTX,raze,True,100,25,1,2,1,1,False,Cloud,GIANTX,fade,True,100,25,2,1,1,4,False,Flickless,GIANTX,viper,True,100,25,1,0,0,1,False,westside,GIANTX,cypher,True,100,25,0,0,0,5,False
1916.415,8206,ACTIVE_ROUND,15,3,11,89.000,,,MiniBoo,Team Heretics,raze,True,100,50,0,2,1,3,False,RieNs,Team Heretics,fade,True,100,50,2,1,1,4,False,Boo,Team Heretics,omen,True,100,25,2,1,1,2,False,benjyfishy,Team Heretics,deadlock,True,100,25,1,1,1,2,False,Wo0t,Team Heretics,chamber,True,100,50,0,1,1,2,False,grubinho,GIANTX,omen,True,100,25,2,1,1,2,False,ara,GIANTX,raze,True,100,25,1,2,1,1,False,Cloud,GIANTX,fade,True,100,25,2,1,1,4,False,Flickless,GIANTX,viper,True,100,25,1,0,0,1,False,westside,GIANTX,cypher,True,100,25,0,0,0,5,False
1916.648,8207,ACTIVE_ROUND,15,3,11,88.000,,,MiniBoo,Team Heretics,raze,True,100,50,0,2,1,3,False,RieNs,Team Heretics,fade,True,100,50,2,1,1,4,False,Boo,Team Heretics,omen,True,100,25,2,1,1,2,False,benjyfishy,Team Heretics,deadlock,True,100,25,1,1,1,2,False,Wo0t,Team Heretics,chamber,True,100,50,0,1,1,2,False,grubinho,GIANTX,omen,True,100,25,2,1,1,2,False,ara,GIANTX,raze,True,100,25,1,2,1,1,False,Cloud,GIANTX,fade,True,100,25,2,1,1,4,False,Flickless,GIANTX,viper,True,100,25,1,0,0,1,False,westside,GIANTX,cypher,True,100,25,0,0,0,5,False
1916.882,8208,ACTIVE_ROUND,15,3,11,88.000,,,MiniBoo,Team Heretics,raze,True,100,50,0,2,1,3,False,RieNs,Team Heretics,fade,True,100,50,2,1,1,4,False,Boo,Team Heretics,omen,True,100,25,2,1,1,2,False,benjyfishy,Team Heretics,deadlock,True,100,25,1,1,1,2,False,Wo0t,Team Heretics,chamber,True,100,50,0,1,1,2,False,grubinho,GIANTX,omen,True,100,25,2,1,1,2,False,ara,GIANTX,raze,True,100,25,1,2,1,1,False,Cloud,GIANTX,fade,True,100,25,2,1,1,4,False,Flickless,GIANTX,viper,True,100,25,1,0,0,1,False,westside,GIANTX,cypher,True,100,25,0,0,0,5,False
1917.115,8209,ACTIVE_ROUND,15,3,11,88.000,,,MiniBoo,Team Heretics,raze,True,100,50,0,2,1,3,False,RieNs,Team Heretics,fade,True,100,50,2,1,1,4,False,Boo,Team Heretics,omen,True,100,25,2,1,1,2,False,benjyfishy,Team Heretics,deadlock,True,100,25,1,1,1,2,False,Wo0t,Team Heretics,chamber,True,100,50,0,1,1,2,False,grubinho,GIANTX,omen,True,100,25,2,1,1,2,False,ara,GIANTX,raze,True,100,25,1,2,1,1,False,Cloud,GIANTX,fade,True,100,25,2,1,1,4,False,Flickless,GIANTX,viper,True,100,25,1,0,0,1,False,westside,GIANTX,cypher,True,100,25,0,0,0,5,False
1917.349,8210,ACTIVE_ROUND,15,3,11,88.000,,,MiniBoo,Team Heretics,raze,True,100,50,0,2,1,3,False,RieNs,Team Heretics,fade,True,100,50,2,1,1,4,False,Boo,Team Heretics,omen,True,100,25,2,1,1,2,False,benjyfishy,Team Heretics,deadlock,True,100,25,1,1,1,2,False,Wo0t,Team Heretics,chamber,True,100,50,0,1,1,2,False,grubinho,GIANTX,omen,True,100,25,2,1,1,2,False,ara,GIANTX,raze,True,100,25,1,2,1,1,False,Cloud,GIANTX,fade,True,100,25,2,1,1,4,False,Flickless,GIANTX,viper,True,100,25,1,0,0,1,False,westside,GIANTX,cypher,True,100,25,0,0,0,5,False
1917.582,8211,ACTIVE_ROUND,15,3,11,87.000,,,MiniBoo,Team Heretics,raze,True,100,50,0,2,1,3,False,RieNs,Team Heretics,fade,True,100,50,2,1,1,4,False,Boo,Team Heretics,omen,True,100,25,2,1,1,2,False,benjyfishy,Team Heretics,deadlock,True,100,25,1,1,1,2,False,Wo0t,Team Heretics,chamber,True,100,50,0,1,1,2,False,grubinho,GIANTX,omen,True,100,25,2,1,1,2,False,ara,GIANTX,raze,True,100,25,1,2,1,1,False,Cloud,GIANTX,fade,True,100,25,2,1,1,4,False,Flickless,GIANTX,viper,True,100,25,1,0,0,1,False,westside,GIANTX,cypher,True,100,25,0,0,0,5,False
1917.816,8212,ACTIVE_ROUND,15,3,11,87.000,,,MiniBoo,Team Heretics,raze,True,100,50,0,2,1,3,False,RieNs,Team Heretics,fade,True,100,50,2,1,1,4,False,Boo,Team Heretics,omen,True,100,25,2,1,1,2,False,benjyfishy,Team Heretics,deadlock,True,100,25,1,1,1,2,False,Wo0t,Team Heretics,chamber,True,100,50,0,1,1,2,False,grubinho,GIANTX,omen,True,100,25,2,1,1,2,False,ara,GIANTX,raze,True,100,25,1,2,1,1,False,Cloud,GIANTX,fade,True,100,25,2,1,1,4,False,Flickless,GIANTX,viper,True,100,25,1,0,0,1,False,westside,GIANTX,cypher,True,100,25,0,0,0,5,False
1918.049,8213,ACTIVE_ROUND,15,3,11,87.000,,,MiniBoo,Team Heretics,raze,True,100,50,0,2,1,3,False,RieNs,Team Heretics,fade,True,100,50,2,1,1,4,False,Boo,Team Heretics,omen,True,100,25,2,1,1,2,False,benjyfishy,Team Heretics,deadlock,True,100,25,1,1,1,2,False,Wo0t,Team Heretics,chamber,True,100,50,0,1,1,2,False,grubinho,GIANTX,omen,True,100,25,2,1,1,2,False,ara,GIANTX,raze,True,100,25,1,2,1,1,False,Cloud,GIANTX,fade,True,100,25,2,1,1,4,False,Flickless,GIANTX,viper,True,100,25,1,0,0,1,False,westside,GIANTX,cypher,True,100,25,0,0,0,5,False
1918.283,8214,ACTIVE_ROUND,15,3,11,87.000,,,MiniBoo,Team Heretics,raze,True,100,50,0,2,1,3,False,RieNs,Team Heretics,fade,True,100,50,2,1,1,4,False,Boo,Team Heretics,omen,True,100,25,2,1,1,2,False,benjyfishy,Team Heretics,deadlock,True,100,25,1,1,1,2,False,Wo0t,Team Heretics,chamber,True,100,50,0,1,1,2,False,grubinho,GIANTX,omen,True,100,25,2,1,1,2,False,ara,GIANTX,raze,True,100,25,1,2,1,1,False,Cloud,GIANTX,fade,True,100,25,2,1,1,4,False,Flickless,GIANTX,viper,True,100,25,1,0,0,1,False,westside,GIANTX,cypher,True,100,25,0,0,0,5,False
1918.517,8215,ACTIVE_ROUND,15,3,11,86.000,,,MiniBoo,Team Heretics,raze,True,100,50,0,2,1,3,False,RieNs,Team Heretics,fade,True,100,50,2,1,1,4,False,Boo,Team Heretics,omen,True,100,25,2,1,1,2,False,benjyfishy,Team Heretics,deadlock,True,100,25,1,1,1,2,False,Wo0t,Team Heretics,chamber,True,100,50,0,1,1,2,False,grubinho,GIANTX,omen,True,100,25,2,1,1,2,False,ara,GIANTX,raze,True,100,25,1,2,1,1,False,Cloud,GIANTX,fade,True,100,25,2,1,1,4,False,Flickless,GIANTX,viper,True,100,25,1,0,0,1,False,westside,GIANTX,cypher,True,100,25,0,0,0,5,False
1918.750,8216,ACTIVE_ROUND,15,3,11,86.000,,,MiniBoo,Team Heretics,raze,True,100,50,0,2,1,3,False,RieNs,Team Heretics,fade,True,100,50,2,1,1,4,False,Boo,Team Heretics,omen,True,100,25,2,1,1,2,False,benjyfishy,Team Heretics,deadlock,True,100,25,1,1,1,2,False,Wo0t,Team Heretics,chamber,True,100,50,0,1,1,2,False,grubinho,GIANTX,omen,True,100,25,2,1,1,2,False,ara,GIANTX,raze,True,100,25,1,2,1,1,False,Cloud,GIANTX,fade,True,100,25,2,1,1,4,False,Flickless,GIANTX,viper,True,100,25,1,0,0,1,False,westside,GIANTX,cypher,True,100,25,0,0,0,5,False
1918.984,8217,ACTIVE_ROUND,15,3,11,86.000,,,MiniBoo,Team Heretics,raze,True,100,50,0,2,1,3,False,RieNs,Team Heretics,fade,True,100,50,2,1,1,4,False,Boo,Team Heretics,omen,True,100,25,2,1,1,2,False,benjyfishy,Team Heretics,deadlock,True,100,25,1,1,1,2,False,Wo0t,Team Heretics,chamber,True,100,50,0,1,1,2,False,grubinho,GIANTX,omen,True,100,25,2,1,1,2,False,ara,GIANTX,raze,True,100,25,1,2,1,1,False,Cloud,GIANTX,fade,True,100,25,2,1,1,4,False,Flickless,GIANTX,viper,True,100,25,1,0,0,1,False,westside,GIANTX,cypher,True,100,25,0,0,0,5,False
1919.217,8218,ACTIVE_ROUND,15,3,11,86.000,,,MiniBoo,Team Heretics,raze,True,100,50,0,2,1,3,False,RieNs,Team Heretics,fade,True,100,50,2,1,1,4,False,Boo,Team Heretics,omen,True,100,25,2,1,1,2,False,benjyfishy,Team Heretics,deadlock,True,100,25,1,1,1,2,False,Wo0t,Team Heretics,chamber,True,100,50,0,1,1,2,False,grubinho,GIANTX,omen,True,100,25,2,1,1,2,False,ara,GIANTX,raze,True,100,25,0,2,1,1,False,Cloud,GIANTX,fade,True,100,25,2,1,1,4,False,Flickless,GIANTX,viper,True,100,25,1,0,0,1,False,westside,GIANTX,cypher,True,100,25,0,0,0,5,False
1919.451,8219,ACTIVE_ROUND,15,3,11,86.000,,,MiniBoo,Team Heretics,raze,True,100,50,0,2,1,3,False,RieNs,Team Heretics,fade,True,100,50,2,1,1,4,False,Boo,Team Heretics,omen,True,100,25,2,1,1,2,False,benjyfishy,Team Heretics,deadlock,True,100,25,1,1,1,2,False,Wo0t,Team Heretics,chamber,True,100,50,0,1,1,2,False,grubinho,GIANTX,omen,True,100,25,2,1,1,2,False,ara,GIANTX,raze,True,100,25,0,2,1,1,False,Cloud,GIANTX,fade,True,100,25,2,1,1,4,False,Flickless,GIANTX,viper,True,100,25,1,0,0,1,False,westside,GIANTX,cypher,True,100,25,0,0,0,5,False
1919.684,8220,ACTIVE_ROUND,15,3,11,85.000,,,MiniBoo,Team Heretics,raze,True,100,50,0,2,1,3,False,RieNs,Team Heretics,fade,True,100,50,2,1,1,4,False,Boo,Team Heretics,omen,True,100,25,2,1,1,2,False,benjyfishy,Team Heretics,deadlock,True,100,25,1,1,1,2,False,Wo0t,Team Heretics,chamber,True,100,50,0,1,1,2,False,grubinho,GIANTX,omen,True,100,25,2,1,1,2,False,ara,GIANTX,raze,True,100,25,0,2,1,1,False,Cloud,GIANTX,fade,True,100,25,2,1,1,4,False,Flickless,GIANTX,viper,True,100,25,1,0,0,1,False,westside,GIANTX,cypher,True,100,25,0,0,0,5,False
1919.918,8221,ACTIVE_ROUND,15,3,11,85.000,,,MiniBoo,Team Heretics,raze,True,100,50,0,2,1,3,False,RieNs,Team Heretics,fade,True,100,50,2,1,1,4,False,Boo,Team Heretics,omen,True,100,25,2,1,1,2,False,benjyfishy,Team Heretics,deadlock,True,100,25,1,1,1,2,False,Wo0t,Team Heretics,chamber,True,100,50,0,1,1,2,False,grubinho,GIANTX,omen,True,100,25,2,1,1,2,False,ara,GIANTX,raze,True,100,25,0,2,1,1,False,Cloud,GIANTX,fade,True,100,25,2,1,1,4,False,Flickless,GIANTX,viper,True,100,25,1,0,0,1,False,westside,GIANTX,cypher,True,100,25,0,0,0,5,False
1920.152,8222,ACTIVE_ROUND,15,3,11,85.000,,,MiniBoo,Team Heretics,raze,True,100,50,0,2,1,3,False,RieNs,Team Heretics,fade,True,100,50,2,1,1,4,False,Boo,Team Heretics,omen,True,100,25,2,1,0,2,False,benjyfishy,Team Heretics,deadlock,True,100,25,1,1,1,2,False,Wo0t,Team Heretics,chamber,True,100,50,0,1,1,2,False,grubinho,GIANTX,omen,True,100,25,2,1,1,2,False,ara,GIANTX,raze,True,100,25,0,2,1,1,False,Cloud,GIANTX,fade,True,100,25,2,1,1,4,False,Flickless,GIANTX,viper,True,100,25,1,0,0,1,False,westside,GIANTX,cypher,True,100,25,0,0,0,5,False
1920.385,8223,ACTIVE_ROUND,15,3,11,85.000,,,MiniBoo,Team Heretics,raze,True,100,50,0,2,1,3,False,RieNs,Team Heretics,fade,True,100,50,2,1,1,4,False,Boo,Team Heretics,omen,True,100,25,2,1,0,2,False,benjyfishy,Team Heretics,deadlock,True,100,25,1,1,1,2,False,Wo0t,Team Heretics,chamber,True,100,50,0,1,1,2,False,grubinho,GIANTX,omen,True,100,25,2,1,1,2,False,ara,GIANTX,raze,True,100,25,0,2,1,1,False,Cloud,GIANTX,fade,True,100,25,2,1,1,4,False,Flickless,GIANTX,viper,True,100,25,1,0,0,1,False,westside,GIANTX,cypher,True,100,25,0,0,0,5,False
1920.619,8224,ACTIVE_ROUND,15,3,11,84.000,,,MiniBoo,Team Heretics,raze,True,100,50,0,2,1,3,False,RieNs,Team Heretics,fade,True,100,50,2,1,1,4,False,Boo,Team Heretics,omen,True,100,25,2,1,0,2,False,benjyfishy,Team Heretics,deadlock,True,100,25,1,1,1,2,False,Wo0t,Team Heretics,chamber,True,100,50,0,1,1,2,False,grubinho,GIANTX,omen,True,100,25,2,1,1,2,False,ara,GIANTX,raze,True,100,25,0,2,1,1,False,Cloud,GIANTX,fade,True,100,25,2,1,1,4,False,Flickless,GIANTX,viper,True,100,25,1,0,0,1,False,westside,GIANTX,cypher,True,100,25,0,0,0,5,False
1920.852,8225,ACTIVE_ROUND,15,3,11,84.000,,,MiniBoo,Team Heretics,raze,True,100,50,0,2,1,3,False,RieNs,Team Heretics,fade,True,100,50,2,1,1,4,False,Boo,Team Heretics,omen,True,100,25,2,1,0,2,False,benjyfishy,Team Heretics,deadlock,True,100,25,1,1,1,2,False,Wo0t,Team Heretics,chamber,True,100,50,0,1,1,2,False,grubinho,GIANTX,omen,True,100,25,2,1,1,2,False,ara,GIANTX,raze,True,100,25,0,2,1,1,False,Cloud,GIANTX,fade,True,100,25,2,1,1,4,False,Flickless,GIANTX,viper,True,100,25,1,0,0,1,False,westside,GIANTX,cypher,True,100,25,0,0,0,5,False
1921.086,8226,ACTIVE_ROUND,15,3,11,84.000,,,MiniBoo,Team Heretics,raze,True,100,50,0,2,1,3,False,RieNs,Team Heretics,fade,True,100,50,2,1,1,4,False,Boo,Team Heretics,omen,True,100,25,2,1,0,2,False,benjyfishy,Team Heretics,deadlock,True,100,25,1,1,1,2,False,Wo0t,Team Heretics,chamber,True,100,50,0,1,1,2,False,grubinho,GIANTX,omen,True,100,25,2,1,1,2,False,ara,GIANTX,raze,True,100,25,0,2,1,1,False,Cloud,GIANTX,fade,True,100,25,2,1,1,4,False,Flickless,GIANTX,viper,True,100,25,1,0,0,1,False,westside,GIANTX,cypher,True,100,25,0,0,0,5,False
1921.319,8227,ACTIVE_ROUND,15,3,11,84.000,,,MiniBoo,Team Heretics,raze,True,100,50,0,2,1,3,False,RieNs,Team Heretics,fade,True,100,50,2,1,0,4,False,Boo,Team Heretics,omen,True,100,25,2,1,0,2,False,benjyfishy,Team Heretics,deadlock,True,100,25,1,1,1,2,False,Wo0t,Team Heretics,chamber,True,100,50,0,1,1,2,False,grubinho,GIANTX,omen,True,100,25,2,1,1,2,False,ara,GIANTX,raze,True,100,25,0,2,1,1,False,Cloud,GIANTX,fade,True,100,25,2,1,1,4,False,Flickless,GIANTX,viper,True,100,25,1,0,0,1,False,westside,GIANTX,cypher,True,100,25,0,0,0,5,False
1921.553,8228,ACTIVE_ROUND,15,3,11,83.000,,,MiniBoo,Team Heretics,raze,True,100,50,0,2,1,3,False,RieNs,Team Heretics,fade,True,100,50,2,1,0,4,False,Boo,Team Heretics,omen,True,100,25,2,1,0,2,False,benjyfishy,Team Heretics,deadlock,True,100,25,1,1,1,2,False,Wo0t,Team Heretics,chamber,True,100,50,0,1,1,2,False,grubinho,GIANTX,omen,True,100,25,2,1,1,2,False,ara,GIANTX,raze,True,100,25,0,2,1,1,False,Cloud,GIANTX,fade,True,100,25,2,1,1,4,False,Flickless,GIANTX,viper,True,100,25,1,0,0,1,False,westside,GIANTX,cypher,True,100,25,0,0,0,5,False
1921.787,8229,ACTIVE_ROUND,15,3,11,83.000,,,MiniBoo,Team Heretics,raze,True,100,50,0,2,1,3,False,RieNs,Team Heretics,fade,True,100,50,2,1,0,4,False,Boo,Team Heretics,omen,True,100,25,2,1,0,2,False,benjyfishy,Team Heretics,deadlock,True,100,25,1,1,1,2,False,Wo0t,Team Heretics,chamber,True,100,50,0,1,1,2,False,grubinho,GIANTX,omen,True,100,25,2,1,1,2,False,ara,GIANTX,raze,True,100,25,0,2,1,1,False,Cloud,GIANTX,fade,True,100,25,2,1,1,4,False,Flickless,GIANTX,viper,True,100,25,1,0,0,1,False,westside,GIANTX,cypher,True,100,25,0,0,0,5,False
1922.020,8230,ACTIVE_ROUND,15,3,11,83.000,,,MiniBoo,Team Heretics,raze,True,100,50,0,2,1,3,False,RieNs,Team Heretics,fade,True,100,50,2,1,0,4,False,Boo,Team Heretics,omen,True,100,25,2,1,0,2,False,benjyfishy,Team Heretics,deadlock,True,100,25,1,1,1,2,False,Wo0t,Team Heretics,chamber,True,100,50,0,1,1,2,False,grubinho,GIANTX,omen,True,100,25,2,1,1,2,False,ara,GIANTX,raze,True,100,25,0,2,1,1,False,Cloud,GIANTX,fade,True,100,25,2,1,1,4,False,Flickless,GIANTX,viper,True,100,25,1,0,0,1,False,westside,GIANTX,cypher,True,100,25,0,0,0,5,False
1922.254,8231,ACTIVE_ROUND,15,3,11,83.000,,,MiniBoo,Team Heretics,raze,True,100,50,0,2,1,3,False,RieNs,Team Heretics,fade,True,100,50,2,1,0,4,False,Boo,Team Heretics,omen,True,100,25,2,1,0,2,False,benjyfishy,Team Heretics,deadlock,True,100,25,1,1,1,2,False,Wo0t,Team Heretics,chamber,True,100,50,0,1,1,2,False,grubinho,GIANTX,omen,True,100,25,2,1,1,2,False,ara,GIANTX,raze,True,100,25,0,2,1,1,False,Cloud,GIANTX,fade,True,100,25,2,1,1,4,False,Flickless,GIANTX,viper,True,100,25,1,0,0,1,False,westside,GIANTX,cypher,True,100,25,0,0,0,5,False
1922.487,8232,ACTIVE_ROUND,15,3,11,83.000,,,MiniBoo,Team Heretics,raze,True,100,50,0,2,1,3,False,RieNs,Team Heretics,fade,True,100,50,2,1,0,4,False,Boo,Team Heretics,omen,True,100,25,2,1,0,2,False,benjyfishy,Team Heretics,deadlock,True,100,25,1,1,1,2,False,Wo0t,Team Heretics,chamber,True,100,50,0,1,1,2,False,grubinho,GIANTX,omen,True,100,25,2,1,1,2,False,ara,GIANTX,raze,True,100,25,0,2,1,1,False,Cloud,GIANTX,fade,True,100,25,2,1,1,4,False,Flickless,GIANTX,viper,True,100,25,1,0,0,1,False,westside,GIANTX,cypher,True,100,25,0,0,0,5,False
1922.721,8233,ACTIVE_ROUND,15,3,11,82.000,,,MiniBoo,Team Heretics,raze,True,100,50,0,2,1,3,False,RieNs,Team Heretics,fade,True,100,50,2,1,0,4,False,Boo,Team Heretics,omen,True,100,25,2,1,0,2,False,benjyfishy,Team Heretics,deadlock,True,100,25,1,1,1,2,False,Wo0t,Team Heretics,chamber,True,100,50,0,1,1,2,False,grubinho,GIANTX,omen,True,100,25,2,1,1,2,False,ara,GIANTX,raze,True,100,25,0,2,1,1,False,Cloud,GIANTX,fade,True,100,25,2,1,1,4,False,Flickless,GIANTX,viper,True,100,25,1,0,0,1,False,westside,GIANTX,cypher,True,100,25,0,0,0,5,False
1922.954,8234,ACTIVE_ROUND,15,3,11,82.000,,,MiniBoo,Team Heretics,raze,True,100,50,0,2,1,3,False,RieNs,Team Heretics,fade,True,100,50,2,1,0,4,False,Boo,Team Heretics,omen,True,100,25,2,1,0,2,False,benjyfishy,Team Heretics,deadlock,True,100,25,1,1,1,2,False,Wo0t,Team Heretics,chamber,True,100,50,0,1,1,2,False,grubinho,GIANTX,omen,True,100,25,2,1,1,2,False,ara,GIANTX,raze,True,100,25,0,2,1,1,False,Cloud,GIANTX,fade,True,100,25,2,1,1,4,False,Flickless,GIANTX,viper,True,100,25,1,0,0,1,False,westside,GIANTX,cypher,True,100,25,0,0,0,5,False
1923.188,8235,ACTIVE_ROUND,15,3,11,82.000,,,MiniBoo,Team Heretics,raze,True,100,50,0,2,1,3,False,RieNs,Team Heretics,fade,True,100,50,2,1,0,4,False,Boo,Team Heretics,omen,True,100,25,2,1,0,2,False,benjyfishy,Team Heretics,deadlock,True,100,25,1,1,1,2,False,Wo0t,Team Heretics,chamber,True,100,50,0,1,1,2,False,grubinho,GIANTX,omen,True,100,25,2,1,1,2,False,ara,GIANTX,raze,True,100,25,0,2,1,1,False,Cloud,GIANTX,fade,True,100,25,2,1,1,4,False,Flickless,GIANTX,viper,True,100,25,1,0,0,1,False,westside,GIANTX,cypher,True,100,25,0,0,0,5,False
1923.421,8236,ACTIVE_ROUND,15,3,11,82.000,,,MiniBoo,Team Heretics,raze,True,100,50,0,2,1,3,False,RieNs,Team Heretics,fade,True,100,50,2,1,0,4,False,Boo,Team Heretics,omen,True,100,25,2,1,0,2,False,benjyfishy,Team Heretics,deadlock,True,100,25,1,1,1,2,False,Wo0t,Team Heretics,chamber,True,100,50,0,1,1,2,False,grubinho,GIANTX,omen,True,100,25,2,1,1,2,False,ara,GIANTX,raze,True,100,25,0,2,1,1,False,Cloud,GIANTX,fade,True,100,25,2,1,1,4,False,Flickless,GIANTX,viper,True,100,25,1,0,0,1,False,westside,GIANTX,cypher,True,100,25,0,0,0,5,False
1923.655,8237,ACTIVE_ROUND,15,3,11,81.000,,,MiniBoo,Team Heretics,raze,True,100,50,0,2,1,3,False,RieNs,Team Heretics,fade,True,100,50,2,1,0,4,False,Boo,Team Heretics,omen,True,100,25,2,1,0,2,False,benjyfishy,Team Heretics,deadlock,True,100,25,1,1,1,2,False,Wo0t,Team Heretics,chamber,True,100,50,0,1,1,2,False,grubinho,GIANTX,omen,True,100,25,2,1,1,2,False,ara,GIANTX,raze,True,100,25,0,2,1,1,False,Cloud,GIANTX,fade,True,100,25,2,1,1,4,False,Flickless,GIANTX,viper,True,100,25,1,0,0,1,False,westside,GIANTX,cypher,True,100,25,0,0,0,5,False
1923.889,8238,ACTIVE_ROUND,15,3,11,81.000,,,MiniBoo,Team Heretics,raze,True,100,50,0,2,1,3,False,RieNs,Team Heretics,fade,True,100,50,2,1,0,4,False,Boo,Team Heretics,omen,True,100,25,2,1,0,2,False,benjyfishy,Team Heretics,deadlock,True,100,25,1,1,1,2,False,Wo0t,Team Heretics,chamber,True,100,50,0,1,1,2,False,grubinho,GIANTX,omen,True,100,25,2,1,1,2,False,ara,GIANTX,raze,True,100,25,0,2,1,1,False,Cloud,GIANTX,fade,True,100,25,2,1,1,4,False,Flickless,GIANTX,viper,True,100,25,1,0,0,1,False,westside,GIANTX,cypher,True,100,25,0,0,0,5,False
1924.122,8239,ACTIVE_ROUND,15,3,11,81.000,,,MiniBoo,Team Heretics,raze,True,100,50,0,2,1,3,False,RieNs,Team Heretics,fade,True,100,50,2,1,0,4,False,Boo,Team Heretics,omen,True,100,25,2,1,0,2,False,benjyfishy,Team Heretics,deadlock,True,100,25,1,1,1,2,False,Wo0t,Team Heretics,chamber,True,100,50,0,1,1,2,False,grubinho,GIANTX,omen,True,100,25,2,1,1,2,False,ara,GIANTX,raze,True,100,25,0,2,1,1,False,Cloud,GIANTX,fade,True,100,25,2,1,1,4,False,Flickless,GIANTX,viper,True,100,25,1,0,0,1,False,westside,GIANTX,cypher,True,100,25,0,0,0,5,False
1924.356,8240,ACTIVE_ROUND,15,3,11,81.000,,,MiniBoo,Team Heretics,raze,True,100,50,0,2,1,3,False,RieNs,Team Heretics,fade,True,100,50,2,1,0,4,False,Boo,Team Heretics,omen,True,100,25,2,1,0,2,False,benjyfishy,Team Heretics,deadlock,True,100,25,1,1,1,2,False,Wo0t,Team Heretics,chamber,True,100,50,0,1,1,2,False,grubinho,GIANTX,omen,True,100,25,2,1,1,2,False,ara,GIANTX,raze,True,100,25,0,2,1,1,False,Cloud,GIANTX,fade,True,100,25,2,1,1,4,False,Flickless,GIANTX,viper,True,100,25,1,0,0,1,False,westside,GIANTX,cypher,True,100,25,0,0,0,5,False
1924.589,8241,ACTIVE_ROUND,15,3,11,80.000,,,MiniBoo,Team Heretics,raze,True,100,50,0,2,1,3,False,RieNs,Team Heretics,fade,True,100,50,2,1,0,4,False,Boo,Team Heretics,omen,True,100,25,2,1,0,2,False,benjyfishy,Team Heretics,deadlock,True,100,25,1,1,1,2,False,Wo0t,Team Heretics,chamber,True,100,50,0,1,1,2,False,grubinho,GIANTX,omen,True,100,25,2,1,1,2,False,ara,GIANTX,raze,True,100,25,0,2,1,1,False,Cloud,GIANTX,fade,True,100,25,2,1,1,4,False,Flickless,GIANTX,viper,True,100,25,1,0,0,1,False,westside,GIANTX,cypher,True,100,25,0,0,0,5,False
1924.823,8242,ACTIVE_ROUND,15,3,11,80.000,,,MiniBoo,Team Heretics,raze,True,100,50,0,2,1,3,False,RieNs,Team Heretics,fade,True,100,50,2,1,0,4,False,Boo,Team Heretics,omen,True,100,25,2,1,0,2,False,benjyfishy,Team Heretics,deadlock,True,100,25,1,1,1,2,False,Wo0t,Team Heretics,chamber,True,100,50,0,1,1,2,False,grubinho,GIANTX,omen,True,100,25,2,1,1,2,False,ara,GIANTX,raze,True,100,25,0,2,1,1,False,Cloud,GIANTX,fade,True,100,25,2,1,1,4,False,Flickless,GIANTX,viper,True,100,25,1,0,0,1,False,westside,GIANTX,cypher,True,100,25,0,0,0,5,False
1925.056,8243,ACTIVE_ROUND,15,3,11,80.000,,,MiniBoo,Team Heretics,raze,True,100,50,0,2,1,3,False,RieNs,Team Heretics,fade,True,100,50,2,1,0,4,False,Boo,Team Heretics,omen,True,100,25,2,1,0,2,False,benjyfishy,Team Heretics,deadlock,True,100,25,1,1,1,2,False,Wo0t,Team Heretics,chamber,True,100,50,0,1,1,2,False,grubinho,GIANTX,omen,True,100,25,2,1,1,2,False,ara,GIANTX,raze,True,100,25,0,2,1,1,False,Cloud,GIANTX,fade,True,100,25,2,1,1,4,False,Flickless,GIANTX,viper,True,100,25,1,0,0,1,False,westside,GIANTX,cypher,True,100,25,0,0,0,5,False
1925.290,8244,ACTIVE_ROUND,15,3,11,80.000,,,MiniBoo,Team Heretics,raze,True,100,50,0,2,1,3,False,RieNs,Team Heretics,fade,True,100,50,2,1,0,4,False,Boo,Team Heretics,omen,True,100,25,2,1,0,2,False,benjyfishy,Team Heretics,deadlock,True,100,25,1,1,1,2,False,Wo0t,Team Heretics,chamber,True,100,50,0,1,1,2,False,grubinho,GIANTX,omen,True,100,25,2,1,1,2,False,ara,GIANTX,raze,True,100,25,0,2,1,1,False,Cloud,GIANTX,fade,True,100,25,2,1,1,4,False,Flickless,GIANTX,viper,True,100,25,1,0,0,1,False,westside,GIANTX,cypher,True,100,25,0,0,0,5,False
1925.524,8245,ACTIVE_ROUND,15,3,11,79.000,,,MiniBoo,Team Heretics,raze,True,100,50,0,2,1,3,False,RieNs,Team Heretics,fade,True,100,50,2,1,0,4,False,Boo,Team Heretics,omen,True,100,25,2,1,0,2,False,benjyfishy,Team Heretics,deadlock,True,100,25,1,1,1,2,False,Wo0t,Team Heretics,chamber,True,100,50,0,1,1,2,False,grubinho,GIANTX,omen,True,100,25,2,1,1,2,False,ara,GIANTX,raze,True,100,25,0,2,1,1,False,Cloud,GIANTX,fade,True,100,25,2,1,1,4,False,Flickless,GIANTX,viper,True,100,25,1,0,0,1,False,westside,GIANTX,cypher,True,100,25,0,0,0,5,False
1925.757,8246,ACTIVE_ROUND,15,3,11,79.000,,,MiniBoo,Team Heretics,raze,True,100,50,0,2,1,3,False,RieNs,Team Heretics,fade,True,100,50,2,1,0,4,False,Boo,Team Heretics,omen,True,100,25,2,1,0,2,False,benjyfishy,Team Heretics,deadlock,True,100,25,1,1,1,2,False,Wo0t,Team Heretics,chamber,True,100,50,0,1,1,2,False,grubinho,GIANTX,omen,True,100,25,2,1,1,2,False,ara,GIANTX,raze,True,100,25,0,2,1,1,False,Cloud,GIANTX,fade,True,100,25,2,1,1,4,False,Flickless,GIANTX,viper,True,100,25,1,0,0,1,False,westside,GIANTX,cypher,True,100,25,0,0,0,5,False
1925.991,8247,ACTIVE_ROUND,15,3,11,79.000,,,MiniBoo,Team Heretics,raze,True,100,50,0,2,1,3,False,RieNs,Team Heretics,fade,True,100,50,2,1,0,4,False,Boo,Team Heretics,omen,True,100,25,2,1,0,2,False,benjyfishy,Team Heretics,deadlock,True,100,25,1,1,1,2,False,Wo0t,Team Heretics,chamber,True,100,50,0,1,1,2,False,grubinho,GIANTX,omen,True,100,25,2,1,1,2,False,ara,GIANTX,raze,True,100,25,0,2,1,1,False,Cloud,GIANTX,fade,True,100,25,2,1,1,4,False,Flickless,GIANTX,viper,True,100,25,1,0,0,1,False,westside,GIANTX,cypher,True,100,25,0,0,0,5,False
1926.224,8248,ACTIVE_ROUND,15,3,11,79.000,,,MiniBoo,Team Heretics,raze,True,89,27,0,2,1,3,False,RieNs,Team Heretics,fade,True,100,50,2,1,0,4,False,Boo,Team Heretics,omen,True,100,25,2,1,0,2,False,benjyfishy,Team Heretics,deadlock,True,100,25,1,1,1,2,False,Wo0t,Team Heretics,chamber,True,100,50,0,1,1,2,False,grubinho,GIANTX,omen,True,100,25,2,1,1,2,False,ara,GIANTX,raze,True,100,25,0,2,1,1,False,Cloud,GIANTX,fade,True,100,25,2,1,1,4,False,Flickless,GIANTX,viper,True,100,25,1,0,0,1,False,westside,GIANTX,cypher,True,100,25,0,0,0,5,False
1926.458,8249,ACTIVE_ROUND,15,3,11,79.000,,,MiniBoo,Team Heretics,raze,True,89,27,0,2,1,3,False,RieNs,Team Heretics,fade,True,100,50,2,1,0,4,False,Boo,Team Heretics,omen,True,100,25,2,1,0,2,False,benjyfishy,Team Heretics,deadlock,True,100,25,1,1,1,2,False,Wo0t,Team Heretics,chamber,True,100,50,0,1,1,2,False,grubinho,GIANTX,omen,True,100,25,2,1,1,2,False,ara,GIANTX,raze,True,100,25,0,2,1,1,False,Cloud,GIANTX,fade,True,100,25,2,1,1,4,False,Flickless,GIANTX,viper,True,100,25,1,0,0,1,False,westside,GIANTX,cypher,True,100,25,0,0,0,5,False
1926.691,8250,ACTIVE_ROUND,15,3,11,78.000,,,MiniBoo,Team Heretics,raze,True,89,27,0,2,1,3,False,RieNs,Team Heretics,fade,True,100,50,2,1,0,4,False,Boo,Team Heretics,omen,True,100,25,2,1,0,2,False,benjyfishy,Team Heretics,deadlock,True,100,25,1,1,1,2,False,Wo0t,Team Heretics,chamber,True,100,50,0,1,1,2,False,grubinho,GIANTX,omen,True,100,25,2,1,1,2,False,ara,GIANTX,raze,True,100,25,0,2,1,1,False,Cloud,GIANTX,fade,True,100,25,2,1,1,4,False,Flickless,GIANTX,viper,True,100,25,1,0,0,1,False,westside,GIANTX,cypher,True,100,25,0,0,0,5,False
1926.925,8251,ACTIVE_ROUND,15,3,11,78.000,,,MiniBoo,Team Heretics,raze,True,89,27,0,2,1,3,False,RieNs,Team Heretics,fade,True,100,50,2,1,0,4,False,Boo,Team Heretics,omen,True,100,25,2,1,0,2,False,benjyfishy,Team Heretics,deadlock,True,100,25,1,1,1,2,False,Wo0t,Team Heretics,chamber,True,100,50,0,1,1,2,False,grubinho,GIANTX,omen,True,100,25,2,1,1,2,False,ara,GIANTX,raze,True,100,25,0,2,1,1,False,Cloud,GIANTX,fade,True,100,25,2,1,1,4,False,Flickless,GIANTX,viper,True,100,25,1,0,0,1,False,westside,GIANTX,cypher,True,100,25,0,0,0,5,False
1927.159,8252,ACTIVE_ROUND,15,3,11,78.000,,,MiniBoo,Team Heretics,raze,True,66,27,0,2,1,3,False,RieNs,Team Heretics,fade,True,100,50,2,1,0,4,False,Boo,Team Heretics,omen,True,100,25,2,1,0,2,False,benjyfishy,Team Heretics,deadlock,True,100,25,1,1,1,2,False,Wo0t,Team Heretics,chamber,True,100,50,0,1,1,2,False,grubinho,GIANTX,omen,True,100,25,2,1,1,2,False,ara,GIANTX,raze,True,100,25,0,2,1,1,False,Cloud,GIANTX,fade,True,100,25,2,1,1,4,False,Flickless,GIANTX,viper,True,100,16,1,0,0,1,False,westside,GIANTX,cypher,True,100,25,0,0,0,5,False
1927.392,8253,ACTIVE_ROUND,15,3,11,78.000,,,MiniBoo,Team Heretics,raze,True,66,27,0,2,1,3,False,RieNs,Team Heretics,fade,True,100,50,2,1,0,4,False,Boo,Team Heretics,omen,True,100,25,2,1,0,2,False,benjyfishy,Team Heretics,deadlock,True,100,25,1,1,1,2,False,Wo0t,Team Heretics,chamber,True,100,50,0,1,1,2,False,grubinho,GIANTX,omen,True,100,25,2,1,1,2,False,ara,GIANTX,raze,True,100,25,0,2,1,1,False,Cloud,GIANTX,fade,True,100,25,2,1,1,4,False,Flickless,GIANTX,viper,True,100,16,1,0,0,1,False,westside,GIANTX,cypher,True,100,25,0,0,0,5,False
1927.626,8254,ACTIVE_ROUND,15,3,11,77.000,,,MiniBoo,Team Heretics,raze,True,66,27,0,2,1,3,False,RieNs,Team Heretics,fade,True,100,50,2,1,0,4,False,Boo,Team Heretics,omen,True,100,25,2,1,0,2,False,benjyfishy,Team Heretics,deadlock,True,100,25,1,1,1,2,False,Wo0t,Team Heretics,chamber,True,100,50,0,1,1,2,False,grubinho,GIANTX,omen,True,100,25,2,1,1,2,False,ara,GIANTX,raze,True,100,25,0,2,1,1,False,Cloud,GIANTX,fade,True,100,25,2,1,1,4,False,Flickless,GIANTX,viper,True,100,16,1,0,0,1,False,westside,GIANTX,cypher,True,100,25,0,0,0,5,False
1927.859,8255,ACTIVE_ROUND,15,3,11,77.000,,,MiniBoo,Team Heretics,raze,True,66,27,0,2,1,3,False,RieNs,Team Heretics,fade,True,100,50,2,1,0,4,False,Boo,Team Heretics,omen,True,100,25,2,1,0,2,False,benjyfishy,Team Heretics,deadlock,True,100,25,1,1,1,2,False,Wo0t,Team Heretics,chamber,True,100,50,0,1,1,2,False,grubinho,GIANTX,omen,True,100,25,2,1,1,2,False,ara,GIANTX,raze,True,100,25,0,2,1,1,False,Cloud,GIANTX,fade,True,100,25,2,1,1,4,False,Flickless,GIANTX,viper,True,100,16,1,0,0,1,False,westside,GIANTX,cypher,True,100,25,0,0,0,5,False
1928.093,8256,ACTIVE_ROUND,15,3,11,77.000,,,MiniBoo,Team Heretics,raze,True,66,27,0,2,1,3,False,RieNs,Team Heretics,fade,True,100,50,2,1,0,4,False,Boo,Team Heretics,omen,True,100,25,2,1,0,2,False,benjyfishy,Team Heretics,deadlock,True,100,25,1,1,1,2,False,Wo0t,Team Heretics,chamber,True,100,50,0,1,1,2,False,grubinho,GIANTX,omen,True,100,25,2,1,0,2,False,ara,GIANTX,raze,True,100,25,0,2,1,1,False,Cloud,GIANTX,fade,True,100,25,2,1,1,4,False,Flickless,GIANTX,viper,True,100,16,1,0,0,1,False,westside,GIANTX,cypher,True,100,25,0,0,0,5,False
1928.326,8257,ACTIVE_ROUND,15,3,11,77.000,,,MiniBoo,Team Heretics,raze,True,66,27,0,2,1,3,False,RieNs,Team Heretics,fade,True,100,50,2,1,0,4,False,Boo,Team Heretics,omen,True,100,25,2,1,0,2,False,benjyfishy,Team Heretics,deadlock,True,100,25,1,1,1,2,False,Wo0t,Team Heretics,chamber,True,100,50,0,1,1,2,False,grubinho,GIANTX,omen,True,100,25,2,1,0,2,False,ara,GIANTX,raze,True,100,25,0,2,1,1,False,Cloud,GIANTX,fade,True,100,25,2,1,1,4,False,Flickless,GIANTX,viper,True,100,16,1,0,0,1,False,westside,GIANTX,cypher,True,100,25,0,0,0,5,False
1928.560,8258,ACTIVE_ROUND,15,3,11,76.000,,,MiniBoo,Team Heretics,raze,True,66,27,0,2,1,3,False,RieNs,Team Heretics,fade,True,100,50,2,1,0,4,False,Boo,Team Heretics,omen,True,100,25,2,1,0,2,False,benjyfishy,Team Heretics,deadlock,True,100,25,1,1,1,2,False,Wo0t,Team Heretics,chamber,True,100,50,0,1,1,2,False,grubinho,GIANTX,omen,True,100,25,2,1,0,2,False,ara,GIANTX,raze,True,100,25,0,2,1,1,False,Cloud,GIANTX,fade,True,100,25,2,1,1,4,False,Flickless,GIANTX,viper,True,100,16,1,0,0,1,False,westside,GIANTX,cypher,True,100,25,0,0,0,5,False
1928.794,8259,ACTIVE_ROUND,15,3,11,76.000,,,MiniBoo,Team Heretics,raze,True,66,27,0,2,1,3,False,RieNs,Team Heretics,fade,True,100,50,2,1,0,4,False,Boo,Team Heretics,omen,True,100,25,2,1,0,2,False,benjyfishy,Team Heretics,deadlock,True,100,25,1,1,1,2,False,Wo0t,Team Heretics,chamber,True,100,50,0,1,1,2,False,grubinho,GIANTX,omen,True,100,25,2,1,0,2,False,ara,GIANTX,raze,True,100,25,0,2,1,1,False,Cloud,GIANTX,fade,True,100,25,2,1,1,4,False,Flickless,GIANTX,viper,True,100,16,1,0,0,1,False,westside,GIANTX,cypher,True,100,25,0,0,0,5,False
1929.027,8260,ACTIVE_ROUND,15,3,11,76.000,,,MiniBoo,Team Heretics,raze,True,66,27,0,2,1,3,False,RieNs,Team Heretics,fade,True,100,50,2,1,0,4,False,Boo,Team Heretics,omen,True,100,25,2,1,0,2,False,benjyfishy,Team Heretics,deadlock,True,100,25,1,1,1,2,False,Wo0t,Team Heretics,chamber,True,100,50,0,1,1,2,False,grubinho,GIANTX,omen,True,100,25,2,1,0,2,False,ara,GIANTX,raze,True,100,25,0,2,1,1,False,Cloud,GIANTX,fade,True,100,25,2,1,1,4,False,Flickless,GIANTX,viper,True,100,16,1,0,0,1,False,westside,GIANTX,cypher,True,100,25,0,0,0,5,False
1929.261,8261,ACTIVE_ROUND,15,3,11,76.000,,,MiniBoo,Team Heretics,raze,True,66,27,0,2,1,3,False,RieNs,Team Heretics,fade,True,100,50,2,1,0,4,False,Boo,Team Heretics,omen,True,100,25,2,1,0,2,False,benjyfishy,Team Heretics,deadlock,True,100,25,1,1,1,2,False,Wo0t,Team Heretics,chamber,True,100,50,0,1,1,2,False,grubinho,GIANTX,omen,True,100,25,2,1,0,2,False,ara,GIANTX,raze,True,100,25,0,2,1,1,False,Cloud,GIANTX,fade,True,100,25,2,1,1,4,False,Flickless,GIANTX,viper,True,100,16,1,0,0,1,False,westside,GIANTX,cypher,True,100,25,0,0,0,5,False
1929.494,8262,ACTIVE_ROUND,15,3,11,76.000,,,MiniBoo,Team Heretics,raze,True,66,27,0,2,1,3,False,RieNs,Team Heretics,fade,True,100,50,2,1,0,4,False,Boo,Team Heretics,omen,True,100,25,2,1,0,2,False,benjyfishy,Team Heretics,deadlock,True,100,25,1,1,1,2,False,Wo0t,Team Heretics,chamber,True,100,50,0,1,1,2,False,grubinho,GIANTX,omen,True,100,25,2,1,0,2,False,ara,GIANTX,raze,True,100,25,0,2,1,1,False,Cloud,GIANTX,fade,True,100,25,2,1,1,4,False,Flickless,GIANTX,viper,True,100,16,1,0,0,1,False,westside,GIANTX,cypher,True,100,25,0,0,0,5,False
1929.728,8263,ACTIVE_ROUND,15,3,11,75.000,,,MiniBoo,Team Heretics,raze,True,66,27,0,2,1,3,False,RieNs,Team Heretics,fade,True,100,50,2,1,0,4,False,Boo,Team Heretics,omen,True,100,25,2,1,0,2,False,benjyfishy,Team Heretics,deadlock,True,100,25,1,1,1,2,False,Wo0t,Team Heretics,chamber,True,100,50,0,1,1,2,False,grubinho,GIANTX,omen,True,100,25,2,1,0,2,False,ara,GIANTX,raze,True,100,25,0,2,1,1,False,Cloud,GIANTX,fade,True,100,25,2,1,1,4,False,Flickless,GIANTX,viper,True,100,16,1,0,0,1,False,westside,GIANTX,cypher,True,100,25,0,0,0,5,False
1929.961,8264,ACTIVE_ROUND,15,3,11,75.000,,,MiniBoo,Team Heretics,raze,True,66,27,0,2,1,3,False,RieNs,Team Heretics,fade,True,100,50,2,1,0,4,False,Boo,Team Heretics,omen,True,100,25,2,1,0,2,False,benjyfishy,Team Heretics,deadlock,True,100,25,1,1,1,2,False,Wo0t,Team Heretics,chamber,True,100,50,0,1,1,2,False,grubinho,GIANTX,omen,True,100,25,2,1,0,2,False,ara,GIANTX,raze,True,100,25,0,2,1,1,False,Cloud,GIANTX,fade,True,100,25,2,1,1,4,False,Flickless,GIANTX,viper,True,100,16,1,0,0,1,False,westside,GIANTX,cypher,True,100,25,0,0,0,5,False
1930.195,8265,ACTIVE_ROUND,15,3,11,75.000,,,MiniBoo,Team Heretics,raze,True,66,27,0,2,1,3,False,RieNs,Team Heretics,fade,True,100,50,2,1,0,4,False,Boo,Team Heretics,omen,True,100,25,2,1,0,2,False,benjyfishy,Team Heretics,deadlock,True,100,25,1,1,1,2,False,Wo0t,Team Heretics,chamber,True,100,50,0,1,1,2,False,grubinho,GIANTX,omen,True,100,25,2,1,0,2,False,ara,GIANTX,raze,True,100,25,0,2,1,1,False,Cloud,GIANTX,fade,True,100,25,2,1,1,4,False,Flickless,GIANTX,viper,True,100,19,1,0,0,1,False,westside,GIANTX,cypher,True,100,25,0,0,0,5,False
1930.428,8266,ACTIVE_ROUND,15,3,11,75.000,,,MiniBoo,Team Heretics,raze,True,66,27,0,2,1,3,False,RieNs,Team Heretics,fade,True,100,50,2,1,0,4,False,Boo,Team Heretics,omen,True,100,25,2,1,0,2,False,benjyfishy,Team Heretics,deadlock,True,100,25,1,1,1,2,False,Wo0t,Team Heretics,chamber,True,100,50,0,1,1,2,False,grubinho,GIANTX,omen,True,100,25,2,1,0,2,False,ara,GIANTX,raze,True,100,25,0,2,1,1,False,Cloud,GIANTX,fade,True,100,25,2,1,1,4,False,Flickless,GIANTX,viper,True,100,19,1,0,0,1,False,westside,GIANTX,cypher,True,100,25,0,0,0,5,False
1930.662,8267,ACTIVE_ROUND,15,3,11,74.000,,,MiniBoo,Team Heretics,raze,True,66,27,0,2,1,3,False,RieNs,Team Heretics,fade,True,100,50,2,1,0,4,False,Boo,Team Heretics,omen,True,100,25,2,1,0,2,False,benjyfishy,Team Heretics,deadlock,True,100,25,1,1,1,2,False,Wo0t,Team Heretics,chamber,True,100,50,0,1,1,2,False,grubinho,GIANTX,omen,True,100,25,2,1,0,2,False,ara,GIANTX,raze,True,100,25,0,2,1,1,False,Cloud,GIANTX,fade,True,100,25,2,1,1,4,False,Flickless,GIANTX,viper,True,100,19,1,0,0,1,False,westside,GIANTX,cypher,True,100,25,0,0,0,5,False
1930.896,8268,ACTIVE_ROUND,15,3,11,74.000,,,MiniBoo,Team Heretics,raze,True,66,27,0,2,1,3,False,RieNs,Team Heretics,fade,True,100,50,2,1,0,4,False,Boo,Team Heretics,omen,True,100,25,2,1,0,2,False,benjyfishy,Team Heretics,deadlock,True,100,25,1,1,1,2,False,Wo0t,Team Heretics,chamber,True,100,50,0,1,1,2,False,grubinho,GIANTX,omen,True,100,25,2,1,0,2,False,ara,GIANTX,raze,True,100,25,0,2,1,1,False,Cloud,GIANTX,fade,True,100,25,2,1,1,4,False,Flickless,GIANTX,viper,True,100,19,1,0,0,1,False,westside,GIANTX,cypher,True,100,25,0,0,0,5,False
1931.129,8269,ACTIVE_ROUND,15,3,11,74.000,,,MiniBoo,Team Heretics,raze,True,66,27,0,2,1,3,False,RieNs,Team Heretics,fade,True,100,50,2,1,0,4,False,Boo,Team Heretics,omen,True,100,25,2,1,0,2,False,benjyfishy,Team Heretics,deadlock,True,100,25,1,1,1,2,False,Wo0t,Team Heretics,chamber,True,100,50,0,1,1,2,False,grubinho,GIANTX,omen,True,100,25,2,1,0,2,False,ara,GIANTX,raze,True,100,25,0,2,1,1,False,Cloud,GIANTX,fade,True,100,25,2,1,1,4,False,Flickless,GIANTX,viper,True,100,25,1,0,0,1,False,westside,GIANTX,cypher,True,100,25,0,0,0,5,False
1931.363,8270,ACTIVE_ROUND,15,3,11,74.000,,,MiniBoo,Team Heretics,raze,True,66,27,0,2,1,3,False,RieNs,Team Heretics,fade,True,100,50,2,1,0,4,False,Boo,Team Heretics,omen,True,100,25,2,1,0,2,False,benjyfishy,Team Heretics,deadlock,True,100,25,1,1,1,2,False,Wo0t,Team Heretics,chamber,True,100,50,0,1,1,2,False,grubinho,GIANTX,omen,True,100,25,2,1,0,2,False,ara,GIANTX,raze,True,100,25,0,2,1,1,False,Cloud,GIANTX,fade,True,100,25,2,1,1,4,False,Flickless,GIANTX,viper,True,100,25,1,0,0,1,False,westside,GIANTX,cypher,True,100,25,0,0,0,5,False
1931.596,8271,ACTIVE_ROUND,15,3,11,73.000,,,MiniBoo,Team Heretics,raze,True,66,27,0,2,1,3,False,RieNs,Team Heretics,fade,True,100,50,2,1,0,4,False,Boo,Team Heretics,omen,True,100,25,2,1,0,2,False,benjyfishy,Team Heretics,deadlock,True,100,25,1,1,1,2,False,Wo0t,Team Heretics,chamber,True,100,50,0,1,1,2,False,grubinho,GIANTX,omen,True,100,25,2,1,0,2,False,ara,GIANTX,raze,True,100,25,0,2,1,1,False,Cloud,GIANTX,fade,True,100,25,2,1,1,4,False,Flickless,GIANTX,viper,True,100,25,1,0,0,1,False,westside,GIANTX,cypher,True,100,25,0,0,0,5,False
1931.830,8272,ACTIVE_ROUND,15,3,11,73.000,,,MiniBoo,Team Heretics,raze,True,66,27,0,2,1,3,False,RieNs,Team Heretics,fade,True,100,50,2,1,0,4,False,Boo,Team Heretics,omen,True,100,25,2,1,0,2,False,benjyfishy,Team Heretics,deadlock,True,100,25,1,1,1,2,False,Wo0t,Team Heretics,chamber,True,100,50,0,1,1,2,False,grubinho,GIANTX,omen,True,100,25,2,1,0,2,False,ara,GIANTX,raze,True,100,25,0,2,1,1,False,Cloud,GIANTX,fade,True,100,25,2,1,1,4,False,Flickless,GIANTX,viper,True,100,25,1,0,0,1,False,westside,GIANTX,cypher,True,100,25,0,0,0,5,False
1932.063,8273,ACTIVE_ROUND,15,3,11,73.000,,,MiniBoo,Team Heretics,raze,True,66,27,0,2,1,3,False,RieNs,Team Heretics,fade,True,100,50,2,1,0,4,False,Boo,Team Heretics,omen,True,100,25,2,1,0,2,False,benjyfishy,Team Heretics,deadlock,True,100,25,1,1,1,2,False,Wo0t,Team Heretics,chamber,True,100,50,0,1,1,2,False,grubinho,GIANTX,omen,True,100,25,2,1,0,2,False,ara,GIANTX,raze,True,100,25,0,2,1,1,False,Cloud,GIANTX,fade,True,100,25,2,1,1,4,False,Flickless,GIANTX,viper,True,100,25,1,0,0,1,False,westside,GIANTX,cypher,True,100,25,0,0,0,5,False
1932.297,8274,ACTIVE_ROUND,15,3,11,73.000,,,MiniBoo,Team Heretics,raze,True,66,27,0,2,1,3,False,RieNs,Team Heretics,fade,True,100,50,2,1,0,4,False,Boo,Team Heretics,omen,True,100,25,2,1,0,2,False,benjyfishy,Team Heretics,deadlock,True,100,25,1,1,1,2,False,Wo0t,Team Heretics,chamber,True,100,50,0,1,1,2,False,grubinho,GIANTX,omen,True,100,25,2,1,0,2,False,ara,GIANTX,raze,True,100,25,0,2,1,1,False,Cloud,GIANTX,fade,True,100,25,2,1,1,4,False,Flickless,GIANTX,viper,True,100,25,1,0,0,1,False,westside,GIANTX,cypher,True,100,25,0,0,0,5,False
1932.531,8275,ACTIVE_ROUND,15,3,11,72.000,,,MiniBoo,Team Heretics,raze,True,66,27,0,2,1,3,False,RieNs,Team Heretics,fade,True,100,50,2,1,0,4,False,Boo,Team Heretics,omen,True,100,25,2,1,0,2,False,benjyfishy,Team Heretics,deadlock,True,100,25,1,1,1,2,False,Wo0t,Team Heretics,chamber,True,100,50,0,1,1,2,False,grubinho,GIANTX,omen,True,100,25,2,1,0,2,False,ara,GIANTX,raze,True,100,25,0,2,1,1,False,Cloud,GIANTX,fade,True,100,25,2,1,1,4,False,Flickless,GIANTX,viper,True,100,25,1,0,0,1,False,westside,GIANTX,cypher,True,100,25,0,0,0,5,False
1932.764,8276,ACTIVE_ROUND,15,3,11,72.000,,,MiniBoo,Team Heretics,raze,True,66,27,0,2,1,3,False,RieNs,Team Heretics,fade,True,100,50,2,1,0,4,False,Boo,Team Heretics,omen,True,100,25,2,1,0,2,False,benjyfishy,Team Heretics,deadlock,True,100,25,1,1,1,2,False,Wo0t,Team Heretics,chamber,True,100,50,0,1,1,2,False,grubinho,GIANTX,omen,True,100,25,2,1,0,2,False,ara,GIANTX,raze,True,100,25,0,2,1,1,False,Cloud,GIANTX,fade,True,100,25,2,1,1,4,False,Flickless,GIANTX,viper,True,100,25,1,0,0,1,False,westside,GIANTX,cypher,True,100,25,0,0,0,5,False
1932.998,8277,ACTIVE_ROUND,15,3,11,72.000,,,MiniBoo,Team Heretics,raze,True,66,27,0,2,1,3,False,RieNs,Team Heretics,fade,True,100,50,2,1,0,4,False,Boo,Team Heretics,omen,True,100,25,2,1,0,2,False,benjyfishy,Team Heretics,deadlock,True,100,25,1,1,1,2,False,Wo0t,Team Heretics,chamber,True,100,50,0,1,1,2,False,grubinho,GIANTX,omen,True,100,25,2,1,0,2,False,ara,GIANTX,raze,True,100,25,0,2,1,1,False,Cloud,GIANTX,fade,True,100,25,2,1,1,4,False,Flickless,GIANTX,viper,True,100,25,1,0,0,1,False,westside,GIANTX,cypher,True,100,25,0,0,0,5,False
1933.231,8278,ACTIVE_ROUND,15,3,11,72.000,,,MiniBoo,Team Heretics,raze,True,66,27,0,2,1,3,False,RieNs,Team Heretics,fade,True,100,50,2,1,0,4,False,Boo,Team Heretics,omen,True,100,25,2,1,0,2,False,benjyfishy,Team Heretics,deadlock,True,100,25,1,1,1,2,False,Wo0t,Team Heretics,chamber,True,100,19,0,1,1,2,False,grubinho,GIANTX,omen,True,100,25,2,1,0,2,False,ara,GIANTX,raze,True,100,25,0,2,1,1,False,Cloud,GIANTX,fade,True,100,25,1,1,1,4,False,Flickless,GIANTX,viper,True,100,25,1,0,0,1,False,westside,GIANTX,cypher,True,100,25,0,0,0,5,False
1933.465,8279,ACTIVE_ROUND,15,3,11,72.000,,,MiniBoo,Team Heretics,raze,True,66,27,0,2,1,3,False,RieNs,Team Heretics,fade,True,100,50,2,1,0,4,False,Boo,Team Heretics,omen,True,100,25,2,1,0,2,False,benjyfishy,Team Heretics,deadlock,True,100,25,1,1,1,2,False,Wo0t,Team Heretics,chamber,True,100,19,0,1,1,2,False,grubinho,GIANTX,omen,True,100,25,2,1,0,2,False,ara,GIANTX,raze,True,100,25,0,2,1,1,False,Cloud,GIANTX,fade,True,100,25,1,1,1,4,False,Flickless,GIANTX,viper,True,100,25,1,0,0,1,False,westside,GIANTX,cypher,True,100,25,0,0,0,5,False
1933.698,8280,ACTIVE_ROUND,15,3,11,71.000,,,MiniBoo,Team Heretics,raze,True,66,27,0,2,1,3,False,RieNs,Team Heretics,fade,True,100,50,2,1,0,4,False,Boo,Team Heretics,omen,True,100,25,2,1,0,2,False,benjyfishy,Team Heretics,deadlock,True,100,25,1,1,1,2,False,Wo0t,Team Heretics,chamber,True,100,19,0,1,1,2,False,grubinho,GIANTX,omen,True,100,25,2,1,0,2,False,ara,GIANTX,raze,True,100,25,0,2,1,1,False,Cloud,GIANTX,fade,True,100,25,1,1,1,4,False,Flickless,GIANTX,viper,True,100,25,1,0,0,1,False,westside,GIANTX,cypher,True,100,25,0,0,0,5,False
1933.932,8281,ACTIVE_ROUND,15,3,11,71.000,,,MiniBoo,Team Heretics,raze,True,66,27,0,2,1,3,False,RieNs,Team Heretics,fade,True,100,50,2,1,0,4,False,Boo,Team Heretics,omen,True,100,25,2,1,0,2,False,benjyfishy,Team Heretics,deadlock,True,100,25,1,1,1,2,False,Wo0t,Team Heretics,chamber,True,100,19,0,1,1,2,False,grubinho,GIANTX,omen,True,100,25,2,1,0,2,False,ara,GIANTX,raze,True,100,25,0,2,1,1,False,Cloud,GIANTX,fade,True,100,25,1,1,1,4,False,Flickless,GIANTX,viper,True,100,25,1,0,0,1,False,westside,GIANTX,cypher,True,100,25,0,0,0,5,False
1934.166,8282,ACTIVE_ROUND,15,3,11,71.000,,,MiniBoo,Team Heretics,raze,True,66,27,0,2,1,3,False,RieNs,Team Heretics,fade,True,100,50,2,1,0,4,False,Boo,Team Heretics,omen,True,100,25,2,1,0,2,False,benjyfishy,Team Heretics,deadlock,True,100,25,1,1,1,2,False,Wo0t,Team Heretics,chamber,True,100,19,0,1,1,2,False,grubinho,GIANTX,omen,True,100,25,2,1,0,2,False,ara,GIANTX,raze,True,100,25,0,2,1,1,False,Cloud,GIANTX,fade,True,100,25,1,1,1,4,False,Flickless,GIANTX,viper,True,100,25,1,0,0,1,False,westside,GIANTX,cypher,True,100,25,0,0,0,5,False
1934.399,8283,ACTIVE_ROUND,15,3,11,71.000,,,MiniBoo,Team Heretics,raze,True,66,27,0,2,1,3,False,RieNs,Team Heretics,fade,True,100,50,2,1,0,4,False,Boo,Team Heretics,omen,True,100,25,2,1,0,2,False,benjyfishy,Team Heretics,deadlock,True,100,25,1,1,1,2,False,Wo0t,Team Heretics,chamber,True,100,19,0,1,1,2,False,grubinho,GIANTX,omen,True,100,25,2,1,0,2,False,ara,GIANTX,raze,True,100,25,0,2,1,1,False,Cloud,GIANTX,fade,True,100,25,1,1,1,4,False,Flickless,GIANTX,viper,True,100,25,1,0,0,1,False,westside,GIANTX,cypher,True,100,25,0,0,0,5,False
1934.633,8284,ACTIVE_ROUND,15,3,11,70.000,,,MiniBoo,Team Heretics,raze,True,66,27,0,2,1,3,False,RieNs,Team Heretics,fade,True,100,50,2,1,0,4,False,Boo,Team Heretics,omen,True,100,25,2,1,0,2,False,benjyfishy,Team Heretics,deadlock,True,100,25,1,1,1,2,False,Wo0t,Team Heretics,chamber,True,100,19,0,1,1,2,False,grubinho,GIANTX,omen,True,100,25,2,1,0,2,False,ara,GIANTX,raze,True,100,25,0,2,1,1,False,Cloud,GIANTX,fade,True,100,25,1,1,1,4,False,Flickless,GIANTX,viper,True,100,25,1,0,0,1,False,westside,GIANTX,cypher,True,100,25,0,0,0,5,False
1934.866,8285,ACTIVE_ROUND,15,3,11,70.000,,,MiniBoo,Team Heretics,raze,True,66,27,0,2,1,3,False,RieNs,Team Heretics,fade,True,100,50,2,1,0,4,False,Boo,Team Heretics,omen,True,100,25,2,1,0,2,False,benjyfishy,Team Heretics,deadlock,True,100,25,1,1,1,2,False,Wo0t,Team Heretics,chamber,True,100,19,0,1,1,2,False,grubinho,GIANTX,omen,True,100,25,2,1,0,2,False,ara,GIANTX,raze,True,100,25,0,2,1,1,False,Cloud,GIANTX,fade,True,100,25,1,1,1,4,False,Flickless,GIANTX,viper,True,100,25,1,0,0,1,False,westside,GIANTX,cypher,True,100,25,0,0,0,5,False
1935.100,8286,ACTIVE_ROUND,15,3,11,70.000,,,MiniBoo,Team Heretics,raze,True,66,27,0,2,1,3,False,RieNs,Team Heretics,fade,True,100,50,2,1,0,4,False,Boo,Team Heretics,omen,True,100,25,2,1,0,2,False,benjyfishy,Team Heretics,deadlock,True,100,25,1,1,1,2,False,Wo0t,Team Heretics,chamber,True,100,40,0,1,1,2,False,grubinho,GIANTX,omen,True,100,25,2,1,0,2,False,ara,GIANTX,raze,True,100,25,0,2,1,1,False,Cloud,GIANTX,fade,True,100,25,1,1,1,4,False,Flickless,GIANTX,viper,True,100,25,1,0,0,1,False,westside,GIANTX,cypher,True,100,25,0,0,0,5,False
1935.333,8287,ACTIVE_ROUND,15,3,11,70.000,,,MiniBoo,Team Heretics,raze,True,66,27,0,2,1,3,False,RieNs,Team Heretics,fade,True,100,50,2,1,0,4,False,Boo,Team Heretics,omen,True,100,25,2,1,0,2,False,benjyfishy,Team Heretics,deadlock,True,100,25,1,1,1,2,False,Wo0t,Team Heretics,chamber,True,100,40,0,1,1,2,False,grubinho,GIANTX,omen,True,100,25,2,1,0,2,False,ara,GIANTX,raze,True,100,25,0,2,1,1,False,Cloud,GIANTX,fade,True,100,25,1,1,1,4,False,Flickless,GIANTX,viper,True,100,25,1,0,0,1,False,westside,GIANTX,cypher,True,100,25,0,0,0,5,False
1935.567,8288,ACTIVE_ROUND,15,3,11,69.000,,,MiniBoo,Team Heretics,raze,True,66,27,0,2,1,3,False,RieNs,Team Heretics,fade,True,100,50,2,1,0,4,False,Boo,Team Heretics,omen,True,100,25,2,1,0,2,False,benjyfishy,Team Heretics,deadlock,True,100,25,1,1,1,2,False,Wo0t,Team Heretics,chamber,True,100,40,0,1,1,2,False,grubinho,GIANTX,omen,True,100,25,2,1,0,2,False,ara,GIANTX,raze,True,100,25,0,2,1,1,False,Cloud,GIANTX,fade,True,100,25,1,1,1,4,False,Flickless,GIANTX,viper,True,100,25,1,0,0,1,False,westside,GIANTX,cypher,True,100,25,0,0,0,5,False
1935.801,8289,ACTIVE_ROUND,15,3,11,69.000,,,MiniBoo,Team Heretics,raze,True,66,27,0,2,1,3,False,RieNs,Team Heretics,fade,True,100,50,2,1,0,4,False,Boo,Team Heretics,omen,True,100,25,2,1,0,2,False,benjyfishy,Team Heretics,deadlock,True,100,25,1,1,1,2,False,Wo0t,Team Heretics,chamber,True,100,40,0,1,1,2,False,grubinho,GIANTX,omen,True,100,25,2,1,0,2,False,ara,GIANTX,raze,True,100,25,0,2,1,1,False,Cloud,GIANTX,fade,True,100,25,1,1,1,4,False,Flickless,GIANTX,viper,True,100,25,1,0,0,1,False,westside,GIANTX,cypher,True,100,25,0,0,0,5,False
1936.034,8290,ACTIVE_ROUND,15,3,11,69.000,,,MiniBoo,Team Heretics,raze,True,66,27,0,2,1,3,False,RieNs,Team Heretics,fade,True,100,50,2,1,0,4,False,Boo,Team Heretics,omen,True,100,25,2,1,0,2,False,benjyfishy,Team Heretics,deadlock,True,100,25,1,1,1,2,False,Wo0t,Team Heretics,chamber,True,100,40,0,1,1,2,False,grubinho,GIANTX,omen,True,100,25,2,1,0,2,False,ara,GIANTX,raze,True,100,25,0,2,1,1,False,Cloud,GIANTX,fade,True,100,25,1,1,1,4,False,Flickless,GIANTX,viper,True,100,25,1,0,0,1,False,westside,GIANTX,cypher,True,100,25,0,0,0,5,False
1936.268,8291,ACTIVE_ROUND,15,3,11,69.000,,,MiniBoo,Team Heretics,raze,True,66,27,0,2,1,3,False,RieNs,Team Heretics,fade,True,100,50,2,1,0,4,False,Boo,Team Heretics,omen,True,100,25,2,1,0,2,False,benjyfishy,Team Heretics,deadlock,True,100,25,1,1,1,2,False,Wo0t,Team Heretics,chamber,True,100,50,0,1,1,2,False,grubinho,GIANTX,omen,True,100,25,2,1,1,2,False,ara,GIANTX,raze,True,100,25,0,2,1,1,False,Cloud,GIANTX,fade,True,100,25,1,1,1,4,False,Flickless,GIANTX,viper,True,100,25,1,0,0,1,False,westside,GIANTX,cypher,True,100,25,0,0,0,5,False
1936.501,8292,ACTIVE_ROUND,15,3,11,69.000,,,MiniBoo,Team Heretics,raze,True,66,27,0,2,1,3,False,RieNs,Team Heretics,fade,True,100,50,2,1,0,4,False,Boo,Team Heretics,omen,True,100,25,2,1,0,2,False,benjyfishy,Team Heretics,deadlock,True,100,25,1,1,1,2,False,Wo0t,Team Heretics,chamber,True,100,50,0,1,1,2,False,grubinho,GIANTX,omen,True,100,25,2,1,1,2,False,ara,GIANTX,raze,True,100,25,0,2,1,1,False,Cloud,GIANTX,fade,True,100,25,1,1,1,4,False,Flickless,GIANTX,viper,True,100,25,1,0,0,1,False,westside,GIANTX,cypher,True,100,25,0,0,0,5,False
1936.735,8293,ACTIVE_ROUND,15,3,11,68.000,,,MiniBoo,Team Heretics,raze,True,66,27,0,2,1,3,False,RieNs,Team Heretics,fade,True,100,50,2,1,0,4,False,Boo,Team Heretics,omen,True,100,25,2,1,0,2,False,benjyfishy,Team Heretics,deadlock,True,100,25,1,1,1,2,False,Wo0t,Team Heretics,chamber,True,100,50,0,1,1,2,False,grubinho,GIANTX,omen,True,100,25,2,1,1,2,False,ara,GIANTX,raze,True,100,25,0,2,1,1,False,Cloud,GIANTX,fade,True,100,25,1,1,1,4,False,Flickless,GIANTX,viper,True,100,25,1,0,0,1,False,westside,GIANTX,cypher,True,100,25,0,0,0,5,False
1936.968,8294,ACTIVE_ROUND,15,3,11,68.000,,,MiniBoo,Team Heretics,raze,True,66,27,0,2,1,3,False,RieNs,Team Heretics,fade,True,100,50,2,1,0,4,False,Boo,Team Heretics,omen,True,100,25,2,1,0,2,False,benjyfishy,Team Heretics,deadlock,True,100,25,1,1,1,2,False,Wo0t,Team Heretics,chamber,True,100,50,0,1,1,2,False,grubinho,GIANTX,omen,True,100,25,2,1,1,2,False,ara,GIANTX,raze,True,100,25,0,2,1,1,False,Cloud,GIANTX,fade,True,100,25,1,1,1,4,False,Flickless,GIANTX,viper,True,100,25,1,0,0,1,False,westside,GIANTX,cypher,True,100,25,0,0,0,5,False
1937.202,8295,ACTIVE_ROUND,15,3,11,68.000,,,MiniBoo,Team Heretics,raze,True,66,27,0,2,1,3,False,RieNs,Team Heretics,fade,True,100,50,2,1,0,4,False,Boo,Team Heretics,omen,True,100,25,2,1,0,2,False,benjyfishy,Team Heretics,deadlock,True,100,25,1,1,1,2,False,Wo0t,Team Heretics,chamber,True,100,50,0,1,1,2,False,grubinho,GIANTX,omen,True,100,25,2,1,1,2,False,ara,GIANTX,raze,True,100,25,0,2,1,1,False,Cloud,GIANTX,fade,True,100,25,1,1,1,4,False,Flickless,GIANTX,viper,True,100,25,1,0,0,1,False,westside,GIANTX,cypher,True,100,25,0,0,0,5,False
1937.436,8296,ACTIVE_ROUND,15,3,11,68.000,,,MiniBoo,Team Heretics,raze,True,66,27,0,2,1,3,False,RieNs,Team Heretics,fade,True,100,50,2,1,0,4,False,Boo,Team Heretics,omen,True,100,25,2,1,0,2,False,benjyfishy,Team Heretics,deadlock,True,100,25,1,1,1,2,False,Wo0t,Team Heretics,chamber,True,100,50,0,1,1,2,False,grubinho,GIANTX,omen,True,100,25,2,1,1,2,False,ara,GIANTX,raze,True,100,25,0,2,1,1,False,Cloud,GIANTX,fade,True,100,25,1,1,1,4,False,Flickless,GIANTX,viper,True,100,25,1,0,0,1,False,westside,GIANTX,cypher,True,100,25,0,0,0,5,False
1937.669,8297,ACTIVE_ROUND,15,3,11,67.000,,,MiniBoo,Team Heretics,raze,True,66,27,0,2,1,3,False,RieNs,Team Heretics,fade,True,100,50,2,1,0,4,False,Boo,Team Heretics,omen,True,100,25,2,1,0,2,False,benjyfishy,Team Heretics,deadlock,True,100,25,1,1,1,2,False,Wo0t,Team Heretics,chamber,True,100,50,0,1,1,2,False,grubinho,GIANTX,omen,True,100,25,2,1,1,2,False,ara,GIANTX,raze,True,100,25,0,2,1,1,False,Cloud,GIANTX,fade,True,100,25,1,1,1,4,False,Flickless,GIANTX,viper,True,100,25,1,0,0,1,False,westside,GIANTX,cypher,True,100,25,0,0,0,5,False
1937.903,8298,ACTIVE_ROUND,15,3,11,67.000,,,MiniBoo,Team Heretics,raze,True,66,27,0,2,1,3,False,RieNs,Team Heretics,fade,True,100,50,2,1,0,4,False,Boo,Team Heretics,omen,True,100,25,2,1,0,2,False,benjyfishy,Team Heretics,deadlock,True,100,25,1,1,1,2,False,Wo0t,Team Heretics,chamber,True,100,50,0,1,1,2,False,grubinho,GIANTX,omen,True,100,25,2,1,1,2,False,ara,GIANTX,raze,True,100,25,0,2,1,1,False,Cloud,GIANTX,fade,True,100,25,1,1,1,4,False,Flickless,GIANTX,viper,True,100,25,1,0,0,1,False,westside,GIANTX,cypher,True,100,25,0,0,0,5,False
1938.136,8299,ACTIVE_ROUND,15,3,11,67.000,,,MiniBoo,Team Heretics,raze,True,66,27,0,2,1,3,False,RieNs,Team Heretics,fade,True,100,50,2,1,0,4,False,Boo,Team Heretics,omen,True,100,25,2,1,0,2,False,benjyfishy,Team Heretics,deadlock,True,100,25,1,1,1,2,False,Wo0t,Team Heretics,chamber,True,100,50,0,1,1,2,False,grubinho,GIANTX,omen,True,100,25,2,1,1,2,False,ara,GIANTX,raze,True,100,25,0,2,1,1,False,Cloud,GIANTX,fade,True,100,25,1,1,1,4,False,Flickless,GIANTX,viper,True,100,25,1,0,0,1,False,westside,GIANTX,cypher,True,100,25,0,0,0,5,False
1938.370,8300,ACTIVE_ROUND,15,3,11,67.000,,,MiniBoo,Team Heretics,raze,True,66,27,0,2,1,3,False,RieNs,Team Heretics,fade,True,100,50,2,1,0,4,False,Boo,Team Heretics,omen,True,100,25,2,1,0,2,False,benjyfishy,Team Heretics,deadlock,True,100,25,1,1,1,2,False,Wo0t,Team Heretics,chamber,True,100,50,0,1,1,2,False,grubinho,GIANTX,omen,True,100,25,2,1,1,2,False,ara,GIANTX,raze,True,100,25,0,2,1,1,False,Cloud,GIANTX,fade,True,100,25,1,1,1,4,False,Flickless,GIANTX,viper,True,100,25,1,0,0,1,False,westside,GIANTX,cypher,True,100,25,0,0,0,5,False
1938.603,8301,ACTIVE_ROUND,15,3,11,66.000,,,MiniBoo,Team Heretics,raze,True,66,27,0,2,1,3,False,RieNs,Team Heretics,fade,True,100,50,2,1,0,4,False,Boo,Team Heretics,omen,True,100,25,2,1,0,2,False,benjyfishy,Team Heretics,deadlock,True,100,25,1,1,1,2,False,Wo0t,Team Heretics,chamber,True,100,50,0,1,1,2,False,grubinho,GIANTX,omen,True,100,25,2,1,1,2,False,ara,GIANTX,raze,True,100,25,0,2,1,1,False,Cloud,GIANTX,fade,True,100,25,1,1,1,4,False,Flickless,GIANTX,viper,True,100,25,1,0,0,1,False,westside,GIANTX,cypher,True,100,25,0,0,0,5,False
1938.837,8302,ACTIVE_ROUND,15,3,11,66.000,,,MiniBoo,Team Heretics,raze,True,66,27,0,2,1,3,False,RieNs,Team Heretics,fade,True,100,50,2,1,0,4,False,Boo,Team Heretics,omen,True,100,25,2,1,0,2,False,benjyfishy,Team Heretics,deadlock,True,100,25,1,1,1,2,False,Wo0t,Team Heretics,chamber,True,100,50,0,1,1,2,False,grubinho,GIANTX,omen,True,100,25,2,1,1,2,False,ara,GIANTX,raze,True,100,25,0,2,1,1,False,Cloud,GIANTX,fade,True,100,25,1,1,1,4,False,Flickless,GIANTX,viper,True,100,25,1,0,0,1,False,westside,GIANTX,cypher,True,100,25,0,0,0,5,False
1939.070,8303,ACTIVE_ROUND,15,3,11,66.000,,,MiniBoo,Team Heretics,raze,True,66,27,0,2,1,3,False,RieNs,Team Heretics,fade,True,100,50,2,1,0,4,False,Boo,Team Heretics,omen,True,100,25,2,1,0,2,False,benjyfishy,Team Heretics,deadlock,True,100,25,1,1,1,2,False,Wo0t,Team Heretics,chamber,True,100,50,0,1,1,2,False,grubinho,GIANTX,omen,True,100,25,2,1,1,2,False,ara,GIANTX,raze,True,100,25,0,2,1,1,False,Cloud,GIANTX,fade,True,100,25,1,1,1,4,False,Flickless,GIANTX,viper,True,100,25,1,0,0,1,False,westside,GIANTX,cypher,True,100,25,0,0,0,5,False
1939.304,8304,ACTIVE_ROUND,15,3,11,66.000,,,MiniBoo,Team Heretics,raze,True,66,27,0,2,1,3,False,RieNs,Team Heretics,fade,True,100,50,2,1,0,4,False,Boo,Team Heretics,omen,True,100,25,2,1,0,2,False,benjyfishy,Team Heretics,deadlock,True,100,25,1,1,1,2,False,Wo0t,Team Heretics,chamber,True,100,50,0,1,1,2,False,grubinho,GIANTX,omen,True,100,25,2,1,1,2,False,ara,GIANTX,raze,True,100,25,0,2,1,1,False,Cloud,GIANTX,fade,True,100,25,1,1,1,4,False,Flickless,GIANTX,viper,True,100,25,1,0,0,1,False,westside,GIANTX,cypher,True,100,25,0,0,0,5,False
1939.538,8305,ACTIVE_ROUND,15,3,11,65.000,,,MiniBoo,Team Heretics,raze,True,66,27,0,2,1,3,False,RieNs,Team Heretics,fade,True,100,50,2,1,0,4,False,Boo,Team Heretics,omen,True,100,25,2,1,0,2,False,benjyfishy,Team Heretics,deadlock,True,100,25,1,1,1,2,False,Wo0t,Team Heretics,chamber,True,100,50,0,1,1,2,False,grubinho,GIANTX,omen,True,100,25,2,1,1,2,False,ara,GIANTX,raze,True,100,25,0,2,1,1,False,Cloud,GIANTX,fade,True,100,25,1,1,1,4,False,Flickless,GIANTX,viper,True,100,25,1,0,0,1,False,westside,GIANTX,cypher,True,100,25,0,0,0,5,False
1939.771,8306,ACTIVE_ROUND,15,3,11,65.000,,,MiniBoo,Team Heretics,raze,True,66,27,0,2,1,3,False,RieNs,Team Heretics,fade,True,100,50,2,1,0,4,False,Boo,Team Heretics,omen,True,100,25,2,1,0,2,False,benjyfishy,Team Heretics,deadlock,True,100,25,1,1,1,2,False,Wo0t,Team Heretics,chamber,True,100,50,0,1,1,2,False,grubinho,GIANTX,omen,True,100,25,2,1,1,2,False,ara,GIANTX,raze,True,100,25,0,2,1,1,False,Cloud,GIANTX,fade,True,100,25,1,1,1,4,False,Flickless,GIANTX,viper,True,100,25,1,0,0,1,False,westside,GIANTX,cypher,True,100,25,0,0,0,5,False
1940.005,8307,ACTIVE_ROUND,15,3,11,65.000,,,MiniBoo,Team Heretics,raze,True,66,27,0,2,1,3,False,RieNs,Team Heretics,fade,True,100,50,2,1,0,4,False,Boo,Team Heretics,omen,True,100,25,2,1,0,2,False,benjyfishy,Team Heretics,deadlock,True,100,25,1,1,1,2,False,Wo0t,Team Heretics,chamber,True,100,50,0,1,1,2,False,grubinho,GIANTX,omen,True,100,25,2,1,1,2,False,ara,GIANTX,raze,True,100,25,0,2,1,1,False,Cloud,GIANTX,fade,True,100,25,1,1,1,4,False,Flickless,GIANTX,viper,True,100,25,1,0,0,1,False,westside,GIANTX,cypher,True,100,25,0,0,0,5,False
1940.238,8308,ACTIVE_ROUND,15,3,11,65.000,,,MiniBoo,Team Heretics,raze,True,66,27,0,2,1,3,False,RieNs,Team Heretics,fade,True,100,50,2,1,0,4,False,Boo,Team Heretics,omen,True,100,25,2,1,0,2,False,benjyfishy,Team Heretics,deadlock,True,100,25,1,1,1,2,False,Wo0t,Team Heretics,chamber,True,100,50,0,1,1,2,False,grubinho,GIANTX,omen,True,100,25,2,1,1,2,False,ara,GIANTX,raze,True,100,25,0,2,1,1,False,Cloud,GIANTX,fade,True,100,25,1,1,1,4,False,Flickless,GIANTX,viper,True,100,25,1,0,0,1,False,westside,GIANTX,cypher,True,100,25,0,0,0,5,False
1940.472,8309,ACTIVE_ROUND,15,3,11,65.000,,,MiniBoo,Team Heretics,raze,True,66,27,0,2,1,3,False,RieNs,Team Heretics,fade,True,100,50,2,1,0,4,False,Boo,Team Heretics,omen,True,100,25,2,1,0,2,False,benjyfishy,Team Heretics,deadlock,True,100,25,1,1,1,2,False,Wo0t,Team Heretics,chamber,True,100,50,0,1,1,2,False,grubinho,GIANTX,omen,True,100,25,2,1,1,2,False,ara,GIANTX,raze,True,100,25,0,2,1,1,False,Cloud,GIANTX,fade,True,100,25,1,1,1,4,False,Flickless,GIANTX,viper,True,100,25,1,0,0,1,False,westside,GIANTX,cypher,True,100,25,0,0,0,5,False
1940.705,8310,ACTIVE_ROUND,15,3,11,64.000,,,MiniBoo,Team Heretics,raze,True,66,27,0,2,1,3,False,RieNs,Team Heretics,fade,True,100,50,2,1,0,4,False,Boo,Team Heretics,omen,True,100,25,2,1,0,2,False,benjyfishy,Team Heretics,deadlock,True,100,25,1,1,1,2,False,Wo0t,Team Heretics,chamber,True,100,50,0,1,1,2,False,grubinho,GIANTX,omen,True,100,25,2,1,1,2,False,ara,GIANTX,raze,True,100,25,0,2,1,1,False,Cloud,GIANTX,fade,True,100,25,1,1,1,4,False,Flickless,GIANTX,viper,True,100,25,1,0,0,1,False,westside,GIANTX,cypher,True,100,25,0,0,0,5,False
1940.939,8311,ACTIVE_ROUND,15,3,11,64.000,,,MiniBoo,Team Heretics,raze,True,66,27,0,2,1,3,False,RieNs,Team Heretics,fade,True,100,50,2,1,0,4,False,Boo,Team Heretics,omen,True,100,25,2,1,0,2,False,benjyfishy,Team Heretics,deadlock,True,100,25,1,1,1,2,False,Wo0t,Team Heretics,chamber,True,100,50,0,1,1,2,False,grubinho,GIANTX,omen,True,100,25,2,1,1,2,False,ara,GIANTX,raze,True,100,25,0,2,1,1,False,Cloud,GIANTX,fade,True,100,25,1,1,1,4,False,Flickless,GIANTX,viper,True,100,25,1,0,0,1,False,westside,GIANTX,cypher,True,100,25,0,0,0,5,False
1941.173,8312,ACTIVE_ROUND,15,3,11,64.000,,,MiniBoo,Team Heretics,raze,True,66,27,0,2,1,3,False,RieNs,Team Heretics,fade,True,100,50,2,1,0,4,False,Boo,Team Heretics,omen,True,100,25,2,1,1,2,False,benjyfishy,Team Heretics,deadlock,True,100,25,1,1,1,2,False,Wo0t,Team Heretics,chamber,True,100,50,0,1,1,2,False,grubinho,GIANTX,omen,True,100,25,2,1,1,2,False,ara,GIANTX,raze,True,100,25,0,2,1,1,False,Cloud,GIANTX,fade,True,100,25,1,1,1,4,False,Flickless,GIANTX,viper,True,100,25,1,0,0,1,False,westside,GIANTX,cypher,True,100,25,0,0,0,5,False
1941.406,8313,ACTIVE_ROUND,15,3,11,64.000,,,MiniBoo,Team Heretics,raze,True,66,27,0,2,1,3,False,RieNs,Team Heretics,fade,True,100,50,2,1,0,4,False,Boo,Team Heretics,omen,True,100,25,2,1,1,2,False,benjyfishy,Team Heretics,deadlock,True,100,25,1,1,1,2,False,Wo0t,Team Heretics,chamber,True,100,50,0,1,1,2,False,grubinho,GIANTX,omen,True,100,25,2,1,1,2,False,ara,GIANTX,raze,True,100,25,0,2,1,1,False,Cloud,GIANTX,fade,True,100,25,1,1,1,4,False,Flickless,GIANTX,viper,True,100,25,1,0,0,1,False,westside,GIANTX,cypher,True,100,25,0,0,0,5,False
1941.640,8314,ACTIVE_ROUND,15,3,11,63.000,,,MiniBoo,Team Heretics,raze,True,66,27,0,2,1,3,False,RieNs,Team Heretics,fade,True,100,50,2,1,0,4,False,Boo,Team Heretics,omen,True,100,25,2,1,1,2,False,benjyfishy,Team Heretics,deadlock,True,100,25,1,1,1,2,False,Wo0t,Team Heretics,chamber,True,100,50,0,1,1,2,False,grubinho,GIANTX,omen,True,100,25,2,1,1,2,False,ara,GIANTX,raze,True,100,25,0,2,1,1,False,Cloud,GIANTX,fade,True,100,25,1,1,1,4,False,Flickless,GIANTX,viper,True,100,25,1,0,0,1,False,westside,GIANTX,cypher,True,100,25,0,0,0,5,False
1941.873,8315,ACTIVE_ROUND,15,3,11,63.000,,,MiniBoo,Team Heretics,raze,True,66,27,0,2,1,3,False,RieNs,Team Heretics,fade,True,100,50,2,1,0,4,False,Boo,Team Heretics,omen,True,100,25,2,1,1,2,False,benjyfishy,Team Heretics,deadlock,True,100,25,1,1,1,2,False,Wo0t,Team Heretics,chamber,True,100,50,0,1,1,2,False,grubinho,GIANTX,omen,True,100,25,2,1,1,2,False,ara,GIANTX,raze,True,100,25,0,2,1,1,False,Cloud,GIANTX,fade,True,100,25,1,1,1,4,False,Flickless,GIANTX,viper,True,100,25,1,0,0,1,False,westside,GIANTX,cypher,True,100,25,0,0,0,5,False
1942.107,8316,ACTIVE_ROUND,15,3,11,63.000,,,MiniBoo,Team Heretics,raze,True,66,27,0,2,1,3,False,RieNs,Team Heretics,fade,True,100,50,2,1,0,4,False,Boo,Team Heretics,omen,True,100,25,2,1,1,2,False,benjyfishy,Team Heretics,deadlock,True,100,25,1,1,1,2,False,Wo0t,Team Heretics,chamber,True,100,50,0,1,1,2,False,grubinho,GIANTX,omen,True,100,25,2,1,1,2,False,ara,GIANTX,raze,True,100,25,0,2,1,1,False,Cloud,GIANTX,fade,True,100,25,1,1,1,4,False,Flickless,GIANTX,viper,True,100,25,1,0,0,1,False,westside,GIANTX,cypher,True,100,25,0,0,0,5,False
1942.340,8317,ACTIVE_ROUND,15,3,11,63.000,,,MiniBoo,Team Heretics,raze,True,66,27,0,2,1,3,False,RieNs,Team Heretics,fade,True,100,50,2,1,0,4,False,Boo,Team Heretics,omen,True,100,25,2,1,1,2,False,benjyfishy,Team Heretics,deadlock,True,100,25,1,1,1,2,False,Wo0t,Team Heretics,chamber,True,100,50,0,1,1,2,False,grubinho,GIANTX,omen,True,100,25,2,1,1,2,False,ara,GIANTX,raze,True,100,25,0,2,1,1,False,Cloud,GIANTX,fade,True,100,25,1,1,1,4,False,Flickless,GIANTX,viper,True,100,25,1,0,0,1,False,westside,GIANTX,cypher,True,100,25,0,0,0,5,False
1942.574,8318,ACTIVE_ROUND,15,3,11,62.000,,,MiniBoo,Team Heretics,raze,True,66,27,0,2,1,3,False,RieNs,Team Heretics,fade,True,100,50,2,1,0,4,False,Boo,Team Heretics,omen,True,100,25,2,1,1,2,False,benjyfishy,Team Heretics,deadlock,True,100,25,1,1,1,2,False,Wo0t,Team Heretics,chamber,True,100,50,0,1,1,2,False,grubinho,GIANTX,omen,True,100,25,2,1,1,2,False,ara,GIANTX,raze,True,100,25,0,2,1,1,False,Cloud,GIANTX,fade,True,100,25,1,1,1,4,False,Flickless,GIANTX,viper,True,100,25,1,0,0,1,False,westside,GIANTX,cypher,True,100,25,0,0,0,5,False
1942.808,8319,ACTIVE_ROUND,15,3,11,62.000,,,MiniBoo,Team Heretics,raze,True,66,27,0,2,1,3,False,RieNs,Team Heretics,fade,True,100,50,2,1,0,4,False,Boo,Team Heretics,omen,True,100,25,2,1,1,2,False,benjyfishy,Team Heretics,deadlock,True,100,25,1,1,1,2,False,Wo0t,Team Heretics,chamber,True,100,50,0,1,1,2,False,grubinho,GIANTX,omen,True,100,25,2,1,1,2,False,ara,GIANTX,raze,True,100,25,0,2,1,1,False,Cloud,GIANTX,fade,True,100,25,1,1,1,4,False,Flickless,GIANTX,viper,True,100,25,1,0,0,1,False,westside,GIANTX,cypher,True,100,25,0,0,0,5,False
1943.041,8320,ACTIVE_ROUND,15,3,11,62.000,,,MiniBoo,Team Heretics,raze,True,66,27,0,2,1,3,False,RieNs,Team Heretics,fade,True,100,50,2,1,0,4,False,Boo,Team Heretics,omen,True,100,25,2,1,1,2,False,benjyfishy,Team Heretics,deadlock,True,100,25,1,1,1,2,False,Wo0t,Team Heretics,chamber,True,100,50,0,1,1,2,False,grubinho,GIANTX,omen,True,100,25,2,1,1,2,False,ara,GIANTX,raze,True,100,25,0,2,1,1,False,Cloud,GIANTX,fade,True,100,25,1,1,1,4,False,Flickless,GIANTX,viper,True,100,25,1,0,0,1,False,westside,GIANTX,cypher,True,100,25,0,0,0,5,False
1943.275,8321,ACTIVE_ROUND,15,3,11,62.000,,,MiniBoo,Team Heretics,raze,True,66,27,0,2,1,3,False,RieNs,Team Heretics,fade,True,100,50,2,1,0,4,False,Boo,Team Heretics,omen,True,100,25,2,1,1,2,False,benjyfishy,Team Heretics,deadlock,True,100,25,1,1,1,2,False,Wo0t,Team Heretics,chamber,True,100,50,0,1,1,2,False,grubinho,GIANTX,omen,True,100,25,2,1,1,2,False,ara,GIANTX,raze,True,100,25,0,2,1,1,False,Cloud,GIANTX,fade,True,100,25,1,1,1,4,False,Flickless,GIANTX,viper,True,100,25,1,0,0,1,False,westside,GIANTX,cypher,True,100,25,0,0,0,5,False
1943.508,8322,ACTIVE_ROUND,15,3,11,61.000,,,MiniBoo,Team Heretics,raze,True,66,27,0,2,1,3,False,RieNs,Team Heretics,fade,True,100,50,2,1,0,4,False,Boo,Team Heretics,omen,True,100,25,2,1,1,2,False,benjyfishy,Team Heretics,deadlock,True,100,25,1,1,1,2,False,Wo0t,Team Heretics,chamber,True,100,50,0,1,1,2,False,grubinho,GIANTX,omen,True,100,25,2,1,1,2,False,ara,GIANTX,raze,True,100,25,0,2,1,1,False,Cloud,GIANTX,fade,True,100,25,1,1,1,4,False,Flickless,GIANTX,viper,True,100,25,1,0,0,1,False,westside,GIANTX,cypher,True,100,25,0,0,0,5,False
1943.742,8323,ACTIVE_ROUND,15,3,11,61.000,,,MiniBoo,Team Heretics,raze,True,66,27,0,2,1,3,False,RieNs,Team Heretics,fade,True,100,50,2,1,0,4,False,Boo,Team Heretics,omen,True,100,25,2,1,1,2,False,benjyfishy,Team Heretics,deadlock,True,100,25,1,1,1,2,False,Wo0t,Team Heretics,chamber,True,100,50,0,1,1,2,False,grubinho,GIANTX,omen,True,100,25,2,1,1,2,False,ara,GIANTX,raze,True,100,25,0,2,1,1,False,Cloud,GIANTX,fade,True,100,25,1,1,1,4,False,Flickless,GIANTX,viper,True,100,25,1,0,0,1,False,westside,GIANTX,cypher,True,100,25,0,0,0,5,False
1943.975,8324,ACTIVE_ROUND,15,3,11,61.000,,,MiniBoo,Team Heretics,raze,True,66,27,0,2,1,3,False,RieNs,Team Heretics,fade,True,100,50,2,1,0,4,False,Boo,Team Heretics,omen,True,100,25,2,1,1,2,False,benjyfishy,Team Heretics,deadlock,True,100,25,1,1,1,2,False,Wo0t,Team Heretics,chamber,True,100,50,0,1,1,2,False,grubinho,GIANTX,omen,True,100,25,2,1,1,2,False,ara,GIANTX,raze,True,100,25,0,2,1,1,False,Cloud,GIANTX,fade,True,100,25,1,1,1,4,False,Flickless,GIANTX,viper,True,100,25,1,0,0,1,False,westside,GIANTX,cypher,True,100,25,0,0,0,5,False
1944.209,8325,ACTIVE_ROUND,15,3,11,61.000,,,MiniBoo,Team Heretics,raze,True,66,27,0,2,1,3,False,RieNs,Team Heretics,fade,True,100,50,2,1,0,4,False,Boo,Team Heretics,omen,True,100,25,2,1,1,2,False,benjyfishy,Team Heretics,deadlock,True,100,25,1,1,1,2,False,Wo0t,Team Heretics,chamber,True,100,50,0,1,1,2,False,grubinho,GIANTX,omen,True,100,25,2,1,1,2,False,ara,GIANTX,raze,True,100,25,0,2,1,1,False,Cloud,GIANTX,fade,True,100,25,1,1,1,4,False,Flickless,GIANTX,viper,True,100,25,1,0,0,1,False,westside,GIANTX,cypher,True,100,25,0,0,0,5,False
1944.443,8326,ACTIVE_ROUND,15,3,11,61.000,,,MiniBoo,Team Heretics,raze,True,66,27,0,2,1,3,False,RieNs,Team Heretics,fade,True,100,50,2,1,0,4,False,Boo,Team Heretics,omen,True,100,25,2,1,1,2,False,benjyfishy,Team Heretics,deadlock,True,100,25,1,1,1,2,False,Wo0t,Team Heretics,chamber,True,100,50,0,1,1,2,False,grubinho,GIANTX,omen,True,100,25,2,1,1,2,False,ara,GIANTX,raze,True,100,25,0,2,1,1,False,Cloud,GIANTX,fade,True,100,25,1,1,1,4,False,Flickless,GIANTX,viper,True,100,25,1,0,0,1,False,westside,GIANTX,cypher,True,100,25,0,0,0,5,False
1944.676,8327,ACTIVE_ROUND,15,3,11,60.000,,,MiniBoo,Team Heretics,raze,True,66,27,0,2,1,3,False,RieNs,Team Heretics,fade,True,100,50,2,1,0,4,False,Boo,Team Heretics,omen,True,100,25,2,1,1,2,False,benjyfishy,Team Heretics,deadlock,True,100,25,1,1,1,2,False,Wo0t,Team Heretics,chamber,True,100,50,0,1,1,2,False,grubinho,GIANTX,omen,True,100,25,2,1,1,2,False,ara,GIANTX,raze,True,100,25,0,2,1,1,False,Cloud,GIANTX,fade,True,100,25,1,1,1,4,False,Flickless,GIANTX,viper,True,100,25,1,0,0,1,False,westside,GIANTX,cypher,True,100,25,0,0,0,5,False
1944.910,8328,ACTIVE_ROUND,15,3,11,60.000,,,MiniBoo,Team Heretics,raze,True,66,27,0,2,1,3,False,RieNs,Team Heretics,fade,True,100,50,2,1,0,4,False,Boo,Team Heretics,omen,True,100,25,2,1,1,2,False,benjyfishy,Team Heretics,deadlock,True,100,25,1,1,1,2,False,Wo0t,Team Heretics,chamber,True,100,50,0,1,1,2,False,grubinho,GIANTX,omen,True,100,25,2,1,1,2,False,ara,GIANTX,raze,True,100,25,0,2,1,1,False,Cloud,GIANTX,fade,True,100,25,1,1,1,4,False,Flickless,GIANTX,viper,True,100,25,1,0,0,1,False,westside,GIANTX,cypher,True,100,25,0,0,0,5,False
1945.143,8329,ACTIVE_ROUND,15,3,11,60.000,,,MiniBoo,Team Heretics,raze,True,66,27,0,2,1,3,False,RieNs,Team Heretics,fade,True,100,50,2,1,0,4,False,Boo,Team Heretics,omen,True,100,25,2,1,1,2,False,benjyfishy,Team Heretics,deadlock,True,100,25,1,1,1,2,False,Wo0t,Team Heretics,chamber,True,100,50,0,1,1,2,False,grubinho,GIANTX,omen,True,100,25,2,1,1,2,False,ara,GIANTX,raze,True,100,25,0,2,1,1,False,Cloud,GIANTX,fade,True,100,25,1,1,0,4,False,Flickless,GIANTX,viper,True,100,25,1,0,0,1,False,westside,GIANTX,cypher,True,100,25,0,0,0,5,False
1945.377,8330,ACTIVE_ROUND,15,3,11,60.000,,,MiniBoo,Team Heretics,raze,True,66,27,0,2,1,3,False,RieNs,Team Heretics,fade,True,100,50,2,1,0,4,False,Boo,Team Heretics,omen,True,100,25,2,1,1,2,False,benjyfishy,Team Heretics,deadlock,True,100,25,1,1,1,2,False,Wo0t,Team Heretics,chamber,True,100,50,0,1,1,2,False,grubinho,GIANTX,omen,True,100,25,2,1,1,2,False,ara,GIANTX,raze,True,100,25,0,2,1,1,False,Cloud,GIANTX,fade,True,100,25,1,1,0,4,False,Flickless,GIANTX,viper,True,100,25,1,0,0,1,False,westside,GIANTX,cypher,True,100,25,0,0,0,5,False
1945.610,8331,ACTIVE_ROUND,15,3,11,59.000,,,MiniBoo,Team Heretics,raze,True,66,27,0,2,1,3,False,RieNs,Team Heretics,fade,True,100,50,2,1,0,4,False,Boo,Team Heretics,omen,True,100,25,2,1,1,2,False,benjyfishy,Team Heretics,deadlock,True,100,25,1,1,1,2,False,Wo0t,Team Heretics,chamber,True,100,50,0,1,1,2,False,grubinho,GIANTX,omen,True,100,25,2,1,1,2,False,ara,GIANTX,raze,True,100,25,0,2,1,1,False,Cloud,GIANTX,fade,True,100,25,1,1,0,4,False,Flickless,GIANTX,viper,True,100,25,1,0,0,1,False,westside,GIANTX,cypher,True,100,25,0,0,0,5,False
1945.844,8332,ACTIVE_ROUND,15,3,11,59.000,,,MiniBoo,Team Heretics,raze,True,66,27,0,2,1,3,False,RieNs,Team Heretics,fade,True,100,50,2,1,0,4,False,Boo,Team Heretics,omen,True,100,25,2,1,1,2,False,benjyfishy,Team Heretics,deadlock,True,100,25,1,1,1,2,False,Wo0t,Team Heretics,chamber,True,100,50,0,1,1,2,False,grubinho,GIANTX,omen,True,100,25,2,1,1,2,False,ara,GIANTX,raze,True,100,25,0,2,1,1,False,Cloud,GIANTX,fade,True,100,25,1,1,0,4,False,Flickless,GIANTX,viper,True,100,25,1,0,0,1,False,westside,GIANTX,cypher,True,100,25,0,0,0,5,False
1946.077,8333,ACTIVE_ROUND,15,3,11,59.000,,,MiniBoo,Team Heretics,raze,True,66,27,0,2,1,3,False,RieNs,Team Heretics,fade,True,100,50,2,1,0,4,False,Boo,Team Heretics,omen,True,100,25,2,1,1,2,False,benjyfishy,Team Heretics,deadlock,True,100,25,1,1,1,2,False,Wo0t,Team Heretics,chamber,True,100,50,0,1,1,2,False,grubinho,GIANTX,omen,True,100,25,2,1,1,2,False,ara,GIANTX,raze,True,100,25,0,2,1,1,False,Cloud,GIANTX,fade,True,100,25,1,1,0,4,False,Flickless,GIANTX,viper,True,100,25,1,0,0,1,False,westside,GIANTX,cypher,True,100,25,0,0,0,5,False
1946.311,8334,ACTIVE_ROUND,15,3,11,59.000,,,MiniBoo,Team Heretics,raze,True,66,27,0,2,1,3,False,RieNs,Team Heretics,fade,True,100,50,2,1,0,4,False,Boo,Team Heretics,omen,True,100,25,2,1,1,2,False,benjyfishy,Team Heretics,deadlock,True,100,25,1,1,1,2,False,Wo0t,Team Heretics,chamber,True,100,50,0,1,1,2,False,grubinho,GIANTX,omen,True,100,25,2,1,1,2,False,ara,GIANTX,raze,True,100,25,0,2,1,1,False,Cloud,GIANTX,fade,True,100,25,1,1,0,4,False,Flickless,GIANTX,viper,True,100,25,1,0,0,1,False,westside,GIANTX,cypher,True,100,25,0,0,0,5,False
1946.545,8335,ACTIVE_ROUND,15,3,11,58.000,,,MiniBoo,Team Heretics,raze,True,66,27,0,2,1,3,False,RieNs,Team Heretics,fade,True,100,50,2,1,0,4,False,Boo,Team Heretics,omen,True,100,25,2,1,1,2,False,benjyfishy,Team Heretics,deadlock,True,100,25,1,1,1,2,False,Wo0t,Team Heretics,chamber,True,100,50,0,1,1,2,False,grubinho,GIANTX,omen,True,100,25,2,1,1,2,False,ara,GIANTX,raze,True,100,25,0,2,1,1,False,Cloud,GIANTX,fade,True,100,25,1,1,0,4,False,Flickless,GIANTX,viper,True,100,25,1,0,0,1,False,westside,GIANTX,cypher,True,100,25,0,0,0,5,False
1946.778,8336,ACTIVE_ROUND,15,3,11,58.000,,,MiniBoo,Team Heretics,raze,True,66,27,0,2,1,3,False,RieNs,Team Heretics,fade,True,100,50,2,1,0,4,False,Boo,Team Heretics,omen,True,100,25,2,1,1,2,False,benjyfishy,Team Heretics,deadlock,True,100,25,1,1,1,2,False,Wo0t,Team Heretics,chamber,True,100,50,0,1,1,2,False,grubinho,GIANTX,omen,True,100,25,2,1,1,2,False,ara,GIANTX,raze,True,100,25,0,2,1,1,False,Cloud,GIANTX,fade,True,100,25,1,1,0,4,False,Flickless,GIANTX,viper,True,100,25,1,0,0,1,False,westside,GIANTX,cypher,True,100,25,0,0,0,5,False
1947.012,8337,ACTIVE_ROUND,15,3,11,58.000,,,MiniBoo,Team Heretics,raze,True,66,27,0,2,1,3,False,RieNs,Team Heretics,fade,True,100,50,2,1,0,4,False,Boo,Team Heretics,omen,True,100,25,2,1,1,2,False,benjyfishy,Team Heretics,deadlock,True,100,25,1,1,1,2,False,Wo0t,Team Heretics,chamber,True,100,50,0,1,1,2,False,grubinho,GIANTX,omen,True,100,25,2,1,1,2,False,ara,GIANTX,raze,True,100,25,0,2,1,1,False,Cloud,GIANTX,fade,True,100,25,1,1,0,4,False,Flickless,GIANTX,viper,True,100,25,1,0,0,1,False,westside,GIANTX,cypher,True,100,25,0,0,0,5,False
1947.245,8338,ACTIVE_ROUND,15,3,11,58.000,,,MiniBoo,Team Heretics,raze,True,66,27,0,2,1,3,False,RieNs,Team Heretics,fade,True,100,50,2,1,0,4,False,Boo,Team Heretics,omen,True,100,25,2,1,1,2,False,benjyfishy,Team Heretics,deadlock,True,100,25,1,1,1,2,False,Wo0t,Team Heretics,chamber,True,100,50,0,1,1,2,False,grubinho,GIANTX,omen,True,100,25,2,1,1,2,False,ara,GIANTX,raze,True,100,25,0,2,1,1,False,Cloud,GIANTX,fade,True,100,25,1,1,0,4,False,Flickless,GIANTX,viper,True,100,25,1,0,0,1,False,westside,GIANTX,cypher,True,100,25,0,0,0,5,False
1947.479,8339,ACTIVE_ROUND,15,3,11,58.000,,,MiniBoo,Team Heretics,raze,True,66,27,0,2,1,3,False,RieNs,Team Heretics,fade,True,100,50,2,1,0,4,False,Boo,Team Heretics,omen,True,100,25,2,1,1,2,False,benjyfishy,Team Heretics,deadlock,True,100,25,1,1,1,2,False,Wo0t,Team Heretics,chamber,True,100,50,0,1,1,2,False,grubinho,GIANTX,omen,True,100,25,2,1,1,2,False,ara,GIANTX,raze,True,100,25,0,2,1,1,False,Cloud,GIANTX,fade,True,100,25,1,1,0,4,False,Flickless,GIANTX,viper,True,100,25,1,0,0,1,False,westside,GIANTX,cypher,True,100,25,0,0,0,5,False
1947.712,8340,ACTIVE_ROUND,15,3,11,57.000,,,MiniBoo,Team Heretics,raze,True,66,27,0,2,1,3,False,RieNs,Team Heretics,fade,True,100,50,2,1,0,4,False,Boo,Team Heretics,omen,True,100,25,2,1,1,2,False,benjyfishy,Team Heretics,deadlock,True,100,25,1,1,1,2,False,Wo0t,Team Heretics,chamber,True,100,50,0,1,1,2,False,grubinho,GIANTX,omen,True,100,25,2,1,1,2,False,ara,GIANTX,raze,True,100,25,0,2,1,1,False,Cloud,GIANTX,fade,True,100,25,1,1,0,4,False,Flickless,GIANTX,viper,True,100,25,1,0,0,1,False,westside,GIANTX,cypher,True,100,25,0,0,0,5,False
1947.946,8341,ACTIVE_ROUND,15,3,11,57.000,,,MiniBoo,Team Heretics,raze,True,66,27,0,2,1,3,False,RieNs,Team Heretics,fade,True,100,50,2,1,0,4,False,Boo,Team Heretics,omen,True,100,25,2,1,1,2,False,benjyfishy,Team Heretics,deadlock,True,100,25,1,1,1,2,False,Wo0t,Team Heretics,chamber,True,100,50,0,1,1,2,False,grubinho,GIANTX,omen,True,100,25,2,1,1,2,False,ara,GIANTX,raze,True,100,25,0,2,1,1,False,Cloud,GIANTX,fade,True,100,25,1,1,0,4,False,Flickless,GIANTX,viper,True,100,25,1,0,0,1,False,westside,GIANTX,cypher,True,100,25,0,0,0,5,False
1948.180,8342,ACTIVE_ROUND,15,3,11,57.000,,,MiniBoo,Team Heretics,raze,True,66,27,0,2,1,3,False,RieNs,Team Heretics,fade,True,100,50,2,1,0,4,False,Boo,Team Heretics,omen,True,100,25,2,1,1,2,False,benjyfishy,Team Heretics,deadlock,True,100,25,1,1,1,2,False,Wo0t,Team Heretics,chamber,True,100,50,0,1,1,2,False,grubinho,GIANTX,omen,True,100,25,2,1,1,2,False,ara,GIANTX,raze,True,100,25,0,2,1,1,False,Cloud,GIANTX,fade,True,100,25,1,1,0,4,False,Flickless,GIANTX,viper,True,100,25,1,0,0,1,False,westside,GIANTX,cypher,True,100,25,0,0,0,5,False
1948.413,8343,ACTIVE_ROUND,15,3,11,57.000,,,MiniBoo,Team Heretics,raze,True,66,27,0,2,1,3,False,RieNs,Team Heretics,fade,True,100,50,2,1,0,4,False,Boo,Team Heretics,omen,True,100,25,2,1,1,2,False,benjyfishy,Team Heretics,deadlock,True,100,25,1,1,1,2,False,Wo0t,Team Heretics,chamber,True,100,50,0,1,1,2,False,grubinho,GIANTX,omen,True,100,25,2,1,1,2,False,ara,GIANTX,raze,True,100,25,0,2,1,1,False,Cloud,GIANTX,fade,True,100,25,1,1,0,4,False,Flickless,GIANTX,viper,True,100,25,1,0,0,1,False,westside,GIANTX,cypher,True,100,25,0,0,0,5,False
1948.647,8344,ACTIVE_ROUND,15,3,11,56.000,,,MiniBoo,Team Heretics,raze,True,66,27,0,2,1,3,False,RieNs,Team Heretics,fade,True,100,50,2,1,0,4,False,Boo,Team Heretics,omen,True,100,25,2,1,1,2,False,benjyfishy,Team Heretics,deadlock,True,100,25,1,1,1,2,False,Wo0t,Team Heretics,chamber,True,100,50,0,1,1,2,False,grubinho,GIANTX,omen,True,100,25,2,1,1,2,False,ara,GIANTX,raze,True,100,25,0,2,1,1,False,Cloud,GIANTX,fade,True,100,25,1,1,0,4,False,Flickless,GIANTX,viper,True,100,25,1,0,0,1,False,westside,GIANTX,cypher,True,100,25,0,0,0,5,False
1948.880,8345,ACTIVE_ROUND,15,3,11,56.000,,,MiniBoo,Team Heretics,raze,True,66,27,0,2,1,3,False,RieNs,Team Heretics,fade,True,100,50,2,1,0,4,False,Boo,Team Heretics,omen,True,100,25,2,1,1,2,False,benjyfishy,Team Heretics,deadlock,True,100,25,1,1,1,2,False,Wo0t,Team Heretics,chamber,True,100,50,0,1,1,2,False,grubinho,GIANTX,omen,True,100,25,2,1,1,2,False,ara,GIANTX,raze,True,100,25,0,2,1,1,False,Cloud,GIANTX,fade,True,100,25,1,1,0,4,False,Flickless,GIANTX,viper,True,100,25,1,0,0,1,False,westside,GIANTX,cypher,True,100,25,0,0,0,5,False
1949.114,8346,ACTIVE_ROUND,15,3,11,56.000,,,MiniBoo,Team Heretics,raze,True,66,27,0,2,1,3,False,RieNs,Team Heretics,fade,True,100,50,2,1,0,4,False,Boo,Team Heretics,omen,True,100,25,2,1,1,2,False,benjyfishy,Team Heretics,deadlock,True,100,25,1,1,1,2,False,Wo0t,Team Heretics,chamber,True,100,50,0,1,1,2,False,grubinho,GIANTX,omen,True,100,25,2,1,1,2,False,ara,GIANTX,raze,True,100,25,0,2,1,1,False,Cloud,GIANTX,fade,True,100,25,1,1,0,4,False,Flickless,GIANTX,viper,True,100,25,1,0,0,1,False,westside,GIANTX,cypher,True,100,25,0,0,0,5,False
1949.347,8347,ACTIVE_ROUND,15,3,11,56.000,,,MiniBoo,Team Heretics,raze,True,66,27,0,2,1,3,False,RieNs,Team Heretics,fade,True,100,50,2,1,0,4,False,Boo,Team Heretics,omen,True,100,25,2,1,1,2,False,benjyfishy,Team Heretics,deadlock,True,100,25,1,1,1,2,False,Wo0t,Team Heretics,chamber,True,100,50,0,1,1,2,False,grubinho,GIANTX,omen,True,100,25,2,1,1,2,False,ara,GIANTX,raze,True,100,25,0,2,1,1,False,Cloud,GIANTX,fade,True,100,25,1,1,0,4,False,Flickless,GIANTX,viper,True,100,25,1,0,0,1,False,westside,GIANTX,cypher,True,100,25,0,0,0,5,False
1949.581,8348,ACTIVE_ROUND,15,3,11,55.000,,,MiniBoo,Team Heretics,raze,True,66,27,0,2,1,3,False,RieNs,Team Heretics,fade,True,100,50,2,1,0,4,False,Boo,Team Heretics,omen,True,100,25,2,1,1,2,False,benjyfishy,Team Heretics,deadlock,True,100,25,1,1,1,2,False,Wo0t,Team Heretics,chamber,True,100,50,0,1,1,2,False,grubinho,GIANTX,omen,True,100,25,2,1,1,2,False,ara,GIANTX,raze,True,100,25,0,2,1,1,False,Cloud,GIANTX,fade,True,100,25,1,1,0,4,False,Flickless,GIANTX,viper,True,100,25,1,0,0,1,False,westside,GIANTX,cypher,True,100,25,0,0,0,5,False
1949.815,8349,ACTIVE_ROUND,15,3,11,55.000,,,MiniBoo,Team Heretics,raze,True,66,27,0,2,1,3,False,RieNs,Team Heretics,fade,True,100,50,2,1,0,4,False,Boo,Team Heretics,omen,True,100,25,2,1,1,2,False,benjyfishy,Team Heretics,deadlock,True,100,25,1,1,1,2,False,Wo0t,Team Heretics,chamber,True,100,50,0,1,1,2,False,grubinho,GIANTX,omen,True,100,25,2,1,1,2,False,ara,GIANTX,raze,True,100,25,0,2,1,1,False,Cloud,GIANTX,fade,True,100,25,1,1,0,4,False,Flickless,GIANTX,viper,True,100,25,1,0,0,1,False,westside,GIANTX,cypher,True,100,25,0,0,0,5,False
1950.048,8350,ACTIVE_ROUND,15,3,11,55.000,,,MiniBoo,Team Heretics,raze,True,66,27,0,2,1,3,False,RieNs,Team Heretics,fade,True,100,50,2,1,0,4,False,Boo,Team Heretics,omen,True,100,25,2,1,1,2,False,benjyfishy,Team Heretics,deadlock,True,100,25,1,1,1,2,False,Wo0t,Team Heretics,chamber,True,100,50,0,1,1,2,False,grubinho,GIANTX,omen,True,100,25,2,1,1,2,False,ara,GIANTX,raze,True,100,25,0,2,1,1,False,Cloud,GIANTX,fade,True,100,25,1,1,0,4,False,Flickless,GIANTX,viper,True,100,25,1,0,0,1,False,westside,GIANTX,cypher,True,100,25,0,0,0,5,False
1950.282,8351,ACTIVE_ROUND,15,3,11,55.000,,,MiniBoo,Team Heretics,raze,True,66,27,0,2,1,3,False,RieNs,Team Heretics,fade,True,100,50,2,1,0,4,False,Boo,Team Heretics,omen,True,100,25,2,1,1,2,False,benjyfishy,Team Heretics,deadlock,True,100,25,1,1,1,2,False,Wo0t,Team Heretics,chamber,True,100,50,0,1,1,2,False,grubinho,GIANTX,omen,True,100,25,2,1,1,2,False,ara,GIANTX,raze,True,100,25,0,2,1,1,False,Cloud,GIANTX,fade,True,100,25,1,1,0,4,False,Flickless,GIANTX,viper,True,100,25,1,0,0,1,False,westside,GIANTX,cypher,True,100,25,0,0,0,5,False
1950.515,8352,ACTIVE_ROUND,15,3,11,55.000,,,MiniBoo,Team Heretics,raze,True,66,27,0,2,1,3,False,RieNs,Team Heretics,fade,True,100,50,2,1,0,4,False,Boo,Team Heretics,omen,True,100,25,2,1,1,2,False,benjyfishy,Team Heretics,deadlock,True,100,25,1,1,1,2,False,Wo0t,Team Heretics,chamber,True,100,50,0,1,1,2,False,grubinho,GIANTX,omen,True,100,25,2,1,1,2,False,ara,GIANTX,raze,True,100,25,0,2,1,1,False,Cloud,GIANTX,fade,True,100,25,1,1,0,4,False,Flickless,GIANTX,viper,True,100,25,1,0,0,1,False,westside,GIANTX,cypher,True,100,25,0,0,0,5,False
1950.749,8353,ACTIVE_ROUND,15,3,11,54.000,,,MiniBoo,Team Heretics,raze,True,66,27,0,2,1,3,False,RieNs,Team Heretics,fade,True,100,50,2,1,0,4,False,Boo,Team Heretics,omen,True,100,25,2,1,1,2,False,benjyfishy,Team Heretics,deadlock,True,100,25,1,1,1,2,False,Wo0t,Team Heretics,chamber,True,100,50,0,1,1,2,False,grubinho,GIANTX,omen,True,100,25,2,1,1,2,False,ara,GIANTX,raze,True,100,25,0,2,1,1,False,Cloud,GIANTX,fade,True,100,25,1,1,0,4,False,Flickless,GIANTX,viper,True,100,25,1,0,0,1,False,westside,GIANTX,cypher,True,100,25,0,0,0,5,False
1950.982,8354,ACTIVE_ROUND,15,3,11,54.000,,,MiniBoo,Team Heretics,raze,True,66,27,0,2,1,3,False,RieNs,Team Heretics,fade,True,100,50,2,1,0,4,False,Boo,Team Heretics,omen,True,100,25,2,1,1,2,False,benjyfishy,Team Heretics,deadlock,True,100,25,1,1,1,2,False,Wo0t,Team Heretics,chamber,True,100,50,0,1,1,2,False,grubinho,GIANTX,omen,True,100,25,2,1,1,2,False,ara,GIANTX,raze,True,100,25,0,2,1,1,False,Cloud,GIANTX,fade,True,100,25,1,1,0,4,False,Flickless,GIANTX,viper,True,100,25,1,0,0,1,False,westside,GIANTX,cypher,True,100,25,0,0,0,5,False
1951.216,8355,ACTIVE_ROUND,15,3,11,54.000,,,MiniBoo,Team Heretics,raze,True,66,27,0,2,1,3,False,RieNs,Team Heretics,fade,True,100,50,2,1,0,4,False,Boo,Team Heretics,omen,True,100,25,2,1,1,2,False,benjyfishy,Team Heretics,deadlock,True,100,25,1,1,1,2,False,Wo0t,Team Heretics,chamber,True,100,50,0,1,1,2,False,grubinho,GIANTX,omen,True,100,25,2,1,1,2,False,ara,GIANTX,raze,True,100,25,0,2,1,1,False,Cloud,GIANTX,fade,True,100,25,1,1,0,4,False,Flickless,GIANTX,viper,True,100,25,1,0,0,1,False,westside,GIANTX,cypher,True,100,25,0,0,0,5,False
1951.449,8356,ACTIVE_ROUND,15,3,11,54.000,,,MiniBoo,Team Heretics,raze,True,66,27,0,2,1,3,False,RieNs,Team Heretics,fade,True,100,50,2,1,0,4,False,Boo,Team Heretics,omen,True,100,25,2,1,1,2,False,benjyfishy,Team Heretics,deadlock,True,100,25,1,1,1,2,False,Wo0t,Team Heretics,chamber,True,100,50,0,1,1,2,False,grubinho,GIANTX,omen,True,100,25,2,1,1,2,False,ara,GIANTX,raze,True,100,25,0,2,1,1,False,Cloud,GIANTX,fade,True,100,25,1,1,0,4,False,Flickless,GIANTX,viper,True,100,25,1,0,0,1,False,westside,GIANTX,cypher,True,100,25,0,0,0,5,False
1951.683,8357,ACTIVE_ROUND,15,3,11,53.000,,,MiniBoo,Team Heretics,raze,True,66,27,0,2,1,3,False,RieNs,Team Heretics,fade,True,100,50,2,1,0,4,False,Boo,Team Heretics,omen,True,100,25,2,1,1,2,False,benjyfishy,Team Heretics,deadlock,True,100,25,1,1,1,2,False,Wo0t,Team Heretics,chamber,True,100,50,0,1,1,2,False,grubinho,GIANTX,omen,True,100,25,2,1,1,2,False,ara,GIANTX,raze,True,100,25,0,2,1,1,False,Cloud,GIANTX,fade,True,100,25,1,1,0,4,False,Flickless,GIANTX,viper,True,100,25,1,0,0,1,False,westside,GIANTX,cypher,True,100,25,0,0,0,5,False
1951.917,8358,ACTIVE_ROUND,15,3,11,53.000,,,MiniBoo,Team Heretics,raze,True,66,27,0,2,1,3,False,RieNs,Team Heretics,fade,True,100,50,2,1,0,4,False,Boo,Team Heretics,omen,True,100,25,2,1,1,2,False,benjyfishy,Team Heretics,deadlock,True,100,25,1,1,1,2,False,Wo0t,Team Heretics,chamber,True,100,50,0,1,1,2,False,grubinho,GIANTX,omen,True,100,25,2,1,1,2,False,ara,GIANTX,raze,True,100,25,0,2,1,1,False,Cloud,GIANTX,fade,True,100,25,1,1,0,4,False,Flickless,GIANTX,viper,True,100,25,1,0,0,1,False,westside,GIANTX,cypher,True,100,25,0,0,0,5,False
1952.150,8359,ACTIVE_ROUND,15,3,11,53.000,,,MiniBoo,Team Heretics,raze,True,66,27,0,2,1,3,False,RieNs,Team Heretics,fade,True,100,50,2,1,0,4,False,Boo,Team Heretics,omen,True,100,25,2,1,1,2,False,benjyfishy,Team Heretics,deadlock,True,100,25,1,1,1,2,False,Wo0t,Team Heretics,chamber,True,100,50,0,1,1,2,False,grubinho,GIANTX,omen,True,100,25,2,1,1,2,False,ara,GIANTX,raze,True,100,25,0,2,1,1,False,Cloud,GIANTX,fade,True,100,25,1,1,0,4,False,Flickless,GIANTX,viper,True,100,25,1,0,0,1,False,westside,GIANTX,cypher,True,100,25,0,0,0,5,False
1952.384,8360,ACTIVE_ROUND,15,3,11,53.000,,,MiniBoo,Team Heretics,raze,True,66,27,0,2,1,3,False,RieNs,Team Heretics,fade,True,100,50,2,1,0,4,False,Boo,Team Heretics,omen,True,100,25,2,1,1,2,False,benjyfishy,Team Heretics,deadlock,True,100,25,1,1,1,2,False,Wo0t,Team Heretics,chamber,True,100,50,0,1,1,2,False,grubinho,GIANTX,omen,True,100,25,2,1,1,2,False,ara,GIANTX,raze,True,100,25,0,2,1,1,False,Cloud,GIANTX,fade,True,100,25,1,1,0,4,False,Flickless,GIANTX,viper,True,100,25,1,0,0,1,False,westside,GIANTX,cypher,True,100,25,0,0,0,5,False
1952.617,8361,ACTIVE_ROUND,15,3,11,52.000,,,MiniBoo,Team Heretics,raze,True,66,27,0,2,1,3,False,RieNs,Team Heretics,fade,True,100,50,2,1,0,4,False,Boo,Team Heretics,omen,True,100,25,2,1,1,2,False,benjyfishy,Team Heretics,deadlock,True,100,25,1,1,1,2,False,Wo0t,Team Heretics,chamber,True,100,50,0,1,1,2,False,grubinho,GIANTX,omen,True,100,25,2,1,1,2,False,ara,GIANTX,raze,True,100,25,0,2,1,1,False,Cloud,GIANTX,fade,True,100,25,1,1,0,4,False,Flickless,GIANTX,viper,True,100,25,1,0,0,1,False,westside,GIANTX,cypher,True,100,25,0,0,0,5,False
1952.851,8362,ACTIVE_ROUND,15,3,11,52.000,,,MiniBoo,Team Heretics,raze,True,66,27,0,2,1,3,False,RieNs,Team Heretics,fade,True,100,50,2,1,0,4,False,Boo,Team Heretics,omen,True,100,25,2,1,1,2,False,benjyfishy,Team Heretics,deadlock,True,100,25,1,1,1,2,False,Wo0t,Team Heretics,chamber,True,100,50,0,1,1,2,False,grubinho,GIANTX,omen,True,100,25,2,1,1,2,False,ara,GIANTX,raze,True,100,25,0,2,1,1,False,Cloud,GIANTX,fade,True,100,25,1,1,0,4,False,Flickless,GIANTX,viper,True,100,25,1,0,0,1,False,westside,GIANTX,cypher,True,100,25,0,0,0,5,False
1953.084,8363,ACTIVE_ROUND,15,3,11,52.000,,,MiniBoo,Team Heretics,raze,True,66,27,0,2,1,3,False,RieNs,Team Heretics,fade,True,100,50,2,1,0,4,False,Boo,Team Heretics,omen,True,100,25,2,1,1,2,False,benjyfishy,Team Heretics,deadlock,True,100,25,1,1,1,2,False,Wo0t,Team Heretics,chamber,True,100,50,0,1,1,2,False,grubinho,GIANTX,omen,True,100,25,2,1,1,2,False,ara,GIANTX,raze,True,100,25,0,2,1,1,False,Cloud,GIANTX,fade,True,100,25,1,1,0,4,False,Flickless,GIANTX,viper,True,100,25,1,0,0,1,False,westside,GIANTX,cypher,True,100,25,0,0,0,5,False
1953.318,8364,ACTIVE_ROUND,15,3,11,52.000,,,MiniBoo,Team Heretics,raze,True,66,27,0,2,1,3,False,RieNs,Team Heretics,fade,True,100,50,2,1,0,4,False,Boo,Team Heretics,omen,True,100,25,2,1,1,2,False,benjyfishy,Team Heretics,deadlock,True,100,25,1,1,1,2,False,Wo0t,Team Heretics,chamber,True,100,50,0,1,1,2,False,grubinho,GIANTX,omen,True,100,25,2,1,1,2,False,ara,GIANTX,raze,True,100,25,0,2,1,1,False,Cloud,GIANTX,fade,True,100,25,1,1,0,4,False,Flickless,GIANTX,viper,True,100,25,1,0,0,1,False,westside,GIANTX,cypher,True,100,25,0,0,0,5,False
1953.552,8365,ACTIVE_ROUND,15,3,11,51.000,,,MiniBoo,Team Heretics,raze,True,66,27,0,2,1,3,False,RieNs,Team Heretics,fade,True,100,50,2,1,0,4,False,Boo,Team Heretics,omen,True,100,25,2,1,1,2,False,benjyfishy,Team Heretics,deadlock,True,100,25,1,1,1,2,False,Wo0t,Team Heretics,chamber,True,100,50,0,1,1,2,False,grubinho,GIANTX,omen,True,100,25,2,1,1,2,False,ara,GIANTX,raze,True,100,25,0,2,1,1,False,Cloud,GIANTX,fade,True,100,25,1,1,0,4,False,Flickless,GIANTX,viper,True,100,25,1,0,0,1,False,westside,GIANTX,cypher,True,100,25,0,0,0,5,False
1953.785,8366,ACTIVE_ROUND,15,3,11,51.000,,,MiniBoo,Team Heretics,raze,True,66,27,0,2,1,3,False,RieNs,Team Heretics,fade,True,100,50,2,1,0,4,False,Boo,Team Heretics,omen,True,100,25,2,1,1,2,False,benjyfishy,Team Heretics,deadlock,True,100,25,1,1,1,2,False,Wo0t,Team Heretics,chamber,True,100,50,0,1,1,2,False,grubinho,GIANTX,omen,True,100,25,2,1,1,2,False,ara,GIANTX,raze,True,100,25,0,2,1,1,False,Cloud,GIANTX,fade,True,100,25,1,1,0,4,False,Flickless,GIANTX,viper,True,100,25,1,0,0,1,False,westside,GIANTX,cypher,True,100,25,0,0,0,5,False
1954.019,8367,ACTIVE_ROUND,15,3,11,51.000,,,MiniBoo,Team Heretics,raze,True,66,27,0,2,1,3,False,RieNs,Team Heretics,fade,True,100,50,2,1,0,4,False,Boo,Team Heretics,omen,True,100,25,2,1,1,2,False,benjyfishy,Team Heretics,deadlock,True,100,25,1,1,1,2,False,Wo0t,Team Heretics,chamber,True,100,50,0,1,1,2,False,grubinho,GIANTX,omen,True,100,25,2,1,1,2,False,ara,GIANTX,raze,True,100,25,0,2,1,1,False,Cloud,GIANTX,fade,True,100,25,1,1,0,4,False,Flickless,GIANTX,viper,True,100,25,1,0,0,1,False,westside,GIANTX,cypher,True,100,25,0,0,0,5,False
1954.252,8368,ACTIVE_ROUND,15,3,11,51.000,,,MiniBoo,Team Heretics,raze,True,66,27,0,1,1,3,False,RieNs,Team Heretics,fade,True,100,50,1,1,0,4,False,Boo,Team Heretics,omen,True,100,25,2,1,1,2,False,benjyfishy,Team Heretics,deadlock,True,100,25,1,1,0,2,False,Wo0t,Team Heretics,chamber,True,100,50,0,1,1,2,False,grubinho,GIANTX,omen,True,100,25,2,1,1,2,False,ara,GIANTX,raze,True,100,25,0,2,1,1,False,Cloud,GIANTX,fade,True,100,25,1,1,0,4,False,Flickless,GIANTX,viper,True,100,25,1,0,0,1,False,westside,GIANTX,cypher,True,100,25,0,0,0,5,False
1954.486,8369,ACTIVE_ROUND,15,3,11,51.000,,,MiniBoo,Team Heretics,raze,True,66,27,0,1,1,3,False,RieNs,Team Heretics,fade,True,100,50,1,1,0,4,False,Boo,Team Heretics,omen,True,100,25,2,1,1,2,False,benjyfishy,Team Heretics,deadlock,True,100,25,1,1,0,2,False,Wo0t,Team Heretics,chamber,True,100,50,0,1,1,2,False,grubinho,GIANTX,omen,True,100,25,2,1,1,2,False,ara,GIANTX,raze,True,100,25,0,2,1,1,False,Cloud,GIANTX,fade,True,100,25,1,1,0,4,False,Flickless,GIANTX,viper,True,100,25,1,0,0,1,False,westside,GIANTX,cypher,True,100,25,0,0,0,5,False
1954.719,8370,ACTIVE_ROUND,15,3,11,50.000,,,MiniBoo,Team Heretics,raze,True,66,27,0,1,1,3,False,RieNs,Team Heretics,fade,True,100,50,1,1,0,4,False,Boo,Team Heretics,omen,True,100,25,2,1,1,2,False,benjyfishy,Team Heretics,deadlock,True,100,25,1,1,0,2,False,Wo0t,Team Heretics,chamber,True,100,50,0,1,1,2,False,grubinho,GIANTX,omen,True,100,25,2,1,1,2,False,ara,GIANTX,raze,True,100,25,0,2,1,1,False,Cloud,GIANTX,fade,True,100,25,1,1,0,4,False,Flickless,GIANTX,viper,True,100,25,1,0,0,1,False,westside,GIANTX,cypher,True,100,25,0,0,0,5,False
1954.953,8371,ACTIVE_ROUND,15,3,11,50.000,,,MiniBoo,Team Heretics,raze,True,66,27,0,1,1,3,False,RieNs,Team Heretics,fade,True,100,50,1,1,0,4,False,Boo,Team Heretics,omen,True,100,25,2,1,1,2,False,benjyfishy,Team Heretics,deadlock,True,100,25,1,1,0,2,False,Wo0t,Team Heretics,chamber,True,100,50,0,1,1,2,False,grubinho,GIANTX,omen,True,100,25,2,1,1,2,False,ara,GIANTX,raze,True,100,25,0,2,1,1,False,Cloud,GIANTX,fade,True,100,25,1,1,0,4,False,Flickless,GIANTX,viper,True,100,25,1,0,0,1,False,westside,GIANTX,cypher,True,100,25,0,0,0,5,False
1955.187,8372,ACTIVE_ROUND,15,3,11,50.000,,,MiniBoo,Team Heretics,raze,True,66,27,0,1,1,3,False,RieNs,Team Heretics,fade,True,100,50,1,1,0,4,False,Boo,Team Heretics,omen,True,100,25,2,1,1,2,False,benjyfishy,Team Heretics,deadlock,True,100,25,1,1,0,2,False,Wo0t,Team Heretics,chamber,True,100,50,0,1,1,2,False,grubinho,GIANTX,omen,True,100,25,2,1,1,2,False,ara,GIANTX,raze,True,100,25,0,2,1,1,False,Cloud,GIANTX,fade,True,100,25,1,1,0,4,False,Flickless,GIANTX,viper,True,100,25,1,0,0,1,False,westside,GIANTX,cypher,True,100,25,0,0,0,5,False
1955.420,8373,ACTIVE_ROUND,15,3,11,50.000,,,MiniBoo,Team Heretics,raze,True,66,27,0,1,1,3,False,RieNs,Team Heretics,fade,True,100,50,1,1,0,4,False,Boo,Team Heretics,omen,True,100,25,2,1,1,2,False,benjyfishy,Team Heretics,deadlock,True,100,25,1,1,0,2,False,Wo0t,Team Heretics,chamber,True,100,50,0,1,1,2,False,grubinho,GIANTX,omen,True,100,25,2,1,1,2,False,ara,GIANTX,raze,True,100,25,0,2,1,1,False,Cloud,GIANTX,fade,True,100,25,1,1,0,4,False,Flickless,GIANTX,viper,True,100,25,1,0,0,1,False,westside,GIANTX,cypher,True,100,25,0,0,0,5,False
1955.654,8374,ACTIVE_ROUND,15,3,11,49.000,,,MiniBoo,Team Heretics,raze,True,66,27,0,1,1,3,False,RieNs,Team Heretics,fade,True,100,50,1,1,0,4,False,Boo,Team Heretics,omen,True,100,25,2,1,1,2,False,benjyfishy,Team Heretics,deadlock,True,100,25,1,1,0,2,False,Wo0t,Team Heretics,chamber,True,100,50,0,1,1,2,False,grubinho,GIANTX,omen,True,100,25,2,1,1,2,False,ara,GIANTX,raze,True,100,25,0,2,1,1,False,Cloud,GIANTX,fade,True,100,25,1,1,0,4,False,Flickless,GIANTX,viper,True,100,25,1,0,0,1,False,westside,GIANTX,cypher,True,100,25,0,0,0,5,False
1955.887,8375,ACTIVE_ROUND,15,3,11,49.000,,,MiniBoo,Team Heretics,raze,True,66,27,0,1,1,3,False,RieNs,Team Heretics,fade,True,100,50,1,1,0,4,False,Boo,Team Heretics,omen,True,100,25,2,1,1,2,False,benjyfishy,Team Heretics,deadlock,True,100,25,1,1,0,2,False,Wo0t,Team Heretics,chamber,True,100,50,0,1,1,2,False,grubinho,GIANTX,omen,True,100,25,2,1,1,2,False,ara,GIANTX,raze,True,100,25,0,2,1,1,False,Cloud,GIANTX,fade,True,100,25,1,1,0,4,False,Flickless,GIANTX,viper,True,100,25,1,0,0,1,False,westside,GIANTX,cypher,True,100,25,0,0,0,5,False
1956.121,8376,ACTIVE_ROUND,15,3,11,49.000,,,MiniBoo,Team Heretics,raze,True,66,27,0,1,1,3,False,RieNs,Team Heretics,fade,True,100,50,1,1,0,4,False,Boo,Team Heretics,omen,True,100,25,2,1,1,2,False,benjyfishy,Team Heretics,deadlock,True,100,25,1,1,0,2,False,Wo0t,Team Heretics,chamber,True,100,50,0,1,1,2,False,grubinho,GIANTX,omen,True,100,25,2,1,1,2,False,ara,GIANTX,raze,True,100,25,0,2,1,1,False,Cloud,GIANTX,fade,True,100,25,1,1,0,4,False,Flickless,GIANTX,viper,True,100,25,1,0,0,1,False,westside,GIANTX,cypher,True,100,25,0,0,0,5,False
1956.354,8377,ACTIVE_ROUND,15,3,11,49.000,,,MiniBoo,Team Heretics,raze,True,66,27,0,1,1,3,False,RieNs,Team Heretics,fade,True,100,50,1,1,0,4,False,Boo,Team Heretics,omen,True,100,25,2,1,1,2,False,benjyfishy,Team Heretics,deadlock,True,100,25,1,1,0,2,False,Wo0t,Team Heretics,chamber,True,100,50,0,1,1,2,False,grubinho,GIANTX,omen,True,100,25,2,1,1,2,False,ara,GIANTX,raze,True,100,25,0,2,1,1,False,Cloud,GIANTX,fade,True,100,25,1,1,0,4,False,Flickless,GIANTX,viper,True,100,25,1,0,0,1,False,westside,GIANTX,cypher,True,100,25,0,0,0,5,False
1956.588,8378,ACTIVE_ROUND,15,3,11,48.000,,,MiniBoo,Team Heretics,raze,True,66,27,0,1,1,3,False,RieNs,Team Heretics,fade,True,100,50,1,1,0,4,False,Boo,Team Heretics,omen,True,100,25,2,1,1,2,False,benjyfishy,Team Heretics,deadlock,True,100,25,1,1,0,2,False,Wo0t,Team Heretics,chamber,True,100,50,0,1,1,2,False,grubinho,GIANTX,omen,True,100,25,2,1,1,2,False,ara,GIANTX,raze,True,100,25,0,2,1,1,False,Cloud,GIANTX,fade,True,100,25,1,1,0,4,False,Flickless,GIANTX,viper,True,100,25,1,0,0,1,False,westside,GIANTX,cypher,True,100,25,0,0,0,5,False
1956.822,8379,ACTIVE_ROUND,15,3,11,48.000,,,MiniBoo,Team Heretics,raze,True,66,27,0,1,1,3,False,RieNs,Team Heretics,fade,True,100,50,1,1,0,4,False,Boo,Team Heretics,omen,True,100,25,2,1,1,2,False,benjyfishy,Team Heretics,deadlock,True,100,25,1,1,0,2,False,Wo0t,Team Heretics,chamber,True,100,50,0,1,1,2,False,grubinho,GIANTX,omen,True,100,25,2,1,1,2,False,ara,GIANTX,raze,True,100,25,0,2,1,1,False,Cloud,GIANTX,fade,True,100,25,1,1,0,4,False,Flickless,GIANTX,viper,True,100,25,1,0,0,1,False,westside,GIANTX,cypher,True,100,25,0,0,0,5,False
1957.055,8380,ACTIVE_ROUND,15,3,11,48.000,,,MiniBoo,Team Heretics,raze,True,66,27,0,1,1,3,False,RieNs,Team Heretics,fade,True,100,50,1,1,0,4,False,Boo,Team Heretics,omen,True,100,25,2,1,1,2,False,benjyfishy,Team Heretics,deadlock,True,100,25,1,1,0,2,False,Wo0t,Team Heretics,chamber,True,100,50,0,1,1,2,False,grubinho,GIANTX,omen,True,100,25,2,1,1,2,False,ara,GIANTX,raze,True,100,25,0,2,1,1,False,Cloud,GIANTX,fade,True,100,25,1,1,0,4,False,Flickless,GIANTX,viper,True,100,25,1,0,0,1,False,westside,GIANTX,cypher,True,100,25,0,0,0,5,False
1957.289,8381,ACTIVE_ROUND,15,3,11,48.000,,,MiniBoo,Team Heretics,raze,True,66,27,0,1,1,3,False,RieNs,Team Heretics,fade,True,100,50,1,1,0,4,False,Boo,Team Heretics,omen,True,100,25,2,1,1,2,False,benjyfishy,Team Heretics,deadlock,True,100,25,1,1,0,2,False,Wo0t,Team Heretics,chamber,True,100,50,0,1,1,2,False,grubinho,GIANTX,omen,True,100,25,2,1,0,2,False,ara,GIANTX,raze,True,100,25,0,2,1,1,False,Cloud,GIANTX,fade,True,100,25,1,1,0,4,False,Flickless,GIANTX,viper,True,100,25,1,0,0,1,False,westside,GIANTX,cypher,True,100,25,0,0,0,5,False
1957.522,8382,ACTIVE_ROUND,15,3,11,47.000,,,MiniBoo,Team Heretics,raze,True,66,27,0,1,1,3,False,RieNs,Team Heretics,fade,True,100,50,1,1,0,4,False,Boo,Team Heretics,omen,True,100,25,2,1,1,2,False,benjyfishy,Team Heretics,deadlock,True,100,25,1,1,0,2,False,Wo0t,Team Heretics,chamber,True,100,50,0,1,1,2,False,grubinho,GIANTX,omen,True,100,25,2,1,0,2,False,ara,GIANTX,raze,True,100,25,0,2,1,1,False,Cloud,GIANTX,fade,True,100,25,1,1,0,4,False,Flickless,GIANTX,viper,True,100,25,1,0,0,1,False,westside,GIANTX,cypher,True,100,25,0,0,0,5,False
1957.756,8383,ACTIVE_ROUND,15,3,11,47.000,,,MiniBoo,Team Heretics,raze,True,66,27,0,1,1,3,False,RieNs,Team Heretics,fade,True,100,50,1,1,0,4,False,Boo,Team Heretics,omen,True,100,25,2,1,1,2,False,benjyfishy,Team Heretics,deadlock,True,100,25,1,1,0,2,False,Wo0t,Team Heretics,chamber,True,100,50,0,1,1,2,False,grubinho,GIANTX,omen,True,100,25,2,1,0,2,False,ara,GIANTX,raze,True,100,25,0,2,1,1,False,Cloud,GIANTX,fade,True,100,25,1,1,0,4,False,Flickless,GIANTX,viper,True,100,25,1,0,0,1,False,westside,GIANTX,cypher,True,100,25,0,0,0,5,False
1957.989,8384,ACTIVE_ROUND,15,3,11,47.000,,,MiniBoo,Team Heretics,raze,True,66,27,0,1,1,3,False,RieNs,Team Heretics,fade,True,100,50,1,1,0,4,False,Boo,Team Heretics,omen,True,100,25,2,1,1,2,False,benjyfishy,Team Heretics,deadlock,True,100,25,1,1,0,2,False,Wo0t,Team Heretics,chamber,True,100,50,0,1,1,2,False,grubinho,GIANTX,omen,True,100,25,2,1,0,2,False,ara,GIANTX,raze,True,100,25,0,2,1,1,False,Cloud,GIANTX,fade,True,100,25,1,1,0,4,False,Flickless,GIANTX,viper,True,100,25,1,0,0,1,False,westside,GIANTX,cypher,True,100,25,0,0,0,5,False
1958.223,8385,ACTIVE_ROUND,15,3,11,47.000,,,MiniBoo,Team Heretics,raze,True,66,27,0,1,1,3,False,RieNs,Team Heretics,fade,True,100,50,1,1,0,4,False,Boo,Team Heretics,omen,True,100,25,2,1,1,2,False,benjyfishy,Team Heretics,deadlock,True,100,25,1,1,0,2,False,Wo0t,Team Heretics,chamber,True,100,50,0,1,1,2,False,grubinho,GIANTX,omen,True,100,25,2,1,0,2,False,ara,GIANTX,raze,True,100,25,0,2,1,1,False,Cloud,GIANTX,fade,True,100,25,1,1,0,4,False,Flickless,GIANTX,viper,True,100,25,1,0,0,1,False,westside,GIANTX,cypher,True,100,25,0,0,0,5,False
1958.457,8386,ACTIVE_ROUND,15,3,11,47.000,,,MiniBoo,Team Heretics,raze,True,66,27,0,1,1,3,False,RieNs,Team Heretics,fade,True,100,50,1,1,0,4,False,Boo,Team Heretics,omen,True,100,25,2,1,1,2,False,benjyfishy,Team Heretics,deadlock,True,100,25,1,1,0,2,False,Wo0t,Team Heretics,chamber,True,100,50,0,1,1,2,False,grubinho,GIANTX,omen,True,100,25,2,1,0,2,False,ara,GIANTX,raze,True,100,25,0,2,1,1,False,Cloud,GIANTX,fade,True,100,25,1,1,0,4,False,Flickless,GIANTX,viper,True,100,25,1,0,0,1,False,westside,GIANTX,cypher,True,100,25,0,0,0,5,False
1958.690,8387,ACTIVE_ROUND,15,3,11,46.000,,,MiniBoo,Team Heretics,raze,True,66,27,0,1,1,3,False,RieNs,Team Heretics,fade,True,100,50,1,1,0,4,False,Boo,Team Heretics,omen,True,100,25,2,1,1,2,False,benjyfishy,Team Heretics,deadlock,True,100,25,1,1,0,2,False,Wo0t,Team Heretics,chamber,True,100,50,0,1,1,2,False,grubinho,GIANTX,omen,True,100,25,2,1,0,2,False,ara,GIANTX,raze,True,100,25,0,2,1,1,False,Cloud,GIANTX,fade,True,100,25,1,1,0,4,False,Flickless,GIANTX,viper,True,100,25,1,0,0,1,False,westside,GIANTX,cypher,True,100,25,0,0,0,5,False
1958.924,8388,ACTIVE_ROUND,15,3,11,46.000,,,MiniBoo,Team Heretics,raze,True,66,27,0,1,1,3,False,RieNs,Team Heretics,fade,True,100,50,1,1,0,4,False,Boo,Team Heretics,omen,True,100,25,2,1,1,2,False,benjyfishy,Team Heretics,deadlock,True,100,25,1,1,0,2,False,Wo0t,Team Heretics,chamber,True,100,50,0,1,1,2,False,grubinho,GIANTX,omen,True,100,25,2,1,0,2,False,ara,GIANTX,raze,True,100,25,0,2,1,1,False,Cloud,GIANTX,fade,True,100,25,1,1,0,4,False,Flickless,GIANTX,viper,True,100,25,1,0,0,1,False,westside,GIANTX,cypher,True,100,25,0,0,0,5,False
1959.157,8389,ACTIVE_ROUND,15,3,11,46.000,,,MiniBoo,Team Heretics,raze,True,66,27,0,1,1,4,False,RieNs,Team Heretics,fade,True,100,50,1,1,0,4,False,Boo,Team Heretics,omen,True,100,25,2,1,1,2,False,benjyfishy,Team Heretics,deadlock,True,100,25,1,1,0,2,False,Wo0t,Team Heretics,chamber,True,100,50,0,1,1,2,False,grubinho,GIANTX,omen,True,100,25,2,1,0,2,False,ara,GIANTX,raze,True,100,25,0,2,1,1,False,Cloud,GIANTX,fade,True,100,25,1,1,0,4,False,Flickless,GIANTX,viper,True,100,25,1,0,0,1,False,westside,GIANTX,cypher,True,100,25,0,0,0,5,False
1959.391,8390,ACTIVE_ROUND,15,3,11,46.000,,,MiniBoo,Team Heretics,raze,True,66,27,0,1,1,4,False,RieNs,Team Heretics,fade,True,100,50,1,1,0,4,False,Boo,Team Heretics,omen,True,100,25,2,1,1,2,False,benjyfishy,Team Heretics,deadlock,True,100,25,1,1,0,2,False,Wo0t,Team Heretics,chamber,True,100,50,0,1,1,2,False,grubinho,GIANTX,omen,True,100,25,2,1,0,2,False,ara,GIANTX,raze,True,100,25,0,2,1,1,False,Cloud,GIANTX,fade,True,100,25,1,1,0,4,False,Flickless,GIANTX,viper,True,100,25,1,0,0,1,False,westside,GIANTX,cypher,True,100,25,0,0,0,5,False
1959.624,8391,ACTIVE_ROUND,15,3,11,45.000,,,MiniBoo,Team Heretics,raze,True,66,27,0,1,1,4,False,RieNs,Team Heretics,fade,True,100,50,1,1,0,4,False,Boo,Team Heretics,omen,True,100,25,2,1,1,2,False,benjyfishy,Team Heretics,deadlock,True,100,25,1,1,0,2,False,Wo0t,Team Heretics,chamber,True,100,50,0,1,1,2,False,grubinho,GIANTX,omen,True,100,25,2,1,0,2,False,ara,GIANTX,raze,True,100,25,0,2,1,1,False,Cloud,GIANTX,fade,True,100,25,1,1,0,4,False,Flickless,GIANTX,viper,True,100,25,1,0,0,1,False,westside,GIANTX,cypher,True,100,25,0,0,0,5,False
1959.858,8392,ACTIVE_ROUND,15,3,11,45.000,,,MiniBoo,Team Heretics,raze,True,66,27,0,1,1,4,False,RieNs,Team Heretics,fade,True,100,50,1,1,0,4,False,Boo,Team Heretics,omen,True,100,25,2,1,1,2,False,benjyfishy,Team Heretics,deadlock,True,100,25,1,1,0,2,False,Wo0t,Team Heretics,chamber,True,100,50,0,1,1,2,False,grubinho,GIANTX,omen,True,100,25,2,1,0,2,False,ara,GIANTX,raze,True,100,25,0,2,1,1,False,Cloud,GIANTX,fade,True,100,25,1,1,0,4,False,Flickless,GIANTX,viper,True,100,25,1,0,0,1,False,westside,GIANTX,cypher,True,100,25,0,0,0,5,False
1960.091,8393,ACTIVE_ROUND,15,3,11,45.000,,,MiniBoo,Team Heretics,raze,True,66,27,0,1,1,4,False,RieNs,Team Heretics,fade,True,100,50,1,1,0,4,False,Boo,Team Heretics,omen,True,100,25,2,1,1,2,False,benjyfishy,Team Heretics,deadlock,True,100,25,1,1,0,2,False,Wo0t,Team Heretics,chamber,True,100,50,0,1,1,2,False,grubinho,GIANTX,omen,True,100,25,2,1,0,2,False,ara,GIANTX,raze,True,100,25,0,2,1,1,False,Cloud,GIANTX,fade,True,100,25,1,1,0,4,False,Flickless,GIANTX,viper,True,100,25,1,0,0,1,False,westside,GIANTX,cypher,True,100,25,0,0,0,5,False
1960.325,8394,ACTIVE_ROUND,15,3,11,45.000,,,MiniBoo,Team Heretics,raze,True,66,27,0,1,1,4,False,RieNs,Team Heretics,fade,True,100,50,1,1,0,4,False,Boo,Team Heretics,omen,True,100,25,2,1,1,2,False,benjyfishy,Team Heretics,deadlock,True,100,25,1,1,0,2,False,Wo0t,Team Heretics,chamber,True,100,50,0,1,1,2,False,grubinho,GIANTX,omen,True,100,25,2,1,0,2,False,ara,GIANTX,raze,True,100,25,0,2,1,1,False,Cloud,GIANTX,fade,True,100,25,1,1,0,4,False,Flickless,GIANTX,viper,True,100,25,1,0,0,1,False,westside,GIANTX,cypher,True,100,25,0,0,0,5,False
1960.559,8395,ACTIVE_ROUND,15,3,11,44.000,,,MiniBoo,Team Heretics,raze,True,66,27,0,1,1,4,False,RieNs,Team Heretics,fade,True,100,50,1,1,0,4,False,Boo,Team Heretics,omen,True,100,25,2,1,1,2,False,benjyfishy,Team Heretics,deadlock,True,100,25,1,1,0,2,False,Wo0t,Team Heretics,chamber,True,100,50,0,1,1,2,False,grubinho,GIANTX,omen,True,100,25,2,1,0,2,False,ara,GIANTX,raze,True,100,25,0,2,1,1,False,Cloud,GIANTX,fade,True,100,25,1,1,0,4,False,Flickless,GIANTX,viper,True,100,25,1,0,0,1,False,westside,GIANTX,cypher,True,100,25,0,0,0,5,False
1960.792,8396,ACTIVE_ROUND,15,3,11,44.000,,,MiniBoo,Team Heretics,raze,True,66,27,0,1,1,4,False,RieNs,Team Heretics,fade,True,100,50,1,1,0,4,False,Boo,Team Heretics,omen,True,100,25,2,1,1,2,False,benjyfishy,Team Heretics,deadlock,True,100,25,1,1,0,2,False,Wo0t,Team Heretics,chamber,True,100,50,0,1,1,2,False,grubinho,GIANTX,omen,True,100,25,2,1,0,2,False,ara,GIANTX,raze,True,100,25,0,2,1,1,False,Cloud,GIANTX,fade,True,100,25,1,1,0,4,False,Flickless,GIANTX,viper,True,100,25,1,0,0,1,False,westside,GIANTX,cypher,True,100,25,0,0,0,5,False
1961.026,8397,ACTIVE_ROUND,15,3,11,44.000,,,MiniBoo,Team Heretics,raze,True,66,27,0,1,1,4,False,RieNs,Team Heretics,fade,True,100,50,1,1,0,4,False,Boo,Team Heretics,omen,True,100,25,2,1,1,2,False,benjyfishy,Team Heretics,deadlock,True,100,25,1,1,0,2,False,Wo0t,Team Heretics,chamber,True,100,50,0,1,1,2,False,grubinho,GIANTX,omen,True,100,25,2,1,0,2,False,ara,GIANTX,raze,True,100,25,0,2,1,1,False,Cloud,GIANTX,fade,True,100,25,1,1,0,4,False,Flickless,GIANTX,viper,True,100,25,1,0,0,1,False,westside,GIANTX,cypher,True,100,25,0,0,0,5,False
1961.259,8398,ACTIVE_ROUND,15,3,11,44.000,,,MiniBoo,Team Heretics,raze,True,66,27,0,1,0,4,False,RieNs,Team Heretics,fade,True,100,50,1,1,1,4,False,Boo,Team Heretics,omen,True,100,25,2,1,1,2,False,benjyfishy,Team Heretics,deadlock,True,100,25,1,1,0,2,False,Wo0t,Team Heretics,chamber,True,100,50,0,1,1,2,False,grubinho,GIANTX,omen,True,100,25,2,1,0,2,False,ara,GIANTX,raze,True,100,25,0,2,1,1,False,Cloud,GIANTX,fade,True,100,25,1,1,0,4,False,Flickless,GIANTX,viper,True,100,25,1,0,0,1,False,westside,GIANTX,cypher,True,100,25,0,0,0,5,False
1961.493,8399,ACTIVE_ROUND,15,3,11,44.000,,,MiniBoo,Team Heretics,raze,True,66,27,0,1,0,4,False,RieNs,Team Heretics,fade,True,100,50,1,1,1,4,False,Boo,Team Heretics,omen,True,100,25,2,1,1,2,False,benjyfishy,Team Heretics,deadlock,True,100,25,1,1,0,2,False,Wo0t,Team Heretics,chamber,True,100,50,0,1,1,2,False,grubinho,GIANTX,omen,True,100,25,2,1,0,2,False,ara,GIANTX,raze,True,100,25,0,2,1,1,False,Cloud,GIANTX,fade,True,100,25,1,1,0,4,False,Flickless,GIANTX,viper,True,100,25,1,0,0,1,False,westside,GIANTX,cypher,True,100,25,0,0,0,5,False
1961.726,8400,ACTIVE_ROUND,15,3,11,43.000,,,MiniBoo,Team Heretics,raze,True,66,27,0,1,0,4,False,RieNs,Team Heretics,fade,True,100,50,1,1,1,4,False,Boo,Team Heretics,omen,True,100,25,2,1,1,2,False,benjyfishy,Team Heretics,deadlock,True,100,25,1,1,0,2,False,Wo0t,Team Heretics,chamber,True,100,50,0,1,1,2,False,grubinho,GIANTX,omen,True,100,25,2,1,0,2,False,ara,GIANTX,raze,True,100,25,0,2,1,1,False,Cloud,GIANTX,fade,True,100,25,1,1,0,4,False,Flickless,GIANTX,viper,True,100,25,1,0,0,1,False,westside,GIANTX,cypher,True,100,25,0,0,0,5,False
1961.960,8401,ACTIVE_ROUND,15,3,11,43.000,,,MiniBoo,Team Heretics,raze,True,66,27,0,1,0,4,False,RieNs,Team Heretics,fade,True,100,50,1,1,1,4,False,Boo,Team Heretics,omen,True,100,25,2,1,1,2,False,benjyfishy,Team Heretics,deadlock,True,100,25,1,1,0,2,False,Wo0t,Team Heretics,chamber,True,100,50,0,1,1,2,False,grubinho,GIANTX,omen,True,100,25,2,1,0,2,False,ara,GIANTX,raze,True,100,25,0,2,1,1,False,Cloud,GIANTX,fade,True,100,25,1,1,0,4,False,Flickless,GIANTX,viper,True,100,25,1,0,0,1,False,westside,GIANTX,cypher,True,100,25,0,0,0,5,False
1962.194,8402,ACTIVE_ROUND,15,3,11,43.000,,,MiniBoo,Team Heretics,raze,True,66,27,0,1,0,4,False,RieNs,Team Heretics,fade,True,100,50,0,1,1,4,False,Boo,Team Heretics,omen,True,100,25,2,1,0,2,False,benjyfishy,Team Heretics,deadlock,True,100,25,1,1,0,2,False,Wo0t,Team Heretics,chamber,True,100,50,0,1,1,2,False,grubinho,GIANTX,omen,True,100,25,2,1,0,2,False,ara,GIANTX,raze,True,100,25,0,2,1,1,False,Cloud,GIANTX,fade,True,100,25,1,1,0,4,False,Flickless,GIANTX,viper,True,100,25,1,0,0,1,False,westside,GIANTX,cypher,True,100,25,0,0,0,5,False
1962.427,8403,ACTIVE_ROUND,15,3,11,43.000,,,MiniBoo,Team Heretics,raze,True,66,27,0,1,0,4,False,RieNs,Team Heretics,fade,True,100,50,0,1,1,4,False,Boo,Team Heretics,omen,True,100,25,2,1,0,2,False,benjyfishy,Team Heretics,deadlock,True,100,25,1,1,0,2,False,Wo0t,Team Heretics,chamber,True,100,50,0,1,1,2,False,grubinho,GIANTX,omen,True,100,25,2,1,0,2,False,ara,GIANTX,raze,True,100,25,0,2,1,1,False,Cloud,GIANTX,fade,True,100,25,1,1,0,4,False,Flickless,GIANTX,viper,True,100,25,1,0,0,1,False,westside,GIANTX,cypher,True,100,25,0,0,0,5,False
1962.661,8404,ACTIVE_ROUND,15,3,11,42.000,,,MiniBoo,Team Heretics,raze,True,66,27,0,1,0,4,False,RieNs,Team Heretics,fade,True,100,50,0,1,1,4,False,Boo,Team Heretics,omen,True,100,25,2,1,0,2,False,benjyfishy,Team Heretics,deadlock,True,100,25,1,1,0,2,False,Wo0t,Team Heretics,chamber,True,100,50,0,1,1,2,False,grubinho,GIANTX,omen,True,100,25,2,1,0,2,False,ara,GIANTX,raze,True,100,25,0,2,1,1,False,Cloud,GIANTX,fade,True,100,25,1,1,0,4,False,Flickless,GIANTX,viper,True,100,25,1,0,0,1,False,westside,GIANTX,cypher,True,100,25,0,0,0,5,False
1962.894,8405,ACTIVE_ROUND,15,3,11,42.000,,,MiniBoo,Team Heretics,raze,True,66,27,0,1,0,4,False,RieNs,Team Heretics,fade,True,100,50,0,1,1,4,False,Boo,Team Heretics,omen,True,100,25,2,1,0,2,False,benjyfishy,Team Heretics,deadlock,True,100,25,1,1,0,2,False,Wo0t,Team Heretics,chamber,True,100,50,0,1,1,2,False,grubinho,GIANTX,omen,True,100,25,2,1,0,2,False,ara,GIANTX,raze,True,100,25,0,2,1,1,False,Cloud,GIANTX,fade,True,100,25,1,1,0,4,False,Flickless,GIANTX,viper,True,100,25,1,0,0,1,False,westside,GIANTX,cypher,True,100,25,0,0,0,5,False
1963.128,8406,ACTIVE_ROUND,15,3,11,42.000,,,MiniBoo,Team Heretics,raze,True,66,27,0,1,0,4,False,RieNs,Team Heretics,fade,True,100,50,0,1,1,4,False,Boo,Team Heretics,omen,True,100,25,2,1,0,2,False,benjyfishy,Team Heretics,deadlock,True,100,25,1,1,0,2,False,Wo0t,Team Heretics,chamber,True,100,50,0,1,1,2,False,grubinho,GIANTX,omen,True,100,25,2,0,0,2,False,ara,GIANTX,raze,True,100,25,0,2,1,1,False,Cloud,GIANTX,fade,True,100,25,1,1,0,4,False,Flickless,GIANTX,viper,True,100,25,1,0,0,1,False,westside,GIANTX,cypher,True,100,25,0,0,0,5,False
1963.361,8407,ACTIVE_ROUND,15,3,11,42.000,,,MiniBoo,Team Heretics,raze,True,66,27,0,1,0,4,False,RieNs,Team Heretics,fade,True,100,50,0,1,1,4,False,Boo,Team Heretics,omen,True,100,25,2,1,0,2,False,benjyfishy,Team Heretics,deadlock,True,100,25,1,1,0,2,False,Wo0t,Team Heretics,chamber,True,100,50,0,1,1,2,False,grubinho,GIANTX,omen,True,100,25,2,0,0,2,False,ara,GIANTX,raze,True,100,25,0,2,1,1,False,Cloud,GIANTX,fade,True,100,25,1,1,0,4,False,Flickless,GIANTX,viper,True,100,25,1,0,0,1,False,westside,GIANTX,cypher,True,100,25,0,0,0,5,False
1963.595,8408,ACTIVE_ROUND,15,3,11,41.000,,,MiniBoo,Team Heretics,raze,True,66,27,0,1,0,4,False,RieNs,Team Heretics,fade,True,100,50,0,1,1,4,False,Boo,Team Heretics,omen,True,100,25,2,1,0,2,False,benjyfishy,Team Heretics,deadlock,True,100,25,1,1,0,2,False,Wo0t,Team Heretics,chamber,True,100,50,0,1,1,2,False,grubinho,GIANTX,omen,True,100,25,2,0,0,2,False,ara,GIANTX,raze,True,100,25,0,2,1,1,False,Cloud,GIANTX,fade,True,100,25,1,1,0,4,False,Flickless,GIANTX,viper,True,100,25,1,0,0,1,False,westside,GIANTX,cypher,True,100,25,0,0,0,5,False
1963.829,8409,ACTIVE_ROUND,15,3,11,41.000,,,MiniBoo,Team Heretics,raze,True,66,27,0,1,0,4,False,RieNs,Team Heretics,fade,True,100,50,0,1,1,4,False,Boo,Team Heretics,omen,True,100,25,2,1,0,2,False,benjyfishy,Team Heretics,deadlock,True,100,25,1,1,0,2,False,Wo0t,Team Heretics,chamber,True,100,50,0,1,1,2,False,grubinho,GIANTX,omen,True,100,25,2,0,0,2,False,ara,GIANTX,raze,True,100,25,0,2,1,1,False,Cloud,GIANTX,fade,True,100,25,1,1,0,4,False,Flickless,GIANTX,viper,True,100,25,1,0,0,1,False,westside,GIANTX,cypher,True,100,25,0,0,0,5,False
1964.062,8410,ACTIVE_ROUND,15,3,11,41.000,,,MiniBoo,Team Heretics,raze,True,66,27,0,1,0,4,False,RieNs,Team Heretics,fade,True,100,50,0,1,1,4,False,Boo,Team Heretics,omen,True,100,25,2,1,0,2,False,benjyfishy,Team Heretics,deadlock,True,100,25,1,1,0,2,False,Wo0t,Team Heretics,chamber,True,100,50,0,1,1,2,False,grubinho,GIANTX,omen,True,100,25,2,0,0,2,False,ara,GIANTX,raze,True,100,25,0,2,1,1,False,Cloud,GIANTX,fade,True,100,25,1,1,0,4,False,Flickless,GIANTX,viper,True,100,25,1,0,0,1,False,westside,GIANTX,cypher,True,100,25,0,0,0,5,False
1964.296,8411,ACTIVE_ROUND,15,3,11,41.000,,,MiniBoo,Team Heretics,raze,True,66,27,0,1,0,4,False,RieNs,Team Heretics,fade,True,100,50,0,1,0,4,False,Boo,Team Heretics,omen,True,100,25,2,1,0,2,False,benjyfishy,Team Heretics,deadlock,True,100,25,1,1,0,2,False,Wo0t,Team Heretics,chamber,True,100,50,0,1,1,2,False,grubinho,GIANTX,omen,True,100,25,2,0,0,2,False,ara,GIANTX,raze,True,100,25,0,2,1,1,False,Cloud,GIANTX,fade,True,100,25,0,1,0,4,False,Flickless,GIANTX,viper,True,100,25,1,0,0,1,False,westside,GIANTX,cypher,True,100,25,0,0,0,5,False
1964.529,8412,ACTIVE_ROUND,15,3,11,40.000,,,MiniBoo,Team Heretics,raze,True,66,27,0,1,0,4,False,RieNs,Team Heretics,fade,True,100,50,0,1,0,4,False,Boo,Team Heretics,omen,True,100,25,2,1,0,2,False,benjyfishy,Team Heretics,deadlock,True,100,25,1,1,0,2,False,Wo0t,Team Heretics,chamber,True,100,50,0,1,1,2,False,grubinho,GIANTX,omen,True,100,25,2,0,0,2,False,ara,GIANTX,raze,True,100,25,0,2,1,1,False,Cloud,GIANTX,fade,True,100,25,0,1,0,4,False,Flickless,GIANTX,viper,True,100,25,1,0,0,1,False,westside,GIANTX,cypher,True,100,25,0,0,0,5,False
1964.763,8413,ACTIVE_ROUND,15,3,11,40.000,,,MiniBoo,Team Heretics,raze,True,66,27,0,1,0,4,False,RieNs,Team Heretics,fade,True,100,50,0,1,0,4,False,Boo,Team Heretics,omen,True,100,25,2,1,0,2,False,benjyfishy,Team Heretics,deadlock,True,100,25,1,1,0,2,False,Wo0t,Team Heretics,chamber,True,100,50,0,1,1,2,False,grubinho,GIANTX,omen,True,100,25,2,0,0,2,False,ara,GIANTX,raze,True,100,25,0,2,1,1,False,Cloud,GIANTX,fade,True,100,25,0,1,0,4,False,Flickless,GIANTX,viper,True,100,25,1,0,0,1,False,westside,GIANTX,cypher,True,100,25,0,0,0,5,False
1964.996,8414,ACTIVE_ROUND,15,3,11,40.000,,,MiniBoo,Team Heretics,raze,True,66,27,0,1,0,4,False,RieNs,Team Heretics,fade,True,100,50,0,1,0,4,False,Boo,Team Heretics,omen,True,100,25,2,1,0,2,False,benjyfishy,Team Heretics,deadlock,True,100,25,1,1,0,2,False,Wo0t,Team Heretics,chamber,True,100,50,0,1,1,2,False,grubinho,GIANTX,omen,True,100,25,2,0,0,2,False,ara,GIANTX,raze,True,100,25,0,2,1,1,False,Cloud,GIANTX,fade,True,100,25,0,1,0,4,False,Flickless,GIANTX,viper,True,100,25,1,0,0,1,False,westside,GIANTX,cypher,True,100,25,0,0,0,5,False
1965.230,8415,ACTIVE_ROUND,15,3,11,40.000,,,MiniBoo,Team Heretics,raze,True,66,27,0,1,0,4,False,RieNs,Team Heretics,fade,True,100,50,0,1,0,4,False,Boo,Team Heretics,omen,True,100,25,2,0,0,2,False,benjyfishy,Team Heretics,deadlock,True,100,25,1,1,0,2,False,Wo0t,Team Heretics,chamber,True,100,50,0,1,1,2,False,grubinho,GIANTX,omen,True,100,25,2,0,0,2,False,ara,GIANTX,raze,True,100,25,0,2,1,1,False,Cloud,GIANTX,fade,True,100,25,0,1,0,4,False,Flickless,GIANTX,viper,True,100,25,1,0,0,1,False,westside,GIANTX,cypher,True,100,25,0,0,0,5,False
1965.464,8416,ACTIVE_ROUND,15,3,11,40.000,,,MiniBoo,Team Heretics,raze,True,66,27,0,1,0,4,False,RieNs,Team Heretics,fade,True,100,50,0,1,0,4,False,Boo,Team Heretics,omen,True,100,25,2,0,0,2,False,benjyfishy,Team Heretics,deadlock,True,100,25,1,1,0,2,False,Wo0t,Team Heretics,chamber,True,100,50,0,1,1,2,False,grubinho,GIANTX,omen,True,100,25,2,0,0,2,False,ara,GIANTX,raze,True,100,25,0,2,1,1,False,Cloud,GIANTX,fade,True,100,25,0,1,0,4,False,Flickless,GIANTX,viper,True,100,25,1,0,0,1,False,westside,GIANTX,cypher,True,100,25,0,0,0,5,False
1965.697,8417,ACTIVE_ROUND,15,3,11,39.000,,,MiniBoo,Team Heretics,raze,True,66,27,0,1,0,4,False,RieNs,Team Heretics,fade,True,100,50,0,1,0,4,False,Boo,Team Heretics,omen,True,100,25,2,0,0,2,False,benjyfishy,Team Heretics,deadlock,True,100,25,1,1,0,2,False,Wo0t,Team Heretics,chamber,True,100,50,0,1,1,2,False,grubinho,GIANTX,omen,True,100,25,2,0,0,2,False,ara,GIANTX,raze,True,100,25,0,2,1,1,False,Cloud,GIANTX,fade,True,100,25,0,1,0,4,False,Flickless,GIANTX,viper,True,100,25,1,0,0,1,False,westside,GIANTX,cypher,True,100,25,0,0,0,5,False
1965.931,8418,ACTIVE_ROUND,15,3,11,39.000,,,MiniBoo,Team Heretics,raze,True,66,27,0,1,0,4,False,RieNs,Team Heretics,fade,True,100,50,0,1,0,4,False,Boo,Team Heretics,omen,True,100,25,2,0,0,2,False,benjyfishy,Team Heretics,deadlock,True,100,25,1,1,0,2,False,Wo0t,Team Heretics,chamber,True,100,50,0,1,1,2,False,grubinho,GIANTX,omen,True,100,25,2,0,0,2,False,ara,GIANTX,raze,True,100,25,0,2,1,1,False,Cloud,GIANTX,fade,True,100,25,0,1,0,4,False,Flickless,GIANTX,viper,True,100,25,1,0,0,1,False,westside,GIANTX,cypher,True,100,25,0,0,0,5,False
1966.164,8419,ACTIVE_ROUND,15,3,11,39.000,,,MiniBoo,Team Heretics,raze,True,66,27,0,0,0,4,False,RieNs,Team Heretics,fade,True,100,50,0,1,0,4,False,Boo,Team Heretics,omen,True,100,25,1,0,0,2,False,benjyfishy,Team Heretics,deadlock,True,100,25,1,1,0,2,False,Wo0t,Team Heretics,chamber,True,100,50,0,1,1,2,False,grubinho,GIANTX,omen,True,100,25,2,0,1,2,False,ara,GIANTX,raze,True,100,25,0,2,1,1,False,Cloud,GIANTX,fade,True,100,25,0,1,0,4,False,Flickless,GIANTX,viper,True,100,25,1,0,0,1,False,westside,GIANTX,cypher,True,100,25,0,0,0,5,False
1966.398,8420,ACTIVE_ROUND,15,3,11,39.000,,,MiniBoo,Team Heretics,raze,True,66,27,0,0,0,4,False,RieNs,Team Heretics,fade,True,100,50,0,1,0,4,False,Boo,Team Heretics,omen,True,100,25,1,0,0,2,False,benjyfishy,Team Heretics,deadlock,True,100,25,1,1,0,2,False,Wo0t,Team Heretics,chamber,True,100,50,0,1,1,2,False,grubinho,GIANTX,omen,True,100,25,2,0,1,2,False,ara,GIANTX,raze,True,100,25,0,2,1,1,False,Cloud,GIANTX,fade,True,100,25,0,1,0,4,False,Flickless,GIANTX,viper,True,100,25,1,0,0,1,False,westside,GIANTX,cypher,True,100,25,0,0,0,5,False
1966.631,8421,ACTIVE_ROUND,15,3,11,38.000,,,MiniBoo,Team Heretics,raze,True,66,27,0,0,0,4,False,RieNs,Team Heretics,fade,True,100,50,0,1,0,4,False,Boo,Team Heretics,omen,True,100,25,1,0,0,2,False,benjyfishy,Team Heretics,deadlock,True,100,25,1,1,0,2,False,Wo0t,Team Heretics,chamber,True,100,50,0,1,1,2,False,grubinho,GIANTX,omen,True,100,25,2,0,1,2,False,ara,GIANTX,raze,True,100,25,0,2,1,1,False,Cloud,GIANTX,fade,True,100,25,0,1,0,4,False,Flickless,GIANTX,viper,True,100,25,1,0,0,1,False,westside,GIANTX,cypher,True,100,25,0,0,0,5,False
1966.865,8422,ACTIVE_ROUND,15,3,11,38.000,,,MiniBoo,Team Heretics,raze,True,66,27,0,0,0,4,False,RieNs,Team Heretics,fade,True,100,50,0,1,0,4,False,Boo,Team Heretics,omen,True,100,25,1,0,0,2,False,benjyfishy,Team Heretics,deadlock,True,100,25,1,1,0,2,False,Wo0t,Team Heretics,chamber,True,100,50,0,1,1,2,False,grubinho,GIANTX,omen,True,100,25,2,0,1,2,False,ara,GIANTX,raze,True,100,25,0,2,1,1,False,Cloud,GIANTX,fade,True,100,25,0,1,0,4,False,Flickless,GIANTX,viper,True,100,25,1,0,0,1,False,westside,GIANTX,cypher,True,100,25,0,0,0,5,False
1967.098,8423,ACTIVE_ROUND,15,3,11,38.000,,,MiniBoo,Team Heretics,raze,True,66,27,0,0,0,4,False,RieNs,Team Heretics,fade,True,100,50,0,1,0,4,False,Boo,Team Heretics,omen,True,100,25,1,0,0,2,False,benjyfishy,Team Heretics,deadlock,True,100,25,1,1,0,2,False,Wo0t,Team Heretics,chamber,True,100,50,0,1,1,2,False,grubinho,GIANTX,omen,True,100,25,2,0,1,2,False,ara,GIANTX,raze,True,100,25,0,2,1,1,False,Cloud,GIANTX,fade,True,100,25,0,1,0,4,False,Flickless,GIANTX,viper,True,100,25,1,0,0,1,False,westside,GIANTX,cypher,True,100,25,0,0,0,5,False
1967.332,8424,ACTIVE_ROUND,15,3,11,38.000,,,MiniBoo,Team Heretics,raze,True,66,27,0,0,0,4,False,RieNs,Team Heretics,fade,True,100,50,0,1,0,4,False,Boo,Team Heretics,omen,True,100,25,1,0,0,2,False,benjyfishy,Team Heretics,deadlock,True,100,25,1,1,0,2,False,Wo0t,Team Heretics,chamber,True,100,50,0,1,1,2,False,grubinho,GIANTX,omen,True,100,25,2,0,1,2,False,ara,GIANTX,raze,True,100,25,0,2,1,1,False,Cloud,GIANTX,fade,True,100,25,0,1,0,4,False,Flickless,GIANTX,viper,True,100,25,1,0,0,1,False,westside,GIANTX,cypher,True,100,25,0,0,0,5,False
1967.566,8425,ACTIVE_ROUND,15,3,11,37.000,,,MiniBoo,Team Heretics,raze,True,66,27,0,0,0,4,False,RieNs,Team Heretics,fade,True,100,50,0,1,0,4,False,Boo,Team Heretics,omen,True,100,25,1,0,0,2,False,benjyfishy,Team Heretics,deadlock,True,100,25,1,1,0,2,False,Wo0t,Team Heretics,chamber,True,100,50,0,1,1,2,False,grubinho,GIANTX,omen,True,100,25,2,0,1,2,False,ara,GIANTX,raze,True,100,25,0,2,1,1,False,Cloud,GIANTX,fade,True,100,25,0,1,0,4,False,Flickless,GIANTX,viper,True,100,25,1,0,0,1,False,westside,GIANTX,cypher,True,100,25,0,0,0,5,False
1967.799,8426,ACTIVE_ROUND,15,3,11,37.000,,,MiniBoo,Team Heretics,raze,True,66,27,0,0,0,4,False,RieNs,Team Heretics,fade,True,100,50,0,1,0,4,False,Boo,Team Heretics,omen,True,100,25,1,0,0,2,False,benjyfishy,Team Heretics,deadlock,True,100,25,1,1,0,2,False,Wo0t,Team Heretics,chamber,True,100,50,0,1,1,2,False,grubinho,GIANTX,omen,True,100,25,2,0,1,2,False,ara,GIANTX,raze,True,100,25,0,2,1,1,False,Cloud,GIANTX,fade,True,100,25,0,1,0,4,False,Flickless,GIANTX,viper,True,100,25,1,0,0,1,False,westside,GIANTX,cypher,True,100,25,0,0,0,5,False
1968.033,8427,ACTIVE_ROUND,15,3,11,37.000,,,MiniBoo,Team Heretics,raze,True,66,27,0,0,0,4,False,RieNs,Team Heretics,fade,True,100,50,0,1,0,4,False,Boo,Team Heretics,omen,True,100,25,1,0,0,2,False,benjyfishy,Team Heretics,deadlock,True,100,25,1,1,0,2,False,Wo0t,Team Heretics,chamber,True,100,50,0,0,0,2,False,grubinho,GIANTX,omen,True,100,25,2,0,1,2,False,ara,GIANTX,raze,True,100,25,0,2,1,1,False,Cloud,GIANTX,fade,True,100,25,0,1,0,4,False,Flickless,GIANTX,viper,True,100,25,1,0,0,1,False,westside,GIANTX,cypher,True,100,25,0,0,0,5,False
1968.266,8428,ACTIVE_ROUND,15,3,11,37.000,,,MiniBoo,Team Heretics,raze,True,66,27,0,0,0,4,False,RieNs,Team Heretics,fade,True,100,50,0,1,0,4,False,Boo,Team Heretics,omen,True,100,25,1,0,0,2,False,benjyfishy,Team Heretics,deadlock,True,100,25,1,1,0,2,False,Wo0t,Team Heretics,chamber,False,,50,0,0,0,3,False,grubinho,GIANTX,omen,True,100,25,2,0,1,2,False,ara,GIANTX,raze,True,100,25,0,2,1,2,False,Cloud,GIANTX,fade,True,100,25,0,1,0,4,False,Flickless,GIANTX,viper,True,100,25,1,0,0,1,False,westside,GIANTX,cypher,True,85,25,0,0,0,5,False
1968.500,8429,ACTIVE_ROUND,15,3,11,37.000,,,MiniBoo,Team Heretics,raze,True,66,27,0,0,0,4,False,RieNs,Team Heretics,fade,True,100,50,0,1,0,4,False,Boo,Team Heretics,omen,True,100,25,1,0,0,2,False,benjyfishy,Team Heretics,deadlock,True,100,25,1,1,0,2,False,Wo0t,Team Heretics,chamber,False,,50,0,0,0,3,False,grubinho,GIANTX,omen,True,100,25,2,0,1,2,False,ara,GIANTX,raze,True,100,25,0,2,1,2,False,Cloud,GIANTX,fade,True,100,25,0,1,0,4,False,Flickless,GIANTX,viper,True,100,25,1,0,0,1,False,westside,GIANTX,cypher,True,85,25,0,0,0,5,False
1968.733,8430,ACTIVE_ROUND,15,3,11,36.000,,,MiniBoo,Team Heretics,raze,True,66,27,0,0,0,4,False,RieNs,Team Heretics,fade,True,100,50,0,1,0,4,False,Boo,Team Heretics,omen,True,100,25,1,0,0,2,False,benjyfishy,Team Heretics,deadlock,True,100,25,1,1,0,2,False,Wo0t,Team Heretics,chamber,False,,50,0,0,0,3,False,grubinho,GIANTX,omen,True,100,25,2,0,1,2,False,ara,GIANTX,raze,True,100,25,0,2,1,2,False,Cloud,GIANTX,fade,True,100,25,0,1,0,4,False,Flickless,GIANTX,viper,True,100,25,1,0,0,1,False,westside,GIANTX,cypher,True,85,25,0,0,0,5,False
1968.967,8431,ACTIVE_ROUND,15,3,11,36.000,,,MiniBoo,Team Heretics,raze,True,66,27,0,0,0,4,False,RieNs,Team Heretics,fade,True,100,50,0,1,0,4,False,Boo,Team Heretics,omen,True,100,25,1,0,0,2,False,benjyfishy,Team Heretics,deadlock,True,100,25,1,1,0,2,False,Wo0t,Team Heretics,chamber,False,,50,0,0,0,3,False,grubinho,GIANTX,omen,True,100,25,2,0,1,2,False,ara,GIANTX,raze,True,100,25,0,2,1,2,False,Cloud,GIANTX,fade,True,100,25,0,1,0,4,False,Flickless,GIANTX,viper,True,100,25,1,0,0,1,False,westside,GIANTX,cypher,True,85,25,0,0,0,5,False
1969.201,8432,ACTIVE_ROUND,15,3,11,36.000,,,MiniBoo,Team Heretics,raze,True,66,27,0,0,0,4,False,RieNs,Team Heretics,fade,True,100,50,0,1,0,4,False,Boo,Team Heretics,omen,True,100,25,1,0,0,2,False,benjyfishy,Team Heretics,deadlock,True,100,25,1,1,0,2,False,Wo0t,Team Heretics,chamber,False,,50,0,0,0,3,False,grubinho,GIANTX,omen,True,100,25,2,0,1,2,False,ara,GIANTX,raze,True,100,25,0,2,1,2,False,Cloud,GIANTX,fade,True,100,25,0,1,0,4,False,Flickless,GIANTX,viper,True,100,25,1,0,0,1,False,westside,GIANTX,cypher,True,85,25,0,0,0,5,False
1969.434,8433,ACTIVE_ROUND,15,3,11,36.000,,,MiniBoo,Team Heretics,raze,True,66,27,0,0,0,4,False,RieNs,Team Heretics,fade,True,100,50,0,1,0,4,False,Boo,Team Heretics,omen,True,100,25,1,0,0,2,False,benjyfishy,Team Heretics,deadlock,True,100,25,1,1,0,2,False,Wo0t,Team Heretics,chamber,False,,50,0,0,0,3,False,grubinho,GIANTX,omen,True,100,25,2,0,1,2,False,ara,GIANTX,raze,True,100,25,0,2,1,2,False,Cloud,GIANTX,fade,True,100,25,0,1,0,4,False,Flickless,GIANTX,viper,True,100,25,1,0,0,1,False,westside,GIANTX,cypher,True,85,25,0,0,0,5,False
1969.668,8434,ACTIVE_ROUND,15,3,11,35.000,,,MiniBoo,Team Heretics,raze,True,66,27,0,0,0,4,False,RieNs,Team Heretics,fade,True,100,50,0,1,0,4,False,Boo,Team Heretics,omen,True,100,25,1,0,0,2,False,benjyfishy,Team Heretics,deadlock,True,100,25,1,1,0,2,False,Wo0t,Team Heretics,chamber,False,,50,0,0,0,3,False,grubinho,GIANTX,omen,True,100,25,2,0,1,2,False,ara,GIANTX,raze,True,100,25,0,2,1,2,False,Cloud,GIANTX,fade,True,100,25,0,1,0,4,False,Flickless,GIANTX,viper,True,100,25,1,0,0,1,False,westside,GIANTX,cypher,True,85,25,0,0,0,5,False
1969.901,8435,ACTIVE_ROUND,15,3,11,35.000,,,MiniBoo,Team Heretics,raze,True,66,27,0,0,0,4,False,RieNs,Team Heretics,fade,True,100,50,0,1,0,4,False,Boo,Team Heretics,omen,True,100,25,1,0,0,2,False,benjyfishy,Team Heretics,deadlock,True,100,25,1,1,0,2,False,Wo0t,Team Heretics,chamber,False,,50,0,0,0,3,False,grubinho,GIANTX,omen,True,100,25,2,0,1,2,False,ara,GIANTX,raze,True,100,25,0,2,1,2,False,Cloud,GIANTX,fade,True,100,25,0,1,0,4,False,Flickless,GIANTX,viper,True,100,25,1,0,0,1,False,westside,GIANTX,cypher,True,85,25,0,0,0,5,False
1970.135,8436,ACTIVE_ROUND,15,3,11,35.000,,,MiniBoo,Team Heretics,raze,True,66,27,0,0,0,4,False,RieNs,Team Heretics,fade,True,100,50,0,1,0,4,False,Boo,Team Heretics,omen,True,100,25,1,0,0,2,False,benjyfishy,Team Heretics,deadlock,True,100,25,1,1,0,2,False,Wo0t,Team Heretics,chamber,False,,50,0,0,0,3,False,grubinho,GIANTX,omen,True,100,25,2,0,1,2,False,ara,GIANTX,raze,True,100,25,0,2,1,2,False,Cloud,GIANTX,fade,True,100,25,0,1,0,4,False,Flickless,GIANTX,viper,True,100,25,1,0,0,1,False,westside,GIANTX,cypher,True,85,25,0,0,0,5,False
1970.368,8437,ACTIVE_ROUND,15,3,11,35.000,,,MiniBoo,Team Heretics,raze,True,66,27,0,0,0,4,False,RieNs,Team Heretics,fade,True,100,50,0,1,0,4,False,Boo,Team Heretics,omen,True,100,25,1,0,0,2,False,benjyfishy,Team Heretics,deadlock,True,100,25,1,1,0,2,False,Wo0t,Team Heretics,chamber,False,,50,0,0,0,3,False,grubinho,GIANTX,omen,True,100,25,2,0,1,2,False,ara,GIANTX,raze,True,100,25,0,2,1,2,False,Cloud,GIANTX,fade,True,100,25,0,1,0,4,False,Flickless,GIANTX,viper,True,100,25,1,0,0,1,False,westside,GIANTX,cypher,True,85,25,0,0,0,5,False
1970.602,8438,ACTIVE_ROUND,15,3,11,34.000,,,MiniBoo,Team Heretics,raze,True,66,27,0,0,0,4,False,RieNs,Team Heretics,fade,True,100,50,0,1,0,4,False,Boo,Team Heretics,omen,True,100,25,1,0,0,2,False,benjyfishy,Team Heretics,deadlock,True,100,25,1,1,0,2,False,Wo0t,Team Heretics,chamber,False,,50,0,0,0,3,False,grubinho,GIANTX,omen,True,100,25,2,0,1,2,False,ara,GIANTX,raze,True,100,25,0,2,1,2,False,Cloud,GIANTX,fade,True,100,25,0,1,0,4,False,Flickless,GIANTX,viper,True,100,25,1,0,0,1,False,westside,GIANTX,cypher,True,85,25,0,0,0,5,False
1970.836,8439,ACTIVE_ROUND,15,3,11,34.000,,,MiniBoo,Team Heretics,raze,True,66,27,0,0,0,4,False,RieNs,Team Heretics,fade,True,100,50,0,1,0,4,False,Boo,Team Heretics,omen,True,100,25,1,0,0,2,False,benjyfishy,Team Heretics,deadlock,True,100,25,1,1,0,2,False,Wo0t,Team Heretics,chamber,False,,50,0,0,0,3,False,grubinho,GIANTX,omen,True,100,25,2,0,1,2,False,ara,GIANTX,raze,True,100,25,0,2,1,2,False,Cloud,GIANTX,fade,True,100,25,0,1,0,4,False,Flickless,GIANTX,viper,True,100,25,1,0,0,1,False,westside,GIANTX,cypher,True,85,25,0,0,0,5,False
1971.069,8440,ACTIVE_ROUND,15,3,11,34.000,,,MiniBoo,Team Heretics,raze,True,66,27,0,0,0,4,False,RieNs,Team Heretics,fade,True,100,50,0,1,0,4,False,Boo,Team Heretics,omen,True,100,25,1,0,0,2,False,benjyfishy,Team Heretics,deadlock,True,100,25,1,1,0,2,False,Wo0t,Team Heretics,chamber,False,,50,0,0,0,3,False,grubinho,GIANTX,omen,True,100,25,2,0,1,2,False,ara,GIANTX,raze,True,100,25,0,2,1,2,False,Cloud,GIANTX,fade,True,100,25,0,1,0,4,False,Flickless,GIANTX,viper,True,100,25,1,0,0,1,False,westside,GIANTX,cypher,True,85,25,0,0,0,5,False
1971.303,8441,ACTIVE_ROUND,15,3,11,34.000,,,MiniBoo,Team Heretics,raze,True,66,27,0,0,0,4,False,RieNs,Team Heretics,fade,True,100,50,0,1,0,4,False,Boo,Team Heretics,omen,True,100,25,1,0,1,2,False,benjyfishy,Team Heretics,deadlock,True,100,25,1,1,0,2,False,Wo0t,Team Heretics,chamber,False,,50,0,0,0,3,False,grubinho,GIANTX,omen,True,100,25,2,0,1,2,False,ara,GIANTX,raze,True,100,25,0,2,1,2,False,Cloud,GIANTX,fade,True,100,25,0,1,0,4,False,Flickless,GIANTX,viper,True,100,25,1,0,0,1,False,westside,GIANTX,cypher,True,85,25,0,0,0,5,False
1971.536,8442,ACTIVE_ROUND,15,3,11,33.000,,,MiniBoo,Team Heretics,raze,True,66,27,0,0,0,4,False,RieNs,Team Heretics,fade,True,100,50,0,1,0,4,False,Boo,Team Heretics,omen,True,100,25,1,0,1,2,False,benjyfishy,Team Heretics,deadlock,True,100,25,1,1,0,2,False,Wo0t,Team Heretics,chamber,False,,50,0,0,0,3,False,grubinho,GIANTX,omen,True,100,25,2,0,1,2,False,ara,GIANTX,raze,True,100,25,0,2,1,2,False,Cloud,GIANTX,fade,True,100,25,0,1,0,4,False,Flickless,GIANTX,viper,True,100,25,1,0,0,1,False,westside,GIANTX,cypher,True,85,25,0,0,0,5,False
1971.770,8443,ACTIVE_ROUND,15,3,11,33.000,,,MiniBoo,Team Heretics,raze,True,66,27,0,0,0,4,False,RieNs,Team Heretics,fade,True,100,50,0,1,0,4,False,Boo,Team Heretics,omen,True,100,25,1,0,1,2,False,benjyfishy,Team Heretics,deadlock,True,100,25,1,1,0,2,False,Wo0t,Team Heretics,chamber,False,,50,0,0,0,3,False,grubinho,GIANTX,omen,True,100,25,2,0,1,2,False,ara,GIANTX,raze,True,100,25,0,2,1,2,False,Cloud,GIANTX,fade,True,100,25,0,1,0,4,False,Flickless,GIANTX,viper,True,100,25,1,0,0,1,False,westside,GIANTX,cypher,True,85,25,0,0,0,5,False
1972.003,8444,ACTIVE_ROUND,15,3,11,33.000,,,MiniBoo,Team Heretics,raze,True,66,27,0,0,0,4,False,RieNs,Team Heretics,fade,True,100,50,0,1,0,4,False,Boo,Team Heretics,omen,True,100,25,1,0,1,2,False,benjyfishy,Team Heretics,deadlock,True,100,25,1,1,0,2,False,Wo0t,Team Heretics,chamber,False,,50,0,0,0,3,False,grubinho,GIANTX,omen,True,100,25,2,0,1,2,False,ara,GIANTX,raze,True,100,25,0,2,1,2,False,Cloud,GIANTX,fade,True,100,25,0,1,0,4,False,Flickless,GIANTX,viper,True,100,25,1,0,0,1,False,westside,GIANTX,cypher,True,85,25,0,0,0,5,False
1972.237,8445,ACTIVE_ROUND,15,3,11,33.000,,,MiniBoo,Team Heretics,raze,True,66,27,0,0,0,4,False,RieNs,Team Heretics,fade,True,100,50,0,1,0,4,False,Boo,Team Heretics,omen,True,100,25,1,0,1,2,False,benjyfishy,Team Heretics,deadlock,True,100,25,1,1,0,2,False,Wo0t,Team Heretics,chamber,False,,50,0,0,0,3,False,grubinho,GIANTX,omen,True,100,25,2,0,1,2,False,ara,GIANTX,raze,True,100,25,0,2,1,2,False,Cloud,GIANTX,fade,True,100,25,0,1,0,4,False,Flickless,GIANTX,viper,True,100,25,1,0,0,1,False,westside,GIANTX,cypher,True,85,25,0,0,0,5,False
1972.471,8446,ACTIVE_ROUND,15,3,11,33.000,,,MiniBoo,Team Heretics,raze,True,66,27,0,0,0,4,False,RieNs,Team Heretics,fade,True,100,50,0,1,0,4,False,Boo,Team Heretics,omen,True,100,25,1,0,1,2,False,benjyfishy,Team Heretics,deadlock,True,100,25,1,1,0,2,False,Wo0t,Team Heretics,chamber,False,,50,0,0,0,3,False,grubinho,GIANTX,omen,True,100,25,2,0,1,2,False,ara,GIANTX,raze,True,100,25,0,2,1,2,False,Cloud,GIANTX,fade,True,100,25,0,1,0,4,False,Flickless,GIANTX,viper,True,100,25,1,0,0,1,False,westside,GIANTX,cypher,True,85,25,0,0,0,5,False
1972.704,8447,ACTIVE_ROUND,15,3,11,32.000,,,MiniBoo,Team Heretics,raze,True,66,27,0,0,0,4,False,RieNs,Team Heretics,fade,True,100,50,0,1,0,4,False,Boo,Team Heretics,omen,True,100,25,1,0,1,2,False,benjyfishy,Team Heretics,deadlock,True,100,25,1,1,0,2,False,Wo0t,Team Heretics,chamber,False,,50,0,0,0,3,False,grubinho,GIANTX,omen,True,100,25,2,0,1,2,False,ara,GIANTX,raze,True,100,25,0,2,1,2,False,Cloud,GIANTX,fade,True,100,25,0,1,0,4,False,Flickless,GIANTX,viper,True,100,25,1,0,0,1,False,westside,GIANTX,cypher,True,85,25,0,0,0,5,False
1972.938,8448,ACTIVE_ROUND,15,3,11,32.000,,,MiniBoo,Team Heretics,raze,True,66,27,0,0,0,4,False,RieNs,Team Heretics,fade,True,100,50,0,1,0,4,False,Boo,Team Heretics,omen,True,100,25,1,0,1,2,False,benjyfishy,Team Heretics,deadlock,True,100,25,1,1,0,2,False,Wo0t,Team Heretics,chamber,False,,50,0,0,0,3,False,grubinho,GIANTX,omen,True,100,25,2,0,1,2,False,ara,GIANTX,raze,True,100,25,0,2,1,2,False,Cloud,GIANTX,fade,True,100,25,0,1,0,4,False,Flickless,GIANTX,viper,True,100,25,1,0,0,1,False,westside,GIANTX,cypher,True,85,25,0,0,0,5,False
1973.171,8449,ACTIVE_ROUND,15,3,11,32.000,,,MiniBoo,Team Heretics,raze,True,66,27,0,0,0,4,False,RieNs,Team Heretics,fade,True,100,50,0,1,0,4,False,Boo,Team Heretics,omen,True,100,25,1,0,1,2,False,benjyfishy,Team Heretics,deadlock,True,100,25,1,1,0,2,False,Wo0t,Team Heretics,chamber,False,,50,0,0,0,3,False,grubinho,GIANTX,omen,True,100,25,2,0,1,2,False,ara,GIANTX,raze,True,100,25,0,2,1,2,False,Cloud,GIANTX,fade,True,100,25,0,1,0,4,False,Flickless,GIANTX,viper,True,100,25,1,0,0,1,False,westside,GIANTX,cypher,True,85,25,0,0,0,5,False
1973.405,8450,ACTIVE_ROUND,15,3,11,32.000,,,MiniBoo,Team Heretics,raze,True,66,27,0,0,0,4,False,RieNs,Team Heretics,fade,True,100,50,0,1,0,4,False,Boo,Team Heretics,omen,True,100,25,1,0,1,2,False,benjyfishy,Team Heretics,deadlock,True,100,25,1,1,0,2,False,Wo0t,Team Heretics,chamber,False,,50,0,0,0,3,False,grubinho,GIANTX,omen,True,100,25,2,0,1,2,False,ara,GIANTX,raze,True,100,25,0,2,1,2,False,Cloud,GIANTX,fade,True,100,25,0,1,0,4,False,Flickless,GIANTX,viper,True,100,25,1,0,0,1,False,westside,GIANTX,cypher,True,85,25,0,0,0,5,False
1973.638,8451,ACTIVE_ROUND,15,3,11,31.000,,,MiniBoo,Team Heretics,raze,True,66,27,0,0,0,4,False,RieNs,Team Heretics,fade,True,100,50,0,1,0,4,False,Boo,Team Heretics,omen,True,100,25,1,0,1,2,False,benjyfishy,Team Heretics,deadlock,True,100,25,1,1,0,2,False,Wo0t,Team Heretics,chamber,False,,50,0,0,0,3,False,grubinho,GIANTX,omen,True,100,25,2,0,1,2,False,ara,GIANTX,raze,True,100,25,0,2,1,2,False,Cloud,GIANTX,fade,True,100,25,0,1,0,4,False,Flickless,GIANTX,viper,True,100,25,1,0,0,1,False,westside,GIANTX,cypher,True,85,25,0,0,0,5,False
1973.872,8452,ACTIVE_ROUND,15,3,11,31.000,,,MiniBoo,Team Heretics,raze,True,66,27,0,0,0,4,False,RieNs,Team Heretics,fade,True,100,50,0,1,0,4,False,Boo,Team Heretics,omen,True,100,25,1,0,1,2,False,benjyfishy,Team Heretics,deadlock,True,100,25,1,1,0,2,False,Wo0t,Team Heretics,chamber,False,,50,0,0,0,3,False,grubinho,GIANTX,omen,True,100,25,2,0,1,2,False,ara,GIANTX,raze,True,100,25,0,2,1,2,False,Cloud,GIANTX,fade,True,100,25,0,1,0,4,False,Flickless,GIANTX,viper,True,100,25,1,0,0,1,False,westside,GIANTX,cypher,True,85,25,0,0,0,5,False
1974.105,8453,ACTIVE_ROUND,15,3,11,31.000,,,MiniBoo,Team Heretics,raze,True,66,27,0,0,0,4,False,RieNs,Team Heretics,fade,True,100,50,0,1,0,4,False,Boo,Team Heretics,omen,True,100,25,1,0,1,2,False,benjyfishy,Team Heretics,deadlock,True,100,25,0,1,0,2,False,Wo0t,Team Heretics,chamber,False,,50,0,0,0,3,False,grubinho,GIANTX,omen,True,100,25,2,0,1,2,False,ara,GIANTX,raze,True,100,25,0,2,1,2,False,Cloud,GIANTX,fade,True,100,25,0,1,0,4,False,Flickless,GIANTX,viper,True,100,25,1,0,0,1,False,westside,GIANTX,cypher,True,85,25,0,0,0,5,False
1974.339,8454,ACTIVE_ROUND,15,3,11,31.000,,,MiniBoo,Team Heretics,raze,True,66,27,0,0,0,4,False,RieNs,Team Heretics,fade,True,100,50,0,1,0,4,False,Boo,Team Heretics,omen,True,100,25,1,0,1,2,False,benjyfishy,Team Heretics,deadlock,True,100,25,0,1,0,2,False,Wo0t,Team Heretics,chamber,False,,50,0,0,0,3,False,grubinho,GIANTX,omen,True,100,25,2,0,1,2,False,ara,GIANTX,raze,True,100,25,0,2,1,2,False,Cloud,GIANTX,fade,True,100,25,0,1,0,4,False,Flickless,GIANTX,viper,True,100,25,1,0,0,1,False,westside,GIANTX,cypher,True,85,25,0,0,0,5,False
1974.573,8455,ACTIVE_ROUND,15,3,11,30.000,,,MiniBoo,Team Heretics,raze,True,66,27,0,0,0,4,False,RieNs,Team Heretics,fade,True,100,50,0,1,0,4,False,Boo,Team Heretics,omen,True,100,25,1,0,1,2,False,benjyfishy,Team Heretics,deadlock,True,100,25,0,1,0,2,False,Wo0t,Team Heretics,chamber,False,,50,0,0,0,3,False,grubinho,GIANTX,omen,True,100,25,2,0,1,2,False,ara,GIANTX,raze,True,100,25,0,2,1,2,False,Cloud,GIANTX,fade,True,100,25,0,1,0,4,False,Flickless,GIANTX,viper,True,100,25,1,0,0,1,False,westside,GIANTX,cypher,True,85,25,0,0,0,5,False
1974.806,8456,ACTIVE_ROUND,15,3,11,30.000,,,MiniBoo,Team Heretics,raze,True,66,27,0,0,0,4,False,RieNs,Team Heretics,fade,True,100,50,0,1,0,4,False,Boo,Team Heretics,omen,True,100,25,1,0,1,2,False,benjyfishy,Team Heretics,deadlock,True,100,25,0,1,0,2,False,Wo0t,Team Heretics,chamber,False,,50,0,0,0,3,False,grubinho,GIANTX,omen,True,100,25,2,0,1,2,False,ara,GIANTX,raze,True,100,25,0,2,1,2,False,Cloud,GIANTX,fade,True,100,25,0,1,0,4,False,Flickless,GIANTX,viper,True,100,25,1,0,0,1,False,westside,GIANTX,cypher,True,85,25,0,0,0,5,False
1975.040,8457,ACTIVE_ROUND,15,3,11,30.000,,,MiniBoo,Team Heretics,raze,True,66,27,0,0,0,4,False,RieNs,Team Heretics,fade,True,100,50,0,1,0,4,False,Boo,Team Heretics,omen,True,100,25,1,0,1,2,False,benjyfishy,Team Heretics,deadlock,True,100,25,0,1,0,2,False,Wo0t,Team Heretics,chamber,False,,50,0,0,0,3,False,grubinho,GIANTX,omen,True,100,25,2,0,1,2,False,ara,GIANTX,raze,True,100,25,0,2,1,2,False,Cloud,GIANTX,fade,True,100,25,0,1,0,4,False,Flickless,GIANTX,viper,True,100,25,1,0,0,1,False,westside,GIANTX,cypher,True,85,25,0,0,0,5,False
1975.273,8458,ACTIVE_ROUND,15,3,11,30.000,,,MiniBoo,Team Heretics,raze,True,66,27,0,0,0,4,False,RieNs,Team Heretics,fade,True,100,50,0,1,0,4,False,Boo,Team Heretics,omen,True,100,25,1,0,1,2,False,benjyfishy,Team Heretics,deadlock,True,100,25,0,1,0,2,False,Wo0t,Team Heretics,chamber,False,,50,0,0,0,3,False,grubinho,GIANTX,omen,True,100,25,2,0,1,2,False,ara,GIANTX,raze,True,100,25,0,2,1,2,False,Cloud,GIANTX,fade,True,100,25,0,1,0,4,False,Flickless,GIANTX,viper,True,100,25,1,0,0,1,False,westside,GIANTX,cypher,True,85,25,0,0,0,5,False
1975.507,8459,ACTIVE_ROUND,15,3,11,30.000,,,MiniBoo,Team Heretics,raze,True,66,27,0,0,0,4,False,RieNs,Team Heretics,fade,True,100,50,0,1,0,4,False,Boo,Team Heretics,omen,True,100,25,1,0,1,2,False,benjyfishy,Team Heretics,deadlock,True,100,25,0,1,0,2,False,Wo0t,Team Heretics,chamber,False,,50,0,0,0,3,False,grubinho,GIANTX,omen,True,100,25,2,0,1,2,False,ara,GIANTX,raze,True,100,25,0,2,1,2,False,Cloud,GIANTX,fade,True,100,25,0,1,0,4,False,Flickless,GIANTX,viper,True,100,25,1,0,0,1,False,westside,GIANTX,cypher,True,85,25,0,0,0,5,False
1975.740,8460,ACTIVE_ROUND,15,3,11,29.000,,,MiniBoo,Team Heretics,raze,True,66,27,0,0,0,4,False,RieNs,Team Heretics,fade,True,100,50,0,1,0,4,False,Boo,Team Heretics,omen,True,100,25,1,0,1,2,False,benjyfishy,Team Heretics,deadlock,True,100,25,0,1,0,2,False,Wo0t,Team Heretics,chamber,False,,50,0,0,0,3,False,grubinho,GIANTX,omen,True,100,25,2,0,1,2,False,ara,GIANTX,raze,True,100,25,0,2,1,2,False,Cloud,GIANTX,fade,True,100,25,0,1,0,4,False,Flickless,GIANTX,viper,True,100,25,1,0,0,1,False,westside,GIANTX,cypher,True,85,25,0,0,0,5,False
1975.974,8461,ACTIVE_ROUND,15,3,11,29.000,,,MiniBoo,Team Heretics,raze,True,66,27,0,0,0,4,False,RieNs,Team Heretics,fade,True,100,50,0,1,0,4,False,Boo,Team Heretics,omen,True,100,25,1,0,1,2,False,benjyfishy,Team Heretics,deadlock,True,100,25,0,1,0,2,False,Wo0t,Team Heretics,chamber,False,,50,0,0,0,3,False,grubinho,GIANTX,omen,True,100,25,2,0,1,2,False,ara,GIANTX,raze,True,100,25,0,2,1,2,False,Cloud,GIANTX,fade,True,100,25,0,1,0,4,False,Flickless,GIANTX,viper,True,100,25,1,0,0,1,False,westside,GIANTX,cypher,True,85,25,0,0,0,5,False
1976.208,8462,ACTIVE_ROUND,15,3,11,29.000,,,MiniBoo,Team Heretics,raze,True,66,27,0,0,0,4,False,RieNs,Team Heretics,fade,True,100,50,0,1,0,4,False,Boo,Team Heretics,omen,True,100,25,1,0,1,2,False,benjyfishy,Team Heretics,deadlock,True,100,25,0,1,0,2,False,Wo0t,Team Heretics,chamber,False,,50,0,0,0,3,False,grubinho,GIANTX,omen,True,100,25,2,0,1,2,False,ara,GIANTX,raze,True,100,25,0,2,1,2,False,Cloud,GIANTX,fade,True,100,25,0,1,0,4,False,Flickless,GIANTX,viper,True,100,25,1,0,0,1,False,westside,GIANTX,cypher,True,85,25,0,0,0,5,False
1976.441,8463,ACTIVE_ROUND,15,3,11,29.000,,,MiniBoo,Team Heretics,raze,True,66,27,0,0,0,4,False,RieNs,Team Heretics,fade,True,100,50,0,1,0,4,False,Boo,Team Heretics,omen,True,100,25,1,0,1,2,False,benjyfishy,Team Heretics,deadlock,True,100,25,0,1,0,2,False,Wo0t,Team Heretics,chamber,False,,50,0,0,0,3,False,grubinho,GIANTX,omen,True,100,25,2,0,1,2,False,ara,GIANTX,raze,True,100,25,0,2,1,2,False,Cloud,GIANTX,fade,True,100,25,0,1,0,4,False,Flickless,GIANTX,viper,True,100,25,1,0,0,1,False,westside,GIANTX,cypher,True,85,25,0,0,0,5,False
1976.675,8464,ACTIVE_ROUND,15,3,11,28.000,,,MiniBoo,Team Heretics,raze,True,66,27,0,0,0,4,False,RieNs,Team Heretics,fade,True,100,50,0,1,0,4,False,Boo,Team Heretics,omen,True,100,25,1,0,1,2,False,benjyfishy,Team Heretics,deadlock,True,100,25,0,1,0,2,False,Wo0t,Team Heretics,chamber,False,,50,0,0,0,3,False,grubinho,GIANTX,omen,True,100,25,2,0,1,2,False,ara,GIANTX,raze,True,100,25,0,2,1,2,False,Cloud,GIANTX,fade,True,100,25,0,1,0,4,False,Flickless,GIANTX,viper,True,100,25,1,0,0,1,False,westside,GIANTX,cypher,True,85,25,0,0,0,5,False
1976.908,8465,ACTIVE_ROUND,15,3,11,28.000,,,MiniBoo,Team Heretics,raze,True,66,27,0,0,0,4,False,RieNs,Team Heretics,fade,True,100,50,0,1,0,4,False,Boo,Team Heretics,omen,True,100,25,1,0,1,2,False,benjyfishy,Team Heretics,deadlock,True,100,25,0,1,0,2,False,Wo0t,Team Heretics,chamber,False,,50,0,0,0,3,False,grubinho,GIANTX,omen,True,100,25,2,0,1,2,False,ara,GIANTX,raze,True,100,25,0,2,1,2,False,Cloud,GIANTX,fade,True,100,25,0,1,0,4,False,Flickless,GIANTX,viper,True,100,25,1,0,0,1,False,westside,GIANTX,cypher,True,85,25,0,0,0,5,False
1977.142,8466,ACTIVE_ROUND,15,3,11,28.000,,,MiniBoo,Team Heretics,raze,True,66,27,0,0,0,4,False,RieNs,Team Heretics,fade,True,100,50,0,1,0,4,False,Boo,Team Heretics,omen,True,100,25,1,0,0,2,False,benjyfishy,Team Heretics,deadlock,True,100,25,0,1,0,2,False,Wo0t,Team Heretics,chamber,False,,50,0,0,0,3,False,grubinho,GIANTX,omen,True,100,25,2,0,1,2,False,ara,GIANTX,raze,True,100,25,0,2,1,2,False,Cloud,GIANTX,fade,True,100,25,0,1,0,4,False,Flickless,GIANTX,viper,True,100,25,1,0,0,1,False,westside,GIANTX,cypher,True,85,25,0,0,0,5,False
1977.375,8467,ACTIVE_ROUND,15,3,11,28.000,,,MiniBoo,Team Heretics,raze,True,66,27,0,0,0,4,False,RieNs,Team Heretics,fade,True,100,50,0,1,0,4,False,Boo,Team Heretics,omen,True,100,25,1,0,0,2,False,benjyfishy,Team Heretics,deadlock,True,100,25,0,1,0,2,False,Wo0t,Team Heretics,chamber,False,,50,0,0,0,3,False,grubinho,GIANTX,omen,True,100,25,2,0,1,2,False,ara,GIANTX,raze,True,100,25,0,2,1,2,False,Cloud,GIANTX,fade,True,100,25,0,1,0,4,False,Flickless,GIANTX,viper,True,100,25,1,0,0,1,False,westside,GIANTX,cypher,True,85,25,0,0,0,5,False
1977.609,8468,ACTIVE_ROUND,15,3,11,27.000,,,MiniBoo,Team Heretics,raze,True,66,27,0,0,0,4,False,RieNs,Team Heretics,fade,True,100,50,0,1,0,4,False,Boo,Team Heretics,omen,True,100,25,1,0,0,2,False,benjyfishy,Team Heretics,deadlock,True,100,25,0,1,0,2,False,Wo0t,Team Heretics,chamber,False,,50,0,0,0,3,False,grubinho,GIANTX,omen,True,100,25,2,0,1,2,False,ara,GIANTX,raze,True,100,25,0,2,1,2,False,Cloud,GIANTX,fade,True,100,25,0,1,0,4,False,Flickless,GIANTX,viper,True,100,25,1,0,0,1,False,westside,GIANTX,cypher,True,85,25,0,0,0,5,False
1977.843,8469,ACTIVE_ROUND,15,3,11,27.000,,,MiniBoo,Team Heretics,raze,True,66,27,0,0,0,4,False,RieNs,Team Heretics,fade,True,100,50,0,1,0,4,False,Boo,Team Heretics,omen,True,100,25,1,0,0,2,False,benjyfishy,Team Heretics,deadlock,True,100,25,0,1,0,2,False,Wo0t,Team Heretics,chamber,False,,50,0,0,0,3,False,grubinho,GIANTX,omen,True,100,25,2,0,1,2,False,ara,GIANTX,raze,True,100,25,0,2,1,2,False,Cloud,GIANTX,fade,True,100,25,0,1,0,4,False,Flickless,GIANTX,viper,True,100,25,1,0,0,1,False,westside,GIANTX,cypher,True,85,25,0,0,0,5,False
1978.076,8470,ACTIVE_ROUND,15,3,11,27.000,,,MiniBoo,Team Heretics,raze,True,66,27,0,0,0,4,False,RieNs,Team Heretics,fade,True,100,50,0,1,0,4,False,Boo,Team Heretics,omen,True,100,25,1,0,0,2,False,benjyfishy,Team Heretics,deadlock,True,100,25,0,1,0,2,False,Wo0t,Team Heretics,chamber,False,,50,0,0,0,3,False,grubinho,GIANTX,omen,True,100,25,2,0,1,2,False,ara,GIANTX,raze,True,100,25,0,2,1,2,False,Cloud,GIANTX,fade,True,100,25,0,1,0,4,False,Flickless,GIANTX,viper,True,100,25,1,0,0,1,False,westside,GIANTX,cypher,True,85,25,0,0,0,5,False
1978.310,8471,ACTIVE_ROUND,15,3,11,27.000,,,MiniBoo,Team Heretics,raze,True,66,27,0,0,0,4,False,RieNs,Team Heretics,fade,True,100,50,0,1,0,4,False,Boo,Team Heretics,omen,True,100,25,1,0,0,2,False,benjyfishy,Team Heretics,deadlock,True,100,25,0,1,0,2,False,Wo0t,Team Heretics,chamber,False,,50,0,0,0,3,False,grubinho,GIANTX,omen,True,100,25,2,0,1,2,False,ara,GIANTX,raze,True,100,25,0,2,1,2,False,Cloud,GIANTX,fade,True,100,25,0,1,0,4,False,Flickless,GIANTX,viper,True,100,25,1,0,0,1,False,westside,GIANTX,cypher,True,85,25,0,0,0,5,False
1978.543,8472,ACTIVE_ROUND,15,3,11,26.000,,,MiniBoo,Team Heretics,raze,True,66,27,0,0,0,4,False,RieNs,Team Heretics,fade,True,100,50,0,1,0,4,False,Boo,Team Heretics,omen,True,100,25,1,0,0,2,False,benjyfishy,Team Heretics,deadlock,True,100,25,0,1,0,2,False,Wo0t,Team Heretics,chamber,False,,50,0,0,0,3,False,grubinho,GIANTX,omen,True,100,25,2,0,1,2,False,ara,GIANTX,raze,True,100,25,0,2,1,2,False,Cloud,GIANTX,fade,True,100,25,0,1,0,4,False,Flickless,GIANTX,viper,True,100,25,1,0,0,1,False,westside,GIANTX,cypher,True,85,25,0,0,0,5,False
1978.777,8473,ACTIVE_ROUND,15,3,11,26.000,,,MiniBoo,Team Heretics,raze,True,66,27,0,0,0,4,False,RieNs,Team Heretics,fade,True,100,50,0,1,0,4,False,Boo,Team Heretics,omen,True,100,25,1,0,0,2,False,benjyfishy,Team Heretics,deadlock,True,100,25,0,1,0,2,False,Wo0t,Team Heretics,chamber,False,,50,0,0,0,3,False,grubinho,GIANTX,omen,True,100,25,2,0,1,2,False,ara,GIANTX,raze,True,100,25,0,2,1,2,False,Cloud,GIANTX,fade,True,100,25,0,1,0,4,False,Flickless,GIANTX,viper,True,100,25,1,0,0,1,False,westside,GIANTX,cypher,True,85,25,0,0,0,5,False
1979.010,8474,ACTIVE_ROUND,15,3,11,26.000,,,MiniBoo,Team Heretics,raze,True,66,27,0,0,0,4,False,RieNs,Team Heretics,fade,True,100,50,0,1,0,4,False,Boo,Team Heretics,omen,True,100,25,1,0,0,2,False,benjyfishy,Team Heretics,deadlock,True,100,25,0,1,0,2,False,Wo0t,Team Heretics,chamber,False,,50,0,0,0,3,False,grubinho,GIANTX,omen,True,100,25,2,0,1,2,False,ara,GIANTX,raze,True,100,25,0,2,1,2,False,Cloud,GIANTX,fade,True,100,25,0,1,0,4,False,Flickless,GIANTX,viper,True,100,25,1,0,0,1,False,westside,GIANTX,cypher,True,85,25,0,0,0,5,False
1979.244,8475,ACTIVE_ROUND,15,3,11,26.000,,,MiniBoo,Team Heretics,raze,True,66,27,0,0,0,4,False,RieNs,Team Heretics,fade,True,100,50,0,1,0,4,False,Boo,Team Heretics,omen,True,100,25,1,0,0,2,False,benjyfishy,Team Heretics,deadlock,True,100,25,0,1,0,2,False,Wo0t,Team Heretics,chamber,False,,50,0,0,0,3,False,grubinho,GIANTX,omen,True,100,25,2,0,1,2,False,ara,GIANTX,raze,True,100,25,0,2,1,2,False,Cloud,GIANTX,fade,True,100,25,0,1,0,4,False,Flickless,GIANTX,viper,True,100,25,1,0,0,1,False,westside,GIANTX,cypher,True,85,25,0,0,0,5,False
1979.477,8476,ACTIVE_ROUND,15,3,11,26.000,,,MiniBoo,Team Heretics,raze,True,66,27,0,0,0,4,False,RieNs,Team Heretics,fade,True,100,50,0,1,0,4,False,Boo,Team Heretics,omen,True,100,25,1,0,0,2,False,benjyfishy,Team Heretics,deadlock,True,100,25,0,1,0,2,False,Wo0t,Team Heretics,chamber,False,,50,0,0,0,3,False,grubinho,GIANTX,omen,True,100,25,2,0,1,2,False,ara,GIANTX,raze,True,100,25,0,2,1,2,False,Cloud,GIANTX,fade,True,100,25,0,1,0,4,False,Flickless,GIANTX,viper,True,100,25,1,0,0,1,False,westside,GIANTX,cypher,True,85,25,0,0,0,5,False
1979.711,8477,ACTIVE_ROUND,15,3,11,25.000,,,MiniBoo,Team Heretics,raze,True,66,27,0,0,0,4,False,RieNs,Team Heretics,fade,True,100,50,0,1,0,4,False,Boo,Team Heretics,omen,True,100,25,1,0,0,2,False,benjyfishy,Team Heretics,deadlock,True,100,25,0,1,0,2,False,Wo0t,Team Heretics,chamber,False,,50,0,0,0,3,False,grubinho,GIANTX,omen,True,100,25,2,0,1,2,False,ara,GIANTX,raze,True,100,25,0,2,1,2,False,Cloud,GIANTX,fade,True,100,25,0,1,0,4,False,Flickless,GIANTX,viper,True,100,25,1,0,0,1,False,westside,GIANTX,cypher,True,85,25,0,0,0,5,False
1979.945,8478,ACTIVE_ROUND,15,3,11,25.000,,,MiniBoo,Team Heretics,raze,True,66,27,0,0,0,4,False,RieNs,Team Heretics,fade,True,100,50,0,1,0,4,False,Boo,Team Heretics,omen,True,100,25,1,0,0,2,False,benjyfishy,Team Heretics,deadlock,True,100,25,0,1,0,2,False,Wo0t,Team Heretics,chamber,False,,50,0,0,0,3,False,grubinho,GIANTX,omen,True,100,25,2,0,1,2,False,ara,GIANTX,raze,True,100,25,0,2,1,2,False,Cloud,GIANTX,fade,True,100,25,0,1,0,4,False,Flickless,GIANTX,viper,True,100,25,1,0,0,1,False,westside,GIANTX,cypher,True,85,25,0,0,0,5,False
1980.178,8479,ACTIVE_ROUND,15,3,11,25.000,,,MiniBoo,Team Heretics,raze,True,66,27,0,0,0,4,False,RieNs,Team Heretics,fade,True,100,50,0,1,0,4,False,Boo,Team Heretics,omen,True,100,25,1,0,0,2,False,benjyfishy,Team Heretics,deadlock,True,100,25,0,1,0,2,False,Wo0t,Team Heretics,chamber,False,,50,0,0,0,3,False,grubinho,GIANTX,omen,True,100,25,2,0,1,2,False,ara,GIANTX,raze,True,100,25,0,2,0,2,False,Cloud,GIANTX,fade,True,100,25,0,0,0,4,False,Flickless,GIANTX,viper,True,100,25,1,0,0,1,False,westside,GIANTX,cypher,True,85,25,0,0,0,5,False
1980.412,8480,ACTIVE_ROUND,15,3,11,25.000,,,MiniBoo,Team Heretics,raze,True,66,27,0,0,0,4,False,RieNs,Team Heretics,fade,True,100,50,0,1,0,4,False,Boo,Team Heretics,omen,True,100,25,1,0,0,2,False,benjyfishy,Team Heretics,deadlock,True,100,25,0,1,0,2,False,Wo0t,Team Heretics,chamber,False,,50,0,0,0,3,False,grubinho,GIANTX,omen,True,100,25,2,0,1,2,False,ara,GIANTX,raze,True,100,25,0,2,0,2,False,Cloud,GIANTX,fade,True,100,25,0,0,0,4,False,Flickless,GIANTX,viper,True,100,25,1,0,0,1,False,westside,GIANTX,cypher,True,85,25,0,0,0,5,False
1980.645,8481,ACTIVE_ROUND,15,3,11,24.000,,,MiniBoo,Team Heretics,raze,True,66,27,0,0,0,4,False,RieNs,Team Heretics,fade,True,100,50,0,1,0,4,False,Boo,Team Heretics,omen,True,100,25,1,0,0,2,False,benjyfishy,Team Heretics,deadlock,True,100,25,0,1,0,2,False,Wo0t,Team Heretics,chamber,False,,50,0,0,0,3,False,grubinho,GIANTX,omen,True,100,25,2,0,1,2,False,ara,GIANTX,raze,True,100,25,0,2,0,2,False,Cloud,GIANTX,fade,True,100,25,0,0,0,4,False,Flickless,GIANTX,viper,True,100,25,1,0,0,1,False,westside,GIANTX,cypher,True,85,25,0,0,0,5,False
1980.879,8482,ACTIVE_ROUND,15,3,11,24.000,,,MiniBoo,Team Heretics,raze,True,66,27,0,0,0,4,False,RieNs,Team Heretics,fade,True,100,50,0,1,0,4,False,Boo,Team Heretics,omen,True,100,25,1,0,0,2,False,benjyfishy,Team Heretics,deadlock,True,100,25,0,1,0,2,False,Wo0t,Team Heretics,chamber,False,,50,0,0,0,3,False,grubinho,GIANTX,omen,True,100,25,2,0,1,2,False,ara,GIANTX,raze,True,100,25,0,2,0,2,False,Cloud,GIANTX,fade,True,100,25,0,0,0,4,False,Flickless,GIANTX,viper,True,100,25,1,0,0,1,False,westside,GIANTX,cypher,True,85,25,0,0,0,5,False
1981.112,8483,ACTIVE_ROUND,15,3,11,24.000,,,MiniBoo,Team Heretics,raze,True,66,27,0,0,0,4,False,RieNs,Team Heretics,fade,True,100,50,0,1,0,4,False,Boo,Team Heretics,omen,True,100,25,1,0,0,2,False,benjyfishy,Team Heretics,deadlock,True,100,25,0,1,0,2,False,Wo0t,Team Heretics,chamber,False,,50,0,0,0,3,False,grubinho,GIANTX,omen,True,100,25,2,0,1,2,False,ara,GIANTX,raze,True,100,25,0,2,0,2,False,Cloud,GIANTX,fade,True,100,25,0,0,0,4,False,Flickless,GIANTX,viper,True,100,25,1,0,0,1,False,westside,GIANTX,cypher,True,85,25,0,0,0,5,False
1981.346,8484,ACTIVE_ROUND,15,3,11,24.000,,,MiniBoo,Team Heretics,raze,True,66,27,0,0,0,4,False,RieNs,Team Heretics,fade,True,100,50,0,1,0,4,False,Boo,Team Heretics,omen,True,100,25,1,0,0,2,False,benjyfishy,Team Heretics,deadlock,True,100,25,0,1,0,2,False,Wo0t,Team Heretics,chamber,False,,50,0,0,0,3,False,grubinho,GIANTX,omen,True,100,25,2,0,1,2,False,ara,GIANTX,raze,True,100,25,0,2,0,2,False,Cloud,GIANTX,fade,True,100,25,0,0,0,4,False,Flickless,GIANTX,viper,True,100,25,1,0,0,1,False,westside,GIANTX,cypher,True,85,25,0,0,0,5,False
1981.580,8485,ACTIVE_ROUND,15,3,11,23.000,,,MiniBoo,Team Heretics,raze,True,66,27,0,0,0,4,False,RieNs,Team Heretics,fade,True,100,50,0,1,0,4,False,Boo,Team Heretics,omen,True,100,25,1,0,0,2,False,benjyfishy,Team Heretics,deadlock,True,100,25,0,1,0,2,False,Wo0t,Team Heretics,chamber,False,,50,0,0,0,3,False,grubinho,GIANTX,omen,True,100,25,2,0,1,2,False,ara,GIANTX,raze,True,100,25,0,2,0,2,False,Cloud,GIANTX,fade,True,100,25,0,0,0,4,False,Flickless,GIANTX,viper,True,100,25,1,0,0,1,False,westside,GIANTX,cypher,True,85,25,0,0,0,5,False
1982.047,8487,ACTIVE_ROUND,15,3,11,,0.000,,MiniBoo,Team Heretics,raze,True,66,27,0,0,0,4,False,RieNs,Team Heretics,fade,True,100,50,0,1,0,4,False,Boo,Team Heretics,omen,True,100,25,1,0,0,2,False,benjyfishy,Team Heretics,deadlock,True,100,25,0,1,0,2,False,Wo0t,Team Heretics,chamber,False,,50,0,0,0,3,False,grubinho,GIANTX,omen,True,100,25,2,0,1,2,False,ara,GIANTX,raze,True,100,25,0,2,0,2,False,Cloud,GIANTX,fade,True,100,25,0,0,0,4,False,Flickless,GIANTX,viper,True,100,25,1,0,0,1,False,westside,GIANTX,cypher,True,85,25,0,0,0,5,False
1982.280,8488,ACTIVE_ROUND,15,3,11,,0.234,,MiniBoo,Team Heretics,raze,True,66,27,0,0,0,4,False,RieNs,Team Heretics,fade,True,100,50,0,1,0,4,False,Boo,Team Heretics,omen,True,100,25,1,0,0,3,False,benjyfishy,Team Heretics,deadlock,True,100,25,0,1,0,2,False,Wo0t,Team Heretics,chamber,False,,50,0,0,0,3,False,grubinho,GIANTX,omen,True,100,25,2,0,1,2,False,ara,GIANTX,raze,True,100,25,0,2,0,2,False,Cloud,GIANTX,fade,True,100,25,0,0,0,4,False,Flickless,GIANTX,viper,True,100,25,1,0,0,1,False,westside,GIANTX,cypher,True,85,25,0,0,0,5,False
1982.514,8489,ACTIVE_ROUND,15,3,11,,0.467,,MiniBoo,Team Heretics,raze,True,66,27,0,0,0,4,False,RieNs,Team Heretics,fade,True,100,50,0,1,0,4,False,Boo,Team Heretics,omen,True,100,25,1,0,0,3,False,benjyfishy,Team Heretics,deadlock,True,100,25,0,1,0,2,False,Wo0t,Team Heretics,chamber,False,,50,0,0,0,3,False,grubinho,GIANTX,omen,True,100,25,2,0,1,2,False,ara,GIANTX,raze,True,100,25,0,2,0,2,False,Cloud,GIANTX,fade,True,100,25,0,0,0,4,False,Flickless,GIANTX,viper,True,100,25,1,0,0,1,False,westside,GIANTX,cypher,True,85,25,0,0,0,5,False
1982.747,8490,ACTIVE_ROUND,15,3,11,,0.701,,MiniBoo,Team Heretics,raze,True,66,27,0,0,0,4,False,RieNs,Team Heretics,fade,True,100,50,0,1,0,4,False,Boo,Team Heretics,omen,True,100,25,1,0,0,3,False,benjyfishy,Team Heretics,deadlock,True,100,25,0,1,0,2,False,Wo0t,Team Heretics,chamber,False,,50,0,0,0,3,False,grubinho,GIANTX,omen,True,100,25,2,0,1,2,False,ara,GIANTX,raze,True,100,25,0,2,0,2,False,Cloud,GIANTX,fade,True,100,25,0,0,0,4,False,Flickless,GIANTX,viper,True,100,25,1,0,0,1,False,westside,GIANTX,cypher,True,85,25,0,0,0,5,False
1982.981,8491,ACTIVE_ROUND,15,3,11,,0.934,,MiniBoo,Team Heretics,raze,True,66,27,0,0,0,4,False,RieNs,Team Heretics,fade,True,100,50,0,1,0,4,False,Boo,Team Heretics,omen,True,100,25,1,0,0,3,False,benjyfishy,Team Heretics,deadlock,True,100,25,0,1,0,2,False,Wo0t,Team Heretics,chamber,False,,50,0,0,0,3,False,grubinho,GIANTX,omen,True,100,25,2,0,1,2,False,ara,GIANTX,raze,True,100,25,0,2,0,2,False,Cloud,GIANTX,fade,True,100,25,0,0,0,4,False,Flickless,GIANTX,viper,True,100,25,1,0,0,1,False,westside,GIANTX,cypher,True,85,25,0,0,0,5,False
1983.215,8492,ACTIVE_ROUND,15,3,11,,1.168,,MiniBoo,Team Heretics,raze,True,66,27,0,0,0,4,False,RieNs,Team Heretics,fade,True,100,50,0,1,0,4,False,Boo,Team Heretics,omen,True,100,25,1,0,0,3,False,benjyfishy,Team Heretics,deadlock,True,100,25,0,0,0,2,False,Wo0t,Team Heretics,chamber,False,,50,0,0,0,3,False,grubinho,GIANTX,omen,True,100,25,2,0,1,2,False,ara,GIANTX,raze,True,100,25,0,2,0,2,False,Cloud,GIANTX,fade,True,100,25,0,0,0,4,False,Flickless,GIANTX,viper,True,100,25,1,0,0,1,False,westside,GIANTX,cypher,True,85,25,0,0,0,5,False
1983.448,8493,ACTIVE_ROUND,15,3,11,,1.401,,MiniBoo,Team Heretics,raze,True,66,27,0,0,0,4,False,RieNs,Team Heretics,fade,True,100,50,0,1,0,4,False,Boo,Team Heretics,omen,True,100,25,1,0,0,3,False,benjyfishy,Team Heretics,deadlock,True,100,25,0,0,0,2,False,Wo0t,Team Heretics,chamber,False,,50,0,0,0,3,False,grubinho,GIANTX,omen,True,100,25,2,0,1,2,False,ara,GIANTX,raze,True,100,25,0,2,0,2,False,Cloud,GIANTX,fade,True,100,25,0,0,0,4,False,Flickless,GIANTX,viper,True,100,25,1,0,0,1,False,westside,GIANTX,cypher,True,85,25,0,0,0,5,False
1983.682,8494,ACTIVE_ROUND,15,3,11,,1.635,,MiniBoo,Team Heretics,raze,True,66,27,0,0,0,4,False,RieNs,Team Heretics,fade,True,100,50,0,1,0,4,False,Boo,Team Heretics,omen,True,100,25,1,0,0,3,False,benjyfishy,Team Heretics,deadlock,True,100,25,0,0,0,2,False,Wo0t,Team Heretics,chamber,False,,50,0,0,0,3,False,grubinho,GIANTX,omen,True,100,25,2,0,1,2,False,ara,GIANTX,raze,True,100,25,0,2,0,2,False,Cloud,GIANTX,fade,True,100,25,0,0,0,4,False,Flickless,GIANTX,viper,True,100,25,1,0,0,1,False,westside,GIANTX,cypher,True,85,25,0,0,0,5,False
1983.915,8495,ACTIVE_ROUND,15,3,11,,1.869,,MiniBoo,Team Heretics,raze,True,66,27,0,0,0,4,False,RieNs,Team Heretics,fade,True,100,50,0,1,0,4,False,Boo,Team Heretics,omen,True,100,25,1,0,0,3,False,benjyfishy,Team Heretics,deadlock,True,100,25,0,0,0,2,False,Wo0t,Team Heretics,chamber,False,,50,0,0,0,3,False,grubinho,GIANTX,omen,True,100,25,2,0,1,2,False,ara,GIANTX,raze,True,100,25,0,2,0,2,False,Cloud,GIANTX,fade,True,100,25,0,0,0,4,False,Flickless,GIANTX,viper,True,100,25,1,0,0,1,False,westside,GIANTX,cypher,True,85,25,0,0,0,5,False
1984.149,8496,ACTIVE_ROUND,15,3,11,,2.102,,MiniBoo,Team Heretics,raze,True,66,27,0,0,0,4,False,RieNs,Team Heretics,fade,True,100,50,0,1,0,4,False,Boo,Team Heretics,omen,True,100,25,0,0,0,3,False,benjyfishy,Team Heretics,deadlock,True,100,25,0,0,0,2,False,Wo0t,Team Heretics,chamber,False,,50,0,0,0,3,False,grubinho,GIANTX,omen,True,100,25,2,0,1,2,False,ara,GIANTX,raze,True,100,25,0,2,0,2,False,Cloud,GIANTX,fade,True,100,25,0,0,0,4,False,Flickless,GIANTX,viper,True,100,25,1,0,0,1,False,westside,GIANTX,cypher,True,85,25,0,0,0,5,False
1984.382,8497,ACTIVE_ROUND,15,3,11,,2.336,,MiniBoo,Team Heretics,raze,True,66,27,0,0,0,4,False,RieNs,Team Heretics,fade,True,100,50,0,1,0,4,False,Boo,Team Heretics,omen,True,100,25,0,0,0,3,False,benjyfishy,Team Heretics,deadlock,True,100,25,0,0,0,2,False,Wo0t,Team Heretics,chamber,False,,50,0,0,0,3,False,grubinho,GIANTX,omen,True,100,25,2,0,1,2,False,ara,GIANTX,raze,True,100,25,0,2,0,2,False,Cloud,GIANTX,fade,True,100,25,0,0,0,4,False,Flickless,GIANTX,viper,True,100,25,1,0,0,1,False,westside,GIANTX,cypher,True,85,25,0,0,0,5,False
1984.616,8498,ACTIVE_ROUND,15,3,11,,2.569,,MiniBoo,Team Heretics,raze,True,66,27,0,0,0,4,False,RieNs,Team Heretics,fade,True,100,50,0,1,0,4,False,Boo,Team Heretics,omen,True,100,25,0,0,0,3,False,benjyfishy,Team Heretics,deadlock,True,100,25,0,0,0,2,False,Wo0t,Team Heretics,chamber,False,,50,0,0,0,3,False,grubinho,GIANTX,omen,True,100,25,2,0,1,2,False,ara,GIANTX,raze,True,100,25,0,2,0,2,False,Cloud,GIANTX,fade,True,100,25,0,0,0,4,False,Flickless,GIANTX,viper,True,100,25,1,0,0,1,False,westside,GIANTX,cypher,True,85,25,0,0,0,5,False
1984.850,8499,ACTIVE_ROUND,15,3,11,,2.803,,MiniBoo,Team Heretics,raze,True,66,27,0,0,0,4,False,RieNs,Team Heretics,fade,True,100,50,0,1,0,4,False,Boo,Team Heretics,omen,True,100,25,0,0,0,3,False,benjyfishy,Team Heretics,deadlock,True,100,25,0,0,0,2,False,Wo0t,Team Heretics,chamber,False,,50,0,0,0,3,False,grubinho,GIANTX,omen,True,100,25,2,0,1,2,False,ara,GIANTX,raze,True,100,25,0,2,0,2,False,Cloud,GIANTX,fade,True,100,25,0,0,0,4,False,Flickless,GIANTX,viper,True,100,25,1,0,0,1,False,westside,GIANTX,cypher,True,85,25,0,0,0,5,False
1985.083,8500,ACTIVE_ROUND,15,3,11,,3.036,,MiniBoo,Team Heretics,raze,True,66,27,0,0,0,4,False,RieNs,Team Heretics,fade,True,100,50,0,1,0,4,False,Boo,Team Heretics,omen,True,100,25,0,0,0,3,False,benjyfishy,Team Heretics,deadlock,True,100,25,0,0,0,2,False,Wo0t,Team Heretics,chamber,False,,50,0,0,0,3,False,grubinho,GIANTX,omen,True,100,25,2,0,1,2,False,ara,GIANTX,raze,True,100,25,0,2,0,2,False,Cloud,GIANTX,fade,True,100,25,0,0,0,4,False,Flickless,GIANTX,viper,True,100,25,1,0,0,1,False,westside,GIANTX,cypher,True,85,25,0,0,0,5,False
1985.317,8501,ACTIVE_ROUND,15,3,11,,3.270,,MiniBoo,Team Heretics,raze,True,66,27,0,0,0,4,False,RieNs,Team Heretics,fade,True,100,50,0,0,0,4,False,Boo,Team Heretics,omen,True,100,25,0,0,0,3,False,benjyfishy,Team Heretics,deadlock,True,100,25,0,0,0,2,False,Wo0t,Team Heretics,chamber,False,,50,0,0,0,3,False,grubinho,GIANTX,omen,True,100,25,2,0,1,2,False,ara,GIANTX,raze,True,100,25,0,2,0,2,False,Cloud,GIANTX,fade,True,100,25,0,0,1,4,False,Flickless,GIANTX,viper,True,100,25,1,0,0,1,False,westside,GIANTX,cypher,True,85,25,0,0,0,5,False
1985.550,8502,ACTIVE_ROUND,15,3,11,,3.504,,MiniBoo,Team Heretics,raze,True,66,27,0,0,0,4,False,RieNs,Team Heretics,fade,True,100,50,0,0,0,4,False,Boo,Team Heretics,omen,True,100,25,0,0,0,3,False,benjyfishy,Team Heretics,deadlock,True,100,25,0,0,0,2,False,Wo0t,Team Heretics,chamber,False,,50,0,0,0,3,False,grubinho,GIANTX,omen,True,100,25,2,0,1,2,False,ara,GIANTX,raze,True,100,25,0,2,0,2,False,Cloud,GIANTX,fade,True,100,25,0,0,1,4,False,Flickless,GIANTX,viper,True,100,25,1,0,0,1,False,westside,GIANTX,cypher,True,85,25,0,0,0,5,False
1985.784,8503,ACTIVE_ROUND,15,3,11,,3.737,,MiniBoo,Team Heretics,raze,True,66,27,0,0,0,4,False,RieNs,Team Heretics,fade,True,100,50,0,0,0,4,False,Boo,Team Heretics,omen,True,100,25,0,0,0,3,False,benjyfishy,Team Heretics,deadlock,True,100,25,0,0,0,2,False,Wo0t,Team Heretics,chamber,False,,50,0,0,0,3,False,grubinho,GIANTX,omen,True,100,25,2,0,1,2,False,ara,GIANTX,raze,True,100,25,0,2,0,2,False,Cloud,GIANTX,fade,True,100,25,0,0,1,4,False,Flickless,GIANTX,viper,True,100,25,1,0,0,1,False,westside,GIANTX,cypher,True,85,25,0,0,0,5,False
1986.017,8504,ACTIVE_ROUND,15,3,11,,3.971,,MiniBoo,Team Heretics,raze,True,66,27,0,0,0,4,False,RieNs,Team Heretics,fade,True,100,50,0,0,0,4,False,Boo,Team Heretics,omen,True,100,25,0,0,0,3,False,benjyfishy,Team Heretics,deadlock,True,100,25,0,0,0,2,False,Wo0t,Team Heretics,chamber,False,,50,0,0,0,3,False,grubinho,GIANTX,omen,True,100,25,2,0,1,2,False,ara,GIANTX,raze,True,100,25,0,2,0,2,False,Cloud,GIANTX,fade,True,100,25,0,0,1,4,False,Flickless,GIANTX,viper,True,100,25,1,0,0,1,False,westside,GIANTX,cypher,True,85,25,0,0,0,5,False
1986.251,8505,ACTIVE_ROUND,15,3,11,,4.204,,MiniBoo,Team Heretics,raze,True,66,27,0,0,0,4,False,RieNs,Team Heretics,fade,True,100,50,0,0,0,4,False,Boo,Team Heretics,omen,True,100,25,0,0,0,3,False,benjyfishy,Team Heretics,deadlock,True,100,25,0,0,0,2,False,Wo0t,Team Heretics,chamber,False,,50,0,0,0,3,False,grubinho,GIANTX,omen,True,100,25,2,0,1,2,False,ara,GIANTX,raze,True,100,25,0,2,0,2,False,Cloud,GIANTX,fade,True,100,25,0,0,1,4,False,Flickless,GIANTX,viper,True,100,25,1,0,0,1,False,westside,GIANTX,cypher,True,85,25,0,0,0,5,False
1986.485,8506,ACTIVE_ROUND,15,3,11,,4.438,,MiniBoo,Team Heretics,raze,True,66,27,0,0,0,4,False,RieNs,Team Heretics,fade,True,100,50,0,0,0,4,False,Boo,Team Heretics,omen,True,100,25,0,0,0,3,False,benjyfishy,Team Heretics,deadlock,True,100,25,0,0,0,2,False,Wo0t,Team Heretics,chamber,False,,50,0,0,0,3,False,grubinho,GIANTX,omen,True,100,25,2,0,1,2,False,ara,GIANTX,raze,True,100,25,0,2,0,2,False,Cloud,GIANTX,fade,True,100,25,0,0,1,4,False,Flickless,GIANTX,viper,True,100,25,1,0,0,1,False,westside,GIANTX,cypher,True,85,25,0,0,0,5,False
1986.718,8507,ACTIVE_ROUND,15,3,11,,4.671,,MiniBoo,Team Heretics,raze,True,66,27,0,0,0,4,False,RieNs,Team Heretics,fade,True,100,50,0,0,0,4,False,Boo,Team Heretics,omen,True,100,25,0,0,0,3,False,benjyfishy,Team Heretics,deadlock,True,100,25,0,0,0,2,False,Wo0t,Team Heretics,chamber,False,,50,0,0,0,3,False,grubinho,GIANTX,omen,True,100,25,2,0,1,2,False,ara,GIANTX,raze,True,100,25,0,2,0,2,False,Cloud,GIANTX,fade,True,100,25,0,0,1,4,False,Flickless,GIANTX,viper,True,100,25,1,0,0,1,False,westside,GIANTX,cypher,True,85,25,0,0,0,5,False
1986.952,8508,ACTIVE_ROUND,15,3,11,,4.905,,MiniBoo,Team Heretics,raze,True,66,27,0,0,0,4,False,RieNs,Team Heretics,fade,True,100,50,0,0,0,4,False,Boo,Team Heretics,omen,True,100,25,0,0,0,3,False,benjyfishy,Team Heretics,deadlock,True,100,25,0,0,0,2,False,Wo0t,Team Heretics,chamber,False,,50,0,0,0,3,False,grubinho,GIANTX,omen,True,100,25,2,0,1,2,False,ara,GIANTX,raze,True,100,25,0,2,0,2,False,Cloud,GIANTX,fade,True,100,25,0,0,1,4,False,Flickless,GIANTX,viper,True,100,25,1,0,0,1,False,westside,GIANTX,cypher,True,85,25,0,0,0,5,False
1987.185,8509,ACTIVE_ROUND,15,3,11,,5.138,,MiniBoo,Team Heretics,raze,True,66,27,0,0,0,4,False,RieNs,Team Heretics,fade,True,100,50,0,0,0,4,False,Boo,Team Heretics,omen,True,100,25,0,0,0,3,False,benjyfishy,Team Heretics,deadlock,True,100,25,0,0,0,2,False,Wo0t,Team Heretics,chamber,False,,50,0,0,0,3,False,grubinho,GIANTX,omen,True,100,25,2,0,1,2,False,ara,GIANTX,raze,True,100,25,0,2,0,2,False,Cloud,GIANTX,fade,True,100,25,0,0,1,4,False,Flickless,GIANTX,viper,True,100,25,1,0,0,1,False,westside,GIANTX,cypher,True,85,25,0,0,0,5,False
1987.419,8510,ACTIVE_ROUND,15,3,11,,5.372,,MiniBoo,Team Heretics,raze,True,66,27,0,0,0,4,False,RieNs,Team Heretics,fade,True,100,50,0,0,0,4,False,Boo,Team Heretics,omen,True,100,25,0,0,0,3,False,benjyfishy,Team Heretics,deadlock,True,100,25,0,0,0,2,False,Wo0t,Team Heretics,chamber,False,,50,0,0,0,3,False,grubinho,GIANTX,omen,True,100,25,2,0,1,2,False,ara,GIANTX,raze,True,100,25,0,2,0,2,False,Cloud,GIANTX,fade,True,100,25,0,0,1,4,False,Flickless,GIANTX,viper,True,100,25,1,0,0,1,False,westside,GIANTX,cypher,True,85,25,0,0,0,5,False
1987.652,8511,ACTIVE_ROUND,15,3,11,,5.606,,MiniBoo,Team Heretics,raze,True,66,27,0,0,0,4,False,RieNs,Team Heretics,fade,True,100,50,0,0,0,4,False,Boo,Team Heretics,omen,True,100,25,0,0,0,3,False,benjyfishy,Team Heretics,deadlock,True,100,25,0,0,0,2,False,Wo0t,Team Heretics,chamber,False,,50,0,0,0,3,False,grubinho,GIANTX,omen,True,100,25,2,0,1,2,False,ara,GIANTX,raze,True,100,25,0,2,0,2,False,Cloud,GIANTX,fade,True,100,25,0,0,1,4,False,Flickless,GIANTX,viper,True,100,25,1,0,0,1,False,westside,GIANTX,cypher,True,85,25,0,0,0,5,False
1987.886,8512,ACTIVE_ROUND,15,3,11,,5.839,,MiniBoo,Team Heretics,raze,True,66,27,0,0,0,4,False,RieNs,Team Heretics,fade,True,100,50,0,0,0,4,False,Boo,Team Heretics,omen,True,100,25,0,0,0,3,False,benjyfishy,Team Heretics,deadlock,True,100,25,0,0,0,2,False,Wo0t,Team Heretics,chamber,False,,50,0,0,0,3,False,grubinho,GIANTX,omen,True,100,25,2,0,1,2,False,ara,GIANTX,raze,True,100,25,0,2,0,2,False,Cloud,GIANTX,fade,True,100,25,0,0,1,4,False,Flickless,GIANTX,viper,True,100,25,1,0,0,1,False,westside,GIANTX,cypher,True,85,25,0,0,0,5,False
1988.119,8513,ACTIVE_ROUND,15,3,11,,6.073,,MiniBoo,Team Heretics,raze,True,66,27,0,0,0,4,False,RieNs,Team Heretics,fade,True,100,50,0,0,0,4,False,Boo,Team Heretics,omen,True,100,25,0,0,0,3,False,benjyfishy,Team Heretics,deadlock,True,100,25,0,0,0,2,False,Wo0t,Team Heretics,chamber,False,,50,0,0,0,3,False,grubinho,GIANTX,omen,True,100,25,2,0,1,2,False,ara,GIANTX,raze,True,100,25,0,2,0,2,False,Cloud,GIANTX,fade,True,100,25,0,0,1,4,False,Flickless,GIANTX,viper,True,100,25,1,0,0,1,False,westside,GIANTX,cypher,True,85,25,0,0,0,5,False
1988.353,8514,ACTIVE_ROUND,15,3,11,,6.306,,MiniBoo,Team Heretics,raze,True,66,27,0,0,0,4,False,RieNs,Team Heretics,fade,True,100,50,0,0,0,4,False,Boo,Team Heretics,omen,True,100,25,0,0,0,3,False,benjyfishy,Team Heretics,deadlock,True,100,25,0,0,0,2,False,Wo0t,Team Heretics,chamber,False,,50,0,0,0,3,False,grubinho,GIANTX,omen,True,100,25,2,0,1,2,False,ara,GIANTX,raze,True,100,25,0,2,0,2,False,Cloud,GIANTX,fade,True,100,25,0,0,1,4,False,Flickless,GIANTX,viper,True,100,25,1,0,0,1,False,westside,GIANTX,cypher,True,85,25,0,0,0,5,False
1988.587,8515,ACTIVE_ROUND,15,3,11,,6.540,,MiniBoo,Team Heretics,raze,True,66,27,0,0,0,4,False,RieNs,Team Heretics,fade,True,100,50,0,0,0,4,False,Boo,Team Heretics,omen,True,100,25,0,0,0,3,False,benjyfishy,Team Heretics,deadlock,True,100,25,0,0,0,2,False,Wo0t,Team Heretics,chamber,False,,50,0,0,0,3,False,grubinho,GIANTX,omen,True,100,25,2,0,1,2,False,ara,GIANTX,raze,True,100,25,0,2,0,2,False,Cloud,GIANTX,fade,True,100,25,0,0,1,4,False,Flickless,GIANTX,viper,True,100,25,1,0,0,1,False,westside,GIANTX,cypher,True,85,25,0,0,0,5,False
1988.820,8516,ACTIVE_ROUND,15,3,11,,6.773,,MiniBoo,Team Heretics,raze,True,66,27,0,0,0,4,False,RieNs,Team Heretics,fade,True,100,50,0,0,0,4,False,Boo,Team Heretics,omen,True,100,25,0,0,0,3,False,benjyfishy,Team Heretics,deadlock,True,100,25,0,0,0,2,False,Wo0t,Team Heretics,chamber,False,,50,0,0,0,3,False,grubinho,GIANTX,omen,True,100,25,2,0,1,2,False,ara,GIANTX,raze,True,100,25,0,2,0,2,False,Cloud,GIANTX,fade,True,100,25,0,0,1,4,False,Flickless,GIANTX,viper,True,100,25,1,0,0,1,False,westside,GIANTX,cypher,True,85,25,0,0,0,5,False
1989.054,8517,ACTIVE_ROUND,15,3,11,,7.007,,MiniBoo,Team Heretics,raze,True,66,27,0,0,0,4,False,RieNs,Team Heretics,fade,True,100,50,0,0,0,4,False,Boo,Team Heretics,omen,True,100,25,0,0,0,3,False,benjyfishy,Team Heretics,deadlock,True,100,25,0,0,0,2,False,Wo0t,Team Heretics,chamber,False,,50,0,0,0,3,False,grubinho,GIANTX,omen,True,100,25,2,0,1,2,False,ara,GIANTX,raze,True,100,25,0,2,0,2,False,Cloud,GIANTX,fade,True,100,25,0,0,1,4,False,Flickless,GIANTX,viper,True,100,25,1,0,0,1,False,westside,GIANTX,cypher,True,85,25,0,0,0,5,False
1989.287,8518,ACTIVE_ROUND,15,3,11,,7.241,,MiniBoo,Team Heretics,raze,True,66,27,0,0,0,4,False,RieNs,Team Heretics,fade,True,100,50,0,0,0,4,False,Boo,Team Heretics,omen,True,100,25,0,0,0,3,False,benjyfishy,Team Heretics,deadlock,True,100,25,0,0,0,2,False,Wo0t,Team Heretics,chamber,False,,50,0,0,0,3,False,grubinho,GIANTX,omen,True,100,25,2,0,1,2,False,ara,GIANTX,raze,True,100,25,0,2,0,2,False,Cloud,GIANTX,fade,True,100,25,0,0,1,4,False,Flickless,GIANTX,viper,True,100,25,1,0,0,1,False,westside,GIANTX,cypher,True,85,25,0,0,0,5,False
1989.521,8519,ACTIVE_ROUND,15,3,11,,7.474,,MiniBoo,Team Heretics,raze,True,66,27,0,0,0,4,False,RieNs,Team Heretics,fade,True,100,50,0,0,0,4,False,Boo,Team Heretics,omen,True,100,25,0,0,0,3,False,benjyfishy,Team Heretics,deadlock,True,100,25,0,0,0,2,False,Wo0t,Team Heretics,chamber,False,,50,0,0,0,3,False,grubinho,GIANTX,omen,True,100,25,2,0,1,2,False,ara,GIANTX,raze,True,100,25,0,2,0,2,False,Cloud,GIANTX,fade,True,100,25,0,0,1,4,False,Flickless,GIANTX,viper,True,100,25,1,0,0,1,False,westside,GIANTX,cypher,True,85,25,0,0,0,5,False
1989.754,8520,ACTIVE_ROUND,15,3,11,,7.708,,MiniBoo,Team Heretics,raze,True,66,27,0,0,0,4,False,RieNs,Team Heretics,fade,True,100,50,0,0,0,4,False,Boo,Team Heretics,omen,True,100,25,0,0,0,3,False,benjyfishy,Team Heretics,deadlock,True,100,25,0,0,0,2,False,Wo0t,Team Heretics,chamber,False,,50,0,0,0,3,False,grubinho,GIANTX,omen,True,100,25,2,0,1,2,False,ara,GIANTX,raze,True,100,25,0,2,0,2,False,Cloud,GIANTX,fade,True,100,25,0,0,1,4,False,Flickless,GIANTX,viper,True,100,25,1,0,0,1,False,westside,GIANTX,cypher,True,85,25,0,0,0,5,False
1989.988,8521,ACTIVE_ROUND,15,3,11,,7.941,,MiniBoo,Team Heretics,raze,True,66,27,0,0,0,4,False,RieNs,Team Heretics,fade,True,100,50,0,0,0,4,False,Boo,Team Heretics,omen,True,100,25,0,0,0,3,False,benjyfishy,Team Heretics,deadlock,True,100,25,0,0,0,2,False,Wo0t,Team Heretics,chamber,False,,50,0,0,0,3,False,grubinho,GIANTX,omen,True,100,25,2,0,1,2,False,ara,GIANTX,raze,True,100,25,0,2,0,2,False,Cloud,GIANTX,fade,True,100,25,0,0,1,4,False,Flickless,GIANTX,viper,True,100,25,1,0,0,1,False,westside,GIANTX,cypher,True,85,25,0,0,0,5,False
1990.222,8522,ACTIVE_ROUND,15,3,11,,8.175,,MiniBoo,Team Heretics,raze,True,66,27,0,0,0,4,False,RieNs,Team Heretics,fade,True,100,50,0,0,0,4,False,Boo,Team Heretics,omen,True,100,25,0,0,0,3,False,benjyfishy,Team Heretics,deadlock,True,100,25,0,0,0,2,False,Wo0t,Team Heretics,chamber,False,,50,0,0,0,3,False,grubinho,GIANTX,omen,True,100,25,2,0,1,2,False,ara,GIANTX,raze,True,100,25,0,2,0,2,False,Cloud,GIANTX,fade,True,100,25,0,0,1,4,False,Flickless,GIANTX,viper,True,100,25,1,0,0,1,False,westside,GIANTX,cypher,True,85,25,0,0,0,5,False
1990.455,8523,ACTIVE_ROUND,15,3,11,,8.408,,MiniBoo,Team Heretics,raze,True,66,27,0,0,0,4,False,RieNs,Team Heretics,fade,True,100,50,0,0,0,4,False,Boo,Team Heretics,omen,True,100,25,0,0,0,3,False,benjyfishy,Team Heretics,deadlock,True,100,25,0,0,0,2,False,Wo0t,Team Heretics,chamber,False,,50,0,0,0,3,False,grubinho,GIANTX,omen,True,100,25,2,0,1,2,False,ara,GIANTX,raze,True,100,25,0,2,0,2,False,Cloud,GIANTX,fade,True,100,25,0,0,1,4,False,Flickless,GIANTX,viper,True,100,25,1,0,0,1,False,westside,GIANTX,cypher,True,85,25,0,0,0,5,False
1990.689,8524,ACTIVE_ROUND,15,3,11,,8.642,,MiniBoo,Team Heretics,raze,True,66,27,0,0,0,4,False,RieNs,Team Heretics,fade,True,100,50,0,0,0,4,False,Boo,Team Heretics,omen,True,100,25,0,0,0,3,False,benjyfishy,Team Heretics,deadlock,True,100,25,0,0,0,2,False,Wo0t,Team Heretics,chamber,False,,50,0,0,0,3,False,grubinho,GIANTX,omen,True,100,25,2,0,1,2,False,ara,GIANTX,raze,True,100,25,0,2,0,2,False,Cloud,GIANTX,fade,True,100,25,0,0,1,4,False,Flickless,GIANTX,viper,True,100,25,1,0,0,1,False,westside,GIANTX,cypher,True,85,25,0,0,0,5,False
1990.922,8525,ACTIVE_ROUND,15,3,11,,8.876,,MiniBoo,Team Heretics,raze,True,66,27,0,0,0,4,False,RieNs,Team Heretics,fade,True,100,50,0,0,0,4,False,Boo,Team Heretics,omen,True,100,25,0,0,0,3,False,benjyfishy,Team Heretics,deadlock,True,100,25,0,0,0,2,False,Wo0t,Team Heretics,chamber,False,,50,0,0,0,3,False,grubinho,GIANTX,omen,True,100,25,2,0,1,2,False,ara,GIANTX,raze,True,100,25,0,2,0,2,False,Cloud,GIANTX,fade,True,100,25,0,0,1,4,False,Flickless,GIANTX,viper,True,100,25,1,0,0,1,False,westside,GIANTX,cypher,True,85,25,0,0,0,5,False
1991.156,8526,ACTIVE_ROUND,15,3,11,,9.109,,MiniBoo,Team Heretics,raze,True,66,27,0,0,0,4,False,RieNs,Team Heretics,fade,True,100,50,0,0,0,4,False,Boo,Team Heretics,omen,True,100,25,0,0,0,3,False,benjyfishy,Team Heretics,deadlock,True,100,25,0,0,0,2,False,Wo0t,Team Heretics,chamber,False,,50,0,0,0,3,False,grubinho,GIANTX,omen,True,100,25,2,0,1,2,False,ara,GIANTX,raze,True,100,25,0,2,0,2,False,Cloud,GIANTX,fade,True,100,25,0,0,1,4,False,Flickless,GIANTX,viper,True,100,25,1,0,0,1,False,westside,GIANTX,cypher,True,85,25,0,0,0,5,False
1991.389,8527,ACTIVE_ROUND,15,3,11,,9.343,,MiniBoo,Team Heretics,raze,True,66,27,0,0,0,4,False,RieNs,Team Heretics,fade,True,100,50,0,0,0,4,False,Boo,Team Heretics,omen,True,100,25,0,0,0,3,False,benjyfishy,Team Heretics,deadlock,True,100,25,0,0,0,2,False,Wo0t,Team Heretics,chamber,False,,50,0,0,0,3,False,grubinho,GIANTX,omen,True,100,25,2,0,1,2,False,ara,GIANTX,raze,True,100,25,0,2,0,2,False,Cloud,GIANTX,fade,True,100,25,0,0,1,4,False,Flickless,GIANTX,viper,True,100,25,1,0,0,1,False,westside,GIANTX,cypher,True,85,25,0,0,0,5,False
1991.623,8528,ACTIVE_ROUND,15,3,11,,9.576,,MiniBoo,Team Heretics,raze,True,66,27,0,0,0,4,False,RieNs,Team Heretics,fade,True,100,50,0,0,0,4,False,Boo,Team Heretics,omen,True,100,25,0,0,0,3,False,benjyfishy,Team Heretics,deadlock,True,100,25,0,0,0,2,False,Wo0t,Team Heretics,chamber,False,,50,0,0,0,3,False,grubinho,GIANTX,omen,True,100,25,2,0,1,2,False,ara,GIANTX,raze,True,100,25,0,2,0,2,False,Cloud,GIANTX,fade,True,100,25,0,0,1,4,False,Flickless,GIANTX,viper,True,100,25,1,0,0,1,False,westside,GIANTX,cypher,True,85,25,0,0,0,5,False
1991.857,8529,ACTIVE_ROUND,15,3,11,,9.810,,MiniBoo,Team Heretics,raze,True,66,27,0,0,0,4,False,RieNs,Team Heretics,fade,True,100,50,0,0,0,4,False,Boo,Team Heretics,omen,True,100,25,0,0,0,3,False,benjyfishy,Team Heretics,deadlock,True,100,25,0,0,0,2,False,Wo0t,Team Heretics,chamber,False,,50,0,0,0,3,False,grubinho,GIANTX,omen,True,100,25,2,0,1,2,False,ara,GIANTX,raze,True,100,25,0,2,0,2,False,Cloud,GIANTX,fade,True,100,25,0,0,1,4,False,Flickless,GIANTX,viper,True,100,25,1,0,0,1,False,westside,GIANTX,cypher,True,85,25,0,0,0,5,False
1992.090,8530,ACTIVE_ROUND,15,3,11,,10.043,,MiniBoo,Team Heretics,raze,True,66,27,0,0,0,4,False,RieNs,Team Heretics,fade,True,100,50,0,0,0,4,False,Boo,Team Heretics,omen,True,100,25,0,0,0,3,False,benjyfishy,Team Heretics,deadlock,True,100,25,0,0,0,2,False,Wo0t,Team Heretics,chamber,False,,50,0,0,0,3,False,grubinho,GIANTX,omen,True,100,25,2,0,1,2,False,ara,GIANTX,raze,True,100,25,0,2,0,2,False,Cloud,GIANTX,fade,True,100,25,0,0,1,4,False,Flickless,GIANTX,viper,True,100,25,1,0,0,1,False,westside,GIANTX,cypher,True,85,25,0,0,0,5,False
1992.324,8531,ACTIVE_ROUND,15,3,11,,10.277,,MiniBoo,Team Heretics,raze,True,66,27,0,0,0,4,False,RieNs,Team Heretics,fade,True,100,50,0,0,0,4,False,Boo,Team Heretics,omen,True,100,25,0,0,0,3,False,benjyfishy,Team Heretics,deadlock,True,100,25,0,0,0,2,False,Wo0t,Team Heretics,chamber,False,,50,0,0,0,3,False,grubinho,GIANTX,omen,True,100,25,2,0,1,2,False,ara,GIANTX,raze,True,100,25,0,2,0,2,False,Cloud,GIANTX,fade,True,100,25,0,0,1,4,False,Flickless,GIANTX,viper,True,100,25,1,0,0,1,False,westside,GIANTX,cypher,True,85,25,0,0,0,5,False
1992.557,8532,ACTIVE_ROUND,15,3,11,,10.511,,MiniBoo,Team Heretics,raze,True,66,27,0,0,0,4,False,RieNs,Team Heretics,fade,True,100,50,0,0,0,4,False,Boo,Team Heretics,omen,True,100,25,0,0,0,3,False,benjyfishy,Team Heretics,deadlock,True,100,25,0,0,0,2,False,Wo0t,Team Heretics,chamber,False,,50,0,0,0,3,False,grubinho,GIANTX,omen,True,100,25,2,0,1,2,False,ara,GIANTX,raze,True,100,25,0,2,0,2,False,Cloud,GIANTX,fade,True,100,25,0,0,1,4,False,Flickless,GIANTX,viper,True,100,25,1,0,0,1,False,westside,GIANTX,cypher,True,85,25,0,0,0,5,False
1992.791,8533,ACTIVE_ROUND,15,3,11,,10.744,,MiniBoo,Team Heretics,raze,True,66,27,0,0,0,4,False,RieNs,Team Heretics,fade,True,100,50,0,0,0,4,False,Boo,Team Heretics,omen,True,100,25,0,0,0,3,False,benjyfishy,Team Heretics,deadlock,True,100,25,0,0,0,2,False,Wo0t,Team Heretics,chamber,False,,50,0,0,0,3,False,grubinho,GIANTX,omen,True,100,25,2,0,1,2,False,ara,GIANTX,raze,True,100,25,0,2,0,2,False,Cloud,GIANTX,fade,True,100,25,0,0,1,4,False,Flickless,GIANTX,viper,True,100,25,1,0,0,1,False,westside,GIANTX,cypher,True,85,25,0,0,0,5,False
1993.024,8534,ACTIVE_ROUND,15,3,11,,10.978,,MiniBoo,Team Heretics,raze,True,66,27,0,0,0,4,False,RieNs,Team Heretics,fade,True,100,50,0,0,0,4,False,Boo,Team Heretics,omen,True,100,25,0,0,0,3,False,benjyfishy,Team Heretics,deadlock,True,100,25,0,0,0,2,False,Wo0t,Team Heretics,chamber,False,,50,0,0,0,3,False,grubinho,GIANTX,omen,True,100,25,2,0,1,2,False,ara,GIANTX,raze,True,100,25,0,2,0,2,False,Cloud,GIANTX,fade,True,100,25,0,0,1,4,False,Flickless,GIANTX,viper,True,100,25,1,0,0,1,False,westside,GIANTX,cypher,True,85,25,0,0,0,5,False
1993.258,8535,ACTIVE_ROUND,15,3,11,,11.211,,MiniBoo,Team Heretics,raze,True,66,27,0,0,0,4,False,RieNs,Team Heretics,fade,True,100,50,0,0,0,4,False,Boo,Team Heretics,omen,True,100,25,0,0,0,3,False,benjyfishy,Team Heretics,deadlock,True,100,25,0,0,0,2,False,Wo0t,Team Heretics,chamber,False,,50,0,0,0,3,False,grubinho,GIANTX,omen,True,100,25,2,0,1,2,False,ara,GIANTX,raze,True,100,25,0,2,0,2,False,Cloud,GIANTX,fade,True,100,25,0,0,1,4,False,Flickless,GIANTX,viper,True,100,25,1,0,0,1,False,westside,GIANTX,cypher,True,85,25,0,0,0,5,False
1993.492,8536,ACTIVE_ROUND,15,3,11,,11.445,,MiniBoo,Team Heretics,raze,True,66,27,0,0,0,4,False,RieNs,Team Heretics,fade,True,100,50,0,0,0,4,False,Boo,Team Heretics,omen,True,100,25,0,0,0,3,False,benjyfishy,Team Heretics,deadlock,True,100,25,0,0,0,2,False,Wo0t,Team Heretics,chamber,False,,50,0,0,0,3,False,grubinho,GIANTX,omen,True,100,25,2,0,1,2,False,ara,GIANTX,raze,True,100,25,0,2,0,2,False,Cloud,GIANTX,fade,True,100,25,0,0,1,4,False,Flickless,GIANTX,viper,True,100,25,1,0,0,1,False,westside,GIANTX,cypher,True,85,25,0,0,0,5,False
1993.725,8537,ACTIVE_ROUND,15,3,11,,11.678,,MiniBoo,Team Heretics,raze,True,66,27,0,0,0,4,False,RieNs,Team Heretics,fade,True,100,50,0,0,0,4,False,Boo,Team Heretics,omen,True,100,25,0,0,0,3,False,benjyfishy,Team Heretics,deadlock,True,100,25,0,0,0,2,False,Wo0t,Team Heretics,chamber,False,,50,0,0,0,3,False,grubinho,GIANTX,omen,True,100,25,2,0,1,2,False,ara,GIANTX,raze,True,100,25,0,2,0,2,False,Cloud,GIANTX,fade,True,100,25,0,0,1,4,False,Flickless,GIANTX,viper,True,100,25,1,0,0,1,False,westside,GIANTX,cypher,True,85,25,0,0,0,5,False
1993.959,8538,ACTIVE_ROUND,15,3,11,,11.912,,MiniBoo,Team Heretics,raze,True,66,27,0,0,0,4,False,RieNs,Team Heretics,fade,True,100,50,0,0,0,4,False,Boo,Team Heretics,omen,True,100,25,0,0,0,3,False,benjyfishy,Team Heretics,deadlock,True,100,25,0,0,0,2,False,Wo0t,Team Heretics,chamber,False,,50,0,0,0,3,False,grubinho,GIANTX,omen,True,100,25,2,0,1,2,False,ara,GIANTX,raze,True,100,25,0,2,0,2,False,Cloud,GIANTX,fade,True,100,25,0,0,1,4,False,Flickless,GIANTX,viper,True,100,25,1,0,0,1,False,westside,GIANTX,cypher,True,85,25,0,0,0,5,False
1994.192,8539,ACTIVE_ROUND,15,3,11,,12.145,,MiniBoo,Team Heretics,raze,True,66,27,0,0,0,4,False,RieNs,Team Heretics,fade,True,100,50,0,0,0,4,False,Boo,Team Heretics,omen,True,100,25,0,0,0,3,False,benjyfishy,Team Heretics,deadlock,True,100,25,0,0,1,2,False,Wo0t,Team Heretics,chamber,False,,50,0,0,0,3,False,grubinho,GIANTX,omen,True,100,25,2,0,1,2,False,ara,GIANTX,raze,True,100,25,0,2,0,2,False,Cloud,GIANTX,fade,True,100,25,0,0,1,4,False,Flickless,GIANTX,viper,True,100,25,0,0,0,1,False,westside,GIANTX,cypher,True,85,25,0,0,0,5,False
1994.426,8540,ACTIVE_ROUND,15,3,11,,12.379,,MiniBoo,Team Heretics,raze,True,66,27,0,0,0,4,False,RieNs,Team Heretics,fade,True,100,50,0,0,0,4,False,Boo,Team Heretics,omen,True,100,25,0,0,0,3,False,benjyfishy,Team Heretics,deadlock,True,100,25,0,0,1,2,False,Wo0t,Team Heretics,chamber,False,,50,0,0,0,3,False,grubinho,GIANTX,omen,True,100,25,2,0,1,2,False,ara,GIANTX,raze,True,100,25,0,2,0,2,False,Cloud,GIANTX,fade,True,100,25,0,0,1,4,False,Flickless,GIANTX,viper,True,100,25,0,0,0,1,False,westside,GIANTX,cypher,True,85,25,0,0,0,5,False
1994.659,8541,ACTIVE_ROUND,15,3,11,,12.613,,MiniBoo,Team Heretics,raze,True,66,27,0,0,0,4,False,RieNs,Team Heretics,fade,True,100,50,0,0,0,4,False,Boo,Team Heretics,omen,True,100,25,0,0,0,3,False,benjyfishy,Team Heretics,deadlock,True,100,25,0,0,1,2,False,Wo0t,Team Heretics,chamber,False,,50,0,0,0,3,False,grubinho,GIANTX,omen,True,100,25,2,0,1,2,False,ara,GIANTX,raze,True,100,25,0,2,0,2,False,Cloud,GIANTX,fade,True,100,25,0,0,1,4,False,Flickless,GIANTX,viper,True,100,25,0,0,0,1,False,westside,GIANTX,cypher,True,85,25,0,0,0,5,False
1994.893,8542,ACTIVE_ROUND,15,3,11,,12.846,,MiniBoo,Team Heretics,raze,True,66,27,0,0,0,4,False,RieNs,Team Heretics,fade,True,100,50,0,0,0,4,False,Boo,Team Heretics,omen,True,100,25,0,0,0,3,False,benjyfishy,Team Heretics,deadlock,True,100,25,0,0,1,2,False,Wo0t,Team Heretics,chamber,False,,50,0,0,0,3,False,grubinho,GIANTX,omen,True,100,25,2,0,1,2,False,ara,GIANTX,raze,True,100,25,0,2,0,2,False,Cloud,GIANTX,fade,True,100,25,0,0,1,4,False,Flickless,GIANTX,viper,True,100,25,0,0,0,1,False,westside,GIANTX,cypher,True,85,25,0,0,0,5,False
1995.126,8543,ACTIVE_ROUND,15,3,11,,13.080,,MiniBoo,Team Heretics,raze,True,66,27,0,0,0,4,False,RieNs,Team Heretics,fade,True,100,50,0,0,0,4,False,Boo,Team Heretics,omen,True,100,25,0,0,0,3,False,benjyfishy,Team Heretics,deadlock,True,100,25,0,0,1,2,False,Wo0t,Team Heretics,chamber,False,,50,0,0,0,3,False,grubinho,GIANTX,omen,True,100,25,2,0,1,2,False,ara,GIANTX,raze,True,100,25,0,2,0,2,False,Cloud,GIANTX,fade,True,100,25,0,0,1,4,False,Flickless,GIANTX,viper,True,100,25,0,0,0,1,False,westside,GIANTX,cypher,True,85,25,0,0,0,5,False
1995.360,8544,ACTIVE_ROUND,15,3,11,,13.313,,MiniBoo,Team Heretics,raze,True,66,27,0,0,0,4,False,RieNs,Team Heretics,fade,True,100,50,0,0,0,4,False,Boo,Team Heretics,omen,True,100,25,0,0,0,3,False,benjyfishy,Team Heretics,deadlock,True,100,25,0,0,1,2,False,Wo0t,Team Heretics,chamber,False,,50,0,0,0,3,False,grubinho,GIANTX,omen,True,100,25,2,0,1,2,False,ara,GIANTX,raze,True,100,25,0,2,0,2,False,Cloud,GIANTX,fade,True,100,25,0,0,1,4,False,Flickless,GIANTX,viper,True,100,25,0,0,0,1,False,westside,GIANTX,cypher,True,85,25,0,0,0,5,False
1995.594,8545,ACTIVE_ROUND,15,3,11,,13.547,,MiniBoo,Team Heretics,raze,True,66,27,0,0,0,4,False,RieNs,Team Heretics,fade,True,100,50,0,0,0,4,False,Boo,Team Heretics,omen,True,100,25,0,0,0,3,False,benjyfishy,Team Heretics,deadlock,True,100,25,0,0,1,2,False,Wo0t,Team Heretics,chamber,False,,50,0,0,0,3,False,grubinho,GIANTX,omen,True,100,25,2,0,1,2,False,ara,GIANTX,raze,True,100,25,0,2,0,2,False,Cloud,GIANTX,fade,True,100,25,0,0,1,4,False,Flickless,GIANTX,viper,True,100,25,0,0,0,1,False,westside,GIANTX,cypher,True,85,25,0,0,0,5,False
1995.827,8546,ACTIVE_ROUND,15,3,11,,13.780,,MiniBoo,Team Heretics,raze,True,66,27,0,0,0,4,False,RieNs,Team Heretics,fade,True,100,50,0,0,0,4,False,Boo,Team Heretics,omen,True,100,25,0,0,0,3,False,benjyfishy,Team Heretics,deadlock,True,100,25,0,0,1,2,False,Wo0t,Team Heretics,chamber,False,,50,0,0,0,3,False,grubinho,GIANTX,omen,True,100,25,2,0,1,2,False,ara,GIANTX,raze,True,100,25,0,2,0,2,False,Cloud,GIANTX,fade,True,100,25,0,0,1,4,False,Flickless,GIANTX,viper,True,100,25,0,0,0,1,False,westside,GIANTX,cypher,True,85,25,0,0,0,5,False
1996.061,8547,ACTIVE_ROUND,15,3,11,,14.014,,MiniBoo,Team Heretics,raze,True,66,27,0,0,0,4,False,RieNs,Team Heretics,fade,True,100,50,0,0,0,4,False,Boo,Team Heretics,omen,True,100,25,0,0,0,3,False,benjyfishy,Team Heretics,deadlock,True,100,25,0,0,1,2,False,Wo0t,Team Heretics,chamber,False,,50,0,0,0,3,False,grubinho,GIANTX,omen,True,100,25,2,0,1,2,False,ara,GIANTX,raze,True,100,25,0,0,0,2,False,Cloud,GIANTX,fade,True,100,25,0,0,1,4,False,Flickless,GIANTX,viper,True,100,25,0,0,0,1,False,westside,GIANTX,cypher,True,85,25,0,0,0,5,False
1996.294,8548,ACTIVE_ROUND,15,3,11,,14.248,,MiniBoo,Team Heretics,raze,True,66,27,0,0,0,4,False,RieNs,Team Heretics,fade,True,100,50,0,0,0,5,False,Boo,Team Heretics,omen,True,100,25,0,0,0,3,False,benjyfishy,Team Heretics,deadlock,True,100,25,0,0,1,2,False,Wo0t,Team Heretics,chamber,False,,50,0,0,0,3,False,grubinho,GIANTX,omen,True,100,25,2,0,2,2,False,ara,GIANTX,raze,False,,25,0,0,0,3,False,Cloud,GIANTX,fade,True,100,25,0,0,0,4,False,Flickless,GIANTX,viper,True,100,25,0,0,0,1,False,westside,GIANTX,cypher,True,85,25,0,0,0,5,False
1996.528,8549,ACTIVE_ROUND,15,3,11,,14.481,,MiniBoo,Team Heretics,raze,True,66,27,0,0,0,4,False,RieNs,Team Heretics,fade,True,100,50,0,0,0,5,False,Boo,Team Heretics,omen,True,100,25,0,0,0,3,False,benjyfishy,Team Heretics,deadlock,True,100,25,0,0,1,2,False,Wo0t,Team Heretics,chamber,False,,50,0,0,0,3,False,grubinho,GIANTX,omen,True,100,25,2,0,2,2,False,ara,GIANTX,raze,False,,25,0,0,0,3,False,Cloud,GIANTX,fade,True,100,25,0,0,0,4,False,Flickless,GIANTX,viper,True,100,25,0,0,0,1,False,westside,GIANTX,cypher,True,85,25,0,0,0,5,False
1996.761,8550,ACTIVE_ROUND,15,3,11,,14.715,,MiniBoo,Team Heretics,raze,True,66,27,0,0,0,4,False,RieNs,Team Heretics,fade,True,100,50,0,0,0,5,False,Boo,Team Heretics,omen,True,100,25,0,0,0,3,False,benjyfishy,Team Heretics,deadlock,True,100,25,0,0,1,2,False,Wo0t,Team Heretics,chamber,False,,50,0,0,0,3,False,grubinho,GIANTX,omen,True,100,25,2,0,2,2,False,ara,GIANTX,raze,False,,25,0,0,0,3,False,Cloud,GIANTX,fade,True,100,25,0,0,0,4,False,Flickless,GIANTX,viper,True,100,25,0,0,0,1,False,westside,GIANTX,cypher,True,85,25,0,0,0,5,False
1996.995,8551,ACTIVE_ROUND,15,3,11,,14.948,,MiniBoo,Team Heretics,raze,True,66,27,0,0,0,4,False,RieNs,Team Heretics,fade,True,100,50,0,0,0,5,False,Boo,Team Heretics,omen,True,100,25,0,0,0,3,False,benjyfishy,Team Heretics,deadlock,True,100,25,0,0,1,2,False,Wo0t,Team Heretics,chamber,False,,50,0,0,0,3,False,grubinho,GIANTX,omen,True,100,25,2,0,2,2,False,ara,GIANTX,raze,False,,25,0,0,0,3,False,Cloud,GIANTX,fade,True,100,25,0,0,0,4,False,Flickless,GIANTX,viper,True,100,25,0,0,0,1,False,westside,GIANTX,cypher,True,85,25,0,0,0,5,False
1997.229,8552,ACTIVE_ROUND,15,3,11,,15.182,,MiniBoo,Team Heretics,raze,True,66,27,0,0,0,4,False,RieNs,Team Heretics,fade,True,100,50,0,0,0,5,False,Boo,Team Heretics,omen,True,100,25,0,0,0,3,False,benjyfishy,Team Heretics,deadlock,True,100,25,0,0,1,2,False,Wo0t,Team Heretics,chamber,False,,50,0,0,0,3,False,grubinho,GIANTX,omen,True,100,25,2,0,1,2,False,ara,GIANTX,raze,False,,25,0,0,0,3,False,Cloud,GIANTX,fade,True,100,25,0,0,0,4,False,Flickless,GIANTX,viper,True,100,25,0,0,0,1,False,westside,GIANTX,cypher,True,85,25,0,0,0,5,False
1997.462,8553,ACTIVE_ROUND,15,3,11,,15.415,,MiniBoo,Team Heretics,raze,True,66,27,0,0,0,4,False,RieNs,Team Heretics,fade,True,100,50,0,0,0,5,False,Boo,Team Heretics,omen,True,100,25,0,0,0,3,False,benjyfishy,Team Heretics,deadlock,True,100,25,0,0,1,2,False,Wo0t,Team Heretics,chamber,False,,50,0,0,0,3,False,grubinho,GIANTX,omen,True,100,25,2,0,1,2,False,ara,GIANTX,raze,False,,25,0,0,0,3,False,Cloud,GIANTX,fade,True,100,25,0,0,0,4,False,Flickless,GIANTX,viper,True,100,25,0,0,0,1,False,westside,GIANTX,cypher,True,85,25,0,0,0,5,False
1997.696,8554,ACTIVE_ROUND,15,3,11,,15.649,,MiniBoo,Team Heretics,raze,True,66,27,0,0,0,4,False,RieNs,Team Heretics,fade,True,100,50,0,0,0,5,False,Boo,Team Heretics,omen,True,100,25,0,0,0,3,False,benjyfishy,Team Heretics,deadlock,True,100,25,0,0,1,2,False,Wo0t,Team Heretics,chamber,False,,50,0,0,0,3,False,grubinho,GIANTX,omen,True,100,25,2,0,1,2,False,ara,GIANTX,raze,False,,25,0,0,0,3,False,Cloud,GIANTX,fade,True,100,25,0,0,0,4,False,Flickless,GIANTX,viper,True,100,25,0,0,0,1,False,westside,GIANTX,cypher,True,85,25,0,0,0,5,False
1997.929,8555,ACTIVE_ROUND,15,3,11,,15.883,,MiniBoo,Team Heretics,raze,True,66,27,0,0,0,4,False,RieNs,Team Heretics,fade,True,100,50,0,0,0,5,False,Boo,Team Heretics,omen,True,100,25,0,0,0,3,False,benjyfishy,Team Heretics,deadlock,True,100,25,0,0,1,2,False,Wo0t,Team Heretics,chamber,False,,50,0,0,0,3,False,grubinho,GIANTX,omen,True,100,25,2,0,1,2,False,ara,GIANTX,raze,False,,25,0,0,0,3,False,Cloud,GIANTX,fade,True,100,25,0,0,0,4,False,Flickless,GIANTX,viper,True,100,25,0,0,0,1,False,westside,GIANTX,cypher,True,85,25,0,0,0,5,False
1998.163,8556,ACTIVE_ROUND,15,3,11,,16.116,,MiniBoo,Team Heretics,raze,True,66,27,0,0,0,4,False,RieNs,Team Heretics,fade,True,100,50,0,0,0,5,False,Boo,Team Heretics,omen,True,100,25,0,0,0,3,False,benjyfishy,Team Heretics,deadlock,True,100,25,0,0,1,2,False,Wo0t,Team Heretics,chamber,False,,50,0,0,0,3,False,grubinho,GIANTX,omen,True,100,25,2,0,1,2,False,ara,GIANTX,raze,False,,25,0,0,0,3,False,Cloud,GIANTX,fade,True,100,25,0,0,0,4,False,Flickless,GIANTX,viper,True,100,25,0,0,0,1,False,westside,GIANTX,cypher,True,85,25,0,0,0,5,False
1998.396,8557,ACTIVE_ROUND,15,3,11,,16.350,,MiniBoo,Team Heretics,raze,True,66,27,0,0,0,4,False,RieNs,Team Heretics,fade,True,100,50,0,0,0,5,False,Boo,Team Heretics,omen,True,100,25,0,0,0,3,False,benjyfishy,Team Heretics,deadlock,True,100,25,0,0,1,2,False,Wo0t,Team Heretics,chamber,False,,50,0,0,0,3,False,grubinho,GIANTX,omen,True,100,25,2,0,1,2,False,ara,GIANTX,raze,False,,25,0,0,0,3,False,Cloud,GIANTX,fade,True,100,25,0,0,0,4,False,Flickless,GIANTX,viper,True,100,25,0,0,0,1,False,westside,GIANTX,cypher,True,85,25,0,0,0,5,False
1998.630,8558,ACTIVE_ROUND,15,3,11,,16.583,,MiniBoo,Team Heretics,raze,True,66,27,0,0,0,4,False,RieNs,Team Heretics,fade,True,100,50,0,0,0,5,False,Boo,Team Heretics,omen,True,100,25,0,0,0,3,False,benjyfishy,Team Heretics,deadlock,True,100,25,0,0,1,2,False,Wo0t,Team Heretics,chamber,False,,50,0,0,0,3,False,grubinho,GIANTX,omen,True,100,25,2,0,1,2,False,ara,GIANTX,raze,False,,25,0,0,0,3,False,Cloud,GIANTX,fade,True,100,25,0,0,0,4,False,Flickless,GIANTX,viper,True,100,25,0,0,0,1,False,westside,GIANTX,cypher,True,85,25,0,0,0,5,False
1998.864,8559,ACTIVE_ROUND,15,3,11,,16.817,,MiniBoo,Team Heretics,raze,True,66,27,0,0,0,4,False,RieNs,Team Heretics,fade,True,100,50,0,0,0,5,False,Boo,Team Heretics,omen,True,100,25,0,0,0,3,False,benjyfishy,Team Heretics,deadlock,True,100,25,0,0,1,2,False,Wo0t,Team Heretics,chamber,False,,50,0,0,0,3,False,grubinho,GIANTX,omen,True,100,25,2,0,1,2,False,ara,GIANTX,raze,False,,25,0,0,0,3,False,Cloud,GIANTX,fade,True,100,25,0,0,0,4,False,Flickless,GIANTX,viper,True,100,25,0,0,0,1,False,westside,GIANTX,cypher,True,85,25,0,0,0,5,False
1999.097,8560,ACTIVE_ROUND,15,3,11,,17.050,,MiniBoo,Team Heretics,raze,True,66,27,0,0,0,4,False,RieNs,Team Heretics,fade,True,100,50,0,0,0,5,False,Boo,Team Heretics,omen,True,100,25,0,0,0,3,False,benjyfishy,Team Heretics,deadlock,True,100,25,0,0,1,2,False,Wo0t,Team Heretics,chamber,False,,50,0,0,0,3,False,grubinho,GIANTX,omen,True,100,25,2,0,1,2,False,ara,GIANTX,raze,False,,25,0,0,0,3,False,Cloud,GIANTX,fade,True,100,25,0,0,0,4,False,Flickless,GIANTX,viper,True,100,25,0,0,0,1,False,westside,GIANTX,cypher,True,85,25,0,0,0,5,False
1999.331,8561,ACTIVE_ROUND,15,3,11,,17.284,,MiniBoo,Team Heretics,raze,True,66,27,0,0,0,4,False,RieNs,Team Heretics,fade,True,100,50,0,0,0,5,False,Boo,Team Heretics,omen,True,100,25,0,0,0,3,False,benjyfishy,Team Heretics,deadlock,True,100,25,0,0,1,2,False,Wo0t,Team Heretics,chamber,False,,50,0,0,0,3,False,grubinho,GIANTX,omen,True,100,25,2,0,1,2,False,ara,GIANTX,raze,False,,25,0,0,0,3,False,Cloud,GIANTX,fade,True,100,25,0,0,0,4,False,Flickless,GIANTX,viper,True,100,25,0,0,0,1,False,westside,GIANTX,cypher,True,85,25,0,0,0,5,False
1999.564,8562,ACTIVE_ROUND,15,3,11,,17.517,,MiniBoo,Team Heretics,raze,True,66,27,0,0,0,4,False,RieNs,Team Heretics,fade,True,100,50,0,0,0,5,False,Boo,Team Heretics,omen,True,100,25,0,0,0,3,False,benjyfishy,Team Heretics,deadlock,True,100,25,0,0,1,2,False,Wo0t,Team Heretics,chamber,False,,50,0,0,0,3,False,grubinho,GIANTX,omen,True,100,25,2,0,1,2,False,ara,GIANTX,raze,False,,25,0,0,0,3,False,Cloud,GIANTX,fade,True,100,25,0,0,0,4,False,Flickless,GIANTX,viper,True,100,25,0,0,0,1,False,westside,GIANTX,cypher,True,85,25,0,0,0,5,False
1999.798,8563,ACTIVE_ROUND,15,3,11,,17.751,,MiniBoo,Team Heretics,raze,True,66,27,0,0,0,4,False,RieNs,Team Heretics,fade,True,100,50,0,0,0,5,False,Boo,Team Heretics,omen,True,100,25,0,0,0,3,False,benjyfishy,Team Heretics,deadlock,True,100,25,0,0,1,2,False,Wo0t,Team Heretics,chamber,False,,50,0,0,0,3,False,grubinho,GIANTX,omen,True,100,25,2,0,1,2,False,ara,GIANTX,raze,False,,25,0,0,0,3,False,Cloud,GIANTX,fade,True,100,25,0,0,0,4,False,Flickless,GIANTX,viper,True,100,25,0,0,0,1,False,westside,GIANTX,cypher,True,85,25,0,0,0,5,False
2000.031,8564,ACTIVE_ROUND,15,3,11,,17.985,,MiniBoo,Team Heretics,raze,True,66,27,0,0,0,4,False,RieNs,Team Heretics,fade,True,100,50,0,0,0,5,False,Boo,Team Heretics,omen,True,100,25,0,0,0,3,False,benjyfishy,Team Heretics,deadlock,True,100,25,0,0,1,2,False,Wo0t,Team Heretics,chamber,False,,50,0,0,0,3,False,grubinho,GIANTX,omen,True,100,25,2,0,1,2,False,ara,GIANTX,raze,False,,25,0,0,0,3,False,Cloud,GIANTX,fade,True,100,25,0,0,0,4,False,Flickless,GIANTX,viper,True,100,25,0,0,0,1,False,westside,GIANTX,cypher,True,85,25,0,0,0,5,False
2000.265,8565,ACTIVE_ROUND,15,3,11,,18.218,,MiniBoo,Team Heretics,raze,True,66,27,0,0,0,4,False,RieNs,Team Heretics,fade,True,100,50,0,0,0,5,False,Boo,Team Heretics,omen,True,100,25,0,0,0,3,False,benjyfishy,Team Heretics,deadlock,True,100,25,0,0,1,2,False,Wo0t,Team Heretics,chamber,False,,50,0,0,0,3,False,grubinho,GIANTX,omen,True,100,25,2,0,1,2,False,ara,GIANTX,raze,False,,25,0,0,0,3,False,Cloud,GIANTX,fade,True,100,25,0,0,0,4,False,Flickless,GIANTX,viper,True,100,25,0,0,0,1,False,westside,GIANTX,cypher,True,85,25,0,0,0,5,False
2000.499,8566,ACTIVE_ROUND,15,3,11,,18.452,,MiniBoo,Team Heretics,raze,True,66,27,0,0,0,4,False,RieNs,Team Heretics,fade,True,100,50,0,0,0,5,False,Boo,Team Heretics,omen,True,100,25,0,0,0,3,False,benjyfishy,Team Heretics,deadlock,True,100,25,0,0,1,2,False,Wo0t,Team Heretics,chamber,False,,50,0,0,0,3,False,grubinho,GIANTX,omen,True,100,25,2,0,1,2,False,ara,GIANTX,raze,False,,25,0,0,0,3,False,Cloud,GIANTX,fade,True,100,25,0,0,0,4,False,Flickless,GIANTX,viper,True,100,25,0,0,0,1,False,westside,GIANTX,cypher,True,85,25,0,0,0,5,False
2000.732,8567,ACTIVE_ROUND,15,3,11,,18.685,,MiniBoo,Team Heretics,raze,True,66,27,0,0,0,4,False,RieNs,Team Heretics,fade,True,100,50,0,0,0,5,False,Boo,Team Heretics,omen,True,100,25,0,0,0,3,False,benjyfishy,Team Heretics,deadlock,True,100,25,0,0,1,2,False,Wo0t,Team Heretics,chamber,False,,50,0,0,0,3,False,grubinho,GIANTX,omen,True,100,25,2,0,1,2,False,ara,GIANTX,raze,False,,25,0,0,0,3,False,Cloud,GIANTX,fade,True,100,25,0,0,0,4,False,Flickless,GIANTX,viper,True,100,25,0,0,0,1,False,westside,GIANTX,cypher,True,85,25,0,0,0,5,False
2000.966,8568,ACTIVE_ROUND,15,3,11,,18.919,,MiniBoo,Team Heretics,raze,True,66,27,0,0,0,4,False,RieNs,Team Heretics,fade,True,100,50,0,0,0,5,False,Boo,Team Heretics,omen,True,100,25,0,0,0,3,False,benjyfishy,Team Heretics,deadlock,True,100,25,0,0,1,2,False,Wo0t,Team Heretics,chamber,False,,50,0,0,0,3,False,grubinho,GIANTX,omen,True,100,25,2,0,1,2,False,ara,GIANTX,raze,False,,25,0,0,0,3,False,Cloud,GIANTX,fade,True,100,25,0,0,0,4,False,Flickless,GIANTX,viper,True,100,25,0,0,0,1,False,westside,GIANTX,cypher,True,85,25,0,0,0,5,False
2001.199,8569,ACTIVE_ROUND,15,3,11,,19.152,,MiniBoo,Team Heretics,raze,False,,27,0,0,0,5,False,RieNs,Team Heretics,fade,True,100,50,0,0,0,5,False,Boo,Team Heretics,omen,True,100,25,0,0,1,3,False,benjyfishy,Team Heretics,deadlock,True,100,25,0,0,1,2,False,Wo0t,Team Heretics,chamber,False,,50,0,0,0,3,False,grubinho,GIANTX,omen,True,100,25,2,0,1,3,False,ara,GIANTX,raze,False,,25,0,0,0,3,False,Cloud,GIANTX,fade,True,100,25,0,0,0,4,False,Flickless,GIANTX,viper,True,100,25,0,0,0,1,False,westside,GIANTX,cypher,True,85,25,0,0,0,5,False
2001.433,8570,ACTIVE_ROUND,15,3,11,,19.386,,MiniBoo,Team Heretics,raze,False,,27,0,0,0,5,False,RieNs,Team Heretics,fade,True,100,50,0,0,0,5,False,Boo,Team Heretics,omen,True,100,25,0,0,1,3,False,benjyfishy,Team Heretics,deadlock,True,100,25,0,0,1,2,False,Wo0t,Team Heretics,chamber,False,,50,0,0,0,3,False,grubinho,GIANTX,omen,True,100,25,2,0,1,3,False,ara,GIANTX,raze,False,,25,0,0,0,3,False,Cloud,GIANTX,fade,True,100,25,0,0,0,4,False,Flickless,GIANTX,viper,True,100,25,0,0,0,1,False,westside,GIANTX,cypher,True,85,25,0,0,0,5,False
2001.666,8571,ACTIVE_ROUND,15,3,11,,19.620,,MiniBoo,Team Heretics,raze,False,,27,0,0,0,5,False,RieNs,Team Heretics,fade,False,,50,0,0,0,5,False,Boo,Team Heretics,omen,True,100,25,0,0,1,3,False,benjyfishy,Team Heretics,deadlock,True,100,25,0,0,1,2,False,Wo0t,Team Heretics,chamber,False,,50,0,0,0,3,False,grubinho,GIANTX,omen,True,100,25,2,0,1,3,False,ara,GIANTX,raze,False,,25,0,0,0,3,False,Cloud,GIANTX,fade,True,100,25,0,0,0,4,False,Flickless,GIANTX,viper,True,100,25,0,0,0,1,False,westside,GIANTX,cypher,True,85,25,0,0,0,5,False
2001.900,8572,ACTIVE_ROUND,15,3,11,,19.853,,MiniBoo,Team Heretics,raze,False,,27,0,0,0,5,False,RieNs,Team Heretics,fade,False,,50,0,0,0,5,False,Boo,Team Heretics,omen,True,100,25,0,0,1,3,False,benjyfishy,Team Heretics,deadlock,True,100,25,0,0,1,2,False,Wo0t,Team Heretics,chamber,False,,50,0,0,0,3,False,grubinho,GIANTX,omen,True,100,25,2,0,1,3,False,ara,GIANTX,raze,False,,25,0,0,0,3,False,Cloud,GIANTX,fade,True,100,25,0,0,0,4,False,Flickless,GIANTX,viper,True,100,25,0,0,0,1,False,westside,GIANTX,cypher,True,85,25,0,0,0,5,False
2002.133,8573,ACTIVE_ROUND,15,3,11,,20.087,,MiniBoo,Team Heretics,raze,False,,27,0,0,0,5,False,RieNs,Team Heretics,fade,False,,50,0,0,0,5,False,Boo,Team Heretics,omen,True,100,25,0,0,1,3,False,benjyfishy,Team Heretics,deadlock,True,100,25,0,0,1,2,False,Wo0t,Team Heretics,chamber,False,,50,0,0,0,3,False,grubinho,GIANTX,omen,True,100,25,2,0,0,3,False,ara,GIANTX,raze,False,,25,0,0,0,3,False,Cloud,GIANTX,fade,True,100,25,0,0,0,5,False,Flickless,GIANTX,viper,True,100,25,0,0,0,1,False,westside,GIANTX,cypher,True,85,25,0,0,0,5,False
2002.367,8574,ACTIVE_ROUND,15,3,11,,20.320,,MiniBoo,Team Heretics,raze,False,,27,0,0,0,5,False,RieNs,Team Heretics,fade,False,,50,0,0,0,5,False,Boo,Team Heretics,omen,True,100,25,0,0,1,3,False,benjyfishy,Team Heretics,deadlock,True,100,25,0,0,1,2,False,Wo0t,Team Heretics,chamber,False,,50,0,0,0,3,False,grubinho,GIANTX,omen,True,100,25,2,0,0,3,False,ara,GIANTX,raze,False,,25,0,0,0,3,False,Cloud,GIANTX,fade,True,100,25,0,0,0,5,False,Flickless,GIANTX,viper,True,100,25,0,0,0,1,False,westside,GIANTX,cypher,True,85,25,0,0,0,5,False
2002.601,8575,ACTIVE_ROUND,15,3,11,,20.554,,MiniBoo,Team Heretics,raze,False,,27,0,0,0,5,False,RieNs,Team Heretics,fade,False,,50,0,0,0,5,False,Boo,Team Heretics,omen,True,100,25,0,0,1,3,False,benjyfishy,Team Heretics,deadlock,True,100,25,0,0,1,2,False,Wo0t,Team Heretics,chamber,False,,50,0,0,0,3,False,grubinho,GIANTX,omen,True,100,25,2,0,0,3,False,ara,GIANTX,raze,False,,25,0,0,0,3,False,Cloud,GIANTX,fade,True,100,25,0,0,0,5,False,Flickless,GIANTX,viper,True,100,25,0,0,0,1,False,westside,GIANTX,cypher,True,85,25,0,0,0,5,False
2002.834,8576,ACTIVE_ROUND,15,3,11,,20.787,,MiniBoo,Team Heretics,raze,False,,27,0,0,0,5,False,RieNs,Team Heretics,fade,False,,50,0,0,0,5,False,Boo,Team Heretics,omen,True,100,25,0,0,1,3,False,benjyfishy,Team Heretics,deadlock,True,100,25,0,0,1,2,False,Wo0t,Team Heretics,chamber,False,,50,0,0,0,3,False,grubinho,GIANTX,omen,True,100,25,2,0,0,3,False,ara,GIANTX,raze,False,,25,0,0,0,3,False,Cloud,GIANTX,fade,True,100,25,0,0,0,5,False,Flickless,GIANTX,viper,True,100,25,0,0,0,1,False,westside,GIANTX,cypher,True,85,25,0,0,0,5,False
2003.068,8577,ACTIVE_ROUND,15,3,11,,21.021,,MiniBoo,Team Heretics,raze,False,,27,0,0,0,5,False,RieNs,Team Heretics,fade,False,,50,0,0,0,5,False,Boo,Team Heretics,omen,True,100,25,0,0,1,3,False,benjyfishy,Team Heretics,deadlock,True,100,25,0,0,1,2,False,Wo0t,Team Heretics,chamber,False,,50,0,0,0,3,False,grubinho,GIANTX,omen,True,100,25,2,0,0,3,False,ara,GIANTX,raze,False,,25,0,0,0,3,False,Cloud,GIANTX,fade,True,100,25,0,0,0,5,False,Flickless,GIANTX,viper,True,100,25,0,0,0,1,False,westside,GIANTX,cypher,True,85,25,0,0,0,5,False
2003.301,8578,ACTIVE_ROUND,15,3,11,,21.255,,MiniBoo,Team Heretics,raze,False,,27,0,0,0,5,False,RieNs,Team Heretics,fade,False,,50,0,0,0,5,False,Boo,Team Heretics,omen,True,100,25,0,0,1,3,False,benjyfishy,Team Heretics,deadlock,True,100,25,0,0,0,2,False,Wo0t,Team Heretics,chamber,False,,50,0,0,0,3,False,grubinho,GIANTX,omen,True,100,25,2,0,0,3,False,ara,GIANTX,raze,False,,25,0,0,0,3,False,Cloud,GIANTX,fade,True,100,25,0,0,0,5,False,Flickless,GIANTX,viper,True,100,25,0,0,0,1,False,westside,GIANTX,cypher,True,85,25,0,0,0,5,False
2003.535,8579,ACTIVE_ROUND,15,3,11,,21.488,,MiniBoo,Team Heretics,raze,False,,27,0,0,0,5,False,RieNs,Team Heretics,fade,False,,50,0,0,0,5,False,Boo,Team Heretics,omen,True,100,25,0,0,1,3,False,benjyfishy,Team Heretics,deadlock,True,100,25,0,0,0,2,False,Wo0t,Team Heretics,chamber,False,,50,0,0,0,3,False,grubinho,GIANTX,omen,True,100,25,2,0,0,3,False,ara,GIANTX,raze,False,,25,0,0,0,3,False,Cloud,GIANTX,fade,True,100,25,0,0,0,5,False,Flickless,GIANTX,viper,True,100,25,0,0,0,1,False,westside,GIANTX,cypher,True,85,25,0,0,0,5,False
2003.768,8580,ACTIVE_ROUND,15,3,11,,21.722,,MiniBoo,Team Heretics,raze,False,,27,0,0,0,5,False,RieNs,Team Heretics,fade,False,,50,0,0,0,5,False,Boo,Team Heretics,omen,True,100,25,0,0,1,3,False,benjyfishy,Team Heretics,deadlock,True,100,25,0,0,0,2,False,Wo0t,Team Heretics,chamber,False,,50,0,0,0,3,False,grubinho,GIANTX,omen,True,100,25,2,0,0,3,False,ara,GIANTX,raze,False,,25,0,0,0,3,False,Cloud,GIANTX,fade,True,100,25,0,0,0,5,False,Flickless,GIANTX,viper,True,100,25,0,0,0,1,False,westside,GIANTX,cypher,True,85,25,0,0,0,5,False
2004.002,8581,ACTIVE_ROUND,15,3,11,,21.955,,MiniBoo,Team Heretics,raze,False,,27,0,0,0,5,False,RieNs,Team Heretics,fade,False,,50,0,0,0,5,False,Boo,Team Heretics,omen,True,100,25,0,0,1,3,False,benjyfishy,Team Heretics,deadlock,True,100,25,0,0,0,2,False,Wo0t,Team Heretics,chamber,False,,50,0,0,0,3,False,grubinho,GIANTX,omen,True,100,25,2,0,0,3,False,ara,GIANTX,raze,False,,25,0,0,0,3,False,Cloud,GIANTX,fade,True,100,25,0,0,0,5,False,Flickless,GIANTX,viper,True,100,25,0,0,0,1,False,westside,GIANTX,cypher,True,85,25,0,0,0,5,False
2004.236,8582,ACTIVE_ROUND,15,3,11,,22.189,,MiniBoo,Team Heretics,raze,False,,27,0,0,0,5,False,RieNs,Team Heretics,fade,False,,50,0,0,0,5,False,Boo,Team Heretics,omen,True,100,25,0,0,0,3,False,benjyfishy,Team Heretics,deadlock,True,100,25,0,0,0,2,False,Wo0t,Team Heretics,chamber,False,,50,0,0,0,3,False,grubinho,GIANTX,omen,True,100,25,2,0,0,3,False,ara,GIANTX,raze,False,,25,0,0,0,3,False,Cloud,GIANTX,fade,True,100,25,0,0,0,5,False,Flickless,GIANTX,viper,True,100,25,0,0,0,1,False,westside,GIANTX,cypher,True,85,25,0,0,0,5,False
2004.469,8583,ACTIVE_ROUND,15,3,11,,22.422,,MiniBoo,Team Heretics,raze,False,,27,0,0,0,5,False,RieNs,Team Heretics,fade,False,,50,0,0,0,5,False,Boo,Team Heretics,omen,True,100,25,0,0,0,3,False,benjyfishy,Team Heretics,deadlock,True,100,25,0,0,0,2,False,Wo0t,Team Heretics,chamber,False,,50,0,0,0,3,False,grubinho,GIANTX,omen,True,100,25,2,0,0,3,False,ara,GIANTX,raze,False,,25,0,0,0,3,False,Cloud,GIANTX,fade,True,100,25,0,0,0,5,False,Flickless,GIANTX,viper,True,100,25,0,0,0,1,False,westside,GIANTX,cypher,True,85,25,0,0,0,5,False
2004.703,8584,ACTIVE_ROUND,15,3,11,,22.656,,MiniBoo,Team Heretics,raze,False,,27,0,0,0,5,False,RieNs,Team Heretics,fade,False,,50,0,0,0,5,False,Boo,Team Heretics,omen,True,100,25,0,0,0,3,False,benjyfishy,Team Heretics,deadlock,True,100,25,0,0,0,2,False,Wo0t,Team Heretics,chamber,False,,50,0,0,0,3,False,grubinho,GIANTX,omen,True,100,25,2,0,0,3,False,ara,GIANTX,raze,False,,25,0,0,0,3,False,Cloud,GIANTX,fade,True,100,25,0,0,0,5,False,Flickless,GIANTX,viper,True,100,25,0,0,0,1,False,westside,GIANTX,cypher,True,85,25,0,0,0,5,False
2004.936,8585,ACTIVE_ROUND,15,3,11,,22.890,,MiniBoo,Team Heretics,raze,False,,27,0,0,0,5,False,RieNs,Team Heretics,fade,False,,50,0,0,0,5,False,Boo,Team Heretics,omen,True,100,25,0,0,0,3,False,benjyfishy,Team Heretics,deadlock,True,100,25,0,0,0,2,False,Wo0t,Team Heretics,chamber,False,,50,0,0,0,3,False,grubinho,GIANTX,omen,True,100,25,2,0,0,3,False,ara,GIANTX,raze,False,,25,0,0,0,3,False,Cloud,GIANTX,fade,True,100,25,0,0,0,5,False,Flickless,GIANTX,viper,True,100,25,0,0,0,1,False,westside,GIANTX,cypher,True,85,25,0,0,0,5,False
2005.170,8586,ACTIVE_ROUND,15,3,11,,23.123,,MiniBoo,Team Heretics,raze,False,,27,0,0,0,5,False,RieNs,Team Heretics,fade,False,,50,0,0,0,5,False,Boo,Team Heretics,omen,True,100,25,0,0,0,3,False,benjyfishy,Team Heretics,deadlock,True,100,25,0,0,0,2,False,Wo0t,Team Heretics,chamber,False,,50,0,0,0,3,False,grubinho,GIANTX,omen,True,100,25,2,0,0,3,False,ara,GIANTX,raze,False,,25,0,0,0,3,False,Cloud,GIANTX,fade,True,100,25,0,0,0,5,False,Flickless,GIANTX,viper,True,100,25,0,0,0,1,False,westside,GIANTX,cypher,True,85,25,0,0,0,5,False
2005.403,8587,ACTIVE_ROUND,15,3,11,,23.357,,MiniBoo,Team Heretics,raze,False,,27,0,0,0,5,False,RieNs,Team Heretics,fade,False,,50,0,0,0,5,False,Boo,Team Heretics,omen,True,100,25,0,0,0,3,False,benjyfishy,Team Heretics,deadlock,True,100,25,0,0,0,2,False,Wo0t,Team Heretics,chamber,False,,50,0,0,0,3,False,grubinho,GIANTX,omen,True,100,25,2,0,0,3,False,ara,GIANTX,raze,False,,25,0,0,0,3,False,Cloud,GIANTX,fade,True,100,25,0,0,0,5,False,Flickless,GIANTX,viper,True,100,25,0,0,0,1,False,westside,GIANTX,cypher,True,85,25,0,0,0,5,False
2005.637,8588,ACTIVE_ROUND,15,3,11,,23.590,,MiniBoo,Team Heretics,raze,False,,27,0,0,0,5,False,RieNs,Team Heretics,fade,False,,50,0,0,0,5,False,Boo,Team Heretics,omen,True,100,25,0,0,0,3,False,benjyfishy,Team Heretics,deadlock,True,100,25,0,0,0,2,False,Wo0t,Team Heretics,chamber,False,,50,0,0,0,3,False,grubinho,GIANTX,omen,True,100,25,2,0,0,3,False,ara,GIANTX,raze,False,,25,0,0,0,3,False,Cloud,GIANTX,fade,True,100,25,0,0,0,5,False,Flickless,GIANTX,viper,True,100,25,0,0,0,1,False,westside,GIANTX,cypher,True,85,25,0,0,0,5,False
2005.871,8589,ACTIVE_ROUND,15,3,11,,23.824,,MiniBoo,Team Heretics,raze,False,,27,0,0,0,5,False,RieNs,Team Heretics,fade,False,,50,0,0,0,5,False,Boo,Team Heretics,omen,True,100,25,0,0,0,3,False,benjyfishy,Team Heretics,deadlock,True,100,25,0,0,0,2,False,Wo0t,Team Heretics,chamber,False,,50,0,0,0,3,False,grubinho,GIANTX,omen,True,100,25,2,0,0,3,False,ara,GIANTX,raze,False,,25,0,0,0,3,False,Cloud,GIANTX,fade,True,100,25,0,0,0,5,False,Flickless,GIANTX,viper,True,100,25,0,0,0,1,False,westside,GIANTX,cypher,True,85,25,0,0,0,5,False
2006.104,8590,ACTIVE_ROUND,15,3,11,,24.057,,MiniBoo,Team Heretics,raze,False,,27,0,0,0,5,False,RieNs,Team Heretics,fade,False,,50,0,0,0,5,False,Boo,Team Heretics,omen,True,100,25,0,0,0,3,False,benjyfishy,Team Heretics,deadlock,True,100,25,0,0,0,2,False,Wo0t,Team Heretics,chamber,False,,50,0,0,0,3,False,grubinho,GIANTX,omen,True,85,25,2,0,0,3,False,ara,GIANTX,raze,False,,25,0,0,0,3,False,Cloud,GIANTX,fade,True,100,25,0,0,0,5,False,Flickless,GIANTX,viper,True,100,25,0,0,0,1,False,westside,GIANTX,cypher,True,85,25,0,0,0,5,False
2006.338,8591,ACTIVE_ROUND,15,3,11,,24.291,,MiniBoo,Team Heretics,raze,False,,27,0,0,0,5,False,RieNs,Team Heretics,fade,False,,50,0,0,0,5,False,Boo,Team Heretics,omen,True,100,25,0,0,0,3,False,benjyfishy,Team Heretics,deadlock,True,100,25,0,0,0,2,False,Wo0t,Team Heretics,chamber,False,,50,0,0,0,3,False,grubinho,GIANTX,omen,True,85,25,2,0,0,3,False,ara,GIANTX,raze,False,,25,0,0,0,3,False,Cloud,GIANTX,fade,True,100,25,0,0,0,5,False,Flickless,GIANTX,viper,True,100,25,0,0,0,1,False,westside,GIANTX,cypher,True,85,25,0,0,0,5,False
2006.571,8592,ACTIVE_ROUND,15,3,11,,24.524,,MiniBoo,Team Heretics,raze,False,,27,0,0,0,5,False,RieNs,Team Heretics,fade,False,,50,0,0,0,5,False,Boo,Team Heretics,omen,True,100,25,0,0,0,3,False,benjyfishy,Team Heretics,deadlock,True,100,25,0,0,0,2,False,Wo0t,Team Heretics,chamber,False,,50,0,0,0,3,False,grubinho,GIANTX,omen,True,85,25,2,0,0,3,False,ara,GIANTX,raze,False,,25,0,0,0,3,False,Cloud,GIANTX,fade,True,100,25,0,0,0,5,False,Flickless,GIANTX,viper,True,100,25,0,0,0,1,False,westside,GIANTX,cypher,True,85,25,0,0,0,5,False
2006.805,8593,ACTIVE_ROUND,15,3,11,,24.758,,MiniBoo,Team Heretics,raze,False,,27,0,0,0,5,False,RieNs,Team Heretics,fade,False,,50,0,0,0,5,False,Boo,Team Heretics,omen,True,100,25,0,0,0,3,False,benjyfishy,Team Heretics,deadlock,True,100,25,0,0,0,2,False,Wo0t,Team Heretics,chamber,False,,50,0,0,0,3,False,grubinho,GIANTX,omen,True,85,25,2,0,0,3,False,ara,GIANTX,raze,False,,25,0,0,0,3,False,Cloud,GIANTX,fade,True,100,25,0,0,0,5,False,Flickless,GIANTX,viper,True,100,25,0,0,0,1,False,westside,GIANTX,cypher,True,85,25,0,0,0,5,False
2007.038,8594,ACTIVE_ROUND,15,3,11,,24.992,,MiniBoo,Team Heretics,raze,False,,27,0,0,0,5,False,RieNs,Team Heretics,fade,False,,50,0,0,0,5,False,Boo,Team Heretics,omen,True,100,25,0,0,0,3,False,benjyfishy,Team Heretics,deadlock,True,100,25,0,0,0,2,False,Wo0t,Team Heretics,chamber,False,,50,0,0,0,3,False,grubinho,GIANTX,omen,True,85,25,2,0,0,3,False,ara,GIANTX,raze,False,,25,0,0,0,3,False,Cloud,GIANTX,fade,True,100,25,0,0,0,5,False,Flickless,GIANTX,viper,True,100,25,0,0,0,1,False,westside,GIANTX,cypher,True,85,25,0,0,0,5,False
2007.272,8595,ACTIVE_ROUND,15,3,11,,25.225,,MiniBoo,Team Heretics,raze,False,,27,0,0,0,5,False,RieNs,Team Heretics,fade,False,,50,0,0,0,5,False,Boo,Team Heretics,omen,True,100,25,0,0,0,3,False,benjyfishy,Team Heretics,deadlock,True,100,25,0,0,0,2,False,Wo0t,Team Heretics,chamber,False,,50,0,0,0,3,False,grubinho,GIANTX,omen,True,45,25,2,0,0,3,False,ara,GIANTX,raze,False,,25,0,0,0,3,False,Cloud,GIANTX,fade,True,100,25,0,0,0,5,False,Flickless,GIANTX,viper,True,100,25,0,0,0,1,False,westside,GIANTX,cypher,True,85,25,0,0,0,5,False
2007.505,8596,ACTIVE_ROUND,15,3,11,,25.459,,MiniBoo,Team Heretics,raze,False,,27,0,0,0,5,False,RieNs,Team Heretics,fade,False,,50,0,0,0,5,False,Boo,Team Heretics,omen,True,100,25,0,0,0,3,False,benjyfishy,Team Heretics,deadlock,True,100,25,0,0,0,2,False,Wo0t,Team Heretics,chamber,False,,50,0,0,0,3,False,grubinho,GIANTX,omen,True,45,25,2,0,0,3,False,ara,GIANTX,raze,False,,25,0,0,0,3,False,Cloud,GIANTX,fade,True,100,25,0,0,0,5,False,Flickless,GIANTX,viper,True,100,25,0,0,0,1,False,westside,GIANTX,cypher,True,85,25,0,0,0,5,False
2007.739,8597,ACTIVE_ROUND,15,3,11,,25.692,,MiniBoo,Team Heretics,raze,False,,27,0,0,0,5,False,RieNs,Team Heretics,fade,False,,50,0,0,0,5,False,Boo,Team Heretics,omen,True,100,25,0,0,0,3,False,benjyfishy,Team Heretics,deadlock,True,100,25,0,0,0,2,False,Wo0t,Team Heretics,chamber,False,,50,0,0,0,3,False,grubinho,GIANTX,omen,True,45,25,2,0,0,3,False,ara,GIANTX,raze,False,,25,0,0,0,3,False,Cloud,GIANTX,fade,True,100,25,0,0,0,5,False,Flickless,GIANTX,viper,True,100,25,0,0,0,1,False,westside,GIANTX,cypher,True,85,25,0,0,0,5,False
2007.973,8598,ACTIVE_ROUND,15,3,11,,25.926,,MiniBoo,Team Heretics,raze,False,,27,0,0,0,5,False,RieNs,Team Heretics,fade,False,,50,0,0,0,5,False,Boo,Team Heretics,omen,True,100,25,0,0,0,3,False,benjyfishy,Team Heretics,deadlock,True,100,25,0,0,0,2,False,Wo0t,Team Heretics,chamber,False,,50,0,0,0,3,False,grubinho,GIANTX,omen,True,45,25,2,0,0,3,False,ara,GIANTX,raze,False,,25,0,0,0,3,False,Cloud,GIANTX,fade,True,100,25,0,0,0,5,False,Flickless,GIANTX,viper,True,100,25,0,0,0,1,False,westside,GIANTX,cypher,True,85,25,0,0,0,5,False
2008.206,8599,ACTIVE_ROUND,15,3,11,,26.159,,MiniBoo,Team Heretics,raze,False,,27,0,0,0,5,False,RieNs,Team Heretics,fade,False,,50,0,0,0,5,False,Boo,Team Heretics,omen,True,100,25,0,0,0,3,False,benjyfishy,Team Heretics,deadlock,True,100,25,0,0,0,2,False,Wo0t,Team Heretics,chamber,False,,50,0,0,0,3,False,grubinho,GIANTX,omen,True,45,25,2,0,0,3,False,ara,GIANTX,raze,False,,25,0,0,0,3,False,Cloud,GIANTX,fade,True,100,25,0,0,0,5,False,Flickless,GIANTX,viper,True,100,25,0,0,0,1,False,westside,GIANTX,cypher,True,85,25,0,0,0,5,False
2008.440,8600,ACTIVE_ROUND,15,3,11,,26.393,,MiniBoo,Team Heretics,raze,False,,27,0,0,0,5,False,RieNs,Team Heretics,fade,False,,50,0,0,0,5,False,Boo,Team Heretics,omen,True,100,25,0,0,0,3,False,benjyfishy,Team Heretics,deadlock,True,100,25,0,0,0,2,False,Wo0t,Team Heretics,chamber,False,,50,0,0,0,3,False,grubinho,GIANTX,omen,True,45,25,2,0,0,3,False,ara,GIANTX,raze,False,,25,0,0,0,3,False,Cloud,GIANTX,fade,True,100,25,0,0,0,5,False,Flickless,GIANTX,viper,True,100,25,0,0,0,1,False,westside,GIANTX,cypher,True,85,25,0,0,0,5,False
2008.673,8601,ACTIVE_ROUND,15,3,11,,26.627,,MiniBoo,Team Heretics,raze,False,,27,0,0,0,5,False,RieNs,Team Heretics,fade,False,,50,0,0,0,5,False,Boo,Team Heretics,omen,True,100,25,0,0,0,3,False,benjyfishy,Team Heretics,deadlock,True,100,25,0,0,0,2,False,Wo0t,Team Heretics,chamber,False,,50,0,0,0,3,False,grubinho,GIANTX,omen,True,45,25,2,0,0,3,False,ara,GIANTX,raze,False,,25,0,0,0,3,False,Cloud,GIANTX,fade,True,100,25,0,0,0,5,False,Flickless,GIANTX,viper,True,100,25,0,0,0,1,False,westside,GIANTX,cypher,True,85,25,0,0,0,5,False
2008.907,8602,ACTIVE_ROUND,15,3,11,,26.860,,MiniBoo,Team Heretics,raze,False,,27,0,0,0,5,False,RieNs,Team Heretics,fade,False,,50,0,0,0,5,False,Boo,Team Heretics,omen,True,100,25,0,0,0,3,False,benjyfishy,Team Heretics,deadlock,True,100,25,0,0,0,2,False,Wo0t,Team Heretics,chamber,False,,50,0,0,0,3,False,grubinho,GIANTX,omen,True,45,25,2,0,0,3,False,ara,GIANTX,raze,False,,25,0,0,0,3,False,Cloud,GIANTX,fade,True,100,25,0,0,0,5,False,Flickless,GIANTX,viper,True,100,25,0,0,0,1,False,westside,GIANTX,cypher,True,85,25,0,0,0,5,False
2009.140,8603,ACTIVE_ROUND,15,3,11,,27.094,,MiniBoo,Team Heretics,raze,False,,27,0,0,0,5,False,RieNs,Team Heretics,fade,False,,50,0,0,0,5,False,Boo,Team Heretics,omen,True,10,25,0,0,0,3,False,benjyfishy,Team Heretics,deadlock,True,100,25,0,0,0,2,False,Wo0t,Team Heretics,chamber,False,,50,0,0,0,3,False,grubinho,GIANTX,omen,True,45,25,2,0,0,3,False,ara,GIANTX,raze,False,,25,0,0,0,3,False,Cloud,GIANTX,fade,True,100,25,0,0,0,5,False,Flickless,GIANTX,viper,True,100,25,0,0,0,1,False,westside,GIANTX,cypher,True,85,25,0,0,0,5,False
2009.374,8604,ACTIVE_ROUND,15,3,11,,27.327,,MiniBoo,Team Heretics,raze,False,,27,0,0,0,5,False,RieNs,Team Heretics,fade,False,,50,0,0,0,5,False,Boo,Team Heretics,omen,True,10,25,0,0,0,3,False,benjyfishy,Team Heretics,deadlock,True,100,25,0,0,0,2,False,Wo0t,Team Heretics,chamber,False,,50,0,0,0,3,False,grubinho,GIANTX,omen,True,45,25,2,0,0,3,False,ara,GIANTX,raze,False,,25,0,0,0,3,False,Cloud,GIANTX,fade,True,100,25,0,0,0,5,False,Flickless,GIANTX,viper,True,100,25,0,0,0,1,False,westside,GIANTX,cypher,True,85,25,0,0,0,5,False
2009.608,8605,ACTIVE_ROUND,15,3,11,,27.561,,MiniBoo,Team Heretics,raze,False,,27,0,0,0,5,False,RieNs,Team Heretics,fade,False,,50,0,0,0,5,False,Boo,Team Heretics,omen,False,,25,0,0,0,3,False,benjyfishy,Team Heretics,deadlock,True,100,25,0,0,0,2,False,Wo0t,Team Heretics,chamber,False,,50,0,0,0,3,False,grubinho,GIANTX,omen,True,45,25,2,0,0,3,False,ara,GIANTX,raze,False,,25,0,0,0,3,False,Cloud,GIANTX,fade,True,100,25,0,0,0,5,False,Flickless,GIANTX,viper,True,100,25,0,0,0,1,False,westside,GIANTX,cypher,True,85,25,0,0,0,5,False
2009.841,8606,ACTIVE_ROUND,15,3,11,,27.794,,MiniBoo,Team Heretics,raze,False,,27,0,0,0,5,False,RieNs,Team Heretics,fade,False,,50,0,0,0,5,False,Boo,Team Heretics,omen,False,,25,0,0,0,3,False,benjyfishy,Team Heretics,deadlock,True,100,25,0,0,0,2,False,Wo0t,Team Heretics,chamber,False,,50,0,0,0,3,False,grubinho,GIANTX,omen,True,45,25,2,0,0,3,False,ara,GIANTX,raze,False,,25,0,0,0,3,False,Cloud,GIANTX,fade,True,100,25,0,0,0,5,False,Flickless,GIANTX,viper,True,100,25,0,0,0,1,False,westside,GIANTX,cypher,True,85,25,0,0,0,5,False
2010.075,8607,ACTIVE_ROUND,15,3,11,,28.028,,MiniBoo,Team Heretics,raze,False,,27,0,0,0,5,False,RieNs,Team Heretics,fade,False,,50,0,0,0,5,False,Boo,Team Heretics,omen,False,,25,0,0,0,3,False,benjyfishy,Team Heretics,deadlock,False,,25,0,0,0,2,False,Wo0t,Team Heretics,chamber,False,,50,0,0,0,3,False,grubinho,GIANTX,omen,True,45,25,2,0,0,3,False,ara,GIANTX,raze,False,,25,0,0,0,3,False,Cloud,GIANTX,fade,True,100,25,0,0,0,5,False,Flickless,GIANTX,viper,True,100,25,0,0,0,1,False,westside,GIANTX,cypher,True,85,25,0,0,0,5,False
2010.308,8608,ACTIVE_ROUND,15,3,11,,28.262,,MiniBoo,Team Heretics,raze,False,,27,0,0,0,5,False,RieNs,Team Heretics,fade,False,,50,0,0,0,5,False,Boo,Team Heretics,omen,False,,25,0,0,0,3,False,benjyfishy,Team Heretics,deadlock,False,,25,0,0,0,2,False,Wo0t,Team Heretics,chamber,False,,50,0,0,0,3,False,grubinho,GIANTX,omen,True,45,25,2,0,0,3,False,ara,GIANTX,raze,False,,25,0,0,0,3,False,Cloud,GIANTX,fade,True,100,25,0,0,0,6,False,Flickless,GIANTX,viper,True,100,25,0,0,0,2,False,westside,GIANTX,cypher,True,5,25,0,0,0,5,False
2010.542,8609,ACTIVE_ROUND,15,3,11,,28.495,,MiniBoo,Team Heretics,raze,False,,27,0,0,0,5,False,RieNs,Team Heretics,fade,False,,50,0,0,0,5,False,Boo,Team Heretics,omen,False,,25,0,0,0,3,False,benjyfishy,Team Heretics,deadlock,False,,25,0,0,0,2,False,Wo0t,Team Heretics,chamber,False,,50,0,0,0,3,False,grubinho,GIANTX,omen,True,45,25,2,0,0,3,False,ara,GIANTX,raze,False,,25,0,0,0,3,False,Cloud,GIANTX,fade,True,100,25,0,0,0,6,False,Flickless,GIANTX,viper,True,100,25,0,0,0,2,False,westside,GIANTX,cypher,True,5,25,0,0,0,5,False
2010.775,8610,ACTIVE_ROUND,15,3,11,,28.729,,MiniBoo,Team Heretics,raze,False,,27,0,0,0,5,False,RieNs,Team Heretics,fade,False,,50,0,0,0,5,False,Boo,Team Heretics,omen,False,,25,0,0,0,3,False,benjyfishy,Team Heretics,deadlock,False,,25,0,0,0,2,False,Wo0t,Team Heretics,chamber,False,,50,0,0,0,3,False,grubinho,GIANTX,omen,True,45,25,2,0,0,3,False,ara,GIANTX,raze,False,,25,0,0,0,3,False,Cloud,GIANTX,fade,True,100,25,0,0,0,6,False,Flickless,GIANTX,viper,True,100,25,0,0,0,2,False,westside,GIANTX,cypher,True,5,25,0,0,0,5,False
2011.009,8611,ACTIVE_ROUND,15,3,11,,28.962,,MiniBoo,Team Heretics,raze,False,,27,0,0,0,5,False,RieNs,Team Heretics,fade,False,,50,0,0,0,5,False,Boo,Team Heretics,omen,False,,25,0,0,0,3,False,benjyfishy,Team Heretics,deadlock,False,,25,0,0,0,2,False,Wo0t,Team Heretics,chamber,False,,50,0,0,0,3,False,grubinho,GIANTX,omen,True,45,25,2,0,0,3,False,ara,GIANTX,raze,False,,25,0,0,0,3,False,Cloud,GIANTX,fade,True,100,25,0,0,0,6,False,Flickless,GIANTX,viper,True,100,25,0,0,0,2,False,westside,GIANTX,cypher,True,5,25,0,0,0,5,False
2011.243,8612,ACTIVE_ROUND,15,3,11,,29.196,,MiniBoo,Team Heretics,raze,False,,27,0,0,0,5,False,RieNs,Team Heretics,fade,False,,50,0,0,0,5,False,Boo,Team Heretics,omen,False,,25,0,0,0,3,False,benjyfishy,Team Heretics,deadlock,False,,25,0,0,0,2,False,Wo0t,Team Heretics,chamber,False,,50,0,0,0,3,False,grubinho,GIANTX,omen,True,45,25,2,0,0,3,False,ara,GIANTX,raze,False,,25,0,0,0,3,False,Cloud,GIANTX,fade,True,100,25,0,0,0,6,False,Flickless,GIANTX,viper,True,100,25,0,0,0,2,False,westside,GIANTX,cypher,True,5,25,0,0,0,5,False
2011.476,8613,ACTIVE_ROUND,15,3,11,,29.429,,MiniBoo,Team Heretics,raze,False,,27,0,0,0,5,False,RieNs,Team Heretics,fade,False,,50,0,0,0,5,False,Boo,Team Heretics,omen,False,,25,0,0,0,3,False,benjyfishy,Team Heretics,deadlock,False,,25,0,0,0,2,False,Wo0t,Team Heretics,chamber,False,,50,0,0,0,3,False,grubinho,GIANTX,omen,True,45,25,2,0,0,3,False,ara,GIANTX,raze,False,,25,0,0,0,3,False,Cloud,GIANTX,fade,True,100,25,0,0,0,6,False,Flickless,GIANTX,viper,True,100,25,0,0,0,2,False,westside,GIANTX,cypher,True,5,25,0,0,0,5,False
2011.710,8614,ACTIVE_ROUND,15,3,11,,29.663,,MiniBoo,Team Heretics,raze,False,,27,0,0,0,5,False,RieNs,Team Heretics,fade,False,,50,0,0,0,5,False,Boo,Team Heretics,omen,False,,25,0,0,0,3,False,benjyfishy,Team Heretics,deadlock,False,,25,0,0,0,2,False,Wo0t,Team Heretics,chamber,False,,50,0,0,0,3,False,grubinho,GIANTX,omen,True,45,25,2,0,0,3,False,ara,GIANTX,raze,False,,25,0,0,0,3,False,Cloud,GIANTX,fade,True,100,25,0,0,0,6,False,Flickless,GIANTX,viper,True,100,25,0,0,0,2,False,westside,GIANTX,cypher,True,5,25,0,0,0,5,False
2011.943,8615,ACTIVE_ROUND,15,3,11,,29.897,,MiniBoo,Team Heretics,raze,False,,27,0,0,0,5,False,RieNs,Team Heretics,fade,False,,50,0,0,0,5,False,Boo,Team Heretics,omen,False,,25,0,0,0,3,False,benjyfishy,Team Heretics,deadlock,False,,25,0,0,0,2,False,Wo0t,Team Heretics,chamber,False,,50,0,0,0,3,False,grubinho,GIANTX,omen,True,45,25,2,0,0,3,False,ara,GIANTX,raze,False,,25,0,0,0,3,False,Cloud,GIANTX,fade,True,100,25,0,0,0,6,False,Flickless,GIANTX,viper,True,100,25,0,0,0,2,False,westside,GIANTX,cypher,True,5,25,0,0,0,5,False
2012.177,8616,ACTIVE_ROUND,15,3,11,,30.130,,MiniBoo,Team Heretics,raze,False,,27,0,0,0,5,False,RieNs,Team Heretics,fade,False,,50,0,0,0,5,False,Boo,Team Heretics,omen,False,,25,0,0,0,3,False,benjyfishy,Team Heretics,deadlock,False,,25,0,0,0,2,False,Wo0t,Team Heretics,chamber,False,,50,0,0,0,3,False,grubinho,GIANTX,omen,True,45,25,2,0,0,3,False,ara,GIANTX,raze,False,,25,0,0,0,3,False,Cloud,GIANTX,fade,True,100,25,0,0,0,6,False,Flickless,GIANTX,viper,True,100,25,0,0,0,2,False,westside,GIANTX,cypher,True,5,25,0,0,0,5,False
2012.410,8617,ACTIVE_ROUND,15,3,11,,30.364,,MiniBoo,Team Heretics,raze,False,,27,0,0,0,5,False,RieNs,Team Heretics,fade,False,,50,0,0,0,5,False,Boo,Team Heretics,omen,False,,25,0,0,0,3,False,benjyfishy,Team Heretics,deadlock,False,,25,0,0,0,2,False,Wo0t,Team Heretics,chamber,False,,50,0,0,0,3,False,grubinho,GIANTX,omen,True,45,25,2,0,0,3,False,ara,GIANTX,raze,False,,25,0,0,0,3,False,Cloud,GIANTX,fade,True,100,25,0,0,0,6,False,Flickless,GIANTX,viper,True,100,25,0,0,0,2,False,westside,GIANTX,cypher,True,5,25,0,0,0,5,False
2012.644,8618,ACTIVE_ROUND,15,3,11,,30.597,,MiniBoo,Team Heretics,raze,False,,27,0,0,0,5,False,RieNs,Team Heretics,fade,False,,50,0,0,0,5,False,Boo,Team Heretics,omen,False,,25,0,0,0,3,False,benjyfishy,Team Heretics,deadlock,False,,25,0,0,0,2,False,Wo0t,Team Heretics,chamber,False,,50,0,0,0,3,False,grubinho,GIANTX,omen,True,45,25,2,0,0,3,False,ara,GIANTX,raze,False,,25,0,0,0,3,False,Cloud,GIANTX,fade,True,100,25,0,0,0,6,False,Flickless,GIANTX,viper,True,100,25,0,0,0,2,False,westside,GIANTX,cypher,True,5,25,0,0,0,5,False
2012.878,8619,ACTIVE_ROUND,15,3,11,,30.831,,MiniBoo,Team Heretics,raze,False,,27,0,0,0,5,False,RieNs,Team Heretics,fade,False,,50,0,0,0,5,False,Boo,Team Heretics,omen,False,,25,0,0,0,3,False,benjyfishy,Team Heretics,deadlock,False,,25,0,0,0,2,False,Wo0t,Team Heretics,chamber,False,,50,0,0,0,3,False,grubinho,GIANTX,omen,True,45,25,2,0,0,3,False,ara,GIANTX,raze,False,,25,0,0,0,3,False,Cloud,GIANTX,fade,True,100,25,0,0,0,6,False,Flickless,GIANTX,viper,True,100,25,0,0,0,2,False,westside,GIANTX,cypher,True,5,25,0,0,0,5,False
2013.111,8620,ACTIVE_ROUND,15,3,11,,31.064,,MiniBoo,Team Heretics,raze,False,,27,0,0,0,5,False,RieNs,Team Heretics,fade,False,,50,0,0,0,5,False,Boo,Team Heretics,omen,False,,25,0,0,0,3,False,benjyfishy,Team Heretics,deadlock,False,,25,0,0,0,2,False,Wo0t,Team Heretics,chamber,False,,50,0,0,0,3,False,grubinho,GIANTX,omen,True,45,25,2,0,0,3,False,ara,GIANTX,raze,False,,25,0,0,0,3,False,Cloud,GIANTX,fade,True,100,25,0,0,0,6,False,Flickless,GIANTX,viper,True,100,25,0,0,0,2,False,westside,GIANTX,cypher,True,5,25,0,0,0,5,False
2013.345,8621,ACTIVE_ROUND,15,3,11,,31.298,,MiniBoo,Team Heretics,raze,False,,27,0,0,0,5,False,RieNs,Team Heretics,fade,False,,50,0,0,0,5,False,Boo,Team Heretics,omen,False,,25,0,0,0,3,False,benjyfishy,Team Heretics,deadlock,False,,25,0,0,0,2,False,Wo0t,Team Heretics,chamber,False,,50,0,0,0,3,False,grubinho,GIANTX,omen,True,45,25,2,0,0,3,False,ara,GIANTX,raze,False,,25,0,0,0,3,False,Cloud,GIANTX,fade,True,100,25,0,0,0,6,False,Flickless,GIANTX,viper,True,100,25,0,0,0,2,False,westside,GIANTX,cypher,True,5,25,0,0,0,5,False
2013.578,8622,ACTIVE_ROUND,15,3,11,,31.532,,MiniBoo,Team Heretics,raze,False,,27,0,0,0,5,False,RieNs,Team Heretics,fade,False,,50,0,0,0,5,False,Boo,Team Heretics,omen,False,,25,0,0,0,3,False,benjyfishy,Team Heretics,deadlock,False,,25,0,0,0,2,False,Wo0t,Team Heretics,chamber,False,,50,0,0,0,3,False,grubinho,GIANTX,omen,True,45,25,2,0,0,3,False,ara,GIANTX,raze,False,,25,0,0,0,3,False,Cloud,GIANTX,fade,True,100,25,0,0,0,6,False,Flickless,GIANTX,viper,True,100,25,0,0,0,2,False,westside,GIANTX,cypher,True,5,25,0,0,0,5,False
2013.812,8623,ACTIVE_ROUND,15,3,11,,31.765,,MiniBoo,Team Heretics,raze,False,,27,0,0,0,5,False,RieNs,Team Heretics,fade,False,,50,0,0,0,5,False,Boo,Team Heretics,omen,False,,25,0,0,0,3,False,benjyfishy,Team Heretics,deadlock,False,,25,0,0,0,2,False,Wo0t,Team Heretics,chamber,False,,50,0,0,0,3,False,grubinho,GIANTX,omen,True,45,25,2,0,0,3,False,ara,GIANTX,raze,False,,25,0,0,0,3,False,Cloud,GIANTX,fade,True,100,25,0,0,0,6,False,Flickless,GIANTX,viper,True,100,25,0,0,0,2,False,westside,GIANTX,cypher,True,5,25,0,0,0,5,False
2014.045,8624,ACTIVE_ROUND,15,3,11,,31.999,,MiniBoo,Team Heretics,raze,False,,27,0,0,0,5,False,RieNs,Team Heretics,fade,False,,50,0,0,0,5,False,Boo,Team Heretics,omen,False,,25,0,0,0,3,False,benjyfishy,Team Heretics,deadlock,False,,25,0,0,0,2,False,Wo0t,Team Heretics,chamber,False,,50,0,0,0,3,False,grubinho,GIANTX,omen,True,45,25,2,0,0,3,False,ara,GIANTX,raze,False,,25,0,0,0,3,False,Cloud,GIANTX,fade,True,100,25,0,0,0,6,False,Flickless,GIANTX,viper,True,100,25,0,0,0,2,False,westside,GIANTX,cypher,True,5,25,0,0,0,5,False
2014.279,8625,ACTIVE_ROUND,15,3,11,,32.232,,MiniBoo,Team Heretics,raze,False,,27,0,0,0,5,False,RieNs,Team Heretics,fade,False,,50,0,0,0,5,False,Boo,Team Heretics,omen,False,,25,0,0,0,3,False,benjyfishy,Team Heretics,deadlock,False,,25,0,0,0,2,False,Wo0t,Team Heretics,chamber,False,,50,0,0,0,3,False,grubinho,GIANTX,omen,True,45,25,2,0,0,3,False,ara,GIANTX,raze,False,,25,0,0,0,3,False,Cloud,GIANTX,fade,True,100,25,0,0,0,6,False,Flickless,GIANTX,viper,True,100,25,0,0,0,2,False,westside,GIANTX,cypher,True,5,25,0,0,0,5,False
2014.513,8626,ACTIVE_ROUND,15,3,11,,32.466,,MiniBoo,Team Heretics,raze,False,,27,0,0,0,5,False,RieNs,Team Heretics,fade,False,,50,0,0,0,5,False,Boo,Team Heretics,omen,False,,25,0,0,0,3,False,benjyfishy,Team Heretics,deadlock,False,,25,0,0,0,2,False,Wo0t,Team Heretics,chamber,False,,50,0,0,0,3,False,grubinho,GIANTX,omen,True,45,25,2,0,0,3,False,ara,GIANTX,raze,False,,25,0,0,0,3,False,Cloud,GIANTX,fade,True,100,25,0,0,0,6,False,Flickless,GIANTX,viper,True,100,25,0,0,0,2,False,westside,GIANTX,cypher,True,5,25,0,0,0,5,False
2014.746,8627,ACTIVE_ROUND,15,3,11,,32.699,,MiniBoo,Team Heretics,raze,False,,27,0,0,0,5,False,RieNs,Team Heretics,fade,False,,50,0,0,0,5,False,Boo,Team Heretics,omen,False,,25,0,0,0,3,False,benjyfishy,Team Heretics,deadlock,False,,25,0,0,0,2,False,Wo0t,Team Heretics,chamber,False,,50,0,0,0,3,False,grubinho,GIANTX,omen,True,45,25,2,0,0,3,False,ara,GIANTX,raze,False,,25,0,0,0,3,False,Cloud,GIANTX,fade,True,100,25,0,0,0,6,False,Flickless,GIANTX,viper,True,100,25,0,0,0,2,False,westside,GIANTX,cypher,True,5,25,0,0,0,5,False
2014.980,8628,ACTIVE_ROUND,15,3,11,,32.933,,MiniBoo,Team Heretics,raze,False,,27,0,0,0,5,False,RieNs,Team Heretics,fade,False,,50,0,0,0,5,False,Boo,Team Heretics,omen,False,,25,0,0,0,3,False,benjyfishy,Team Heretics,deadlock,False,,25,0,0,0,2,False,Wo0t,Team Heretics,chamber,False,,50,0,0,0,3,False,grubinho,GIANTX,omen,True,45,25,2,0,0,3,False,ara,GIANTX,raze,False,,25,0,0,0,3,False,Cloud,GIANTX,fade,True,100,25,0,0,0,6,False,Flickless,GIANTX,viper,True,100,25,0,0,0,2,False,westside,GIANTX,cypher,True,5,25,0,0,0,5,False
2015.213,8629,ACTIVE_ROUND,15,3,11,,33.166,,MiniBoo,Team Heretics,raze,False,,27,0,0,0,5,False,RieNs,Team Heretics,fade,False,,50,0,0,0,5,False,Boo,Team Heretics,omen,False,,25,0,0,0,3,False,benjyfishy,Team Heretics,deadlock,False,,25,0,0,0,2,False,Wo0t,Team Heretics,chamber,False,,50,0,0,0,3,False,grubinho,GIANTX,omen,True,45,25,2,0,0,3,False,ara,GIANTX,raze,False,,25,0,0,0,3,False,Cloud,GIANTX,fade,True,100,25,0,0,0,6,False,Flickless,GIANTX,viper,True,100,25,0,0,0,2,False,westside,GIANTX,cypher,True,5,25,0,0,0,5,False
2015.447,8630,ACTIVE_ROUND,15,3,11,,33.400,,MiniBoo,Team Heretics,raze,False,,27,0,0,0,5,False,RieNs,Team Heretics,fade,False,,50,0,0,0,5,False,Boo,Team Heretics,omen,False,,25,0,0,0,3,False,benjyfishy,Team Heretics,deadlock,False,,25,0,0,0,2,False,Wo0t,Team Heretics,chamber,False,,50,0,0,0,3,False,grubinho,GIANTX,omen,True,45,25,2,0,0,3,False,ara,GIANTX,raze,False,,25,0,0,0,3,False,Cloud,GIANTX,fade,True,100,25,0,0,0,6,False,Flickless,GIANTX,viper,True,100,25,0,0,0,2,False,westside,GIANTX,cypher,True,5,25,0,0,0,5,False
2015.680,8631,ACTIVE_ROUND,15,3,11,,33.634,,MiniBoo,Team Heretics,raze,False,,27,0,0,0,5,False,RieNs,Team Heretics,fade,False,,50,0,0,0,5,False,Boo,Team Heretics,omen,False,,25,0,0,0,3,False,benjyfishy,Team Heretics,deadlock,False,,25,0,0,0,2,False,Wo0t,Team Heretics,chamber,False,,50,0,0,0,3,False,grubinho,GIANTX,omen,True,45,25,2,0,0,3,False,ara,GIANTX,raze,False,,25,0,0,0,3,False,Cloud,GIANTX,fade,True,100,25,0,0,0,6,False,Flickless,GIANTX,viper,True,100,25,0,0,0,2,False,westside,GIANTX,cypher,True,5,25,0,0,0,5,False
2015.914,8632,ACTIVE_ROUND,15,3,11,,33.867,,MiniBoo,Team Heretics,raze,False,,27,0,0,0,5,False,RieNs,Team Heretics,fade,False,,50,0,0,0,5,False,Boo,Team Heretics,omen,False,,25,0,0,0,3,False,benjyfishy,Team Heretics,deadlock,False,,25,0,0,0,2,False,Wo0t,Team Heretics,chamber,False,,50,0,0,0,3,False,grubinho,GIANTX,omen,True,45,25,2,0,0,3,False,ara,GIANTX,raze,False,,25,0,0,0,3,False,Cloud,GIANTX,fade,True,100,25,0,0,0,6,False,Flickless,GIANTX,viper,True,100,25,0,0,0,2,False,westside,GIANTX,cypher,True,5,25,0,0,0,5,False
2016.147,8633,ACTIVE_ROUND,15,3,11,,34.101,,MiniBoo,Team Heretics,raze,False,,27,0,0,0,5,False,RieNs,Team Heretics,fade,False,,50,0,0,0,5,False,Boo,Team Heretics,omen,False,,25,0,0,0,3,False,benjyfishy,Team Heretics,deadlock,False,,25,0,0,0,2,False,Wo0t,Team Heretics,chamber,False,,50,0,0,0,3,False,grubinho,GIANTX,omen,True,45,25,2,0,0,3,False,ara,GIANTX,raze,False,,25,0,0,0,3,False,Cloud,GIANTX,fade,True,100,25,0,0,0,6,False,Flickless,GIANTX,viper,True,100,25,0,0,0,2,False,westside,GIANTX,cypher,True,5,25,0,0,0,5,False
2016.381,8634,ACTIVE_ROUND,15,3,11,,34.334,,MiniBoo,Team Heretics,raze,False,,27,0,0,0,5,False,RieNs,Team Heretics,fade,False,,50,0,0,0,5,False,Boo,Team Heretics,omen,False,,25,0,0,0,3,False,benjyfishy,Team Heretics,deadlock,False,,25,0,0,0,2,False,Wo0t,Team Heretics,chamber,False,,50,0,0,0,3,False,grubinho,GIANTX,omen,True,45,25,2,0,0,3,False,ara,GIANTX,raze,False,,25,0,0,0,3,False,Cloud,GIANTX,fade,True,100,25,0,0,0,6,False,Flickless,GIANTX,viper,True,100,25,0,0,0,2,False,westside,GIANTX,cypher,True,5,25,0,0,0,5,False
2016.615,8635,ACTIVE_ROUND,15,3,11,,34.568,,MiniBoo,Team Heretics,raze,False,,27,0,0,0,5,False,RieNs,Team Heretics,fade,False,,50,0,0,0,5,False,Boo,Team Heretics,omen,False,,25,0,0,0,3,False,benjyfishy,Team Heretics,deadlock,False,,25,0,0,0,2,False,Wo0t,Team Heretics,chamber,False,,50,0,0,0,3,False,grubinho,GIANTX,omen,True,45,25,2,0,0,3,False,ara,GIANTX,raze,False,,25,0,0,0,3,False,Cloud,GIANTX,fade,True,100,25,0,0,0,6,False,Flickless,GIANTX,viper,True,100,25,0,0,0,2,False,westside,GIANTX,cypher,True,5,25,0,0,0,5,False
2016.848,8636,ACTIVE_ROUND,15,3,11,,34.801,,MiniBoo,Team Heretics,raze,False,,27,0,0,0,5,False,RieNs,Team Heretics,fade,False,,50,0,0,0,5,False,Boo,Team Heretics,omen,False,,25,0,0,0,3,False,benjyfishy,Team Heretics,deadlock,False,,25,0,0,0,2,False,Wo0t,Team Heretics,chamber,False,,50,0,0,0,3,False,grubinho,GIANTX,omen,True,45,25,2,0,0,3,False,ara,GIANTX,raze,False,,25,0,0,0,3,False,Cloud,GIANTX,fade,True,100,25,0,0,0,6,False,Flickless,GIANTX,viper,True,100,25,0,0,0,2,False,westside,GIANTX,cypher,True,5,25,0,0,0,5,False
2017.082,8637,ACTIVE_ROUND,15,3,11,,35.035,,MiniBoo,Team Heretics,raze,False,,27,0,0,0,5,False,RieNs,Team Heretics,fade,False,,50,0,0,0,5,False,Boo,Team Heretics,omen,False,,25,0,0,0,3,False,benjyfishy,Team Heretics,deadlock,False,,25,0,0,0,2,False,Wo0t,Team Heretics,chamber,False,,50,0,0,0,3,False,grubinho,GIANTX,omen,True,45,25,2,0,0,3,False,ara,GIANTX,raze,False,,25,0,0,0,3,False,Cloud,GIANTX,fade,True,100,25,0,0,0,6,False,Flickless,GIANTX,viper,True,100,25,0,0,0,2,False,westside,GIANTX,cypher,True,5,25,0,0,0,5,False
2017.315,8638,ACTIVE_ROUND,15,3,11,,35.269,,MiniBoo,Team Heretics,raze,False,,27,0,0,0,5,False,RieNs,Team Heretics,fade,False,,50,0,0,0,5,False,Boo,Team Heretics,omen,False,,25,0,0,0,3,False,benjyfishy,Team Heretics,deadlock,False,,25,0,0,0,2,False,Wo0t,Team Heretics,chamber,False,,50,0,0,0,3,False,grubinho,GIANTX,omen,True,45,25,2,0,0,3,False,ara,GIANTX,raze,False,,25,0,0,0,3,False,Cloud,GIANTX,fade,True,100,25,0,0,0,6,False,Flickless,GIANTX,viper,True,100,25,0,0,0,2,False,westside,GIANTX,cypher,True,5,25,0,0,0,5,False
2017.549,8639,ACTIVE_ROUND,15,3,11,,35.502,,MiniBoo,Team Heretics,raze,False,,27,0,0,0,5,False,RieNs,Team Heretics,fade,False,,50,0,0,0,5,False,Boo,Team Heretics,omen,False,,25,0,0,0,3,False,benjyfishy,Team Heretics,deadlock,False,,25,0,0,0,2,False,Wo0t,Team Heretics,chamber,False,,50,0,0,0,3,False,grubinho,GIANTX,omen,True,45,25,2,0,0,3,False,ara,GIANTX,raze,False,,25,0,0,0,3,False,Cloud,GIANTX,fade,True,100,25,0,0,0,6,False,Flickless,GIANTX,viper,True,100,25,0,0,0,2,False,westside,GIANTX,cypher,True,5,25,0,0,0,5,False
2040.205,8736,PREROUND,16,3,12,,,,MiniBoo,Team Heretics,raze,True,,,1,2,1,5,False,RieNs,Team Heretics,fade,True,,,2,1,1,6,False,Boo,Team Heretics,omen,True,,,2,1,2,4,False,benjyfishy,Team Heretics,deadlock,True,,,0,0,1,3,False,Wo0t,Team Heretics,chamber,True,,,1,8,1,3,False,grubinho,GIANTX,omen,True,,,2,1,2,3,False,ara,GIANTX,raze,True,,,1,1,1,3,False,Cloud,GIANTX,fade,True,,,2,1,1,6,False,Flickless,GIANTX,viper,True,,,1,1,1,3,False,westside,GIANTX,cypher,True,,,1,2,1,5,False
2040.438,8737,PREROUND,16,3,12,,,,MiniBoo,Team Heretics,raze,True,,,1,2,1,5,False,RieNs,Team Heretics,fade,True,,,2,1,1,6,False,Boo,Team Heretics,omen,True,,,2,1,2,4,False,benjyfishy,Team Heretics,deadlock,True,,,0,0,1,3,False,Wo0t,Team Heretics,chamber,True,,,1,8,1,3,False,grubinho,GIANTX,omen,True,,,2,1,2,3,False,ara,GIANTX,raze,True,,,1,1,1,3,False,Cloud,GIANTX,fade,True,,,2,1,1,6,False,Flickless,GIANTX,viper,True,,,1,1,1,3,False,westside,GIANTX,cypher,True,,,1,2,1,5,False
2040.672,8738,PREROUND,16,3,12,,,,MiniBoo,Team Heretics,raze,True,,,1,2,1,5,False,RieNs,Team Heretics,fade,True,,,2,1,1,6,False,Boo,Team Heretics,omen,True,,,2,1,2,4,False,benjyfishy,Team Heretics,deadlock,True,,,0,0,1,3,False,Wo0t,Team Heretics,chamber,True,,,1,8,1,3,False,grubinho,GIANTX,omen,True,,,2,1,2,3,False,ara,GIANTX,raze,True,,,1,1,1,3,False,Cloud,GIANTX,fade,True,,,2,1,1,6,False,Flickless,GIANTX,viper,True,,,1,1,1,3,False,westside,GIANTX,cypher,True,,,1,2,1,5,False
2040.906,8739,PREROUND,16,3,12,,,,MiniBoo,Team Heretics,raze,True,,,1,2,1,5,False,RieNs,Team Heretics,fade,True,,,2,1,1,6,False,Boo,Team Heretics,omen,True,,,2,1,2,4,False,benjyfishy,Team Heretics,deadlock,True,,,0,0,1,3,False,Wo0t,Team Heretics,chamber,True,,,1,8,1,3,False,grubinho,GIANTX,omen,True,,,2,1,2,3,False,ara,GIANTX,raze,True,,,1,1,1,3,False,Cloud,GIANTX,fade,True,,,2,1,1,6,False,Flickless,GIANTX,viper,True,,,1,1,1,3,False,westside,GIANTX,cypher,True,,,1,2,1,5,False
2041.139,8740,PREROUND,16,3,12,,,,MiniBoo,Team Heretics,raze,True,,,1,2,1,5,False,RieNs,Team Heretics,fade,True,,,2,1,1,6,False,Boo,Team Heretics,omen,True,,,2,1,2,4,False,benjyfishy,Team Heretics,deadlock,True,,,0,0,1,3,False,Wo0t,Team Heretics,chamber,True,,,1,8,1,3,False,grubinho,GIANTX,omen,True,,,2,1,2,3,False,ara,GIANTX,raze,True,,,1,1,1,3,False,Cloud,GIANTX,fade,True,,,2,1,1,6,False,Flickless,GIANTX,viper,True,,,1,1,1,3,False,westside,GIANTX,cypher,True,,,1,2,1,5,False
2041.373,8741,PREROUND,16,3,12,,,,MiniBoo,Team Heretics,raze,True,,,1,2,1,5,False,RieNs,Team Heretics,fade,True,,,2,1,1,6,False,Boo,Team Heretics,omen,True,,,2,1,2,4,False,benjyfishy,Team Heretics,deadlock,True,,,0,0,1,3,False,Wo0t,Team Heretics,chamber,True,,,1,8,1,3,False,grubinho,GIANTX,omen,True,,,2,1,2,3,False,ara,GIANTX,raze,True,,,1,1,1,3,False,Cloud,GIANTX,fade,True,,,2,1,1,6,False,Flickless,GIANTX,viper,True,,,1,1,1,3,False,westside,GIANTX,cypher,True,,,1,2,1,5,False
2041.606,8742,PREROUND,16,3,12,,,,MiniBoo,Team Heretics,raze,True,,,1,2,1,5,False,RieNs,Team Heretics,fade,True,,,2,1,1,6,False,Boo,Team Heretics,omen,True,,,2,1,2,4,False,benjyfishy,Team Heretics,deadlock,True,,,0,0,1,3,False,Wo0t,Team Heretics,chamber,True,,,1,8,1,3,False,grubinho,GIANTX,omen,True,,,2,1,2,3,False,ara,GIANTX,raze,True,,,1,1,1,3,False,Cloud,GIANTX,fade,True,,,2,1,1,6,False,Flickless,GIANTX,viper,True,,,1,1,1,3,False,westside,GIANTX,cypher,True,,,1,2,1,5,False
2041.840,8743,PREROUND,16,3,12,,,,MiniBoo,Team Heretics,raze,True,,,1,2,1,5,False,RieNs,Team Heretics,fade,True,,,2,1,1,6,False,Boo,Team Heretics,omen,True,,,2,1,2,4,False,benjyfishy,Team Heretics,deadlock,True,,,0,0,1,3,False,Wo0t,Team Heretics,chamber,True,,,1,8,1,3,False,grubinho,GIANTX,omen,True,,,2,1,2,3,False,ara,GIANTX,raze,True,,,1,1,1,3,False,Cloud,GIANTX,fade,True,,,2,1,1,6,False,Flickless,GIANTX,viper,True,,,1,1,1,3,False,westside,GIANTX,cypher,True,,,1,2,1,5,False
2042.073,8744,PREROUND,16,3,12,,,,MiniBoo,Team Heretics,raze,True,,,1,2,1,5,False,RieNs,Team Heretics,fade,True,,,2,1,1,6,False,Boo,Team Heretics,omen,True,,,2,1,2,4,False,benjyfishy,Team Heretics,deadlock,True,,,0,0,1,3,False,Wo0t,Team Heretics,chamber,True,,,1,8,1,3,False,grubinho,GIANTX,omen,True,,,2,1,2,3,False,ara,GIANTX,raze,True,,,1,1,1,3,False,Cloud,GIANTX,fade,True,,,2,1,1,6,False,Flickless,GIANTX,viper,True,,,1,1,1,3,False,westside,GIANTX,cypher,True,,,1,2,1,5,False
2042.307,8745,PREROUND,16,3,12,,,,MiniBoo,Team Heretics,raze,True,,,1,1,1,5,False,RieNs,Team Heretics,fade,True,,,2,1,1,6,False,Boo,Team Heretics,omen,True,,,2,1,2,4,False,benjyfishy,Team Heretics,deadlock,True,,,0,0,1,3,False,Wo0t,Team Heretics,chamber,True,,,1,8,1,3,False,grubinho,GIANTX,omen,True,,,2,1,2,3,False,ara,GIANTX,raze,True,,,1,1,1,3,False,Cloud,GIANTX,fade,True,,,2,1,1,6,False,Flickless,GIANTX,viper,True,,,1,1,0,3,False,westside,GIANTX,cypher,True,,,1,2,1,5,False
2042.541,8746,PREROUND,16,3,12,,,,MiniBoo,Team Heretics,raze,True,,,1,1,1,5,False,RieNs,Team Heretics,fade,True,,,2,1,1,6,False,Boo,Team Heretics,omen,True,,,2,1,2,4,False,benjyfishy,Team Heretics,deadlock,True,,,0,0,1,3,False,Wo0t,Team Heretics,chamber,True,,,1,8,1,3,False,grubinho,GIANTX,omen,True,,,2,1,2,3,False,ara,GIANTX,raze,True,,,1,1,1,3,False,Cloud,GIANTX,fade,True,,,2,1,1,6,False,Flickless,GIANTX,viper,True,,,1,1,0,3,False,westside,GIANTX,cypher,True,,,1,2,1,5,False
2042.774,8747,PREROUND,16,3,12,,,,MiniBoo,Team Heretics,raze,True,,,1,1,1,5,False,RieNs,Team Heretics,fade,True,,,2,1,1,6,False,Boo,Team Heretics,omen,True,,,2,1,2,4,False,benjyfishy,Team Heretics,deadlock,True,,,0,0,1,3,False,Wo0t,Team Heretics,chamber,True,,,1,8,1,3,False,grubinho,GIANTX,omen,True,,,2,1,2,3,False,ara,GIANTX,raze,True,,,1,1,1,3,False,Cloud,GIANTX,fade,True,,,2,1,1,6,False,Flickless,GIANTX,viper,True,,,1,1,0,3,False,westside,GIANTX,cypher,True,,,1,2,1,5,False
2043.008,8748,PREROUND,16,3,12,,,,MiniBoo,Team Heretics,raze,True,,,1,1,1,5,False,RieNs,Team Heretics,fade,True,,,2,1,1,6,False,Boo,Team Heretics,omen,True,,,2,1,2,4,False,benjyfishy,Team Heretics,deadlock,True,,,0,0,1,3,False,Wo0t,Team Heretics,chamber,True,,,1,8,1,3,False,grubinho,GIANTX,omen,True,,,2,1,2,3,False,ara,GIANTX,raze,True,,,1,1,1,3,False,Cloud,GIANTX,fade,True,,,2,1,1,6,False,Flickless,GIANTX,viper,True,,,1,1,0,3,False,westside,GIANTX,cypher,True,,,1,2,1,5,False
2043.241,8749,PREROUND,16,3,12,,,,MiniBoo,Team Heretics,raze,True,,,0,0,1,5,False,RieNs,Team Heretics,fade,True,,,2,1,1,6,False,Boo,Team Heretics,omen,True,,,2,1,2,4,False,benjyfishy,Team Heretics,deadlock,True,,,0,0,1,3,False,Wo0t,Team Heretics,chamber,True,,,1,8,1,3,False,grubinho,GIANTX,omen,True,,,2,1,2,3,False,ara,GIANTX,raze,True,,,1,1,1,3,False,Cloud,GIANTX,fade,True,,,2,1,1,6,False,Flickless,GIANTX,viper,True,,,1,1,0,3,False,westside,GIANTX,cypher,True,,,1,2,1,5,False
2043.475,8750,PREROUND,16,3,12,,,,MiniBoo,Team Heretics,raze,True,,,0,0,1,5,False,RieNs,Team Heretics,fade,True,,,2,1,1,6,False,Boo,Team Heretics,omen,True,,,2,1,2,4,False,benjyfishy,Team Heretics,deadlock,True,,,0,0,1,3,False,Wo0t,Team Heretics,chamber,True,,,1,8,1,3,False,grubinho,GIANTX,omen,True,,,2,1,2,3,False,ara,GIANTX,raze,True,,,1,1,1,3,False,Cloud,GIANTX,fade,True,,,2,1,1,6,False,Flickless,GIANTX,viper,True,,,1,1,0,3,False,westside,GIANTX,cypher,True,,,1,2,1,5,False
2043.708,8751,PREROUND,16,3,12,,,,MiniBoo,Team Heretics,raze,True,,,0,0,1,5,False,RieNs,Team Heretics,fade,True,,,2,1,1,6,False,Boo,Team Heretics,omen,True,,,2,1,2,4,False,benjyfishy,Team Heretics,deadlock,True,,,0,0,1,3,False,Wo0t,Team Heretics,chamber,True,,,1,8,1,3,False,grubinho,GIANTX,omen,True,,,2,1,2,3,False,ara,GIANTX,raze,True,,,1,1,1,3,False,Cloud,GIANTX,fade,True,,,2,1,1,6,False,Flickless,GIANTX,viper,True,,,1,1,0,3,False,westside,GIANTX,cypher,True,,,1,2,1,5,False
2043.942,8752,PREROUND,16,3,12,,,,MiniBoo,Team Heretics,raze,True,,,0,0,1,5,False,RieNs,Team Heretics,fade,True,,,2,1,1,6,False,Boo,Team Heretics,omen,True,,,2,1,2,4,False,benjyfishy,Team Heretics,deadlock,True,,,0,0,1,3,False,Wo0t,Team Heretics,chamber,True,,,1,8,1,3,False,grubinho,GIANTX,omen,True,,,2,1,2,3,False,ara,GIANTX,raze,True,,,1,1,1,3,False,Cloud,GIANTX,fade,True,,,2,1,1,6,False,Flickless,GIANTX,viper,True,,,1,1,0,3,False,westside,GIANTX,cypher,True,,,1,2,1,5,False
2044.175,8753,PREROUND,16,3,12,,,,MiniBoo,Team Heretics,raze,True,,,0,0,1,5,False,RieNs,Team Heretics,fade,True,,,2,1,1,6,False,Boo,Team Heretics,omen,True,,,2,1,2,4,False,benjyfishy,Team Heretics,deadlock,True,,,0,0,1,3,False,Wo0t,Team Heretics,chamber,True,,,1,8,1,3,False,grubinho,GIANTX,omen,True,,,2,1,2,3,False,ara,GIANTX,raze,True,,,1,1,1,3,False,Cloud,GIANTX,fade,True,,,2,1,1,6,False,Flickless,GIANTX,viper,True,,,1,1,0,3,False,westside,GIANTX,cypher,True,,,1,2,1,5,False
2044.409,8754,PREROUND,16,3,12,,,,MiniBoo,Team Heretics,raze,True,,,0,0,1,5,False,RieNs,Team Heretics,fade,True,,,2,1,1,6,False,Boo,Team Heretics,omen,True,,,2,1,2,4,False,benjyfishy,Team Heretics,deadlock,True,,,0,0,1,3,False,Wo0t,Team Heretics,chamber,True,,,1,8,1,3,False,grubinho,GIANTX,omen,True,,,2,1,2,3,False,ara,GIANTX,raze,True,,,1,1,1,3,False,Cloud,GIANTX,fade,True,,,2,1,1,6,False,Flickless,GIANTX,viper,True,,,1,1,0,3,False,westside,GIANTX,cypher,True,,,1,2,1,5,False
2044.643,8755,PREROUND,16,3,12,,,,MiniBoo,Team Heretics,raze,True,,,0,0,1,5,False,RieNs,Team Heretics,fade,True,,,2,1,1,6,False,Boo,Team Heretics,omen,True,,,2,1,2,4,False,benjyfishy,Team Heretics,deadlock,True,,,0,0,1,3,False,Wo0t,Team Heretics,chamber,True,,,1,8,1,3,False,grubinho,GIANTX,omen,True,,,2,1,2,3,False,ara,GIANTX,raze,True,,,1,1,1,3,False,Cloud,GIANTX,fade,True,,,2,1,1,6,False,Flickless,GIANTX,viper,True,,,1,1,0,3,False,westside,GIANTX,cypher,True,,,1,2,1,5,False
2044.876,8756,PREROUND,16,3,12,,,,MiniBoo,Team Heretics,raze,True,,,0,0,1,5,False,RieNs,Team Heretics,fade,True,,,2,1,1,6,False,Boo,Team Heretics,omen,True,,,2,1,2,4,False,benjyfishy,Team Heretics,deadlock,True,,,0,0,1,3,False,Wo0t,Team Heretics,chamber,True,,,1,8,1,3,False,grubinho,GIANTX,omen,True,,,2,1,2,3,False,ara,GIANTX,raze,True,,,1,1,1,3,False,Cloud,GIANTX,fade,True,,,2,1,1,6,False,Flickless,GIANTX,viper,True,,,1,1,0,3,False,westside,GIANTX,cypher,True,,,1,2,1,5,False
2045.110,8757,PREROUND,16,3,12,,,,MiniBoo,Team Heretics,raze,True,,,0,0,1,5,False,RieNs,Team Heretics,fade,True,,,2,1,1,6,False,Boo,Team Heretics,omen,True,,,2,1,2,4,False,benjyfishy,Team Heretics,deadlock,True,,,0,0,1,3,False,Wo0t,Team Heretics,chamber,True,,,0,8,1,3,False,grubinho,GIANTX,omen,True,,,2,1,2,3,False,ara,GIANTX,raze,True,,,1,1,1,3,False,Cloud,GIANTX,fade,True,,,2,1,1,6,False,Flickless,GIANTX,viper,True,,,1,1,0,3,False,westside,GIANTX,cypher,True,,,1,2,1,5,False
2045.343,8758,PREROUND,16,3,12,,,,MiniBoo,Team Heretics,raze,True,,,0,0,1,5,False,RieNs,Team Heretics,fade,True,,,2,1,1,6,False,Boo,Team Heretics,omen,True,,,2,1,2,4,False,benjyfishy,Team Heretics,deadlock,True,,,0,0,1,3,False,Wo0t,Team Heretics,chamber,True,,,0,8,1,3,False,grubinho,GIANTX,omen,True,,,2,1,2,3,False,ara,GIANTX,raze,True,,,1,1,1,3,False,Cloud,GIANTX,fade,True,,,2,1,1,6,False,Flickless,GIANTX,viper,True,,,1,1,0,3,False,westside,GIANTX,cypher,True,,,1,2,1,5,False
2045.577,8759,PREROUND,16,3,12,,,,MiniBoo,Team Heretics,raze,True,,,0,0,1,5,False,RieNs,Team Heretics,fade,True,,,2,1,1,6,False,Boo,Team Heretics,omen,True,,,2,1,2,4,False,benjyfishy,Team Heretics,deadlock,True,,,0,0,1,3,False,Wo0t,Team Heretics,chamber,True,,,0,8,1,3,False,grubinho,GIANTX,omen,True,,,2,1,2,3,False,ara,GIANTX,raze,True,,,1,1,1,3,False,Cloud,GIANTX,fade,True,,,2,1,1,6,False,Flickless,GIANTX,viper,True,,,1,1,0,3,False,westside,GIANTX,cypher,True,,,1,2,1,5,False
2045.810,8760,PREROUND,16,3,12,,,,MiniBoo,Team Heretics,raze,True,,,0,0,1,5,False,RieNs,Team Heretics,fade,True,,,2,1,1,6,False,Boo,Team Heretics,omen,True,,,2,1,2,4,False,benjyfishy,Team Heretics,deadlock,True,,,0,0,1,3,False,Wo0t,Team Heretics,chamber,True,,,0,8,1,3,False,grubinho,GIANTX,omen,True,,,2,1,2,3,False,ara,GIANTX,raze,True,,,1,1,1,3,False,Cloud,GIANTX,fade,True,,,2,1,1,6,False,Flickless,GIANTX,viper,True,,,1,1,0,3,False,westside,GIANTX,cypher,True,,,1,2,1,5,False
2046.044,8761,PREROUND,16,3,12,,,,MiniBoo,Team Heretics,raze,True,,,0,0,1,5,False,RieNs,Team Heretics,fade,True,,,2,1,1,6,False,Boo,Team Heretics,omen,True,,,2,1,2,4,False,benjyfishy,Team Heretics,deadlock,True,,,0,0,1,3,False,Wo0t,Team Heretics,chamber,True,,,0,8,1,3,False,grubinho,GIANTX,omen,True,,,2,1,2,3,False,ara,GIANTX,raze,True,,,1,1,1,3,False,Cloud,GIANTX,fade,True,,,2,1,1,6,False,Flickless,GIANTX,viper,True,,,1,1,0,3,False,westside,GIANTX,cypher,True,,,1,2,1,5,False
2046.278,8762,PREROUND,16,3,12,,,,MiniBoo,Team Heretics,raze,True,,,1,1,1,5,False,RieNs,Team Heretics,fade,True,,,2,1,1,6,False,Boo,Team Heretics,omen,True,,,2,1,2,4,False,benjyfishy,Team Heretics,deadlock,True,,,0,0,1,3,False,Wo0t,Team Heretics,chamber,True,,,0,8,1,3,False,grubinho,GIANTX,omen,True,,,2,1,2,3,False,ara,GIANTX,raze,True,,,1,1,1,3,False,Cloud,GIANTX,fade,True,,,2,1,1,6,False,Flickless,GIANTX,viper,True,,,1,1,0,3,False,westside,GIANTX,cypher,True,,,1,2,1,5,False
2046.511,8763,PREROUND,16,3,12,,,,MiniBoo,Team Heretics,raze,True,,,1,1,1,5,False,RieNs,Team Heretics,fade,True,,,2,1,1,6,False,Boo,Team Heretics,omen,True,,,2,1,2,4,False,benjyfishy,Team Heretics,deadlock,True,,,0,0,1,3,False,Wo0t,Team Heretics,chamber,True,,,0,8,1,3,False,grubinho,GIANTX,omen,True,,,2,1,2,3,False,ara,GIANTX,raze,True,,,1,1,1,3,False,Cloud,GIANTX,fade,True,,,2,1,1,6,False,Flickless,GIANTX,viper,True,,,1,1,0,3,False,westside,GIANTX,cypher,True,,,1,2,1,5,False
2046.745,8764,PREROUND,16,3,12,,,,MiniBoo,Team Heretics,raze,True,,,1,1,1,5,False,RieNs,Team Heretics,fade,True,,,2,1,1,6,False,Boo,Team Heretics,omen,True,,,2,1,2,4,False,benjyfishy,Team Heretics,deadlock,True,,,0,0,1,3,False,Wo0t,Team Heretics,chamber,True,,,0,8,1,3,False,grubinho,GIANTX,omen,True,,,2,1,2,3,False,ara,GIANTX,raze,True,,,1,1,1,3,False,Cloud,GIANTX,fade,True,,,2,1,1,6,False,Flickless,GIANTX,viper,True,,,1,1,0,3,False,westside,GIANTX,cypher,True,,,1,2,1,5,False
2046.978,8765,PREROUND,16,3,12,,,,MiniBoo,Team Heretics,raze,True,,,1,1,1,5,False,RieNs,Team Heretics,fade,True,,,2,1,1,6,False,Boo,Team Heretics,omen,True,,,2,1,2,4,False,benjyfishy,Team Heretics,deadlock,True,,,0,0,1,3,False,Wo0t,Team Heretics,chamber,True,,,0,8,1,3,False,grubinho,GIANTX,omen,True,,,2,1,2,3,False,ara,GIANTX,raze,True,,,1,1,1,3,False,Cloud,GIANTX,fade,True,,,2,1,1,6,False,Flickless,GIANTX,viper,True,,,1,1,0,3,False,westside,GIANTX,cypher,True,,,1,2,1,5,False
2047.212,8766,PREROUND,16,3,12,,,,MiniBoo,Team Heretics,raze,True,,,0,2,1,5,False,RieNs,Team Heretics,fade,True,,,2,1,1,6,False,Boo,Team Heretics,omen,True,,,2,1,2,4,False,benjyfishy,Team Heretics,deadlock,True,,,0,0,1,3,False,Wo0t,Team Heretics,chamber,True,,,0,8,1,3,False,grubinho,GIANTX,omen,True,,,2,1,2,3,False,ara,GIANTX,raze,True,,,1,1,1,3,False,Cloud,GIANTX,fade,True,,,2,1,1,6,False,Flickless,GIANTX,viper,True,,,1,1,0,3,False,westside,GIANTX,cypher,True,,,1,2,1,5,False
2047.445,8767,PREROUND,16,3,12,,,,MiniBoo,Team Heretics,raze,True,,,0,2,1,5,False,RieNs,Team Heretics,fade,True,,,2,1,1,6,False,Boo,Team Heretics,omen,True,,,2,1,2,4,False,benjyfishy,Team Heretics,deadlock,True,,,0,0,1,3,False,Wo0t,Team Heretics,chamber,True,,,0,8,1,3,False,grubinho,GIANTX,omen,True,,,2,1,2,3,False,ara,GIANTX,raze,True,,,1,1,1,3,False,Cloud,GIANTX,fade,True,,,2,1,1,6,False,Flickless,GIANTX,viper,True,,,1,1,0,3,False,westside,GIANTX,cypher,True,,,1,2,1,5,False
2047.679,8768,PREROUND,16,3,12,,,,MiniBoo,Team Heretics,raze,True,,,0,2,1,5,False,RieNs,Team Heretics,fade,True,,,2,1,1,6,False,Boo,Team Heretics,omen,True,,,2,1,2,4,False,benjyfishy,Team Heretics,deadlock,True,,,0,0,1,3,False,Wo0t,Team Heretics,chamber,True,,,0,8,1,3,False,grubinho,GIANTX,omen,True,,,2,1,2,3,False,ara,GIANTX,raze,True,,,1,1,1,3,False,Cloud,GIANTX,fade,True,,,2,1,1,6,False,Flickless,GIANTX,viper,True,,,1,1,0,3,False,westside,GIANTX,cypher,True,,,1,2,1,5,False
2047.913,8769,PREROUND,16,3,12,,,,MiniBoo,Team Heretics,raze,True,,,0,2,1,5,False,RieNs,Team Heretics,fade,True,,,2,1,1,6,False,Boo,Team Heretics,omen,True,,,2,1,2,4,False,benjyfishy,Team Heretics,deadlock,True,,,0,0,1,3,False,Wo0t,Team Heretics,chamber,True,,,0,8,1,3,False,grubinho,GIANTX,omen,True,,,2,1,2,3,False,ara,GIANTX,raze,True,,,1,1,1,3,False,Cloud,GIANTX,fade,True,,,2,1,1,6,False,Flickless,GIANTX,viper,True,,,1,1,0,3,False,westside,GIANTX,cypher,True,,,1,2,1,5,False
2048.146,8770,PREROUND,16,3,12,,,,MiniBoo,Team Heretics,raze,True,,,0,2,1,5,False,RieNs,Team Heretics,fade,True,,,2,1,1,6,False,Boo,Team Heretics,omen,True,,,2,1,2,4,False,benjyfishy,Team Heretics,deadlock,True,,,0,0,1,3,False,Wo0t,Team Heretics,chamber,True,,,0,8,1,3,False,grubinho,GIANTX,omen,True,,,2,1,2,3,False,ara,GIANTX,raze,True,,,1,1,1,3,False,Cloud,GIANTX,fade,True,,,2,1,1,6,False,Flickless,GIANTX,viper,True,,,1,1,0,3,False,westside,GIANTX,cypher,True,,,1,2,1,5,False
2048.380,8771,PREROUND,16,3,12,,,,MiniBoo,Team Heretics,raze,True,,,0,2,1,5,False,RieNs,Team Heretics,fade,True,,,2,1,1,6,False,Boo,Team Heretics,omen,True,,,2,1,2,4,False,benjyfishy,Team Heretics,deadlock,True,,,0,0,1,3,False,Wo0t,Team Heretics,chamber,True,,,0,8,1,3,False,grubinho,GIANTX,omen,True,,,2,1,2,3,False,ara,GIANTX,raze,True,,,1,1,1,3,False,Cloud,GIANTX,fade,True,,,2,1,1,6,False,Flickless,GIANTX,viper,True,,,1,1,0,3,False,westside,GIANTX,cypher,True,,,1,2,1,5,False
2048.613,8772,PREROUND,16,3,12,,,,MiniBoo,Team Heretics,raze,True,,,0,2,1,5,False,RieNs,Team Heretics,fade,True,,,2,1,1,6,False,Boo,Team Heretics,omen,True,,,2,1,2,4,False,benjyfishy,Team Heretics,deadlock,True,,,0,0,1,3,False,Wo0t,Team Heretics,chamber,True,,,0,8,1,3,False,grubinho,GIANTX,omen,True,,,2,1,2,3,False,ara,GIANTX,raze,True,,,1,1,1,3,False,Cloud,GIANTX,fade,True,,,2,1,1,6,False,Flickless,GIANTX,viper,True,,,1,1,0,3,False,westside,GIANTX,cypher,True,,,1,2,1,5,False
2048.847,8773,PREROUND,16,3,12,,,,MiniBoo,Team Heretics,raze,True,,,0,2,1,5,False,RieNs,Team Heretics,fade,True,,,2,1,1,6,False,Boo,Team Heretics,omen,True,,,2,1,2,4,False,benjyfishy,Team Heretics,deadlock,True,,,0,0,1,3,False,Wo0t,Team Heretics,chamber,True,,,0,8,1,3,False,grubinho,GIANTX,omen,True,,,2,1,2,3,False,ara,GIANTX,raze,True,,,1,1,1,3,False,Cloud,GIANTX,fade,True,,,2,1,1,6,False,Flickless,GIANTX,viper,True,,,1,1,0,3,False,westside,GIANTX,cypher,True,,,1,2,1,5,False
2049.080,8774,PREROUND,16,3,12,,,,MiniBoo,Team Heretics,raze,True,,,0,2,1,5,False,RieNs,Team Heretics,fade,True,,,2,1,1,6,False,Boo,Team Heretics,omen,True,,,2,1,2,4,False,benjyfishy,Team Heretics,deadlock,True,,,0,0,1,3,False,Wo0t,Team Heretics,chamber,True,,,0,8,1,3,False,grubinho,GIANTX,omen,True,,,2,1,2,3,False,ara,GIANTX,raze,True,,,1,1,1,3,False,Cloud,GIANTX,fade,True,,,2,1,1,6,False,Flickless,GIANTX,viper,True,,,1,1,0,3,False,westside,GIANTX,cypher,True,,,1,2,1,5,False
2049.314,8775,PREROUND,16,3,12,,,,MiniBoo,Team Heretics,raze,True,,,0,2,1,5,False,RieNs,Team Heretics,fade,True,,,2,1,1,6,False,Boo,Team Heretics,omen,True,,,2,1,2,4,False,benjyfishy,Team Heretics,deadlock,True,,,0,0,1,3,False,Wo0t,Team Heretics,chamber,True,,,0,8,1,3,False,grubinho,GIANTX,omen,True,,,2,1,2,3,False,ara,GIANTX,raze,True,,,1,1,1,3,False,Cloud,GIANTX,fade,True,,,2,1,1,6,False,Flickless,GIANTX,viper,True,,,1,1,0,3,False,westside,GIANTX,cypher,True,,,1,2,1,5,False
2049.548,8776,PREROUND,16,3,12,,,,MiniBoo,Team Heretics,raze,True,,,0,2,1,5,False,RieNs,Team Heretics,fade,True,,,2,1,1,6,False,Boo,Team Heretics,omen,True,,,2,1,2,4,False,benjyfishy,Team Heretics,deadlock,True,,,0,0,1,3,False,Wo0t,Team Heretics,chamber,True,,,0,8,1,3,False,grubinho,GIANTX,omen,True,,,2,1,2,3,False,ara,GIANTX,raze,True,,,1,1,1,3,False,Cloud,GIANTX,fade,True,,,2,1,1,6,False,Flickless,GIANTX,viper,True,,,1,1,0,3,False,westside,GIANTX,cypher,True,,,1,2,1,5,False
2049.781,8777,PREROUND,16,3,12,,,,MiniBoo,Team Heretics,raze,True,,,0,2,1,5,False,RieNs,Team Heretics,fade,True,,,2,1,1,6,False,Boo,Team Heretics,omen,True,,,2,1,2,4,False,benjyfishy,Team Heretics,deadlock,True,,,0,0,1,3,False,Wo0t,Team Heretics,chamber,True,,,0,8,1,3,False,grubinho,GIANTX,omen,True,,,2,1,2,3,False,ara,GIANTX,raze,True,,,1,1,1,3,False,Cloud,GIANTX,fade,True,,,2,1,1,6,False,Flickless,GIANTX,viper,True,,,1,1,0,3,False,westside,GIANTX,cypher,True,,,1,2,1,5,False
2050.015,8778,PREROUND,16,3,12,,,,MiniBoo,Team Heretics,raze,True,,,0,2,1,5,False,RieNs,Team Heretics,fade,True,,,2,1,1,6,False,Boo,Team Heretics,omen,True,,,2,1,2,4,False,benjyfishy,Team Heretics,deadlock,True,,,0,0,1,3,False,Wo0t,Team Heretics,chamber,True,,,0,8,1,3,False,grubinho,GIANTX,omen,True,,,2,1,2,3,False,ara,GIANTX,raze,True,,,1,1,1,3,False,Cloud,GIANTX,fade,True,,,2,1,1,6,False,Flickless,GIANTX,viper,True,,,1,1,0,3,False,westside,GIANTX,cypher,True,,,1,2,1,5,False
2050.248,8779,PREROUND,16,3,12,,,,MiniBoo,Team Heretics,raze,True,,,0,2,1,5,False,RieNs,Team Heretics,fade,True,,,2,1,1,6,False,Boo,Team Heretics,omen,True,,,2,1,2,4,False,benjyfishy,Team Heretics,deadlock,True,,,0,0,1,3,False,Wo0t,Team Heretics,chamber,True,,,0,8,1,3,False,grubinho,GIANTX,omen,True,,,2,1,2,3,False,ara,GIANTX,raze,True,,,1,1,1,3,False,Cloud,GIANTX,fade,True,,,2,1,1,6,False,Flickless,GIANTX,viper,True,,,1,1,0,3,False,westside,GIANTX,cypher,True,,,1,2,1,5,False
2050.482,8780,PREROUND,16,3,12,,,,MiniBoo,Team Heretics,raze,True,,,0,2,1,5,False,RieNs,Team Heretics,fade,True,,,2,1,1,6,False,Boo,Team Heretics,omen,True,,,2,1,2,4,False,benjyfishy,Team Heretics,deadlock,True,,,0,0,1,3,False,Wo0t,Team Heretics,chamber,True,,,0,8,1,3,False,grubinho,GIANTX,omen,True,,,2,1,2,3,False,ara,GIANTX,raze,True,,,1,1,1,3,False,Cloud,GIANTX,fade,True,,,2,1,1,6,False,Flickless,GIANTX,viper,True,,,1,1,0,3,False,westside,GIANTX,cypher,True,,,1,2,1,5,False
2050.715,8781,PREROUND,16,3,12,,,,MiniBoo,Team Heretics,raze,True,,,0,2,1,5,False,RieNs,Team Heretics,fade,True,,,2,1,1,6,False,Boo,Team Heretics,omen,True,,,2,1,2,4,False,benjyfishy,Team Heretics,deadlock,True,,,0,0,1,3,False,Wo0t,Team Heretics,chamber,True,,,0,8,1,3,False,grubinho,GIANTX,omen,True,,,2,1,2,3,False,ara,GIANTX,raze,True,,,1,1,1,3,False,Cloud,GIANTX,fade,True,,,2,1,1,6,False,Flickless,GIANTX,viper,True,,,1,1,0,3,False,westside,GIANTX,cypher,True,,,1,2,1,5,False
2050.949,8782,PREROUND,16,3,12,,,,MiniBoo,Team Heretics,raze,True,,,0,2,1,5,False,RieNs,Team Heretics,fade,True,,,2,1,1,6,False,Boo,Team Heretics,omen,True,,,2,1,2,4,False,benjyfishy,Team Heretics,deadlock,True,,,0,0,1,3,False,Wo0t,Team Heretics,chamber,True,,,0,8,1,3,False,grubinho,GIANTX,omen,True,,,2,1,2,3,False,ara,GIANTX,raze,True,,,1,1,1,3,False,Cloud,GIANTX,fade,True,,,2,1,1,6,False,Flickless,GIANTX,viper,True,,,1,1,0,3,False,westside,GIANTX,cypher,True,,,1,2,1,5,False
2051.182,8783,PREROUND,16,3,12,,,,MiniBoo,Team Heretics,raze,True,,,0,2,1,5,False,RieNs,Team Heretics,fade,True,,,2,1,1,6,False,Boo,Team Heretics,omen,True,,,2,1,2,4,False,benjyfishy,Team Heretics,deadlock,True,,,0,0,1,3,False,Wo0t,Team Heretics,chamber,True,,,0,8,1,3,False,grubinho,GIANTX,omen,True,,,2,1,2,3,False,ara,GIANTX,raze,True,,,1,1,1,3,False,Cloud,GIANTX,fade,True,,,2,1,1,6,False,Flickless,GIANTX,viper,True,,,1,1,0,3,False,westside,GIANTX,cypher,True,,,1,2,1,5,False
2051.416,8784,PREROUND,16,3,12,,,,MiniBoo,Team Heretics,raze,True,,,0,2,1,5,False,RieNs,Team Heretics,fade,True,,,2,1,1,6,False,Boo,Team Heretics,omen,True,,,2,1,2,4,False,benjyfishy,Team Heretics,deadlock,True,,,0,0,1,3,False,Wo0t,Team Heretics,chamber,True,,,0,8,1,3,False,grubinho,GIANTX,omen,True,,,2,1,2,3,False,ara,GIANTX,raze,True,,,1,1,1,3,False,Cloud,GIANTX,fade,True,,,2,1,1,6,False,Flickless,GIANTX,viper,True,,,1,1,0,3,False,westside,GIANTX,cypher,True,,,1,2,1,5,False
2051.650,8785,PREROUND,16,3,12,,,,MiniBoo,Team Heretics,raze,True,,,0,2,1,5,False,RieNs,Team Heretics,fade,True,,,2,1,1,6,False,Boo,Team Heretics,omen,True,,,2,1,2,4,False,benjyfishy,Team Heretics,deadlock,True,,,0,0,1,3,False,Wo0t,Team Heretics,chamber,True,,,0,8,1,3,False,grubinho,GIANTX,omen,True,,,2,1,2,3,False,ara,GIANTX,raze,True,,,1,1,1,3,False,Cloud,GIANTX,fade,True,,,2,1,1,6,False,Flickless,GIANTX,viper,True,,,1,1,0,3,False,westside,GIANTX,cypher,True,,,1,2,1,5,False
2051.883,8786,PREROUND,16,3,12,,,,MiniBoo,Team Heretics,raze,True,,,0,2,1,5,False,RieNs,Team Heretics,fade,True,,,2,1,1,6,False,Boo,Team Heretics,omen,True,,,2,1,2,4,False,benjyfishy,Team Heretics,deadlock,True,,,0,0,1,3,False,Wo0t,Team Heretics,chamber,True,,,0,8,1,3,False,grubinho,GIANTX,omen,True,,,2,1,2,3,False,ara,GIANTX,raze,True,,,1,1,1,3,False,Cloud,GIANTX,fade,True,,,2,1,1,6,False,Flickless,GIANTX,viper,True,,,1,1,0,3,False,westside,GIANTX,cypher,True,,,1,2,1,5,False
2052.117,8787,PREROUND,16,3,12,,,,MiniBoo,Team Heretics,raze,True,,,0,2,1,5,False,RieNs,Team Heretics,fade,True,,,2,1,1,6,False,Boo,Team Heretics,omen,True,,,2,1,2,4,False,benjyfishy,Team Heretics,deadlock,True,,,0,0,1,3,False,Wo0t,Team Heretics,chamber,True,,,0,8,1,3,False,grubinho,GIANTX,omen,True,,,2,1,2,3,False,ara,GIANTX,raze,True,,,1,1,1,3,False,Cloud,GIANTX,fade,True,,,2,1,1,6,False,Flickless,GIANTX,viper,True,,,1,1,0,3,False,westside,GIANTX,cypher,True,,,0,2,1,5,False
2052.350,8788,PREROUND,16,3,12,,,,MiniBoo,Team Heretics,raze,True,,,0,2,1,5,False,RieNs,Team Heretics,fade,True,,,2,1,1,6,False,Boo,Team Heretics,omen,True,,,2,1,2,4,False,benjyfishy,Team Heretics,deadlock,True,,,0,0,1,3,False,Wo0t,Team Heretics,chamber,True,,,0,8,1,3,False,grubinho,GIANTX,omen,True,,,2,1,2,3,False,ara,GIANTX,raze,True,,,1,1,1,3,False,Cloud,GIANTX,fade,True,,,2,1,1,6,False,Flickless,GIANTX,viper,True,,,1,1,0,3,False,westside,GIANTX,cypher,True,,,0,2,1,5,False
2052.584,8789,PREROUND,16,3,12,,,,MiniBoo,Team Heretics,raze,True,,,0,2,1,5,False,RieNs,Team Heretics,fade,True,,,2,1,1,6,False,Boo,Team Heretics,omen,True,,,2,1,2,4,False,benjyfishy,Team Heretics,deadlock,True,,,0,0,1,3,False,Wo0t,Team Heretics,chamber,True,,,0,8,1,3,False,grubinho,GIANTX,omen,True,,,2,1,2,3,False,ara,GIANTX,raze,True,,,1,1,1,3,False,Cloud,GIANTX,fade,True,,,2,1,1,6,False,Flickless,GIANTX,viper,True,,,1,1,0,3,False,westside,GIANTX,cypher,True,,,0,2,1,5,False
2052.817,8790,PREROUND,16,3,12,,,,MiniBoo,Team Heretics,raze,True,,,0,2,1,5,False,RieNs,Team Heretics,fade,True,,,2,1,1,6,False,Boo,Team Heretics,omen,True,,,2,1,2,4,False,benjyfishy,Team Heretics,deadlock,True,,,0,0,1,3,False,Wo0t,Team Heretics,chamber,True,,,0,8,1,3,False,grubinho,GIANTX,omen,True,,,2,1,2,3,False,ara,GIANTX,raze,True,,,1,1,1,3,False,Cloud,GIANTX,fade,True,,,2,1,1,6,False,Flickless,GIANTX,viper,True,,,1,1,0,3,False,westside,GIANTX,cypher,True,,,0,2,1,5,False
2053.051,8791,PREROUND,16,3,12,,,,MiniBoo,Team Heretics,raze,True,,,0,2,1,5,False,RieNs,Team Heretics,fade,True,,,2,1,1,6,False,Boo,Team Heretics,omen,True,,,2,1,2,4,False,benjyfishy,Team Heretics,deadlock,True,,,0,0,1,3,False,Wo0t,Team Heretics,chamber,True,,,0,8,1,3,False,grubinho,GIANTX,omen,True,,,2,1,2,3,False,ara,GIANTX,raze,True,,,1,1,1,3,False,Cloud,GIANTX,fade,True,,,2,1,1,6,False,Flickless,GIANTX,viper,True,,,1,1,0,3,False,westside,GIANTX,cypher,True,,,0,2,1,5,False
2053.285,8792,PREROUND,16,3,12,,,,MiniBoo,Team Heretics,raze,True,,,0,2,1,5,False,RieNs,Team Heretics,fade,True,,,2,1,1,6,False,Boo,Team Heretics,omen,True,,,2,1,2,4,False,benjyfishy,Team Heretics,deadlock,True,,,0,0,1,3,False,Wo0t,Team Heretics,chamber,True,,,0,8,1,3,False,grubinho,GIANTX,omen,True,,,2,1,2,3,False,ara,GIANTX,raze,True,,,1,1,1,3,False,Cloud,GIANTX,fade,True,,,2,1,1,6,False,Flickless,GIANTX,viper,True,,,1,1,0,3,False,westside,GIANTX,cypher,True,,,0,1,1,5,False
2053.518,8793,PREROUND,16,3,12,,,,MiniBoo,Team Heretics,raze,True,,,0,2,1,5,False,RieNs,Team Heretics,fade,True,,,2,1,1,6,False,Boo,Team Heretics,omen,True,,,2,1,2,4,False,benjyfishy,Team Heretics,deadlock,True,,,0,0,1,3,False,Wo0t,Team Heretics,chamber,True,,,0,8,1,3,False,grubinho,GIANTX,omen,True,,,2,1,2,3,False,ara,GIANTX,raze,True,,,1,1,1,3,False,Cloud,GIANTX,fade,True,,,2,1,1,6,False,Flickless,GIANTX,viper,True,,,1,1,0,3,False,westside,GIANTX,cypher,True,,,0,1,1,5,False
2053.752,8794,PREROUND,16,3,12,,,,MiniBoo,Team Heretics,raze,True,,,0,2,1,5,False,RieNs,Team Heretics,fade,True,,,2,1,1,6,False,Boo,Team Heretics,omen,True,,,2,1,2,4,False,benjyfishy,Team Heretics,deadlock,True,,,0,0,1,3,False,Wo0t,Team Heretics,chamber,True,,,0,8,1,3,False,grubinho,GIANTX,omen,True,,,2,1,2,3,False,ara,GIANTX,raze,True,,,1,1,1,3,False,Cloud,GIANTX,fade,True,,,2,1,1,6,False,Flickless,GIANTX,viper,True,,,1,1,0,3,False,westside,GIANTX,cypher,True,,,0,1,1,5,False
2053.985,8795,PREROUND,16,3,12,,,,MiniBoo,Team Heretics,raze,True,,,0,2,1,5,False,RieNs,Team Heretics,fade,True,,,2,1,1,6,False,Boo,Team Heretics,omen,True,,,2,1,2,4,False,benjyfishy,Team Heretics,deadlock,True,,,0,0,1,3,False,Wo0t,Team Heretics,chamber,True,,,0,8,1,3,False,grubinho,GIANTX,omen,True,,,2,1,2,3,False,ara,GIANTX,raze,True,,,1,1,1,3,False,Cloud,GIANTX,fade,True,,,2,1,1,6,False,Flickless,GIANTX,viper,True,,,1,1,0,3,False,westside,GIANTX,cypher,True,,,0,1,1,5,False
2054.219,8796,PREROUND,16,3,12,,,,MiniBoo,Team Heretics,raze,True,,,0,2,1,5,False,RieNs,Team Heretics,fade,True,,,2,1,1,6,False,Boo,Team Heretics,omen,True,,,2,1,2,4,False,benjyfishy,Team Heretics,deadlock,True,,,0,0,1,3,False,Wo0t,Team Heretics,chamber,True,,,0,8,1,3,False,grubinho,GIANTX,omen,True,,,2,1,2,3,False,ara,GIANTX,raze,True,,,1,1,1,3,False,Cloud,GIANTX,fade,True,,,2,1,1,6,False,Flickless,GIANTX,viper,True,,,1,1,0,3,False,westside,GIANTX,cypher,True,,,0,0,1,5,False
2054.452,8797,PREROUND,16,3,12,,,,MiniBoo,Team Heretics,raze,True,,,0,2,1,5,False,RieNs,Team Heretics,fade,True,,,2,1,1,6,False,Boo,Team Heretics,omen,True,,,2,1,2,4,False,benjyfishy,Team Heretics,deadlock,True,,,0,0,1,3,False,Wo0t,Team Heretics,chamber,True,,,0,8,1,3,False,grubinho,GIANTX,omen,True,,,2,1,2,3,False,ara,GIANTX,raze,True,,,1,1,1,3,False,Cloud,GIANTX,fade,True,,,2,1,1,6,False,Flickless,GIANTX,viper,True,,,1,1,0,3,False,westside,GIANTX,cypher,True,,,0,0,1,5,False
2054.686,8798,PREROUND,16,3,12,,,,MiniBoo,Team Heretics,raze,True,,,0,2,1,5,False,RieNs,Team Heretics,fade,True,,,2,1,1,6,False,Boo,Team Heretics,omen,True,,,2,1,2,4,False,benjyfishy,Team Heretics,deadlock,True,,,0,0,1,3,False,Wo0t,Team Heretics,chamber,True,,,0,8,1,3,False,grubinho,GIANTX,omen,True,,,2,1,2,3,False,ara,GIANTX,raze,True,,,1,1,1,3,False,Cloud,GIANTX,fade,True,,,2,1,1,6,False,Flickless,GIANTX,viper,True,,,1,1,0,3,False,westside,GIANTX,cypher,True,,,0,0,1,5,False
2054.920,8799,PREROUND,16,3,12,,,,MiniBoo,Team Heretics,raze,True,,,0,2,1,5,False,RieNs,Team Heretics,fade,True,,,2,1,1,6,False,Boo,Team Heretics,omen,True,,,2,1,2,4,False,benjyfishy,Team Heretics,deadlock,True,,,0,0,1,3,False,Wo0t,Team Heretics,chamber,True,,,0,8,1,3,False,grubinho,GIANTX,omen,True,,,2,1,2,3,False,ara,GIANTX,raze,True,,,1,1,1,3,False,Cloud,GIANTX,fade,True,,,2,1,1,6,False,Flickless,GIANTX,viper,True,,,1,1,0,3,False,westside,GIANTX,cypher,True,,,0,0,1,5,False
2055.153,8800,PREROUND,16,3,12,,,,MiniBoo,Team Heretics,raze,True,,,0,2,1,5,False,RieNs,Team Heretics,fade,True,,,2,1,1,6,False,Boo,Team Heretics,omen,True,,,2,1,2,4,False,benjyfishy,Team Heretics,deadlock,True,,,0,0,1,3,False,Wo0t,Team Heretics,chamber,True,,,0,8,1,3,False,grubinho,GIANTX,omen,True,,,2,1,2,3,False,ara,GIANTX,raze,True,,,1,1,1,3,False,Cloud,GIANTX,fade,True,,,2,1,1,6,False,Flickless,GIANTX,viper,True,,,1,1,0,3,False,westside,GIANTX,cypher,True,,,0,0,1,5,False
2055.387,8801,PREROUND,16,3,12,,,,MiniBoo,Team Heretics,raze,True,,,0,2,1,5,False,RieNs,Team Heretics,fade,True,,,2,1,1,6,False,Boo,Team Heretics,omen,True,,,2,1,2,4,False,benjyfishy,Team Heretics,deadlock,True,,,0,0,1,3,False,Wo0t,Team Heretics,chamber,True,,,0,8,1,3,False,grubinho,GIANTX,omen,True,,,2,1,2,3,False,ara,GIANTX,raze,True,,,1,1,1,3,False,Cloud,GIANTX,fade,True,,,2,1,1,6,False,Flickless,GIANTX,viper,True,,,1,1,0,3,False,westside,GIANTX,cypher,True,,,0,0,1,5,False
2055.620,8802,PREROUND,16,3,12,,,,MiniBoo,Team Heretics,raze,True,,,0,2,1,5,False,RieNs,Team Heretics,fade,True,,,2,1,1,6,False,Boo,Team Heretics,omen,True,,,2,1,2,4,False,benjyfishy,Team Heretics,deadlock,True,,,0,0,1,3,False,Wo0t,Team Heretics,chamber,True,,,0,8,1,3,False,grubinho,GIANTX,omen,True,,,2,1,2,3,False,ara,GIANTX,raze,True,,,1,1,1,3,False,Cloud,GIANTX,fade,True,,,2,1,1,6,False,Flickless,GIANTX,viper,True,,,1,1,0,3,False,westside,GIANTX,cypher,True,,,0,0,1,5,False
2055.854,8803,PREROUND,16,3,12,,,,MiniBoo,Team Heretics,raze,True,,,0,2,1,5,False,RieNs,Team Heretics,fade,True,,,2,1,1,6,False,Boo,Team Heretics,omen,True,,,2,1,2,4,False,benjyfishy,Team Heretics,deadlock,True,,,0,0,1,3,False,Wo0t,Team Heretics,chamber,True,,,0,8,1,3,False,grubinho,GIANTX,omen,True,,,2,1,2,3,False,ara,GIANTX,raze,True,,,1,1,1,3,False,Cloud,GIANTX,fade,True,,,2,1,1,6,False,Flickless,GIANTX,viper,True,,,1,1,0,3,False,westside,GIANTX,cypher,True,,,0,0,1,5,False
2056.087,8804,PREROUND,16,3,12,,,,MiniBoo,Team Heretics,raze,True,,,0,2,1,5,False,RieNs,Team Heretics,fade,True,,,2,1,1,6,False,Boo,Team Heretics,omen,True,,,2,1,2,4,False,benjyfishy,Team Heretics,deadlock,True,,,0,0,1,3,False,Wo0t,Team Heretics,chamber,True,,,0,8,1,3,False,grubinho,GIANTX,omen,True,,,2,1,2,3,False,ara,GIANTX,raze,True,,,1,1,1,3,False,Cloud,GIANTX,fade,True,,,2,1,1,6,False,Flickless,GIANTX,viper,True,,,1,1,0,3,False,westside,GIANTX,cypher,True,,,0,0,1,5,False
2056.321,8805,PREROUND,16,3,12,,,,MiniBoo,Team Heretics,raze,True,,,0,2,1,5,False,RieNs,Team Heretics,fade,True,,,2,1,1,6,False,Boo,Team Heretics,omen,True,,,2,1,2,4,False,benjyfishy,Team Heretics,deadlock,True,,,0,0,1,3,False,Wo0t,Team Heretics,chamber,True,,,0,8,1,3,False,grubinho,GIANTX,omen,True,,,2,1,2,3,False,ara,GIANTX,raze,True,,,1,1,1,3,False,Cloud,GIANTX,fade,True,,,2,1,1,6,False,Flickless,GIANTX,viper,True,,,1,1,0,3,False,westside,GIANTX,cypher,True,,,0,0,1,5,False
2056.555,8806,PREROUND,16,3,12,,,,MiniBoo,Team Heretics,raze,True,,,0,2,1,5,False,RieNs,Team Heretics,fade,True,,,2,1,1,6,False,Boo,Team Heretics,omen,True,,,2,1,2,4,False,benjyfishy,Team Heretics,deadlock,True,,,0,0,1,3,False,Wo0t,Team Heretics,chamber,True,,,0,8,1,3,False,grubinho,GIANTX,omen,True,,,2,1,2,3,False,ara,GIANTX,raze,True,,,1,1,1,3,False,Cloud,GIANTX,fade,True,,,2,1,1,6,False,Flickless,GIANTX,viper,True,,,1,1,0,3,False,westside,GIANTX,cypher,True,,,0,0,1,5,False
2056.788,8807,PREROUND,16,3,12,,,,MiniBoo,Team Heretics,raze,True,,,0,2,1,5,False,RieNs,Team Heretics,fade,True,,,2,1,1,6,False,Boo,Team Heretics,omen,True,,,2,1,2,4,False,benjyfishy,Team Heretics,deadlock,True,,,0,0,1,3,False,Wo0t,Team Heretics,chamber,True,,,0,8,1,3,False,grubinho,GIANTX,omen,True,,,2,1,2,3,False,ara,GIANTX,raze,True,,,1,1,1,3,False,Cloud,GIANTX,fade,True,,,2,1,1,6,False,Flickless,GIANTX,viper,True,,,1,1,0,3,False,westside,GIANTX,cypher,True,,,0,0,1,5,False
2057.022,8808,PREROUND,16,3,12,,,,MiniBoo,Team Heretics,raze,True,,,0,2,1,5,False,RieNs,Team Heretics,fade,True,,,2,1,1,6,False,Boo,Team Heretics,omen,True,,,2,1,2,4,False,benjyfishy,Team Heretics,deadlock,True,,,0,0,1,3,False,Wo0t,Team Heretics,chamber,True,,,0,8,1,3,False,grubinho,GIANTX,omen,True,,,2,1,2,3,False,ara,GIANTX,raze,True,,,1,1,1,3,False,Cloud,GIANTX,fade,True,,,2,1,1,6,False,Flickless,GIANTX,viper,True,,,1,1,0,3,False,westside,GIANTX,cypher,True,,,0,0,1,5,False
2057.255,8809,PREROUND,16,3,12,,,,MiniBoo,Team Heretics,raze,True,,,0,1,1,5,False,RieNs,Team Heretics,fade,True,,,2,1,1,6,False,Boo,Team Heretics,omen,True,,,2,1,2,4,False,benjyfishy,Team Heretics,deadlock,True,,,0,0,1,3,False,Wo0t,Team Heretics,chamber,True,,,0,8,1,3,False,grubinho,GIANTX,omen,True,,,2,1,2,3,False,ara,GIANTX,raze,True,,,1,1,1,3,False,Cloud,GIANTX,fade,True,,,2,1,1,6,False,Flickless,GIANTX,viper,True,,,1,1,0,3,False,westside,GIANTX,cypher,True,,,0,0,1,5,False
2057.489,8810,PREROUND,16,3,12,,,,MiniBoo,Team Heretics,raze,True,,,0,1,1,5,False,RieNs,Team Heretics,fade,True,,,2,1,1,6,False,Boo,Team Heretics,omen,True,,,2,1,2,4,False,benjyfishy,Team Heretics,deadlock,True,,,0,0,1,3,False,Wo0t,Team Heretics,chamber,True,,,0,8,1,3,False,grubinho,GIANTX,omen,True,,,2,1,2,3,False,ara,GIANTX,raze,True,,,1,1,1,3,False,Cloud,GIANTX,fade,True,,,2,1,1,6,False,Flickless,GIANTX,viper,True,,,1,1,0,3,False,westside,GIANTX,cypher,True,,,0,0,1,5,False
2057.722,8811,ACTIVE_ROUND,16,3,12,99.000,,,MiniBoo,Team Heretics,raze,True,,,0,1,1,5,False,RieNs,Team Heretics,fade,True,,,2,1,1,6,False,Boo,Team Heretics,omen,True,,,2,1,2,4,False,benjyfishy,Team Heretics,deadlock,True,,,0,0,1,3,False,Wo0t,Team Heretics,chamber,True,,,0,8,1,3,False,grubinho,GIANTX,omen,True,,,2,1,2,3,False,ara,GIANTX,raze,True,,,1,1,1,3,False,Cloud,GIANTX,fade,True,,,2,1,1,6,False,Flickless,GIANTX,viper,True,,,1,1,0,3,False,westside,GIANTX,cypher,True,,,0,0,1,5,False
2057.956,8812,ACTIVE_ROUND,16,3,12,99.000,,,MiniBoo,Team Heretics,raze,True,100,50,0,1,1,5,False,RieNs,Team Heretics,fade,True,100,25,2,1,1,6,False,Boo,Team Heretics,omen,True,100,25,2,1,2,4,False,benjyfishy,Team Heretics,deadlock,True,100,25,0,0,1,3,False,Wo0t,Team Heretics,chamber,True,100,50,0,8,1,3,False,grubinho,GIANTX,omen,True,100,50,2,1,2,3,False,ara,GIANTX,raze,True,100,50,1,1,1,3,False,Cloud,GIANTX,fade,True,100,25,2,1,1,6,False,Flickless,GIANTX,viper,True,100,50,1,1,0,3,False,westside,GIANTX,cypher,True,100,50,0,0,1,5,False
2058.189,8813,ACTIVE_ROUND,16,3,12,99.000,,,MiniBoo,Team Heretics,raze,True,100,50,0,1,1,5,False,RieNs,Team Heretics,fade,True,100,25,2,1,1,6,False,Boo,Team Heretics,omen,True,100,25,2,1,1,4,False,benjyfishy,Team Heretics,deadlock,True,100,25,0,0,0,3,False,Wo0t,Team Heretics,chamber,True,100,50,0,8,1,3,False,grubinho,GIANTX,omen,True,100,50,2,1,1,3,False,ara,GIANTX,raze,True,100,50,1,1,0,3,False,Cloud,GIANTX,fade,True,100,25,2,1,1,6,False,Flickless,GIANTX,viper,True,100,50,1,0,0,3,False,westside,GIANTX,cypher,True,100,50,0,0,0,5,False
2058.423,8814,ACTIVE_ROUND,16,3,12,99.000,,,MiniBoo,Team Heretics,raze,True,100,50,0,1,1,5,False,RieNs,Team Heretics,fade,True,100,25,2,1,1,6,False,Boo,Team Heretics,omen,True,100,25,2,1,1,4,False,benjyfishy,Team Heretics,deadlock,True,100,25,0,0,0,3,False,Wo0t,Team Heretics,chamber,True,100,50,0,8,1,3,False,grubinho,GIANTX,omen,True,100,50,2,1,1,3,False,ara,GIANTX,raze,True,100,50,1,1,0,3,False,Cloud,GIANTX,fade,True,100,25,2,1,1,6,False,Flickless,GIANTX,viper,True,100,50,1,0,0,3,False,westside,GIANTX,cypher,True,100,50,0,0,0,5,False
2058.657,8815,ACTIVE_ROUND,16,3,12,98.000,,,MiniBoo,Team Heretics,raze,True,100,50,0,1,1,5,False,RieNs,Team Heretics,fade,True,100,25,2,1,1,6,False,Boo,Team Heretics,omen,True,100,25,2,1,1,4,False,benjyfishy,Team Heretics,deadlock,True,100,25,0,0,0,3,False,Wo0t,Team Heretics,chamber,True,100,50,0,8,1,3,False,grubinho,GIANTX,omen,True,100,50,2,1,1,3,False,ara,GIANTX,raze,True,100,50,1,1,0,3,False,Cloud,GIANTX,fade,True,100,25,2,1,1,6,False,Flickless,GIANTX,viper,True,100,50,1,0,0,3,False,westside,GIANTX,cypher,True,100,50,0,0,0,5,False
2058.890,8816,ACTIVE_ROUND,16,3,12,98.000,,,MiniBoo,Team Heretics,raze,True,100,50,0,1,1,5,False,RieNs,Team Heretics,fade,True,100,25,2,1,1,6,False,Boo,Team Heretics,omen,True,100,25,2,1,1,4,False,benjyfishy,Team Heretics,deadlock,True,100,25,0,0,0,3,False,Wo0t,Team Heretics,chamber,True,100,50,0,8,1,3,False,grubinho,GIANTX,omen,True,100,50,2,1,1,3,False,ara,GIANTX,raze,True,100,50,1,1,0,3,False,Cloud,GIANTX,fade,True,100,25,2,1,1,6,False,Flickless,GIANTX,viper,True,100,50,1,0,0,3,False,westside,GIANTX,cypher,True,100,50,0,0,0,5,False
2059.124,8817,ACTIVE_ROUND,16,3,12,98.000,,,MiniBoo,Team Heretics,raze,True,100,50,0,1,1,5,False,RieNs,Team Heretics,fade,True,100,25,2,1,0,6,False,Boo,Team Heretics,omen,True,100,25,2,1,1,4,False,benjyfishy,Team Heretics,deadlock,True,100,25,0,0,0,3,False,Wo0t,Team Heretics,chamber,True,100,50,0,8,1,3,False,grubinho,GIANTX,omen,True,100,50,2,1,1,3,False,ara,GIANTX,raze,True,100,50,1,1,0,3,False,Cloud,GIANTX,fade,True,100,25,2,0,1,6,False,Flickless,GIANTX,viper,True,100,50,1,0,0,3,False,westside,GIANTX,cypher,True,100,50,0,0,0,5,False
2059.357,8818,ACTIVE_ROUND,16,3,12,98.000,,,MiniBoo,Team Heretics,raze,True,100,50,0,1,1,5,False,RieNs,Team Heretics,fade,True,100,25,2,1,0,6,False,Boo,Team Heretics,omen,True,100,25,2,1,1,4,False,benjyfishy,Team Heretics,deadlock,True,100,25,0,0,0,3,False,Wo0t,Team Heretics,chamber,True,100,50,0,8,1,3,False,grubinho,GIANTX,omen,True,100,50,2,1,1,3,False,ara,GIANTX,raze,True,100,50,1,1,0,3,False,Cloud,GIANTX,fade,True,100,25,2,0,1,6,False,Flickless,GIANTX,viper,True,100,50,1,0,0,3,False,westside,GIANTX,cypher,True,100,50,0,0,0,5,False
2059.591,8819,ACTIVE_ROUND,16,3,12,97.000,,,MiniBoo,Team Heretics,raze,True,100,50,0,1,1,5,False,RieNs,Team Heretics,fade,True,100,25,2,1,0,6,False,Boo,Team Heretics,omen,True,100,25,2,1,1,4,False,benjyfishy,Team Heretics,deadlock,True,100,25,0,0,0,3,False,Wo0t,Team Heretics,chamber,True,100,50,0,8,1,3,False,grubinho,GIANTX,omen,True,100,50,2,1,1,3,False,ara,GIANTX,raze,True,100,50,1,1,0,3,False,Cloud,GIANTX,fade,True,100,25,2,0,1,6,False,Flickless,GIANTX,viper,True,100,50,1,0,0,3,False,westside,GIANTX,cypher,True,100,50,0,0,0,5,False
2059.824,8820,ACTIVE_ROUND,16,3,12,97.000,,,MiniBoo,Team Heretics,raze,True,100,50,0,1,1,5,False,RieNs,Team Heretics,fade,True,100,25,2,1,0,6,False,Boo,Team Heretics,omen,True,100,25,2,1,1,4,False,benjyfishy,Team Heretics,deadlock,True,100,25,0,0,0,3,False,Wo0t,Team Heretics,chamber,True,100,50,0,8,1,3,False,grubinho,GIANTX,omen,True,100,50,2,1,1,3,False,ara,GIANTX,raze,True,100,50,1,1,0,3,False,Cloud,GIANTX,fade,True,100,25,2,0,1,6,False,Flickless,GIANTX,viper,True,100,50,1,0,0,3,False,westside,GIANTX,cypher,True,100,50,0,0,0,5,False
2060.058,8821,ACTIVE_ROUND,16,3,12,97.000,,,MiniBoo,Team Heretics,raze,True,100,50,0,1,1,5,False,RieNs,Team Heretics,fade,True,100,25,2,1,0,6,False,Boo,Team Heretics,omen,True,100,25,2,1,1,4,False,benjyfishy,Team Heretics,deadlock,True,100,25,0,0,0,3,False,Wo0t,Team Heretics,chamber,True,100,50,0,8,1,3,False,grubinho,GIANTX,omen,True,100,50,2,1,1,3,False,ara,GIANTX,raze,True,100,50,1,1,0,3,False,Cloud,GIANTX,fade,True,100,25,2,0,1,6,False,Flickless,GIANTX,viper,True,100,50,1,0,0,3,False,westside,GIANTX,cypher,True,100,50,0,0,0,5,False
2060.292,8822,ACTIVE_ROUND,16,3,12,97.000,,,MiniBoo,Team Heretics,raze,True,100,50,0,1,1,5,False,RieNs,Team Heretics,fade,True,100,25,2,1,0,6,False,Boo,Team Heretics,omen,True,100,25,1,1,1,4,False,benjyfishy,Team Heretics,deadlock,True,100,25,0,0,0,3,False,Wo0t,Team Heretics,chamber,True,100,50,0,8,1,3,False,grubinho,GIANTX,omen,True,100,50,2,1,1,3,False,ara,GIANTX,raze,True,100,50,1,1,0,3,False,Cloud,GIANTX,fade,True,100,25,2,0,1,6,False,Flickless,GIANTX,viper,True,100,50,1,0,0,3,False,westside,GIANTX,cypher,True,100,50,0,0,0,5,False
2060.525,8823,ACTIVE_ROUND,16,3,12,96.000,,,MiniBoo,Team Heretics,raze,True,100,50,0,1,1,5,False,RieNs,Team Heretics,fade,True,100,25,2,1,0,6,False,Boo,Team Heretics,omen,True,100,25,1,1,1,4,False,benjyfishy,Team Heretics,deadlock,True,100,25,0,0,0,3,False,Wo0t,Team Heretics,chamber,True,100,50,0,8,1,3,False,grubinho,GIANTX,omen,True,100,50,2,1,1,3,False,ara,GIANTX,raze,True,100,50,1,1,0,3,False,Cloud,GIANTX,fade,True,100,25,2,0,1,6,False,Flickless,GIANTX,viper,True,100,50,1,0,0,3,False,westside,GIANTX,cypher,True,100,50,0,0,0,5,False
2060.759,8824,ACTIVE_ROUND,16,3,12,96.000,,,MiniBoo,Team Heretics,raze,True,100,50,0,1,1,5,False,RieNs,Team Heretics,fade,True,100,25,2,1,0,6,False,Boo,Team Heretics,omen,True,100,25,1,1,1,4,False,benjyfishy,Team Heretics,deadlock,True,100,25,0,0,0,3,False,Wo0t,Team Heretics,chamber,True,100,50,0,8,1,3,False,grubinho,GIANTX,omen,True,100,50,2,1,1,3,False,ara,GIANTX,raze,True,100,50,1,1,0,3,False,Cloud,GIANTX,fade,True,100,25,2,0,1,6,False,Flickless,GIANTX,viper,True,100,50,1,0,0,3,False,westside,GIANTX,cypher,True,100,50,0,0,0,5,False
2060.992,8825,ACTIVE_ROUND,16,3,12,96.000,,,MiniBoo,Team Heretics,raze,True,100,50,0,1,1,5,False,RieNs,Team Heretics,fade,True,100,25,2,1,0,6,False,Boo,Team Heretics,omen,True,100,25,1,1,1,4,False,benjyfishy,Team Heretics,deadlock,True,100,25,0,0,0,3,False,Wo0t,Team Heretics,chamber,True,100,50,0,8,1,3,False,grubinho,GIANTX,omen,True,100,50,2,1,1,3,False,ara,GIANTX,raze,True,100,50,1,1,0,3,False,Cloud,GIANTX,fade,True,100,25,2,0,1,6,False,Flickless,GIANTX,viper,True,100,50,1,0,0,3,False,westside,GIANTX,cypher,True,100,50,0,0,0,5,False
2061.226,8826,ACTIVE_ROUND,16,3,12,96.000,,,MiniBoo,Team Heretics,raze,True,100,50,0,1,1,5,False,RieNs,Team Heretics,fade,True,100,25,2,1,0,6,False,Boo,Team Heretics,omen,True,56,1,1,1,1,4,False,benjyfishy,Team Heretics,deadlock,True,100,25,0,0,0,3,False,Wo0t,Team Heretics,chamber,True,100,50,0,8,1,3,False,grubinho,GIANTX,omen,True,100,50,2,1,1,3,False,ara,GIANTX,raze,True,100,50,1,1,0,3,False,Cloud,GIANTX,fade,True,100,25,2,0,1,6,False,Flickless,GIANTX,viper,True,100,50,1,0,0,3,False,westside,GIANTX,cypher,True,100,50,0,0,0,5,False
2061.459,8827,ACTIVE_ROUND,16,3,12,96.000,,,MiniBoo,Team Heretics,raze,True,100,50,0,1,1,5,False,RieNs,Team Heretics,fade,True,100,25,2,1,0,6,False,Boo,Team Heretics,omen,True,56,1,1,1,1,4,False,benjyfishy,Team Heretics,deadlock,True,100,25,0,0,0,3,False,Wo0t,Team Heretics,chamber,True,100,50,0,8,1,3,False,grubinho,GIANTX,omen,True,100,50,2,1,1,3,False,ara,GIANTX,raze,True,100,50,1,1,0,3,False,Cloud,GIANTX,fade,True,100,25,2,0,1,6,False,Flickless,GIANTX,viper,True,100,50,1,0,0,3,False,westside,GIANTX,cypher,True,100,50,0,0,0,5,False
2061.693,8828,ACTIVE_ROUND,16,3,12,95.000,,,MiniBoo,Team Heretics,raze,True,100,50,0,1,1,5,False,RieNs,Team Heretics,fade,True,100,25,2,1,0,6,False,Boo,Team Heretics,omen,True,56,1,1,1,1,4,False,benjyfishy,Team Heretics,deadlock,True,100,25,0,0,0,3,False,Wo0t,Team Heretics,chamber,True,100,50,0,8,1,3,False,grubinho,GIANTX,omen,True,100,50,2,1,1,3,False,ara,GIANTX,raze,True,100,50,1,1,0,3,False,Cloud,GIANTX,fade,True,100,25,2,0,1,6,False,Flickless,GIANTX,viper,True,100,50,1,0,0,3,False,westside,GIANTX,cypher,True,100,50,0,0,0,5,False
2061.927,8829,ACTIVE_ROUND,16,3,12,95.000,,,MiniBoo,Team Heretics,raze,True,100,50,0,1,1,5,False,RieNs,Team Heretics,fade,True,100,25,2,1,0,6,False,Boo,Team Heretics,omen,True,56,1,1,1,1,4,False,benjyfishy,Team Heretics,deadlock,True,100,25,0,0,0,3,False,Wo0t,Team Heretics,chamber,True,100,50,0,8,1,3,False,grubinho,GIANTX,omen,True,100,50,2,1,1,3,False,ara,GIANTX,raze,True,100,50,1,1,0,3,False,Cloud,GIANTX,fade,True,100,25,2,0,1,6,False,Flickless,GIANTX,viper,True,100,50,1,0,0,3,False,westside,GIANTX,cypher,True,100,50,0,0,0,5,False
2062.160,8830,ACTIVE_ROUND,16,3,12,95.000,,,MiniBoo,Team Heretics,raze,True,100,50,0,1,1,5,False,RieNs,Team Heretics,fade,True,100,25,2,1,0,6,False,Boo,Team Heretics,omen,True,47,1,1,1,1,4,False,benjyfishy,Team Heretics,deadlock,True,100,25,0,0,0,3,False,Wo0t,Team Heretics,chamber,True,100,50,0,8,1,3,False,grubinho,GIANTX,omen,True,100,50,2,1,1,3,False,ara,GIANTX,raze,True,100,50,1,1,0,3,False,Cloud,GIANTX,fade,True,100,25,2,0,1,6,False,Flickless,GIANTX,viper,True,100,50,1,0,0,3,False,westside,GIANTX,cypher,True,100,50,0,0,0,5,False
2062.394,8831,ACTIVE_ROUND,16,3,12,95.000,,,MiniBoo,Team Heretics,raze,True,100,50,0,1,1,5,False,RieNs,Team Heretics,fade,True,100,25,2,1,0,6,False,Boo,Team Heretics,omen,True,47,1,1,1,1,4,False,benjyfishy,Team Heretics,deadlock,True,100,25,0,0,0,3,False,Wo0t,Team Heretics,chamber,True,100,50,0,8,1,3,False,grubinho,GIANTX,omen,True,100,50,2,1,1,3,False,ara,GIANTX,raze,True,100,50,1,1,0,3,False,Cloud,GIANTX,fade,True,100,25,2,0,1,6,False,Flickless,GIANTX,viper,True,100,50,1,0,0,3,False,westside,GIANTX,cypher,True,100,50,0,0,0,5,False
2062.627,8832,ACTIVE_ROUND,16,3,12,94.000,,,MiniBoo,Team Heretics,raze,True,100,50,0,1,1,5,False,RieNs,Team Heretics,fade,True,100,25,2,1,0,6,False,Boo,Team Heretics,omen,True,47,1,1,1,1,4,False,benjyfishy,Team Heretics,deadlock,True,100,25,0,0,0,3,False,Wo0t,Team Heretics,chamber,True,100,50,0,8,1,3,False,grubinho,GIANTX,omen,True,100,50,2,1,1,3,False,ara,GIANTX,raze,True,100,50,1,1,0,3,False,Cloud,GIANTX,fade,True,100,25,2,0,1,6,False,Flickless,GIANTX,viper,True,100,50,1,0,0,3,False,westside,GIANTX,cypher,True,100,50,0,0,0,5,False
2062.861,8833,ACTIVE_ROUND,16,3,12,94.000,,,MiniBoo,Team Heretics,raze,True,100,50,0,1,1,5,False,RieNs,Team Heretics,fade,True,100,25,2,1,0,6,False,Boo,Team Heretics,omen,True,47,1,1,1,1,4,False,benjyfishy,Team Heretics,deadlock,True,100,25,0,0,0,3,False,Wo0t,Team Heretics,chamber,True,100,50,0,8,1,3,False,grubinho,GIANTX,omen,True,100,50,2,1,1,3,False,ara,GIANTX,raze,True,100,50,1,1,0,3,False,Cloud,GIANTX,fade,True,100,25,2,0,1,6,False,Flickless,GIANTX,viper,True,100,50,1,0,0,3,False,westside,GIANTX,cypher,True,100,50,0,0,0,5,False
2063.094,8834,ACTIVE_ROUND,16,3,12,94.000,,,MiniBoo,Team Heretics,raze,True,100,50,0,1,1,5,False,RieNs,Team Heretics,fade,True,100,25,2,1,0,6,False,Boo,Team Heretics,omen,True,47,1,1,1,1,4,False,benjyfishy,Team Heretics,deadlock,True,100,25,0,0,0,3,False,Wo0t,Team Heretics,chamber,True,100,50,0,8,1,3,False,grubinho,GIANTX,omen,True,100,50,2,1,1,3,False,ara,GIANTX,raze,True,100,50,1,1,0,3,False,Cloud,GIANTX,fade,True,100,25,2,0,1,6,False,Flickless,GIANTX,viper,True,100,50,1,0,0,3,False,westside,GIANTX,cypher,True,100,50,0,0,0,5,False
2063.328,8835,ACTIVE_ROUND,16,3,12,94.000,,,MiniBoo,Team Heretics,raze,True,87,24,0,1,1,5,False,RieNs,Team Heretics,fade,True,100,25,2,1,0,6,False,Boo,Team Heretics,omen,True,66,1,1,1,1,4,False,benjyfishy,Team Heretics,deadlock,True,100,25,0,0,0,3,False,Wo0t,Team Heretics,chamber,True,100,50,0,8,1,3,False,grubinho,GIANTX,omen,True,100,50,2,1,1,3,False,ara,GIANTX,raze,True,94,38,1,1,0,3,False,Cloud,GIANTX,fade,True,100,25,2,0,1,6,False,Flickless,GIANTX,viper,True,100,50,1,0,0,3,False,westside,GIANTX,cypher,True,100,50,0,0,0,5,False
2063.562,8836,ACTIVE_ROUND,16,3,12,93.000,,,MiniBoo,Team Heretics,raze,True,87,24,0,1,1,5,False,RieNs,Team Heretics,fade,True,100,25,2,1,0,6,False,Boo,Team Heretics,omen,True,66,1,1,1,1,4,False,benjyfishy,Team Heretics,deadlock,True,100,25,0,0,0,3,False,Wo0t,Team Heretics,chamber,True,100,50,0,8,1,3,False,grubinho,GIANTX,omen,True,100,50,2,1,1,3,False,ara,GIANTX,raze,True,94,38,1,1,0,3,False,Cloud,GIANTX,fade,True,100,25,2,0,1,6,False,Flickless,GIANTX,viper,True,100,50,1,0,0,3,False,westside,GIANTX,cypher,True,100,50,0,0,0,5,False
2063.795,8837,ACTIVE_ROUND,16,3,12,93.000,,,MiniBoo,Team Heretics,raze,True,87,24,0,1,1,5,False,RieNs,Team Heretics,fade,True,100,25,2,1,0,6,False,Boo,Team Heretics,omen,True,66,1,1,1,1,4,False,benjyfishy,Team Heretics,deadlock,True,100,25,0,0,0,3,False,Wo0t,Team Heretics,chamber,True,100,50,0,8,1,3,False,grubinho,GIANTX,omen,True,100,50,2,1,1,3,False,ara,GIANTX,raze,True,94,38,1,1,0,3,False,Cloud,GIANTX,fade,True,100,25,2,0,1,6,False,Flickless,GIANTX,viper,True,100,50,1,0,0,3,False,westside,GIANTX,cypher,True,100,50,0,0,0,5,False
2064.029,8838,ACTIVE_ROUND,16,3,12,93.000,,,MiniBoo,Team Heretics,raze,True,87,24,0,1,1,5,False,RieNs,Team Heretics,fade,True,100,25,2,1,0,6,False,Boo,Team Heretics,omen,True,66,1,1,1,1,4,False,benjyfishy,Team Heretics,deadlock,True,100,25,0,0,0,3,False,Wo0t,Team Heretics,chamber,True,100,50,0,8,1,3,False,grubinho,GIANTX,omen,True,100,50,2,1,1,3,False,ara,GIANTX,raze,True,94,38,1,1,0,3,False,Cloud,GIANTX,fade,True,100,25,2,0,1,6,False,Flickless,GIANTX,viper,True,100,50,1,0,0,3,False,westside,GIANTX,cypher,True,100,50,0,0,0,5,False
2064.262,8839,ACTIVE_ROUND,16,3,12,93.000,,,MiniBoo,Team Heretics,raze,True,87,24,0,1,1,5,False,RieNs,Team Heretics,fade,True,100,25,1,1,0,6,False,Boo,Team Heretics,omen,True,82,1,1,1,1,4,False,benjyfishy,Team Heretics,deadlock,True,100,25,0,0,0,3,False,Wo0t,Team Heretics,chamber,True,100,50,0,8,1,3,False,grubinho,GIANTX,omen,True,100,50,2,1,1,3,False,ara,GIANTX,raze,True,94,38,1,0,0,3,False,Cloud,GIANTX,fade,True,100,25,2,0,1,6,False,Flickless,GIANTX,viper,True,100,50,1,0,0,3,False,westside,GIANTX,cypher,True,100,50,0,0,0,5,False
2064.496,8840,ACTIVE_ROUND,16,3,12,93.000,,,MiniBoo,Team Heretics,raze,True,87,24,0,1,1,5,False,RieNs,Team Heretics,fade,True,100,25,1,1,0,6,False,Boo,Team Heretics,omen,True,82,1,1,1,1,4,False,benjyfishy,Team Heretics,deadlock,True,100,25,0,0,0,3,False,Wo0t,Team Heretics,chamber,True,100,50,0,8,1,3,False,grubinho,GIANTX,omen,True,100,50,2,1,1,3,False,ara,GIANTX,raze,True,94,38,1,0,0,3,False,Cloud,GIANTX,fade,True,100,25,2,0,1,6,False,Flickless,GIANTX,viper,True,100,50,1,0,0,3,False,westside,GIANTX,cypher,True,100,50,0,0,0,5,False
2064.729,8841,ACTIVE_ROUND,16,3,12,92.000,,,MiniBoo,Team Heretics,raze,True,87,24,0,1,1,5,False,RieNs,Team Heretics,fade,True,100,25,1,1,0,6,False,Boo,Team Heretics,omen,True,82,1,1,1,1,4,False,benjyfishy,Team Heretics,deadlock,True,100,25,0,0,0,3,False,Wo0t,Team Heretics,chamber,True,100,50,0,8,1,3,False,grubinho,GIANTX,omen,True,100,50,2,1,1,3,False,ara,GIANTX,raze,True,94,38,1,0,0,3,False,Cloud,GIANTX,fade,True,100,25,2,0,1,6,False,Flickless,GIANTX,viper,True,100,50,1,0,0,3,False,westside,GIANTX,cypher,True,100,50,0,0,0,5,False
2064.963,8842,ACTIVE_ROUND,16,3,12,92.000,,,MiniBoo,Team Heretics,raze,True,87,24,0,1,1,5,False,RieNs,Team Heretics,fade,True,100,25,1,1,0,6,False,Boo,Team Heretics,omen,True,82,1,1,1,1,4,False,benjyfishy,Team Heretics,deadlock,True,100,25,0,0,0,3,False,Wo0t,Team Heretics,chamber,True,100,50,0,8,1,3,False,grubinho,GIANTX,omen,True,100,50,2,1,1,3,False,ara,GIANTX,raze,True,94,38,1,0,0,3,False,Cloud,GIANTX,fade,True,100,25,2,0,1,6,False,Flickless,GIANTX,viper,True,100,50,1,0,0,3,False,westside,GIANTX,cypher,True,100,50,0,0,0,5,False
2065.196,8843,ACTIVE_ROUND,16,3,12,92.000,,,MiniBoo,Team Heretics,raze,True,87,24,0,1,1,5,False,RieNs,Team Heretics,fade,True,100,25,1,1,0,6,False,Boo,Team Heretics,omen,True,90,1,1,1,1,4,False,benjyfishy,Team Heretics,deadlock,True,100,25,0,0,0,3,False,Wo0t,Team Heretics,chamber,True,100,50,0,8,1,3,False,grubinho,GIANTX,omen,True,100,50,2,1,1,3,False,ara,GIANTX,raze,True,94,38,1,0,0,3,False,Cloud,GIANTX,fade,True,100,25,2,0,1,6,False,Flickless,GIANTX,viper,True,100,50,1,0,0,3,False,westside,GIANTX,cypher,True,100,50,0,0,0,5,False
2065.430,8844,ACTIVE_ROUND,16,3,12,92.000,,,MiniBoo,Team Heretics,raze,True,87,24,0,1,1,5,False,RieNs,Team Heretics,fade,True,100,25,1,1,0,6,False,Boo,Team Heretics,omen,True,90,5,1,1,1,4,False,benjyfishy,Team Heretics,deadlock,True,100,25,0,0,0,3,False,Wo0t,Team Heretics,chamber,True,100,50,0,8,1,3,False,grubinho,GIANTX,omen,True,100,50,2,1,1,3,False,ara,GIANTX,raze,True,94,38,1,0,0,3,False,Cloud,GIANTX,fade,True,100,25,2,0,1,6,False,Flickless,GIANTX,viper,True,100,50,1,0,0,3,False,westside,GIANTX,cypher,True,100,50,0,0,0,5,False
2065.664,8845,ACTIVE_ROUND,16,3,12,91.000,,,MiniBoo,Team Heretics,raze,True,87,24,0,1,1,5,False,RieNs,Team Heretics,fade,True,100,25,1,1,0,6,False,Boo,Team Heretics,omen,True,90,5,1,1,1,4,False,benjyfishy,Team Heretics,deadlock,True,100,25,0,0,0,3,False,Wo0t,Team Heretics,chamber,True,100,50,0,8,1,3,False,grubinho,GIANTX,omen,True,100,50,2,1,1,3,False,ara,GIANTX,raze,True,94,38,1,0,0,3,False,Cloud,GIANTX,fade,True,100,25,2,0,1,6,False,Flickless,GIANTX,viper,True,100,50,1,0,0,3,False,westside,GIANTX,cypher,True,100,50,0,0,0,5,False
2065.897,8846,ACTIVE_ROUND,16,3,12,91.000,,,MiniBoo,Team Heretics,raze,True,87,24,0,1,1,5,False,RieNs,Team Heretics,fade,True,100,25,1,1,0,6,False,Boo,Team Heretics,omen,True,90,5,1,1,1,4,False,benjyfishy,Team Heretics,deadlock,True,100,25,0,0,0,3,False,Wo0t,Team Heretics,chamber,True,100,50,0,8,1,3,False,grubinho,GIANTX,omen,True,100,50,2,1,1,3,False,ara,GIANTX,raze,True,94,38,1,0,0,3,False,Cloud,GIANTX,fade,True,100,25,2,0,1,6,False,Flickless,GIANTX,viper,True,100,50,1,0,0,3,False,westside,GIANTX,cypher,True,100,50,0,0,0,5,False
2066.131,8847,ACTIVE_ROUND,16,3,12,91.000,,,MiniBoo,Team Heretics,raze,True,87,24,0,1,1,5,False,RieNs,Team Heretics,fade,True,100,25,1,1,0,6,False,Boo,Team Heretics,omen,True,90,5,1,1,1,4,False,benjyfishy,Team Heretics,deadlock,True,100,25,0,0,0,3,False,Wo0t,Team Heretics,chamber,True,100,50,0,8,1,3,False,grubinho,GIANTX,omen,True,100,50,2,1,1,3,False,ara,GIANTX,raze,True,94,38,1,0,0,3,False,Cloud,GIANTX,fade,True,100,25,2,0,1,6,False,Flickless,GIANTX,viper,True,100,50,1,0,0,3,False,westside,GIANTX,cypher,True,100,50,0,0,0,5,False
2066.364,8848,ACTIVE_ROUND,16,3,12,91.000,,,MiniBoo,Team Heretics,raze,True,87,24,0,1,1,5,False,RieNs,Team Heretics,fade,True,100,25,1,1,0,6,False,Boo,Team Heretics,omen,True,90,5,1,1,1,4,False,benjyfishy,Team Heretics,deadlock,True,100,25,0,0,0,3,False,Wo0t,Team Heretics,chamber,True,100,50,0,8,1,3,False,grubinho,GIANTX,omen,True,100,50,2,1,1,3,False,ara,GIANTX,raze,True,94,38,1,0,0,3,False,Cloud,GIANTX,fade,True,100,25,2,0,1,6,False,Flickless,GIANTX,viper,True,100,50,1,0,0,3,False,westside,GIANTX,cypher,True,100,50,0,0,0,5,False
2066.598,8849,ACTIVE_ROUND,16,3,12,90.000,,,MiniBoo,Team Heretics,raze,True,87,24,0,1,1,5,False,RieNs,Team Heretics,fade,True,100,25,1,1,0,6,False,Boo,Team Heretics,omen,True,90,5,1,1,1,4,False,benjyfishy,Team Heretics,deadlock,True,100,25,0,0,0,3,False,Wo0t,Team Heretics,chamber,True,100,50,0,8,1,3,False,grubinho,GIANTX,omen,True,100,50,2,1,1,3,False,ara,GIANTX,raze,True,94,38,1,0,0,3,False,Cloud,GIANTX,fade,True,100,25,2,0,1,6,False,Flickless,GIANTX,viper,True,100,50,1,0,0,3,False,westside,GIANTX,cypher,True,100,50,0,0,0,5,False
2066.831,8850,ACTIVE_ROUND,16,3,12,90.000,,,MiniBoo,Team Heretics,raze,True,87,24,0,1,1,5,False,RieNs,Team Heretics,fade,True,100,25,1,1,0,6,False,Boo,Team Heretics,omen,True,90,5,1,1,1,4,False,benjyfishy,Team Heretics,deadlock,True,100,25,0,0,0,3,False,Wo0t,Team Heretics,chamber,True,100,50,0,8,1,3,False,grubinho,GIANTX,omen,True,100,50,2,1,1,3,False,ara,GIANTX,raze,True,94,38,1,0,0,3,False,Cloud,GIANTX,fade,True,100,25,2,0,1,6,False,Flickless,GIANTX,viper,True,100,50,1,0,0,3,False,westside,GIANTX,cypher,True,100,50,0,0,0,5,False
2067.065,8851,ACTIVE_ROUND,16,3,12,90.000,,,MiniBoo,Team Heretics,raze,True,87,24,0,1,1,5,False,RieNs,Team Heretics,fade,True,100,25,1,1,0,6,False,Boo,Team Heretics,omen,True,90,5,1,1,1,4,False,benjyfishy,Team Heretics,deadlock,True,100,25,0,0,0,3,False,Wo0t,Team Heretics,chamber,True,100,50,0,8,1,3,False,grubinho,GIANTX,omen,True,100,50,2,1,1,3,False,ara,GIANTX,raze,True,94,38,1,0,0,3,False,Cloud,GIANTX,fade,True,100,25,2,0,1,6,False,Flickless,GIANTX,viper,True,100,50,1,0,0,3,False,westside,GIANTX,cypher,True,100,50,0,0,0,5,False
2067.299,8852,ACTIVE_ROUND,16,3,12,90.000,,,MiniBoo,Team Heretics,raze,True,87,24,0,1,0,5,False,RieNs,Team Heretics,fade,True,100,25,1,1,0,6,False,Boo,Team Heretics,omen,True,90,5,1,1,1,4,False,benjyfishy,Team Heretics,deadlock,True,100,25,0,0,0,3,False,Wo0t,Team Heretics,chamber,True,100,50,0,8,1,3,False,grubinho,GIANTX,omen,True,100,50,2,1,1,3,False,ara,GIANTX,raze,True,94,38,1,0,0,3,False,Cloud,GIANTX,fade,True,100,25,2,0,1,6,False,Flickless,GIANTX,viper,True,100,50,1,0,0,3,False,westside,GIANTX,cypher,True,100,50,0,0,0,5,False
2067.532,8853,ACTIVE_ROUND,16,3,12,89.000,,,MiniBoo,Team Heretics,raze,True,87,24,0,1,0,5,False,RieNs,Team Heretics,fade,True,100,25,1,1,0,6,False,Boo,Team Heretics,omen,True,90,5,1,1,1,4,False,benjyfishy,Team Heretics,deadlock,True,100,25,0,0,0,3,False,Wo0t,Team Heretics,chamber,True,100,50,0,8,1,3,False,grubinho,GIANTX,omen,True,100,50,2,1,1,3,False,ara,GIANTX,raze,True,94,38,1,0,0,3,False,Cloud,GIANTX,fade,True,100,25,2,0,1,6,False,Flickless,GIANTX,viper,True,100,50,1,0,0,3,False,westside,GIANTX,cypher,True,100,50,0,0,0,5,False
2067.766,8854,ACTIVE_ROUND,16,3,12,89.000,,,MiniBoo,Team Heretics,raze,True,87,24,0,1,0,5,False,RieNs,Team Heretics,fade,True,100,25,1,1,0,6,False,Boo,Team Heretics,omen,True,90,5,1,1,1,4,False,benjyfishy,Team Heretics,deadlock,True,100,25,0,0,0,3,False,Wo0t,Team Heretics,chamber,True,100,50,0,8,1,3,False,grubinho,GIANTX,omen,True,100,50,2,1,1,3,False,ara,GIANTX,raze,True,94,38,1,0,0,3,False,Cloud,GIANTX,fade,True,100,25,2,0,1,6,False,Flickless,GIANTX,viper,True,100,50,1,0,0,3,False,westside,GIANTX,cypher,True,100,50,0,0,0,5,False
2067.999,8855,ACTIVE_ROUND,16,3,12,89.000,,,MiniBoo,Team Heretics,raze,True,87,24,0,1,0,5,False,RieNs,Team Heretics,fade,True,100,25,1,1,0,6,False,Boo,Team Heretics,omen,True,90,5,1,1,1,4,False,benjyfishy,Team Heretics,deadlock,True,100,25,0,0,0,3,False,Wo0t,Team Heretics,chamber,True,100,50,0,8,1,3,False,grubinho,GIANTX,omen,True,100,50,2,1,1,3,False,ara,GIANTX,raze,True,94,38,1,0,0,3,False,Cloud,GIANTX,fade,True,100,25,2,0,1,6,False,Flickless,GIANTX,viper,True,100,50,1,0,0,3,False,westside,GIANTX,cypher,True,100,50,0,0,0,5,False
2068.233,8856,ACTIVE_ROUND,16,3,12,89.000,,,MiniBoo,Team Heretics,raze,True,87,24,0,1,0,5,False,RieNs,Team Heretics,fade,True,100,25,1,1,0,6,False,Boo,Team Heretics,omen,True,90,5,1,1,1,4,False,benjyfishy,Team Heretics,deadlock,True,100,25,0,0,0,3,False,Wo0t,Team Heretics,chamber,True,100,50,0,8,1,3,False,grubinho,GIANTX,omen,True,100,50,2,1,1,3,False,ara,GIANTX,raze,True,94,38,0,0,0,3,False,Cloud,GIANTX,fade,True,100,25,1,0,1,6,False,Flickless,GIANTX,viper,True,100,50,1,0,0,3,False,westside,GIANTX,cypher,True,100,50,0,0,0,5,False
2068.466,8857,ACTIVE_ROUND,16,3,12,89.000,,,MiniBoo,Team Heretics,raze,True,87,24,0,1,0,5,False,RieNs,Team Heretics,fade,True,100,25,1,1,0,6,False,Boo,Team Heretics,omen,True,90,5,1,1,1,4,False,benjyfishy,Team Heretics,deadlock,True,100,25,0,0,0,3,False,Wo0t,Team Heretics,chamber,True,100,50,0,8,1,3,False,grubinho,GIANTX,omen,True,100,50,2,1,1,3,False,ara,GIANTX,raze,True,94,38,0,0,0,3,False,Cloud,GIANTX,fade,True,100,25,1,0,1,6,False,Flickless,GIANTX,viper,True,100,50,1,0,0,3,False,westside,GIANTX,cypher,True,100,50,0,0,0,5,False
2068.700,8858,ACTIVE_ROUND,16,3,12,88.000,,,MiniBoo,Team Heretics,raze,True,87,24,0,1,0,5,False,RieNs,Team Heretics,fade,True,100,25,1,1,0,6,False,Boo,Team Heretics,omen,True,90,5,1,1,1,4,False,benjyfishy,Team Heretics,deadlock,True,100,25,0,0,0,3,False,Wo0t,Team Heretics,chamber,True,100,50,0,8,1,3,False,grubinho,GIANTX,omen,True,100,50,2,1,1,3,False,ara,GIANTX,raze,True,94,38,0,0,0,3,False,Cloud,GIANTX,fade,True,100,25,1,0,1,6,False,Flickless,GIANTX,viper,True,100,50,1,0,0,3,False,westside,GIANTX,cypher,True,100,50,0,0,0,5,False
2068.934,8859,ACTIVE_ROUND,16,3,12,88.000,,,MiniBoo,Team Heretics,raze,True,87,24,0,1,0,5,False,RieNs,Team Heretics,fade,True,100,25,1,1,0,6,False,Boo,Team Heretics,omen,True,90,5,1,1,1,4,False,benjyfishy,Team Heretics,deadlock,True,100,25,0,0,0,3,False,Wo0t,Team Heretics,chamber,True,100,50,0,8,1,3,False,grubinho,GIANTX,omen,True,100,50,2,1,1,3,False,ara,GIANTX,raze,True,94,38,0,0,0,3,False,Cloud,GIANTX,fade,True,100,25,1,0,1,6,False,Flickless,GIANTX,viper,True,100,50,1,0,0,3,False,westside,GIANTX,cypher,True,100,50,0,0,0,5,False
2069.167,8860,ACTIVE_ROUND,16,3,12,88.000,,,MiniBoo,Team Heretics,raze,True,87,24,0,1,0,5,False,RieNs,Team Heretics,fade,True,100,25,1,1,0,6,False,Boo,Team Heretics,omen,True,90,5,1,1,1,4,False,benjyfishy,Team Heretics,deadlock,True,100,25,0,0,0,3,False,Wo0t,Team Heretics,chamber,True,100,50,0,8,1,3,False,grubinho,GIANTX,omen,True,100,50,2,1,1,3,False,ara,GIANTX,raze,True,94,38,0,0,0,3,False,Cloud,GIANTX,fade,True,100,25,1,0,1,6,False,Flickless,GIANTX,viper,True,100,50,1,0,0,3,False,westside,GIANTX,cypher,True,100,50,0,0,0,5,False
2069.401,8861,ACTIVE_ROUND,16,3,12,88.000,,,MiniBoo,Team Heretics,raze,True,87,24,0,1,0,5,False,RieNs,Team Heretics,fade,True,100,25,1,1,0,6,False,Boo,Team Heretics,omen,True,90,5,1,1,1,4,False,benjyfishy,Team Heretics,deadlock,True,100,25,0,0,0,3,False,Wo0t,Team Heretics,chamber,True,100,50,0,8,1,3,False,grubinho,GIANTX,omen,True,100,50,2,1,1,3,False,ara,GIANTX,raze,True,94,38,0,0,0,3,False,Cloud,GIANTX,fade,True,100,25,1,0,1,6,False,Flickless,GIANTX,viper,True,100,50,1,0,0,3,False,westside,GIANTX,cypher,True,100,50,0,0,0,5,False
2069.634,8862,ACTIVE_ROUND,16,3,12,87.000,,,MiniBoo,Team Heretics,raze,True,87,24,0,1,0,5,False,RieNs,Team Heretics,fade,True,100,25,1,1,0,6,False,Boo,Team Heretics,omen,True,90,5,1,1,1,4,False,benjyfishy,Team Heretics,deadlock,True,100,25,0,0,0,3,False,Wo0t,Team Heretics,chamber,True,100,50,0,8,1,3,False,grubinho,GIANTX,omen,True,100,50,2,1,1,3,False,ara,GIANTX,raze,True,94,38,0,0,0,3,False,Cloud,GIANTX,fade,True,100,25,1,0,1,6,False,Flickless,GIANTX,viper,True,100,50,1,0,0,3,False,westside,GIANTX,cypher,True,100,50,0,0,0,5,False
2069.868,8863,ACTIVE_ROUND,16,3,12,87.000,,,MiniBoo,Team Heretics,raze,True,87,24,0,1,0,5,False,RieNs,Team Heretics,fade,True,100,25,1,1,0,6,False,Boo,Team Heretics,omen,True,90,5,1,1,1,4,False,benjyfishy,Team Heretics,deadlock,True,100,25,0,0,0,3,False,Wo0t,Team Heretics,chamber,True,100,50,0,8,1,3,False,grubinho,GIANTX,omen,True,100,50,2,1,1,3,False,ara,GIANTX,raze,True,94,38,0,0,0,3,False,Cloud,GIANTX,fade,True,100,25,1,0,1,6,False,Flickless,GIANTX,viper,True,100,50,1,0,0,3,False,westside,GIANTX,cypher,True,100,50,0,0,0,5,False
2070.101,8864,ACTIVE_ROUND,16,3,12,87.000,,,MiniBoo,Team Heretics,raze,True,87,24,0,1,0,5,False,RieNs,Team Heretics,fade,True,100,25,1,1,0,6,False,Boo,Team Heretics,omen,True,90,5,1,1,1,4,False,benjyfishy,Team Heretics,deadlock,True,100,25,0,0,0,3,False,Wo0t,Team Heretics,chamber,True,100,50,0,8,1,3,False,grubinho,GIANTX,omen,True,100,50,2,1,1,3,False,ara,GIANTX,raze,True,94,38,0,0,0,3,False,Cloud,GIANTX,fade,True,100,25,1,0,1,6,False,Flickless,GIANTX,viper,True,100,50,1,0,0,3,False,westside,GIANTX,cypher,True,100,50,0,0,0,5,False
2070.335,8865,ACTIVE_ROUND,16,3,12,87.000,,,MiniBoo,Team Heretics,raze,True,87,24,0,1,0,5,False,RieNs,Team Heretics,fade,True,100,25,1,1,0,6,False,Boo,Team Heretics,omen,True,90,5,1,1,1,4,False,benjyfishy,Team Heretics,deadlock,True,100,25,0,0,0,3,False,Wo0t,Team Heretics,chamber,True,100,50,0,8,1,3,False,grubinho,GIANTX,omen,True,100,50,2,1,1,3,False,ara,GIANTX,raze,True,94,38,0,0,0,3,False,Cloud,GIANTX,fade,True,100,25,1,0,1,6,False,Flickless,GIANTX,viper,True,100,50,1,0,0,3,False,westside,GIANTX,cypher,True,100,50,0,0,0,5,False
2070.568,8866,ACTIVE_ROUND,16,3,12,86.000,,,MiniBoo,Team Heretics,raze,True,87,24,0,1,0,5,False,RieNs,Team Heretics,fade,True,100,25,1,1,0,6,False,Boo,Team Heretics,omen,True,90,5,1,1,1,4,False,benjyfishy,Team Heretics,deadlock,True,100,25,0,0,0,3,False,Wo0t,Team Heretics,chamber,True,100,50,0,8,1,3,False,grubinho,GIANTX,omen,True,100,50,2,1,1,3,False,ara,GIANTX,raze,True,94,38,0,0,0,3,False,Cloud,GIANTX,fade,True,100,25,1,0,1,6,False,Flickless,GIANTX,viper,True,100,50,1,0,0,3,False,westside,GIANTX,cypher,True,100,50,0,0,0,5,False
2070.802,8867,ACTIVE_ROUND,16,3,12,86.000,,,MiniBoo,Team Heretics,raze,True,87,24,0,1,0,5,False,RieNs,Team Heretics,fade,True,100,25,1,1,0,6,False,Boo,Team Heretics,omen,True,90,5,1,1,1,4,False,benjyfishy,Team Heretics,deadlock,True,100,25,0,0,0,3,False,Wo0t,Team Heretics,chamber,True,100,50,0,8,1,3,False,grubinho,GIANTX,omen,True,100,50,2,1,1,3,False,ara,GIANTX,raze,True,94,38,0,0,0,3,False,Cloud,GIANTX,fade,True,100,25,1,0,1,6,False,Flickless,GIANTX,viper,True,100,50,1,0,0,3,False,westside,GIANTX,cypher,True,100,50,0,0,0,5,False
2071.036,8868,ACTIVE_ROUND,16,3,12,86.000,,,MiniBoo,Team Heretics,raze,True,87,24,0,1,0,5,False,RieNs,Team Heretics,fade,True,100,25,1,1,0,6,False,Boo,Team Heretics,omen,True,90,5,1,1,1,4,False,benjyfishy,Team Heretics,deadlock,True,100,25,0,0,0,3,False,Wo0t,Team Heretics,chamber,True,100,50,0,8,1,3,False,grubinho,GIANTX,omen,True,100,50,2,1,1,3,False,ara,GIANTX,raze,True,94,38,0,0,0,3,False,Cloud,GIANTX,fade,True,100,25,1,0,1,6,False,Flickless,GIANTX,viper,True,100,50,1,0,0,3,False,westside,GIANTX,cypher,True,100,50,0,0,0,5,False
2071.269,8869,ACTIVE_ROUND,16,3,12,86.000,,,MiniBoo,Team Heretics,raze,True,87,24,0,1,0,5,False,RieNs,Team Heretics,fade,True,100,25,1,1,0,6,False,Boo,Team Heretics,omen,True,90,5,1,1,1,4,False,benjyfishy,Team Heretics,deadlock,True,100,25,0,0,0,3,False,Wo0t,Team Heretics,chamber,True,100,50,0,8,1,3,False,grubinho,GIANTX,omen,True,100,50,2,1,1,3,False,ara,GIANTX,raze,True,94,38,0,0,0,3,False,Cloud,GIANTX,fade,True,100,25,1,0,1,6,False,Flickless,GIANTX,viper,True,100,50,1,0,0,3,False,westside,GIANTX,cypher,True,100,50,0,0,0,5,False
2071.503,8870,ACTIVE_ROUND,16,3,12,86.000,,,MiniBoo,Team Heretics,raze,True,87,24,0,1,0,5,False,RieNs,Team Heretics,fade,True,100,25,1,1,0,6,False,Boo,Team Heretics,omen,True,90,5,1,1,1,4,False,benjyfishy,Team Heretics,deadlock,True,100,25,0,0,0,3,False,Wo0t,Team Heretics,chamber,True,100,50,0,8,1,3,False,grubinho,GIANTX,omen,True,100,50,2,1,1,3,False,ara,GIANTX,raze,True,94,38,0,0,0,3,False,Cloud,GIANTX,fade,True,100,25,1,0,1,6,False,Flickless,GIANTX,viper,True,100,50,1,0,0,3,False,westside,GIANTX,cypher,True,100,50,0,0,0,5,False
2071.736,8871,ACTIVE_ROUND,16,3,12,85.000,,,MiniBoo,Team Heretics,raze,True,87,24,0,1,0,5,False,RieNs,Team Heretics,fade,True,100,25,1,1,0,6,False,Boo,Team Heretics,omen,True,90,5,1,1,1,4,False,benjyfishy,Team Heretics,deadlock,True,100,25,0,0,0,3,False,Wo0t,Team Heretics,chamber,True,100,50,0,8,1,3,False,grubinho,GIANTX,omen,True,100,50,2,1,1,3,False,ara,GIANTX,raze,True,94,38,0,0,0,3,False,Cloud,GIANTX,fade,True,100,25,1,0,1,6,False,Flickless,GIANTX,viper,True,100,50,1,0,0,3,False,westside,GIANTX,cypher,True,100,50,0,0,0,5,False
2071.970,8872,ACTIVE_ROUND,16,3,12,85.000,,,MiniBoo,Team Heretics,raze,True,87,24,0,1,0,5,False,RieNs,Team Heretics,fade,True,100,25,1,1,0,6,False,Boo,Team Heretics,omen,True,90,5,1,1,1,4,False,benjyfishy,Team Heretics,deadlock,True,100,25,0,0,0,3,False,Wo0t,Team Heretics,chamber,True,100,50,0,8,1,3,False,grubinho,GIANTX,omen,True,100,50,2,1,1,3,False,ara,GIANTX,raze,True,94,38,0,0,0,3,False,Cloud,GIANTX,fade,True,100,25,1,0,1,6,False,Flickless,GIANTX,viper,True,100,50,1,0,0,3,False,westside,GIANTX,cypher,True,100,50,0,0,0,5,False
2072.203,8873,ACTIVE_ROUND,16,3,12,85.000,,,MiniBoo,Team Heretics,raze,True,87,24,0,1,0,5,False,RieNs,Team Heretics,fade,True,100,25,1,1,0,6,False,Boo,Team Heretics,omen,True,90,5,1,1,1,4,False,benjyfishy,Team Heretics,deadlock,True,100,25,0,0,0,3,False,Wo0t,Team Heretics,chamber,True,100,50,0,8,1,3,False,grubinho,GIANTX,omen,True,100,50,2,1,1,3,False,ara,GIANTX,raze,True,94,38,0,0,0,3,False,Cloud,GIANTX,fade,True,100,25,1,0,1,6,False,Flickless,GIANTX,viper,True,100,50,1,0,0,3,False,westside,GIANTX,cypher,True,100,50,0,0,0,5,False
2072.437,8874,ACTIVE_ROUND,16,3,12,85.000,,,MiniBoo,Team Heretics,raze,True,87,24,0,1,0,5,False,RieNs,Team Heretics,fade,True,100,25,1,1,0,6,False,Boo,Team Heretics,omen,True,90,5,1,1,1,4,False,benjyfishy,Team Heretics,deadlock,True,100,25,0,0,0,3,False,Wo0t,Team Heretics,chamber,True,100,50,0,8,1,3,False,grubinho,GIANTX,omen,True,100,50,2,1,1,3,False,ara,GIANTX,raze,True,94,38,0,0,0,3,False,Cloud,GIANTX,fade,True,100,25,1,0,1,6,False,Flickless,GIANTX,viper,True,100,50,1,0,0,3,False,westside,GIANTX,cypher,True,100,50,0,0,0,5,False
2072.671,8875,ACTIVE_ROUND,16,3,12,84.000,,,MiniBoo,Team Heretics,raze,True,87,24,0,1,0,5,False,RieNs,Team Heretics,fade,True,100,25,1,1,0,6,False,Boo,Team Heretics,omen,True,90,5,1,1,1,4,False,benjyfishy,Team Heretics,deadlock,True,100,25,0,0,0,3,False,Wo0t,Team Heretics,chamber,True,100,50,0,8,1,3,False,grubinho,GIANTX,omen,True,100,50,2,1,1,3,False,ara,GIANTX,raze,True,94,38,0,0,0,3,False,Cloud,GIANTX,fade,True,100,25,1,0,1,6,False,Flickless,GIANTX,viper,True,100,50,1,0,0,3,False,westside,GIANTX,cypher,True,100,50,0,0,0,5,False
2072.904,8876,ACTIVE_ROUND,16,3,12,84.000,,,MiniBoo,Team Heretics,raze,True,87,24,0,1,0,5,False,RieNs,Team Heretics,fade,True,100,25,1,1,0,6,False,Boo,Team Heretics,omen,True,90,5,1,1,1,4,False,benjyfishy,Team Heretics,deadlock,True,100,25,0,0,0,3,False,Wo0t,Team Heretics,chamber,True,100,50,0,8,1,3,False,grubinho,GIANTX,omen,True,100,50,2,1,1,3,False,ara,GIANTX,raze,True,94,38,0,0,0,3,False,Cloud,GIANTX,fade,True,100,25,1,0,1,6,False,Flickless,GIANTX,viper,True,100,50,1,0,0,3,False,westside,GIANTX,cypher,True,100,50,0,0,0,5,False
2073.138,8877,ACTIVE_ROUND,16,3,12,84.000,,,MiniBoo,Team Heretics,raze,True,87,24,0,1,0,5,False,RieNs,Team Heretics,fade,True,100,25,1,1,0,6,False,Boo,Team Heretics,omen,True,90,5,1,1,1,4,False,benjyfishy,Team Heretics,deadlock,True,100,25,0,0,0,3,False,Wo0t,Team Heretics,chamber,True,100,50,0,8,1,3,False,grubinho,GIANTX,omen,True,100,50,2,1,1,3,False,ara,GIANTX,raze,True,94,38,0,0,0,3,False,Cloud,GIANTX,fade,True,100,25,1,0,1,6,False,Flickless,GIANTX,viper,True,100,50,1,0,0,3,False,westside,GIANTX,cypher,True,100,50,0,0,0,5,False
2073.371,8878,ACTIVE_ROUND,16,3,12,84.000,,,MiniBoo,Team Heretics,raze,True,87,24,0,1,0,5,False,RieNs,Team Heretics,fade,True,100,25,1,1,0,6,False,Boo,Team Heretics,omen,True,90,5,1,1,1,4,False,benjyfishy,Team Heretics,deadlock,True,100,25,0,0,0,3,False,Wo0t,Team Heretics,chamber,True,100,50,0,8,1,3,False,grubinho,GIANTX,omen,True,100,50,2,1,1,3,False,ara,GIANTX,raze,True,94,38,0,0,0,3,False,Cloud,GIANTX,fade,True,100,25,1,0,1,6,False,Flickless,GIANTX,viper,True,100,50,1,0,0,3,False,westside,GIANTX,cypher,True,100,50,0,0,0,5,False
2073.605,8879,ACTIVE_ROUND,16,3,12,83.000,,,MiniBoo,Team Heretics,raze,True,87,24,0,1,0,5,False,RieNs,Team Heretics,fade,True,100,25,1,1,0,6,False,Boo,Team Heretics,omen,True,90,5,1,1,1,4,False,benjyfishy,Team Heretics,deadlock,True,100,25,0,0,0,3,False,Wo0t,Team Heretics,chamber,True,100,50,0,8,1,3,False,grubinho,GIANTX,omen,True,100,50,2,1,1,3,False,ara,GIANTX,raze,True,94,38,0,0,0,3,False,Cloud,GIANTX,fade,True,100,25,1,0,1,6,False,Flickless,GIANTX,viper,True,100,50,1,0,0,3,False,westside,GIANTX,cypher,True,100,50,0,0,0,5,False
2073.838,8880,ACTIVE_ROUND,16,3,12,83.000,,,MiniBoo,Team Heretics,raze,True,87,24,0,1,0,5,False,RieNs,Team Heretics,fade,True,100,25,1,1,0,6,False,Boo,Team Heretics,omen,True,90,5,1,1,1,4,False,benjyfishy,Team Heretics,deadlock,True,100,25,0,0,0,3,False,Wo0t,Team Heretics,chamber,True,100,50,0,8,1,3,False,grubinho,GIANTX,omen,True,100,50,2,1,1,3,False,ara,GIANTX,raze,True,94,38,0,0,0,3,False,Cloud,GIANTX,fade,True,100,25,1,0,1,6,False,Flickless,GIANTX,viper,True,100,50,1,0,0,3,False,westside,GIANTX,cypher,True,100,50,0,0,0,5,False
2074.072,8881,ACTIVE_ROUND,16,3,12,83.000,,,MiniBoo,Team Heretics,raze,True,87,24,0,1,0,5,False,RieNs,Team Heretics,fade,True,100,25,1,1,0,6,False,Boo,Team Heretics,omen,True,90,5,1,1,1,4,False,benjyfishy,Team Heretics,deadlock,True,100,25,0,0,0,3,False,Wo0t,Team Heretics,chamber,True,100,50,0,8,1,3,False,grubinho,GIANTX,omen,True,100,50,2,1,1,3,False,ara,GIANTX,raze,True,94,38,0,0,0,3,False,Cloud,GIANTX,fade,True,100,25,1,0,1,6,False,Flickless,GIANTX,viper,True,100,50,1,0,0,3,False,westside,GIANTX,cypher,True,100,50,0,0,0,5,False
2074.306,8882,ACTIVE_ROUND,16,3,12,83.000,,,MiniBoo,Team Heretics,raze,True,87,24,0,1,0,5,False,RieNs,Team Heretics,fade,True,100,25,1,0,0,6,False,Boo,Team Heretics,omen,True,90,5,1,1,1,4,False,benjyfishy,Team Heretics,deadlock,True,100,25,0,0,0,3,False,Wo0t,Team Heretics,chamber,True,100,50,0,8,1,3,False,grubinho,GIANTX,omen,True,100,50,2,1,1,3,False,ara,GIANTX,raze,True,94,38,0,0,0,3,False,Cloud,GIANTX,fade,True,100,25,1,0,1,6,False,Flickless,GIANTX,viper,True,100,50,1,0,0,3,False,westside,GIANTX,cypher,True,100,50,0,0,0,5,False
2074.539,8883,ACTIVE_ROUND,16,3,12,82.000,,,MiniBoo,Team Heretics,raze,True,87,24,0,1,0,5,False,RieNs,Team Heretics,fade,True,100,25,1,0,0,6,False,Boo,Team Heretics,omen,True,90,5,1,1,1,4,False,benjyfishy,Team Heretics,deadlock,True,100,25,0,0,0,3,False,Wo0t,Team Heretics,chamber,True,100,50,0,8,1,3,False,grubinho,GIANTX,omen,True,100,50,2,1,1,3,False,ara,GIANTX,raze,True,94,38,0,0,0,3,False,Cloud,GIANTX,fade,True,100,25,1,0,1,6,False,Flickless,GIANTX,viper,True,100,50,1,0,0,3,False,westside,GIANTX,cypher,True,100,50,0,0,0,5,False
2074.773,8884,ACTIVE_ROUND,16,3,12,82.000,,,MiniBoo,Team Heretics,raze,True,87,24,0,1,0,5,False,RieNs,Team Heretics,fade,True,100,25,1,0,0,6,False,Boo,Team Heretics,omen,True,90,5,1,1,1,4,False,benjyfishy,Team Heretics,deadlock,True,100,25,0,0,0,3,False,Wo0t,Team Heretics,chamber,True,100,50,0,8,1,3,False,grubinho,GIANTX,omen,True,100,50,2,1,1,3,False,ara,GIANTX,raze,True,94,38,0,0,0,3,False,Cloud,GIANTX,fade,True,100,25,1,0,1,6,False,Flickless,GIANTX,viper,True,100,50,1,0,0,3,False,westside,GIANTX,cypher,True,100,50,0,0,0,5,False
2075.006,8885,ACTIVE_ROUND,16,3,12,82.000,,,MiniBoo,Team Heretics,raze,True,87,24,0,1,0,5,False,RieNs,Team Heretics,fade,True,100,25,1,0,0,6,False,Boo,Team Heretics,omen,True,90,5,1,1,1,4,False,benjyfishy,Team Heretics,deadlock,True,100,25,0,0,0,3,False,Wo0t,Team Heretics,chamber,True,100,50,0,8,1,3,False,grubinho,GIANTX,omen,True,100,50,2,1,1,3,False,ara,GIANTX,raze,True,94,38,0,0,0,3,False,Cloud,GIANTX,fade,True,100,25,1,0,1,6,False,Flickless,GIANTX,viper,True,100,50,1,0,0,3,False,westside,GIANTX,cypher,True,100,50,0,0,0,5,False
2075.240,8886,ACTIVE_ROUND,16,3,12,82.000,,,MiniBoo,Team Heretics,raze,True,87,24,0,1,0,5,False,RieNs,Team Heretics,fade,True,100,25,1,0,0,6,False,Boo,Team Heretics,omen,True,90,5,1,1,1,4,False,benjyfishy,Team Heretics,deadlock,True,100,25,0,0,0,3,False,Wo0t,Team Heretics,chamber,True,100,50,0,8,1,3,False,grubinho,GIANTX,omen,True,100,50,2,1,0,3,False,ara,GIANTX,raze,True,94,38,0,0,0,3,False,Cloud,GIANTX,fade,True,100,25,1,0,1,6,False,Flickless,GIANTX,viper,True,100,50,1,0,0,3,False,westside,GIANTX,cypher,True,100,50,0,0,0,5,False
2075.473,8887,ACTIVE_ROUND,16,3,12,82.000,,,MiniBoo,Team Heretics,raze,True,87,24,0,1,0,5,False,RieNs,Team Heretics,fade,True,100,25,1,0,0,6,False,Boo,Team Heretics,omen,True,90,5,1,1,1,4,False,benjyfishy,Team Heretics,deadlock,True,100,25,0,0,0,3,False,Wo0t,Team Heretics,chamber,True,100,50,0,8,1,3,False,grubinho,GIANTX,omen,True,100,50,2,1,0,3,False,ara,GIANTX,raze,True,94,38,0,0,0,3,False,Cloud,GIANTX,fade,True,100,25,1,0,1,6,False,Flickless,GIANTX,viper,True,100,50,1,0,0,3,False,westside,GIANTX,cypher,True,100,50,0,0,0,5,False
2075.707,8888,ACTIVE_ROUND,16,3,12,81.000,,,MiniBoo,Team Heretics,raze,True,87,24,0,1,0,5,False,RieNs,Team Heretics,fade,True,100,25,1,0,0,6,False,Boo,Team Heretics,omen,True,90,5,1,1,1,4,False,benjyfishy,Team Heretics,deadlock,True,100,25,0,0,0,3,False,Wo0t,Team Heretics,chamber,True,100,50,0,8,1,3,False,grubinho,GIANTX,omen,True,100,50,2,1,0,3,False,ara,GIANTX,raze,True,94,38,0,0,0,3,False,Cloud,GIANTX,fade,True,100,25,1,0,1,6,False,Flickless,GIANTX,viper,True,100,50,1,0,0,3,False,westside,GIANTX,cypher,True,100,50,0,0,0,5,False
2075.941,8889,ACTIVE_ROUND,16,3,12,81.000,,,MiniBoo,Team Heretics,raze,True,87,24,0,1,0,5,False,RieNs,Team Heretics,fade,True,100,25,1,0,0,6,False,Boo,Team Heretics,omen,True,90,5,1,1,1,4,False,benjyfishy,Team Heretics,deadlock,True,100,25,0,0,0,3,False,Wo0t,Team Heretics,chamber,True,100,50,0,8,1,3,False,grubinho,GIANTX,omen,True,100,50,2,1,0,3,False,ara,GIANTX,raze,True,94,38,0,0,0,3,False,Cloud,GIANTX,fade,True,100,25,1,0,1,6,False,Flickless,GIANTX,viper,True,100,50,1,0,0,3,False,westside,GIANTX,cypher,True,100,50,0,0,0,5,False
2076.174,8890,ACTIVE_ROUND,16,3,12,81.000,,,MiniBoo,Team Heretics,raze,True,87,24,0,1,0,5,False,RieNs,Team Heretics,fade,True,100,25,1,0,0,6,False,Boo,Team Heretics,omen,True,90,5,1,1,1,4,False,benjyfishy,Team Heretics,deadlock,True,100,25,0,0,0,3,False,Wo0t,Team Heretics,chamber,True,100,50,0,8,1,3,False,grubinho,GIANTX,omen,True,100,50,2,1,0,3,False,ara,GIANTX,raze,True,94,38,0,0,0,3,False,Cloud,GIANTX,fade,True,100,25,1,0,1,6,False,Flickless,GIANTX,viper,True,81,1,1,0,0,3,False,westside,GIANTX,cypher,True,100,50,0,0,0,5,False
2076.408,8891,ACTIVE_ROUND,16,3,12,81.000,,,MiniBoo,Team Heretics,raze,True,87,24,0,1,0,5,False,RieNs,Team Heretics,fade,True,100,25,1,0,0,6,False,Boo,Team Heretics,omen,True,90,5,1,1,1,4,False,benjyfishy,Team Heretics,deadlock,True,100,25,0,0,0,3,False,Wo0t,Team Heretics,chamber,True,100,50,0,8,1,3,False,grubinho,GIANTX,omen,True,100,50,2,1,0,3,False,ara,GIANTX,raze,True,94,38,0,0,0,3,False,Cloud,GIANTX,fade,True,100,25,1,0,1,6,False,Flickless,GIANTX,viper,True,81,1,1,0,0,3,False,westside,GIANTX,cypher,True,100,50,0,0,0,5,False
2076.641,8892,ACTIVE_ROUND,16,3,12,80.000,,,MiniBoo,Team Heretics,raze,True,87,24,0,1,0,5,False,RieNs,Team Heretics,fade,True,100,25,1,0,0,6,False,Boo,Team Heretics,omen,True,90,5,1,1,1,4,False,benjyfishy,Team Heretics,deadlock,True,100,25,0,0,0,3,False,Wo0t,Team Heretics,chamber,True,100,50,0,8,1,3,False,grubinho,GIANTX,omen,True,100,50,2,1,0,3,False,ara,GIANTX,raze,True,94,38,0,0,0,3,False,Cloud,GIANTX,fade,True,100,25,1,0,1,6,False,Flickless,GIANTX,viper,True,81,1,1,0,0,3,False,westside,GIANTX,cypher,True,100,50,0,0,0,5,False
2076.875,8893,ACTIVE_ROUND,16,3,12,80.000,,,MiniBoo,Team Heretics,raze,True,87,24,0,1,0,5,False,RieNs,Team Heretics,fade,True,100,25,1,0,0,6,False,Boo,Team Heretics,omen,True,90,5,1,1,1,4,False,benjyfishy,Team Heretics,deadlock,True,100,25,0,0,0,3,False,Wo0t,Team Heretics,chamber,True,100,50,0,8,1,3,False,grubinho,GIANTX,omen,True,100,50,2,1,0,3,False,ara,GIANTX,raze,True,94,38,0,0,0,3,False,Cloud,GIANTX,fade,True,100,25,1,0,1,6,False,Flickless,GIANTX,viper,True,81,1,1,0,0,3,False,westside,GIANTX,cypher,True,100,50,0,0,0,5,False
2077.108,8894,ACTIVE_ROUND,16,3,12,80.000,,,MiniBoo,Team Heretics,raze,True,87,24,0,1,0,5,False,RieNs,Team Heretics,fade,True,100,25,1,0,0,6,False,Boo,Team Heretics,omen,True,90,5,1,1,1,4,False,benjyfishy,Team Heretics,deadlock,True,100,25,0,0,0,3,False,Wo0t,Team Heretics,chamber,True,100,50,0,8,1,3,False,grubinho,GIANTX,omen,True,100,50,2,1,0,3,False,ara,GIANTX,raze,True,94,38,0,0,0,3,False,Cloud,GIANTX,fade,True,100,25,0,0,1,6,False,Flickless,GIANTX,viper,True,100,4,1,0,0,3,False,westside,GIANTX,cypher,True,100,50,0,0,0,5,False
2077.342,8895,ACTIVE_ROUND,16,3,12,80.000,,,MiniBoo,Team Heretics,raze,True,87,24,0,1,0,5,False,RieNs,Team Heretics,fade,True,100,25,1,0,0,6,False,Boo,Team Heretics,omen,True,90,5,1,1,1,4,False,benjyfishy,Team Heretics,deadlock,True,100,25,0,0,0,3,False,Wo0t,Team Heretics,chamber,True,100,50,0,8,1,3,False,grubinho,GIANTX,omen,True,100,50,2,1,0,3,False,ara,GIANTX,raze,True,94,38,0,0,0,3,False,Cloud,GIANTX,fade,True,100,25,0,0,1,6,False,Flickless,GIANTX,viper,True,100,4,1,0,0,3,False,westside,GIANTX,cypher,True,100,50,0,0,0,5,False
2077.575,8896,ACTIVE_ROUND,16,3,12,79.000,,,MiniBoo,Team Heretics,raze,True,87,24,0,1,0,5,False,RieNs,Team Heretics,fade,True,100,25,1,0,0,6,False,Boo,Team Heretics,omen,True,90,5,1,1,1,4,False,benjyfishy,Team Heretics,deadlock,True,100,25,0,0,0,3,False,Wo0t,Team Heretics,chamber,True,100,50,0,8,1,3,False,grubinho,GIANTX,omen,True,100,50,2,1,0,3,False,ara,GIANTX,raze,True,94,38,0,0,0,3,False,Cloud,GIANTX,fade,True,100,25,0,0,1,6,False,Flickless,GIANTX,viper,True,100,4,1,0,0,3,False,westside,GIANTX,cypher,True,100,50,0,0,0,5,False
2077.809,8897,ACTIVE_ROUND,16,3,12,79.000,,,MiniBoo,Team Heretics,raze,True,87,24,0,1,0,5,False,RieNs,Team Heretics,fade,True,100,25,1,0,0,6,False,Boo,Team Heretics,omen,True,90,5,1,1,1,4,False,benjyfishy,Team Heretics,deadlock,True,100,25,0,0,0,3,False,Wo0t,Team Heretics,chamber,True,100,50,0,8,1,3,False,grubinho,GIANTX,omen,True,100,50,2,1,0,3,False,ara,GIANTX,raze,True,94,38,0,0,0,3,False,Cloud,GIANTX,fade,True,100,25,0,0,1,6,False,Flickless,GIANTX,viper,True,100,4,1,0,0,3,False,westside,GIANTX,cypher,True,100,50,0,0,0,5,False
2078.043,8898,ACTIVE_ROUND,16,3,12,79.000,,,MiniBoo,Team Heretics,raze,True,87,24,0,1,0,5,False,RieNs,Team Heretics,fade,True,100,25,1,0,0,6,False,Boo,Team Heretics,omen,True,90,5,1,1,1,4,False,benjyfishy,Team Heretics,deadlock,True,100,25,0,0,0,3,False,Wo0t,Team Heretics,chamber,True,100,50,0,8,1,3,False,grubinho,GIANTX,omen,True,100,50,2,1,0,3,False,ara,GIANTX,raze,True,94,38,0,0,0,3,False,Cloud,GIANTX,fade,True,100,25,0,0,1,6,False,Flickless,GIANTX,viper,True,100,4,1,0,0,3,False,westside,GIANTX,cypher,True,100,50,0,0,0,5,False
2078.276,8899,ACTIVE_ROUND,16,3,12,79.000,,,MiniBoo,Team Heretics,raze,True,87,22,0,1,0,5,False,RieNs,Team Heretics,fade,True,100,25,1,0,0,6,False,Boo,Team Heretics,omen,True,90,5,1,1,1,4,False,benjyfishy,Team Heretics,deadlock,True,100,25,0,0,0,3,False,Wo0t,Team Heretics,chamber,True,100,50,0,8,1,3,False,grubinho,GIANTX,omen,True,100,50,2,1,0,3,False,ara,GIANTX,raze,True,94,38,0,0,0,3,False,Cloud,GIANTX,fade,True,100,25,0,0,1,6,False,Flickless,GIANTX,viper,True,100,23,1,0,0,3,False,westside,GIANTX,cypher,True,100,50,0,0,0,5,False
2078.510,8900,ACTIVE_ROUND,16,3,12,79.000,,,MiniBoo,Team Heretics,raze,True,87,2,0,1,0,5,False,RieNs,Team Heretics,fade,True,100,25,1,0,0,6,False,Boo,Team Heretics,omen,True,90,5,1,1,1,4,False,benjyfishy,Team Heretics,deadlock,True,100,25,0,0,0,3,False,Wo0t,Team Heretics,chamber,True,100,50,0,8,1,3,False,grubinho,GIANTX,omen,True,100,50,2,1,0,3,False,ara,GIANTX,raze,True,94,38,0,0,0,3,False,Cloud,GIANTX,fade,True,100,25,0,0,1,6,False,Flickless,GIANTX,viper,True,100,23,1,0,0,3,False,westside,GIANTX,cypher,True,100,50,0,0,0,5,False
2078.743,8901,ACTIVE_ROUND,16,3,12,78.000,,,MiniBoo,Team Heretics,raze,True,87,2,0,1,0,5,False,RieNs,Team Heretics,fade,True,100,25,1,0,0,6,False,Boo,Team Heretics,omen,True,90,5,1,1,1,4,False,benjyfishy,Team Heretics,deadlock,True,100,25,0,0,0,3,False,Wo0t,Team Heretics,chamber,True,100,50,0,8,1,3,False,grubinho,GIANTX,omen,True,100,50,2,1,0,3,False,ara,GIANTX,raze,True,94,38,0,0,0,3,False,Cloud,GIANTX,fade,True,100,25,0,0,1,6,False,Flickless,GIANTX,viper,True,100,23,1,0,0,3,False,westside,GIANTX,cypher,True,100,50,0,0,0,5,False
2078.977,8902,ACTIVE_ROUND,16,3,12,78.000,,,MiniBoo,Team Heretics,raze,True,87,22,0,1,0,5,False,RieNs,Team Heretics,fade,True,100,25,1,0,0,6,False,Boo,Team Heretics,omen,True,90,5,1,1,1,4,False,benjyfishy,Team Heretics,deadlock,True,100,25,0,0,0,3,False,Wo0t,Team Heretics,chamber,True,100,50,0,8,1,3,False,grubinho,GIANTX,omen,True,100,50,2,1,0,3,False,ara,GIANTX,raze,True,94,38,0,0,0,3,False,Cloud,GIANTX,fade,True,100,25,0,0,1,6,False,Flickless,GIANTX,viper,True,100,23,1,0,0,3,False,westside,GIANTX,cypher,True,100,50,0,0,0,5,False
2079.210,8903,ACTIVE_ROUND,16,3,12,78.000,,,MiniBoo,Team Heretics,raze,True,87,22,0,1,0,5,False,RieNs,Team Heretics,fade,True,100,25,0,0,0,6,False,Boo,Team Heretics,omen,True,90,5,1,1,1,4,False,benjyfishy,Team Heretics,deadlock,True,85,25,0,0,0,3,False,Wo0t,Team Heretics,chamber,True,100,50,0,8,1,3,False,grubinho,GIANTX,omen,True,100,50,2,1,0,3,False,ara,GIANTX,raze,True,94,38,0,0,0,3,False,Cloud,GIANTX,fade,True,100,25,0,0,1,6,False,Flickless,GIANTX,viper,True,100,39,1,0,0,3,False,westside,GIANTX,cypher,True,100,50,0,0,0,5,False
2079.444,8904,ACTIVE_ROUND,16,3,12,78.000,,,MiniBoo,Team Heretics,raze,True,87,22,0,1,0,5,False,RieNs,Team Heretics,fade,False,,25,0,0,0,6,False,Boo,Team Heretics,omen,True,90,5,1,1,1,4,False,benjyfishy,Team Heretics,deadlock,True,85,25,0,0,0,3,False,Wo0t,Team Heretics,chamber,True,100,50,0,8,1,3,False,grubinho,GIANTX,omen,True,100,50,2,1,0,3,False,ara,GIANTX,raze,True,94,38,0,0,0,3,False,Cloud,GIANTX,fade,True,100,25,0,0,1,6,False,Flickless,GIANTX,viper,True,100,39,1,0,0,3,False,westside,GIANTX,cypher,True,100,50,0,0,0,5,False
2079.678,8905,ACTIVE_ROUND,16,3,12,77.000,,,MiniBoo,Team Heretics,raze,True,87,22,0,1,0,5,False,RieNs,Team Heretics,fade,False,,25,0,0,0,6,False,Boo,Team Heretics,omen,True,90,5,1,1,1,4,False,benjyfishy,Team Heretics,deadlock,True,85,25,0,0,0,3,False,Wo0t,Team Heretics,chamber,True,100,50,0,8,1,3,False,grubinho,GIANTX,omen,True,100,50,2,1,0,3,False,ara,GIANTX,raze,True,94,38,0,0,0,3,False,Cloud,GIANTX,fade,True,100,25,0,0,1,6,False,Flickless,GIANTX,viper,True,100,39,1,0,0,3,False,westside,GIANTX,cypher,True,100,50,0,0,0,5,False
2079.911,8906,ACTIVE_ROUND,16,3,12,77.000,,,MiniBoo,Team Heretics,raze,True,87,22,0,1,0,5,False,RieNs,Team Heretics,fade,False,,25,0,0,0,6,False,Boo,Team Heretics,omen,True,90,5,1,1,1,4,False,benjyfishy,Team Heretics,deadlock,True,85,25,0,0,0,3,False,Wo0t,Team Heretics,chamber,True,100,50,0,8,1,3,False,grubinho,GIANTX,omen,True,100,50,2,1,0,3,False,ara,GIANTX,raze,True,94,38,0,0,0,3,False,Cloud,GIANTX,fade,True,100,25,0,0,1,6,False,Flickless,GIANTX,viper,True,100,39,1,0,0,3,False,westside,GIANTX,cypher,True,100,50,0,0,0,5,False
2080.145,8907,ACTIVE_ROUND,16,3,12,77.000,,,MiniBoo,Team Heretics,raze,True,87,24,0,1,0,5,False,RieNs,Team Heretics,fade,False,,25,0,0,0,6,False,Boo,Team Heretics,omen,True,90,5,1,1,1,4,False,benjyfishy,Team Heretics,deadlock,True,85,25,0,0,0,3,False,Wo0t,Team Heretics,chamber,True,100,50,0,6,1,3,False,grubinho,GIANTX,omen,True,100,50,2,1,0,3,False,ara,GIANTX,raze,True,94,38,0,0,0,3,False,Cloud,GIANTX,fade,True,100,25,0,0,0,6,False,Flickless,GIANTX,viper,True,88,25,1,0,0,4,False,westside,GIANTX,cypher,True,100,50,0,0,0,5,False
2080.378,8908,ACTIVE_ROUND,16,3,12,77.000,,,MiniBoo,Team Heretics,raze,True,87,24,0,1,0,5,False,RieNs,Team Heretics,fade,False,,25,0,0,0,6,False,Boo,Team Heretics,omen,True,90,5,1,1,1,4,False,benjyfishy,Team Heretics,deadlock,True,85,25,0,0,0,3,False,Wo0t,Team Heretics,chamber,True,100,50,0,6,1,3,False,grubinho,GIANTX,omen,True,100,50,2,1,0,3,False,ara,GIANTX,raze,True,94,38,0,0,0,3,False,Cloud,GIANTX,fade,True,100,25,0,0,0,6,False,Flickless,GIANTX,viper,True,88,25,1,0,0,4,False,westside,GIANTX,cypher,True,100,50,0,0,0,5,False
2080.612,8909,ACTIVE_ROUND,16,3,12,76.000,,,MiniBoo,Team Heretics,raze,True,87,24,0,1,0,5,False,RieNs,Team Heretics,fade,False,,25,0,0,0,6,False,Boo,Team Heretics,omen,True,90,5,1,1,1,4,False,benjyfishy,Team Heretics,deadlock,True,85,25,0,0,0,3,False,Wo0t,Team Heretics,chamber,True,100,50,0,6,1,3,False,grubinho,GIANTX,omen,True,100,50,2,1,0,3,False,ara,GIANTX,raze,True,94,38,0,0,0,3,False,Cloud,GIANTX,fade,True,100,25,0,0,0,6,False,Flickless,GIANTX,viper,True,88,25,1,0,0,4,False,westside,GIANTX,cypher,True,100,50,0,0,0,5,False
2080.845,8910,ACTIVE_ROUND,16,3,12,76.000,,,MiniBoo,Team Heretics,raze,True,87,24,0,1,0,5,False,RieNs,Team Heretics,fade,False,,25,0,0,0,6,False,Boo,Team Heretics,omen,True,90,5,1,1,1,4,False,benjyfishy,Team Heretics,deadlock,True,85,25,0,0,0,3,False,Wo0t,Team Heretics,chamber,True,100,50,0,6,1,3,False,grubinho,GIANTX,omen,True,100,50,2,1,0,3,False,ara,GIANTX,raze,True,94,38,0,0,0,3,False,Cloud,GIANTX,fade,True,100,25,0,0,0,6,False,Flickless,GIANTX,viper,True,88,25,1,0,0,4,False,westside,GIANTX,cypher,True,100,50,0,0,0,5,False
2081.079,8911,ACTIVE_ROUND,16,3,12,76.000,,,MiniBoo,Team Heretics,raze,True,87,24,0,1,0,5,False,RieNs,Team Heretics,fade,False,,25,0,0,0,6,False,Boo,Team Heretics,omen,True,90,5,1,1,1,4,False,benjyfishy,Team Heretics,deadlock,True,85,25,0,0,0,3,False,Wo0t,Team Heretics,chamber,True,100,50,0,6,1,3,False,grubinho,GIANTX,omen,True,100,50,2,1,0,3,False,ara,GIANTX,raze,True,94,38,0,0,0,3,False,Cloud,GIANTX,fade,True,100,25,0,0,0,6,False,Flickless,GIANTX,viper,True,88,25,1,0,0,4,False,westside,GIANTX,cypher,True,100,50,0,0,0,5,False
2081.313,8912,ACTIVE_ROUND,16,3,12,76.000,,,MiniBoo,Team Heretics,raze,True,87,24,0,1,0,5,False,RieNs,Team Heretics,fade,False,,25,0,0,0,6,False,Boo,Team Heretics,omen,True,54,5,1,1,1,4,False,benjyfishy,Team Heretics,deadlock,True,45,25,0,0,0,3,False,Wo0t,Team Heretics,chamber,True,100,50,0,6,1,3,False,grubinho,GIANTX,omen,True,100,50,2,1,0,3,False,ara,GIANTX,raze,True,94,38,0,0,0,3,False,Cloud,GIANTX,fade,True,100,25,0,0,0,6,False,Flickless,GIANTX,viper,True,88,26,1,0,0,4,False,westside,GIANTX,cypher,True,100,50,0,0,0,5,False
2081.546,8913,ACTIVE_ROUND,16,3,12,75.000,,,MiniBoo,Team Heretics,raze,True,87,24,0,1,0,5,False,RieNs,Team Heretics,fade,False,,25,0,0,0,6,False,Boo,Team Heretics,omen,True,54,5,1,1,1,4,False,benjyfishy,Team Heretics,deadlock,True,45,25,0,0,0,3,False,Wo0t,Team Heretics,chamber,True,100,50,0,6,1,3,False,grubinho,GIANTX,omen,True,100,50,2,1,0,3,False,ara,GIANTX,raze,True,94,38,0,0,0,3,False,Cloud,GIANTX,fade,True,100,25,0,0,0,6,False,Flickless,GIANTX,viper,True,88,26,1,0,0,4,False,westside,GIANTX,cypher,True,100,50,0,0,0,5,False
2081.780,8914,ACTIVE_ROUND,16,3,12,75.000,,,MiniBoo,Team Heretics,raze,True,87,24,0,1,0,5,False,RieNs,Team Heretics,fade,False,,25,0,0,0,6,False,Boo,Team Heretics,omen,True,54,5,1,1,1,4,False,benjyfishy,Team Heretics,deadlock,True,45,25,0,0,0,3,False,Wo0t,Team Heretics,chamber,True,100,50,0,6,1,3,False,grubinho,GIANTX,omen,True,100,50,2,1,0,3,False,ara,GIANTX,raze,True,94,38,0,0,0,3,False,Cloud,GIANTX,fade,False,,25,0,0,0,6,False,Flickless,GIANTX,viper,True,88,26,1,0,0,4,False,westside,GIANTX,cypher,True,100,50,0,0,0,5,False
2082.013,8915,ACTIVE_ROUND,16,3,12,75.000,,,MiniBoo,Team Heretics,raze,True,87,24,0,1,0,5,False,RieNs,Team Heretics,fade,False,,25,0,0,0,6,False,Boo,Team Heretics,omen,True,54,5,1,1,1,4,False,benjyfishy,Team Heretics,deadlock,True,45,25,0,0,0,3,False,Wo0t,Team Heretics,chamber,True,100,50,0,6,1,3,False,grubinho,GIANTX,omen,True,100,50,2,1,0,3,False,ara,GIANTX,raze,True,94,38,0,0,0,3,False,Cloud,GIANTX,fade,False,,25,0,0,0,6,False,Flickless,GIANTX,viper,True,88,26,1,0,0,4,False,westside,GIANTX,cypher,True,100,50,0,0,0,5,False
2082.247,8916,ACTIVE_ROUND,16,3,12,75.000,,,MiniBoo,Team Heretics,raze,True,87,24,0,1,0,6,False,RieNs,Team Heretics,fade,False,,25,0,0,0,6,False,Boo,Team Heretics,omen,True,23,5,1,1,1,4,False,benjyfishy,Team Heretics,deadlock,True,45,25,0,0,0,4,False,Wo0t,Team Heretics,chamber,True,87,24,0,6,1,3,False,grubinho,GIANTX,omen,True,100,50,0,0,0,4,False,ara,GIANTX,raze,True,94,38,0,0,0,3,False,Cloud,GIANTX,fade,False,,25,0,0,0,6,False,Flickless,GIANTX,viper,True,79,7,1,0,0,4,False,westside,GIANTX,cypher,True,100,50,0,0,0,5,False
2082.480,8917,ACTIVE_ROUND,16,3,12,75.000,,,MiniBoo,Team Heretics,raze,True,87,24,0,1,0,6,False,RieNs,Team Heretics,fade,False,,25,0,0,0,6,False,Boo,Team Heretics,omen,True,23,5,1,1,1,4,False,benjyfishy,Team Heretics,deadlock,True,45,25,0,0,0,4,False,Wo0t,Team Heretics,chamber,True,87,24,0,6,1,3,False,grubinho,GIANTX,omen,False,,50,0,0,0,4,False,ara,GIANTX,raze,True,94,38,0,0,0,3,False,Cloud,GIANTX,fade,False,,25,0,0,0,6,False,Flickless,GIANTX,viper,True,79,7,0,0,0,4,False,westside,GIANTX,cypher,True,100,50,0,0,0,5,False
2082.714,8918,ACTIVE_ROUND,16,3,12,74.000,,,MiniBoo,Team Heretics,raze,True,87,24,0,1,0,6,False,RieNs,Team Heretics,fade,False,,25,0,0,0,6,False,Boo,Team Heretics,omen,True,23,5,1,1,1,4,False,benjyfishy,Team Heretics,deadlock,True,45,25,0,0,0,4,False,Wo0t,Team Heretics,chamber,True,87,24,0,6,1,3,False,grubinho,GIANTX,omen,False,,50,0,0,0,4,False,ara,GIANTX,raze,True,94,38,0,0,0,3,False,Cloud,GIANTX,fade,False,,25,0,0,0,6,False,Flickless,GIANTX,viper,False,,7,0,0,0,4,False,westside,GIANTX,cypher,True,100,50,0,0,0,5,False
2082.948,8919,ACTIVE_ROUND,16,3,12,74.000,,,MiniBoo,Team Heretics,raze,True,87,24,0,1,0,6,False,RieNs,Team Heretics,fade,False,,25,0,0,0,6,False,Boo,Team Heretics,omen,True,23,5,1,1,1,4,False,benjyfishy,Team Heretics,deadlock,True,45,25,0,0,0,4,False,Wo0t,Team Heretics,chamber,True,87,24,0,6,1,3,False,grubinho,GIANTX,omen,False,,50,0,0,0,4,False,ara,GIANTX,raze,True,94,38,0,0,0,3,False,Cloud,GIANTX,fade,False,,25,0,0,0,6,False,Flickless,GIANTX,viper,False,,7,0,0,0,4,False,westside,GIANTX,cypher,True,100,50,0,0,0,5,False
2083.181,8920,ACTIVE_ROUND,16,3,12,74.000,,,MiniBoo,Team Heretics,raze,True,87,24,0,1,0,6,False,RieNs,Team Heretics,fade,False,,25,0,0,0,6,False,Boo,Team Heretics,omen,True,23,5,1,1,1,4,False,benjyfishy,Team Heretics,deadlock,True,45,25,0,0,0,4,False,Wo0t,Team Heretics,chamber,True,30,24,0,6,1,4,False,grubinho,GIANTX,omen,False,,50,0,0,0,4,False,ara,GIANTX,raze,True,94,38,0,0,0,3,False,Cloud,GIANTX,fade,False,,25,0,0,0,6,False,Flickless,GIANTX,viper,False,,7,0,0,0,4,False,westside,GIANTX,cypher,True,100,50,0,0,0,5,False
2083.415,8921,ACTIVE_ROUND,16,3,12,74.000,,,MiniBoo,Team Heretics,raze,True,87,24,0,1,0,6,False,RieNs,Team Heretics,fade,False,,25,0,0,0,6,False,Boo,Team Heretics,omen,True,23,5,1,1,1,4,False,benjyfishy,Team Heretics,deadlock,True,45,25,0,0,0,4,False,Wo0t,Team Heretics,chamber,True,30,24,0,6,1,4,False,grubinho,GIANTX,omen,False,,50,0,0,0,4,False,ara,GIANTX,raze,True,94,38,0,0,0,3,False,Cloud,GIANTX,fade,False,,25,0,0,0,6,False,Flickless,GIANTX,viper,False,,7,0,0,0,4,False,westside,GIANTX,cypher,True,100,50,0,0,0,5,False
2083.648,8922,ACTIVE_ROUND,16,3,12,73.000,,,MiniBoo,Team Heretics,raze,True,87,24,0,1,0,6,False,RieNs,Team Heretics,fade,False,,25,0,0,0,6,False,Boo,Team Heretics,omen,True,23,5,1,1,1,4,False,benjyfishy,Team Heretics,deadlock,True,45,25,0,0,0,4,False,Wo0t,Team Heretics,chamber,True,30,24,0,6,1,4,False,grubinho,GIANTX,omen,False,,50,0,0,0,4,False,ara,GIANTX,raze,True,94,38,0,0,0,3,False,Cloud,GIANTX,fade,False,,25,0,0,0,6,False,Flickless,GIANTX,viper,False,,7,0,0,0,4,False,westside,GIANTX,cypher,True,100,50,0,0,0,5,False
2083.882,8923,ACTIVE_ROUND,16,3,12,73.000,,,MiniBoo,Team Heretics,raze,True,87,24,0,1,0,6,False,RieNs,Team Heretics,fade,False,,25,0,0,0,6,False,Boo,Team Heretics,omen,True,23,5,1,1,1,4,False,benjyfishy,Team Heretics,deadlock,True,45,25,0,0,0,4,False,Wo0t,Team Heretics,chamber,True,30,24,0,6,1,4,False,grubinho,GIANTX,omen,False,,50,0,0,0,4,False,ara,GIANTX,raze,True,94,38,0,0,0,3,False,Cloud,GIANTX,fade,False,,25,0,0,0,6,False,Flickless,GIANTX,viper,False,,7,0,0,0,4,False,westside,GIANTX,cypher,True,100,50,0,0,0,5,False
2084.115,8924,ACTIVE_ROUND,16,3,12,73.000,,,MiniBoo,Team Heretics,raze,True,87,24,0,1,0,6,False,RieNs,Team Heretics,fade,False,,25,0,0,0,6,False,Boo,Team Heretics,omen,True,23,5,1,1,1,4,False,benjyfishy,Team Heretics,deadlock,True,45,25,0,0,0,4,False,Wo0t,Team Heretics,chamber,True,30,24,0,6,1,4,False,grubinho,GIANTX,omen,False,,50,0,0,0,4,False,ara,GIANTX,raze,True,94,38,0,0,0,3,False,Cloud,GIANTX,fade,False,,25,0,0,0,6,False,Flickless,GIANTX,viper,False,,7,0,0,0,4,False,westside,GIANTX,cypher,True,100,50,0,0,0,5,False
2084.349,8925,ACTIVE_ROUND,16,3,12,73.000,,,MiniBoo,Team Heretics,raze,True,87,24,0,1,0,6,False,RieNs,Team Heretics,fade,False,,25,0,0,0,6,False,Boo,Team Heretics,omen,True,23,5,1,1,1,4,False,benjyfishy,Team Heretics,deadlock,True,45,25,0,0,0,4,False,Wo0t,Team Heretics,chamber,True,30,24,0,6,1,4,False,grubinho,GIANTX,omen,False,,50,0,0,0,4,False,ara,GIANTX,raze,True,94,38,0,0,0,3,False,Cloud,GIANTX,fade,False,,25,0,0,0,6,False,Flickless,GIANTX,viper,False,,7,0,0,0,4,False,westside,GIANTX,cypher,True,100,50,0,0,0,5,False
2084.582,8926,ACTIVE_ROUND,16,3,12,72.000,,,MiniBoo,Team Heretics,raze,True,87,24,0,1,0,6,False,RieNs,Team Heretics,fade,False,,25,0,0,0,6,False,Boo,Team Heretics,omen,True,23,5,1,1,1,4,False,benjyfishy,Team Heretics,deadlock,True,45,25,0,0,0,4,False,Wo0t,Team Heretics,chamber,True,30,24,0,6,1,4,False,grubinho,GIANTX,omen,False,,50,0,0,0,4,False,ara,GIANTX,raze,True,94,38,0,0,0,3,False,Cloud,GIANTX,fade,False,,25,0,0,0,6,False,Flickless,GIANTX,viper,False,,7,0,0,0,4,False,westside,GIANTX,cypher,True,100,50,0,0,0,5,False
2084.816,8927,ACTIVE_ROUND,16,3,12,72.000,,,MiniBoo,Team Heretics,raze,True,87,24,0,1,0,6,False,RieNs,Team Heretics,fade,False,,25,0,0,0,6,False,Boo,Team Heretics,omen,True,23,5,1,1,1,4,False,benjyfishy,Team Heretics,deadlock,True,45,25,0,0,0,4,False,Wo0t,Team Heretics,chamber,True,30,24,0,6,1,4,False,grubinho,GIANTX,omen,False,,50,0,0,0,4,False,ara,GIANTX,raze,True,94,38,0,0,0,3,False,Cloud,GIANTX,fade,False,,25,0,0,0,6,False,Flickless,GIANTX,viper,False,,7,0,0,0,4,False,westside,GIANTX,cypher,True,100,50,0,0,0,5,False
2085.050,8928,ACTIVE_ROUND,16,3,12,72.000,,,MiniBoo,Team Heretics,raze,True,87,24,0,1,0,6,False,RieNs,Team Heretics,fade,False,,25,0,0,0,6,False,Boo,Team Heretics,omen,True,23,5,1,1,1,4,False,benjyfishy,Team Heretics,deadlock,True,45,25,0,0,0,4,False,Wo0t,Team Heretics,chamber,True,30,24,0,6,1,4,False,grubinho,GIANTX,omen,False,,50,0,0,0,4,False,ara,GIANTX,raze,True,94,38,0,0,0,3,False,Cloud,GIANTX,fade,False,,25,0,0,0,6,False,Flickless,GIANTX,viper,False,,7,0,0,0,4,False,westside,GIANTX,cypher,True,100,50,0,0,0,5,False
2085.283,8929,ACTIVE_ROUND,16,3,12,72.000,,,MiniBoo,Team Heretics,raze,True,87,24,0,1,0,6,False,RieNs,Team Heretics,fade,False,,25,0,0,0,6,False,Boo,Team Heretics,omen,True,23,5,1,1,1,4,False,benjyfishy,Team Heretics,deadlock,True,45,25,0,0,0,4,False,Wo0t,Team Heretics,chamber,True,30,24,0,6,0,4,False,grubinho,GIANTX,omen,False,,50,0,0,0,4,False,ara,GIANTX,raze,True,94,38,0,0,0,3,False,Cloud,GIANTX,fade,False,,25,0,0,0,6,False,Flickless,GIANTX,viper,False,,7,0,0,0,4,False,westside,GIANTX,cypher,True,100,50,0,0,0,5,False
2085.517,8930,ACTIVE_ROUND,16,3,12,72.000,,,MiniBoo,Team Heretics,raze,True,87,24,0,1,0,6,False,RieNs,Team Heretics,fade,False,,25,0,0,0,6,False,Boo,Team Heretics,omen,True,23,5,1,1,1,4,False,benjyfishy,Team Heretics,deadlock,True,45,25,0,0,0,4,False,Wo0t,Team Heretics,chamber,True,30,24,0,6,0,4,False,grubinho,GIANTX,omen,False,,50,0,0,0,4,False,ara,GIANTX,raze,True,94,38,0,0,0,3,False,Cloud,GIANTX,fade,False,,25,0,0,0,6,False,Flickless,GIANTX,viper,False,,7,0,0,0,4,False,westside,GIANTX,cypher,True,100,50,0,0,0,5,False
2085.750,8931,ACTIVE_ROUND,16,3,12,71.000,,,MiniBoo,Team Heretics,raze,True,87,24,0,1,0,6,False,RieNs,Team Heretics,fade,False,,25,0,0,0,6,False,Boo,Team Heretics,omen,True,23,5,1,1,1,4,False,benjyfishy,Team Heretics,deadlock,True,45,25,0,0,0,4,False,Wo0t,Team Heretics,chamber,True,30,24,0,6,0,4,False,grubinho,GIANTX,omen,False,,50,0,0,0,4,False,ara,GIANTX,raze,True,94,38,0,0,0,3,False,Cloud,GIANTX,fade,False,,25,0,0,0,6,False,Flickless,GIANTX,viper,False,,7,0,0,0,4,False,westside,GIANTX,cypher,True,100,50,0,0,0,5,False
2085.984,8932,ACTIVE_ROUND,16,3,12,71.000,,,MiniBoo,Team Heretics,raze,True,87,24,0,1,0,6,False,RieNs,Team Heretics,fade,False,,25,0,0,0,6,False,Boo,Team Heretics,omen,True,23,5,1,1,1,4,False,benjyfishy,Team Heretics,deadlock,True,45,25,0,0,0,4,False,Wo0t,Team Heretics,chamber,True,30,24,0,6,0,4,False,grubinho,GIANTX,omen,False,,50,0,0,0,4,False,ara,GIANTX,raze,True,94,38,0,0,0,3,False,Cloud,GIANTX,fade,False,,25,0,0,0,6,False,Flickless,GIANTX,viper,False,,7,0,0,0,4,False,westside,GIANTX,cypher,True,100,50,0,0,0,5,False
2086.217,8933,ACTIVE_ROUND,16,3,12,71.000,,,MiniBoo,Team Heretics,raze,True,87,24,0,1,0,6,False,RieNs,Team Heretics,fade,False,,25,0,0,0,6,False,Boo,Team Heretics,omen,True,23,5,1,1,1,4,False,benjyfishy,Team Heretics,deadlock,True,45,25,0,0,0,4,False,Wo0t,Team Heretics,chamber,True,30,24,0,6,0,4,False,grubinho,GIANTX,omen,False,,50,0,0,0,4,False,ara,GIANTX,raze,True,94,38,0,0,0,3,False,Cloud,GIANTX,fade,False,,25,0,0,0,6,False,Flickless,GIANTX,viper,False,,7,0,0,0,4,False,westside,GIANTX,cypher,True,100,50,0,0,0,5,False
2086.451,8934,ACTIVE_ROUND,16,3,12,71.000,,,MiniBoo,Team Heretics,raze,True,87,24,0,1,0,6,False,RieNs,Team Heretics,fade,False,,25,0,0,0,6,False,Boo,Team Heretics,omen,True,23,5,1,1,1,4,False,benjyfishy,Team Heretics,deadlock,True,45,25,0,0,0,4,False,Wo0t,Team Heretics,chamber,True,30,24,0,6,0,4,False,grubinho,GIANTX,omen,False,,50,0,0,0,4,False,ara,GIANTX,raze,True,94,38,0,0,0,3,False,Cloud,GIANTX,fade,False,,25,0,0,0,6,False,Flickless,GIANTX,viper,False,,7,0,0,0,4,False,westside,GIANTX,cypher,True,100,50,0,0,0,5,False
2086.685,8935,ACTIVE_ROUND,16,3,12,70.000,,,MiniBoo,Team Heretics,raze,True,87,24,0,1,0,6,False,RieNs,Team Heretics,fade,False,,25,0,0,0,6,False,Boo,Team Heretics,omen,True,23,5,1,1,1,4,False,benjyfishy,Team Heretics,deadlock,True,45,25,0,0,0,4,False,Wo0t,Team Heretics,chamber,True,30,24,0,6,0,4,False,grubinho,GIANTX,omen,False,,50,0,0,0,4,False,ara,GIANTX,raze,True,94,38,0,0,0,3,False,Cloud,GIANTX,fade,False,,25,0,0,0,6,False,Flickless,GIANTX,viper,False,,7,0,0,0,4,False,westside,GIANTX,cypher,True,100,50,0,0,0,5,False
2086.918,8936,ACTIVE_ROUND,16,3,12,70.000,,,MiniBoo,Team Heretics,raze,True,87,24,0,1,0,6,False,RieNs,Team Heretics,fade,False,,25,0,0,0,6,False,Boo,Team Heretics,omen,True,23,5,1,1,1,4,False,benjyfishy,Team Heretics,deadlock,True,45,25,0,0,0,4,False,Wo0t,Team Heretics,chamber,True,30,24,0,6,0,4,False,grubinho,GIANTX,omen,False,,50,0,0,0,4,False,ara,GIANTX,raze,True,94,38,0,0,0,3,False,Cloud,GIANTX,fade,False,,25,0,0,0,6,False,Flickless,GIANTX,viper,False,,7,0,0,0,4,False,westside,GIANTX,cypher,True,100,50,0,0,0,5,False
2087.152,8937,ACTIVE_ROUND,16,3,12,70.000,,,MiniBoo,Team Heretics,raze,True,87,24,0,1,0,6,False,RieNs,Team Heretics,fade,False,,25,0,0,0,6,False,Boo,Team Heretics,omen,True,23,5,1,1,0,4,False,benjyfishy,Team Heretics,deadlock,True,45,25,0,0,0,4,False,Wo0t,Team Heretics,chamber,True,30,24,0,6,0,4,False,grubinho,GIANTX,omen,False,,50,0,0,0,4,False,ara,GIANTX,raze,True,94,38,0,0,0,3,False,Cloud,GIANTX,fade,False,,25,0,0,0,6,False,Flickless,GIANTX,viper,False,,7,0,0,0,4,False,westside,GIANTX,cypher,True,100,50,0,0,0,5,False
2087.385,8938,ACTIVE_ROUND,16,3,12,70.000,,,MiniBoo,Team Heretics,raze,True,87,24,0,1,0,6,False,RieNs,Team Heretics,fade,False,,25,0,0,0,6,False,Boo,Team Heretics,omen,True,23,5,1,1,0,4,False,benjyfishy,Team Heretics,deadlock,True,45,25,0,0,0,4,False,Wo0t,Team Heretics,chamber,True,30,24,0,6,0,4,False,grubinho,GIANTX,omen,False,,50,0,0,0,4,False,ara,GIANTX,raze,True,94,38,0,0,0,3,False,Cloud,GIANTX,fade,False,,25,0,0,0,6,False,Flickless,GIANTX,viper,False,,7,0,0,0,4,False,westside,GIANTX,cypher,True,100,50,0,0,0,5,False
2087.619,8939,ACTIVE_ROUND,16,3,12,69.000,,,MiniBoo,Team Heretics,raze,True,87,24,0,1,0,6,False,RieNs,Team Heretics,fade,False,,25,0,0,0,6,False,Boo,Team Heretics,omen,True,23,5,1,1,0,4,False,benjyfishy,Team Heretics,deadlock,True,45,25,0,0,0,4,False,Wo0t,Team Heretics,chamber,True,30,24,0,6,0,4,False,grubinho,GIANTX,omen,False,,50,0,0,0,4,False,ara,GIANTX,raze,True,94,38,0,0,0,3,False,Cloud,GIANTX,fade,False,,25,0,0,0,6,False,Flickless,GIANTX,viper,False,,7,0,0,0,4,False,westside,GIANTX,cypher,True,100,50,0,0,0,5,False
2087.852,8940,ACTIVE_ROUND,16,3,12,69.000,,,MiniBoo,Team Heretics,raze,True,87,24,0,1,0,6,False,RieNs,Team Heretics,fade,False,,25,0,0,0,6,False,Boo,Team Heretics,omen,True,23,5,1,1,0,4,False,benjyfishy,Team Heretics,deadlock,True,45,25,0,0,0,4,False,Wo0t,Team Heretics,chamber,True,30,24,0,6,0,4,False,grubinho,GIANTX,omen,False,,50,0,0,0,4,False,ara,GIANTX,raze,True,94,38,0,0,0,3,False,Cloud,GIANTX,fade,False,,25,0,0,0,6,False,Flickless,GIANTX,viper,False,,7,0,0,0,4,False,westside,GIANTX,cypher,True,100,50,0,0,0,5,False
2088.086,8941,ACTIVE_ROUND,16,3,12,69.000,,,MiniBoo,Team Heretics,raze,True,87,24,0,1,0,6,False,RieNs,Team Heretics,fade,False,,25,0,0,0,6,False,Boo,Team Heretics,omen,True,23,5,1,1,1,4,False,benjyfishy,Team Heretics,deadlock,True,45,25,0,0,0,4,False,Wo0t,Team Heretics,chamber,True,30,24,0,6,0,4,False,grubinho,GIANTX,omen,False,,50,0,0,0,4,False,ara,GIANTX,raze,True,94,38,0,0,0,3,False,Cloud,GIANTX,fade,False,,25,0,0,0,6,False,Flickless,GIANTX,viper,False,,7,0,0,0,4,False,westside,GIANTX,cypher,True,100,50,0,0,0,5,False
2088.320,8942,ACTIVE_ROUND,16,3,12,69.000,,,MiniBoo,Team Heretics,raze,True,87,24,0,1,0,6,False,RieNs,Team Heretics,fade,False,,25,0,0,0,6,False,Boo,Team Heretics,omen,True,23,5,1,1,1,4,False,benjyfishy,Team Heretics,deadlock,True,45,25,0,0,0,4,False,Wo0t,Team Heretics,chamber,True,30,24,0,6,0,4,False,grubinho,GIANTX,omen,False,,50,0,0,0,4,False,ara,GIANTX,raze,True,94,38,0,0,0,3,False,Cloud,GIANTX,fade,False,,25,0,0,0,6,False,Flickless,GIANTX,viper,False,,7,0,0,0,4,False,westside,GIANTX,cypher,True,100,50,0,0,0,5,False
2088.553,8943,ACTIVE_ROUND,16,3,12,68.000,,,MiniBoo,Team Heretics,raze,True,87,24,0,1,0,6,False,RieNs,Team Heretics,fade,False,,25,0,0,0,6,False,Boo,Team Heretics,omen,True,23,5,1,1,1,4,False,benjyfishy,Team Heretics,deadlock,True,45,25,0,0,0,4,False,Wo0t,Team Heretics,chamber,True,30,24,0,6,0,4,False,grubinho,GIANTX,omen,False,,50,0,0,0,4,False,ara,GIANTX,raze,True,94,38,0,0,0,3,False,Cloud,GIANTX,fade,False,,25,0,0,0,6,False,Flickless,GIANTX,viper,False,,7,0,0,0,4,False,westside,GIANTX,cypher,True,100,50,0,0,0,5,False
2088.787,8944,ACTIVE_ROUND,16,3,12,68.000,,,MiniBoo,Team Heretics,raze,True,87,24,0,1,0,6,False,RieNs,Team Heretics,fade,False,,25,0,0,0,6,False,Boo,Team Heretics,omen,True,23,5,1,1,1,4,False,benjyfishy,Team Heretics,deadlock,True,45,25,0,0,0,4,False,Wo0t,Team Heretics,chamber,True,30,24,0,6,0,4,False,grubinho,GIANTX,omen,False,,50,0,0,0,4,False,ara,GIANTX,raze,True,94,38,0,0,0,3,False,Cloud,GIANTX,fade,False,,25,0,0,0,6,False,Flickless,GIANTX,viper,False,,7,0,0,0,4,False,westside,GIANTX,cypher,True,100,50,0,0,0,5,False
2089.020,8945,ACTIVE_ROUND,16,3,12,68.000,,,MiniBoo,Team Heretics,raze,True,87,24,0,1,0,6,False,RieNs,Team Heretics,fade,False,,25,0,0,0,6,False,Boo,Team Heretics,omen,True,23,5,1,1,1,4,False,benjyfishy,Team Heretics,deadlock,True,45,25,0,0,0,4,False,Wo0t,Team Heretics,chamber,True,30,24,0,6,0,4,False,grubinho,GIANTX,omen,False,,50,0,0,0,4,False,ara,GIANTX,raze,True,94,38,0,0,0,3,False,Cloud,GIANTX,fade,False,,25,0,0,0,6,False,Flickless,GIANTX,viper,False,,7,0,0,0,4,False,westside,GIANTX,cypher,True,100,50,0,0,0,5,False
2089.254,8946,ACTIVE_ROUND,16,3,12,68.000,,,MiniBoo,Team Heretics,raze,True,87,24,0,1,0,6,False,RieNs,Team Heretics,fade,False,,25,0,0,0,6,False,Boo,Team Heretics,omen,True,23,5,1,1,1,4,False,benjyfishy,Team Heretics,deadlock,True,45,25,0,0,0,4,False,Wo0t,Team Heretics,chamber,True,30,24,0,6,0,4,False,grubinho,GIANTX,omen,False,,50,0,0,0,4,False,ara,GIANTX,raze,True,94,38,0,0,0,3,False,Cloud,GIANTX,fade,False,,25,0,0,0,6,False,Flickless,GIANTX,viper,False,,7,0,0,0,4,False,westside,GIANTX,cypher,True,100,50,0,0,0,5,False
2089.487,8947,ACTIVE_ROUND,16,3,12,68.000,,,MiniBoo,Team Heretics,raze,True,87,24,0,1,0,6,False,RieNs,Team Heretics,fade,False,,25,0,0,0,6,False,Boo,Team Heretics,omen,True,23,5,1,1,1,4,False,benjyfishy,Team Heretics,deadlock,True,45,25,0,0,0,4,False,Wo0t,Team Heretics,chamber,True,30,24,0,6,0,4,False,grubinho,GIANTX,omen,False,,50,0,0,0,4,False,ara,GIANTX,raze,True,94,38,0,0,0,3,False,Cloud,GIANTX,fade,False,,25,0,0,0,6,False,Flickless,GIANTX,viper,False,,7,0,0,0,4,False,westside,GIANTX,cypher,True,100,50,0,0,0,5,False
2089.721,8948,ACTIVE_ROUND,16,3,12,67.000,,,MiniBoo,Team Heretics,raze,True,87,24,0,1,0,6,False,RieNs,Team Heretics,fade,False,,25,0,0,0,6,False,Boo,Team Heretics,omen,True,23,5,1,1,1,4,False,benjyfishy,Team Heretics,deadlock,True,45,25,0,0,0,4,False,Wo0t,Team Heretics,chamber,True,30,24,0,6,0,4,False,grubinho,GIANTX,omen,False,,50,0,0,0,4,False,ara,GIANTX,raze,True,94,38,0,0,0,3,False,Cloud,GIANTX,fade,False,,25,0,0,0,6,False,Flickless,GIANTX,viper,False,,7,0,0,0,4,False,westside,GIANTX,cypher,True,100,50,0,0,0,5,False
2089.955,8949,ACTIVE_ROUND,16,3,12,67.000,,,MiniBoo,Team Heretics,raze,True,87,24,0,1,0,6,False,RieNs,Team Heretics,fade,False,,25,0,0,0,6,False,Boo,Team Heretics,omen,True,23,5,1,1,1,4,False,benjyfishy,Team Heretics,deadlock,True,45,25,0,0,0,4,False,Wo0t,Team Heretics,chamber,True,30,24,0,6,0,4,False,grubinho,GIANTX,omen,False,,50,0,0,0,4,False,ara,GIANTX,raze,True,94,38,0,0,0,3,False,Cloud,GIANTX,fade,False,,25,0,0,0,6,False,Flickless,GIANTX,viper,False,,7,0,0,0,4,False,westside,GIANTX,cypher,True,100,50,0,0,0,5,False
2090.188,8950,ACTIVE_ROUND,16,3,12,67.000,,,MiniBoo,Team Heretics,raze,True,87,24,0,1,0,6,False,RieNs,Team Heretics,fade,False,,25,0,0,0,6,False,Boo,Team Heretics,omen,True,23,5,1,1,1,4,False,benjyfishy,Team Heretics,deadlock,True,45,25,0,0,0,4,False,Wo0t,Team Heretics,chamber,True,30,24,0,6,0,4,False,grubinho,GIANTX,omen,False,,50,0,0,0,4,False,ara,GIANTX,raze,True,94,38,0,0,0,3,False,Cloud,GIANTX,fade,False,,25,0,0,0,6,False,Flickless,GIANTX,viper,False,,7,0,0,0,4,False,westside,GIANTX,cypher,True,100,50,0,0,0,5,False
2090.422,8951,ACTIVE_ROUND,16,3,12,67.000,,,MiniBoo,Team Heretics,raze,True,87,24,0,1,0,6,False,RieNs,Team Heretics,fade,False,,25,0,0,0,6,False,Boo,Team Heretics,omen,True,23,5,1,1,1,4,False,benjyfishy,Team Heretics,deadlock,True,45,25,0,0,0,4,False,Wo0t,Team Heretics,chamber,True,30,24,0,6,0,4,False,grubinho,GIANTX,omen,False,,50,0,0,0,4,False,ara,GIANTX,raze,True,94,38,0,0,0,3,False,Cloud,GIANTX,fade,False,,25,0,0,0,6,False,Flickless,GIANTX,viper,False,,7,0,0,0,4,False,westside,GIANTX,cypher,True,100,50,0,0,0,5,False
2090.655,8952,ACTIVE_ROUND,16,3,12,66.000,,,MiniBoo,Team Heretics,raze,True,87,24,0,1,0,6,False,RieNs,Team Heretics,fade,False,,25,0,0,0,6,False,Boo,Team Heretics,omen,True,23,5,1,1,1,4,False,benjyfishy,Team Heretics,deadlock,True,45,25,0,0,0,4,False,Wo0t,Team Heretics,chamber,True,30,24,0,6,0,4,False,grubinho,GIANTX,omen,False,,50,0,0,0,4,False,ara,GIANTX,raze,True,94,38,0,0,0,3,False,Cloud,GIANTX,fade,False,,25,0,0,0,6,False,Flickless,GIANTX,viper,False,,7,0,0,0,4,False,westside,GIANTX,cypher,True,100,50,0,0,0,5,False
2090.889,8953,ACTIVE_ROUND,16,3,12,66.000,,,MiniBoo,Team Heretics,raze,True,87,24,0,1,0,6,False,RieNs,Team Heretics,fade,False,,25,0,0,0,6,False,Boo,Team Heretics,omen,True,23,5,1,1,1,4,False,benjyfishy,Team Heretics,deadlock,True,45,25,0,0,0,4,False,Wo0t,Team Heretics,chamber,True,30,24,0,6,0,4,False,grubinho,GIANTX,omen,False,,50,0,0,0,4,False,ara,GIANTX,raze,True,94,38,0,0,0,3,False,Cloud,GIANTX,fade,False,,25,0,0,0,6,False,Flickless,GIANTX,viper,False,,7,0,0,0,4,False,westside,GIANTX,cypher,True,100,50,0,0,0,5,False
2091.122,8954,ACTIVE_ROUND,16,3,12,66.000,,,MiniBoo,Team Heretics,raze,True,87,24,0,1,0,6,False,RieNs,Team Heretics,fade,False,,25,0,0,0,6,False,Boo,Team Heretics,omen,True,23,5,1,1,0,4,False,benjyfishy,Team Heretics,deadlock,True,45,25,0,0,0,4,False,Wo0t,Team Heretics,chamber,True,30,24,0,6,0,4,False,grubinho,GIANTX,omen,False,,50,0,0,0,4,False,ara,GIANTX,raze,True,94,38,0,0,0,3,False,Cloud,GIANTX,fade,False,,25,0,0,0,6,False,Flickless,GIANTX,viper,False,,7,0,0,0,4,False,westside,GIANTX,cypher,True,100,50,0,0,0,5,False
2091.356,8955,ACTIVE_ROUND,16,3,12,66.000,,,MiniBoo,Team Heretics,raze,True,87,24,0,1,0,6,False,RieNs,Team Heretics,fade,False,,25,0,0,0,6,False,Boo,Team Heretics,omen,True,23,5,1,1,0,4,False,benjyfishy,Team Heretics,deadlock,True,45,25,0,0,0,4,False,Wo0t,Team Heretics,chamber,True,30,24,0,6,0,4,False,grubinho,GIANTX,omen,False,,50,0,0,0,4,False,ara,GIANTX,raze,True,94,38,0,0,0,3,False,Cloud,GIANTX,fade,False,,25,0,0,0,6,False,Flickless,GIANTX,viper,False,,7,0,0,0,4,False,westside,GIANTX,cypher,True,100,50,0,0,0,5,False
2091.590,8956,ACTIVE_ROUND,16,3,12,65.000,,,MiniBoo,Team Heretics,raze,True,87,24,0,1,0,6,False,RieNs,Team Heretics,fade,False,,25,0,0,0,6,False,Boo,Team Heretics,omen,True,23,5,1,1,0,4,False,benjyfishy,Team Heretics,deadlock,True,45,25,0,0,0,4,False,Wo0t,Team Heretics,chamber,True,30,24,0,6,0,4,False,grubinho,GIANTX,omen,False,,50,0,0,0,4,False,ara,GIANTX,raze,True,94,38,0,0,0,3,False,Cloud,GIANTX,fade,False,,25,0,0,0,6,False,Flickless,GIANTX,viper,False,,7,0,0,0,4,False,westside,GIANTX,cypher,True,100,50,0,0,0,5,False
2091.823,8957,ACTIVE_ROUND,16,3,12,65.000,,,MiniBoo,Team Heretics,raze,True,87,24,0,1,0,6,False,RieNs,Team Heretics,fade,False,,25,0,0,0,6,False,Boo,Team Heretics,omen,True,23,5,1,1,0,4,False,benjyfishy,Team Heretics,deadlock,True,45,25,0,0,0,4,False,Wo0t,Team Heretics,chamber,True,30,24,0,6,0,4,False,grubinho,GIANTX,omen,False,,50,0,0,0,4,False,ara,GIANTX,raze,True,94,38,0,0,0,3,False,Cloud,GIANTX,fade,False,,25,0,0,0,6,False,Flickless,GIANTX,viper,False,,7,0,0,0,4,False,westside,GIANTX,cypher,True,100,50,0,0,0,5,False
2092.057,8958,ACTIVE_ROUND,16,3,12,65.000,,,MiniBoo,Team Heretics,raze,True,87,24,0,1,0,6,False,RieNs,Team Heretics,fade,False,,25,0,0,0,6,False,Boo,Team Heretics,omen,True,23,5,1,1,0,4,False,benjyfishy,Team Heretics,deadlock,True,45,25,0,0,0,4,False,Wo0t,Team Heretics,chamber,True,30,24,0,6,0,4,False,grubinho,GIANTX,omen,False,,50,0,0,0,4,False,ara,GIANTX,raze,True,94,38,0,0,0,3,False,Cloud,GIANTX,fade,False,,25,0,0,0,6,False,Flickless,GIANTX,viper,False,,7,0,0,0,4,False,westside,GIANTX,cypher,True,100,50,0,0,0,5,False
2092.290,8959,ACTIVE_ROUND,16,3,12,65.000,,,MiniBoo,Team Heretics,raze,True,87,24,0,1,0,6,False,RieNs,Team Heretics,fade,False,,25,0,0,0,6,False,Boo,Team Heretics,omen,True,23,5,1,1,0,4,False,benjyfishy,Team Heretics,deadlock,True,45,25,0,0,0,4,False,Wo0t,Team Heretics,chamber,True,30,24,0,0,0,5,False,grubinho,GIANTX,omen,False,,50,0,0,0,4,False,ara,GIANTX,raze,True,94,38,0,0,0,3,False,Cloud,GIANTX,fade,False,,25,0,0,0,6,False,Flickless,GIANTX,viper,False,,7,0,0,0,4,False,westside,GIANTX,cypher,True,100,50,0,0,0,6,False
2092.524,8960,ACTIVE_ROUND,16,3,12,64.000,,,MiniBoo,Team Heretics,raze,True,87,24,0,1,0,6,False,RieNs,Team Heretics,fade,False,,25,0,0,0,6,False,Boo,Team Heretics,omen,True,23,5,1,1,0,4,False,benjyfishy,Team Heretics,deadlock,True,45,25,0,0,0,4,False,Wo0t,Team Heretics,chamber,False,,24,0,0,0,5,False,grubinho,GIANTX,omen,False,,50,0,0,0,4,False,ara,GIANTX,raze,True,94,38,0,0,0,3,False,Cloud,GIANTX,fade,False,,25,0,0,0,6,False,Flickless,GIANTX,viper,False,,7,0,0,0,4,False,westside,GIANTX,cypher,True,100,50,0,0,0,6,False
2092.757,8961,ACTIVE_ROUND,16,3,12,64.000,,,MiniBoo,Team Heretics,raze,True,87,24,0,1,0,6,False,RieNs,Team Heretics,fade,False,,25,0,0,0,6,False,Boo,Team Heretics,omen,True,23,5,1,1,0,4,False,benjyfishy,Team Heretics,deadlock,True,45,25,0,0,0,4,False,Wo0t,Team Heretics,chamber,False,,24,0,0,0,5,False,grubinho,GIANTX,omen,False,,50,0,0,0,4,False,ara,GIANTX,raze,True,94,38,0,0,0,3,False,Cloud,GIANTX,fade,False,,25,0,0,0,6,False,Flickless,GIANTX,viper,False,,7,0,0,0,4,False,westside,GIANTX,cypher,True,100,50,0,0,0,6,False
2092.991,8962,ACTIVE_ROUND,16,3,12,64.000,,,MiniBoo,Team Heretics,raze,True,87,24,0,1,0,6,False,RieNs,Team Heretics,fade,False,,25,0,0,0,6,False,Boo,Team Heretics,omen,True,23,5,1,1,0,4,False,benjyfishy,Team Heretics,deadlock,True,45,25,0,0,0,4,False,Wo0t,Team Heretics,chamber,False,,24,0,0,0,5,False,grubinho,GIANTX,omen,False,,50,0,0,0,4,False,ara,GIANTX,raze,True,94,38,0,0,0,3,False,Cloud,GIANTX,fade,False,,25,0,0,0,6,False,Flickless,GIANTX,viper,False,,7,0,0,0,4,False,westside,GIANTX,cypher,True,100,50,0,0,0,6,False
2093.224,8963,ACTIVE_ROUND,16,3,12,64.000,,,MiniBoo,Team Heretics,raze,True,87,24,0,1,0,6,False,RieNs,Team Heretics,fade,False,,25,0,0,0,6,False,Boo,Team Heretics,omen,True,23,5,1,1,0,4,False,benjyfishy,Team Heretics,deadlock,True,45,25,0,0,0,4,False,Wo0t,Team Heretics,chamber,False,,24,0,0,0,5,False,grubinho,GIANTX,omen,False,,50,0,0,0,4,False,ara,GIANTX,raze,True,94,38,0,0,0,3,False,Cloud,GIANTX,fade,False,,25,0,0,0,6,False,Flickless,GIANTX,viper,False,,7,0,0,0,4,False,westside,GIANTX,cypher,True,100,50,0,0,0,6,False
2093.458,8964,ACTIVE_ROUND,16,3,12,64.000,,,MiniBoo,Team Heretics,raze,True,87,24,0,1,0,6,False,RieNs,Team Heretics,fade,False,,25,0,0,0,6,False,Boo,Team Heretics,omen,True,23,5,1,1,0,4,False,benjyfishy,Team Heretics,deadlock,True,45,25,0,0,0,4,False,Wo0t,Team Heretics,chamber,False,,24,0,0,0,5,False,grubinho,GIANTX,omen,False,,50,0,0,0,4,False,ara,GIANTX,raze,True,94,38,0,0,0,3,False,Cloud,GIANTX,fade,False,,25,0,0,0,6,False,Flickless,GIANTX,viper,False,,7,0,0,0,4,False,westside,GIANTX,cypher,True,100,50,0,0,0,6,False
2093.692,8965,ACTIVE_ROUND,16,3,12,63.000,,,MiniBoo,Team Heretics,raze,True,87,24,0,1,0,6,False,RieNs,Team Heretics,fade,False,,25,0,0,0,6,False,Boo,Team Heretics,omen,True,23,5,1,1,0,4,False,benjyfishy,Team Heretics,deadlock,True,45,25,0,0,0,4,False,Wo0t,Team Heretics,chamber,False,,24,0,0,0,5,False,grubinho,GIANTX,omen,False,,50,0,0,0,4,False,ara,GIANTX,raze,True,94,38,0,0,0,3,False,Cloud,GIANTX,fade,False,,25,0,0,0,6,False,Flickless,GIANTX,viper,False,,7,0,0,0,4,False,westside,GIANTX,cypher,True,100,50,0,0,0,6,False
2093.925,8966,ACTIVE_ROUND,16,3,12,63.000,,,MiniBoo,Team Heretics,raze,True,87,24,0,1,0,6,False,RieNs,Team Heretics,fade,False,,25,0,0,0,6,False,Boo,Team Heretics,omen,True,23,5,1,1,0,4,False,benjyfishy,Team Heretics,deadlock,True,45,25,0,0,0,4,False,Wo0t,Team Heretics,chamber,False,,24,0,0,0,5,False,grubinho,GIANTX,omen,False,,50,0,0,0,4,False,ara,GIANTX,raze,True,94,38,0,0,0,3,False,Cloud,GIANTX,fade,False,,25,0,0,0,6,False,Flickless,GIANTX,viper,False,,7,0,0,0,4,False,westside,GIANTX,cypher,True,100,50,0,0,0,6,False
2094.159,8967,ACTIVE_ROUND,16,3,12,63.000,,,MiniBoo,Team Heretics,raze,True,87,24,0,1,0,6,False,RieNs,Team Heretics,fade,False,,25,0,0,0,6,False,Boo,Team Heretics,omen,True,23,5,1,1,0,4,False,benjyfishy,Team Heretics,deadlock,True,45,25,0,0,0,4,False,Wo0t,Team Heretics,chamber,False,,24,0,0,0,5,False,grubinho,GIANTX,omen,False,,50,0,0,0,4,False,ara,GIANTX,raze,True,94,38,0,0,0,3,False,Cloud,GIANTX,fade,False,,25,0,0,0,6,False,Flickless,GIANTX,viper,False,,7,0,0,0,4,False,westside,GIANTX,cypher,True,100,50,0,0,0,6,False
2094.392,8968,ACTIVE_ROUND,16,3,12,63.000,,,MiniBoo,Team Heretics,raze,True,87,24,0,1,0,6,False,RieNs,Team Heretics,fade,False,,25,0,0,0,6,False,Boo,Team Heretics,omen,True,23,5,1,1,0,4,False,benjyfishy,Team Heretics,deadlock,True,45,25,0,0,0,4,False,Wo0t,Team Heretics,chamber,False,,24,0,0,0,5,False,grubinho,GIANTX,omen,False,,50,0,0,0,4,False,ara,GIANTX,raze,True,94,38,0,0,0,3,False,Cloud,GIANTX,fade,False,,25,0,0,0,6,False,Flickless,GIANTX,viper,False,,7,0,0,0,4,False,westside,GIANTX,cypher,True,100,50,0,0,0,6,False
2094.626,8969,ACTIVE_ROUND,16,3,12,62.000,,,MiniBoo,Team Heretics,raze,True,87,24,0,1,0,6,False,RieNs,Team Heretics,fade,False,,25,0,0,0,6,False,Boo,Team Heretics,omen,True,23,5,1,1,0,4,False,benjyfishy,Team Heretics,deadlock,True,45,25,0,0,0,4,False,Wo0t,Team Heretics,chamber,False,,24,0,0,0,5,False,grubinho,GIANTX,omen,False,,50,0,0,0,4,False,ara,GIANTX,raze,True,94,38,0,0,0,3,False,Cloud,GIANTX,fade,False,,25,0,0,0,6,False,Flickless,GIANTX,viper,False,,7,0,0,0,4,False,westside,GIANTX,cypher,True,100,50,0,0,0,6,False
2094.859,8970,ACTIVE_ROUND,16,3,12,62.000,,,MiniBoo,Team Heretics,raze,True,87,24,0,1,0,6,False,RieNs,Team Heretics,fade,False,,25,0,0,0,6,False,Boo,Team Heretics,omen,True,23,5,1,1,0,4,False,benjyfishy,Team Heretics,deadlock,True,45,25,0,0,0,4,False,Wo0t,Team Heretics,chamber,False,,24,0,0,0,5,False,grubinho,GIANTX,omen,False,,50,0,0,0,4,False,ara,GIANTX,raze,True,94,38,0,0,0,3,False,Cloud,GIANTX,fade,False,,25,0,0,0,6,False,Flickless,GIANTX,viper,False,,7,0,0,0,4,False,westside,GIANTX,cypher,True,100,50,0,0,0,6,False
2095.093,8971,ACTIVE_ROUND,16,3,12,62.000,,,MiniBoo,Team Heretics,raze,True,87,24,0,1,0,6,False,RieNs,Team Heretics,fade,False,,25,0,0,0,6,False,Boo,Team Heretics,omen,True,23,5,1,1,0,4,False,benjyfishy,Team Heretics,deadlock,True,45,25,0,0,0,4,False,Wo0t,Team Heretics,chamber,False,,24,0,0,0,5,False,grubinho,GIANTX,omen,False,,50,0,0,0,4,False,ara,GIANTX,raze,True,94,38,0,0,0,3,False,Cloud,GIANTX,fade,False,,25,0,0,0,6,False,Flickless,GIANTX,viper,False,,7,0,0,0,4,False,westside,GIANTX,cypher,True,100,50,0,0,0,6,False
2095.327,8972,ACTIVE_ROUND,16,3,12,62.000,,,MiniBoo,Team Heretics,raze,True,87,24,0,1,0,6,False,RieNs,Team Heretics,fade,False,,25,0,0,0,6,False,Boo,Team Heretics,omen,True,23,5,1,1,0,4,False,benjyfishy,Team Heretics,deadlock,True,45,25,0,0,0,4,False,Wo0t,Team Heretics,chamber,False,,24,0,0,0,5,False,grubinho,GIANTX,omen,False,,50,0,0,0,4,False,ara,GIANTX,raze,True,94,38,0,0,0,3,False,Cloud,GIANTX,fade,False,,25,0,0,0,6,False,Flickless,GIANTX,viper,False,,7,0,0,0,4,False,westside,GIANTX,cypher,True,100,50,0,0,0,6,False
2095.560,8973,ACTIVE_ROUND,16,3,12,61.000,,,MiniBoo,Team Heretics,raze,True,87,24,0,1,0,6,False,RieNs,Team Heretics,fade,False,,25,0,0,0,6,False,Boo,Team Heretics,omen,True,23,5,1,1,0,4,False,benjyfishy,Team Heretics,deadlock,True,45,25,0,0,0,4,False,Wo0t,Team Heretics,chamber,False,,24,0,0,0,5,False,grubinho,GIANTX,omen,False,,50,0,0,0,4,False,ara,GIANTX,raze,True,94,38,0,0,0,3,False,Cloud,GIANTX,fade,False,,25,0,0,0,6,False,Flickless,GIANTX,viper,False,,7,0,0,0,4,False,westside,GIANTX,cypher,True,100,50,0,0,0,6,False
2095.794,8974,ACTIVE_ROUND,16,3,12,61.000,,,MiniBoo,Team Heretics,raze,True,87,24,0,1,0,6,False,RieNs,Team Heretics,fade,False,,25,0,0,0,6,False,Boo,Team Heretics,omen,True,23,5,1,1,0,4,False,benjyfishy,Team Heretics,deadlock,True,45,25,0,0,0,4,False,Wo0t,Team Heretics,chamber,False,,24,0,0,0,5,False,grubinho,GIANTX,omen,False,,50,0,0,0,4,False,ara,GIANTX,raze,True,94,38,0,0,0,3,False,Cloud,GIANTX,fade,False,,25,0,0,0,6,False,Flickless,GIANTX,viper,False,,7,0,0,0,4,False,westside,GIANTX,cypher,True,100,50,0,0,0,6,False
2096.027,8975,ACTIVE_ROUND,16,3,12,61.000,,,MiniBoo,Team Heretics,raze,True,87,24,0,1,0,6,False,RieNs,Team Heretics,fade,False,,25,0,0,0,6,False,Boo,Team Heretics,omen,True,23,5,1,1,0,4,False,benjyfishy,Team Heretics,deadlock,True,45,25,0,0,0,4,False,Wo0t,Team Heretics,chamber,False,,24,0,0,0,5,False,grubinho,GIANTX,omen,False,,50,0,0,0,4,False,ara,GIANTX,raze,True,94,38,0,0,0,3,False,Cloud,GIANTX,fade,False,,25,0,0,0,6,False,Flickless,GIANTX,viper,False,,7,0,0,0,4,False,westside,GIANTX,cypher,True,100,50,0,0,0,6,False
2096.261,8976,ACTIVE_ROUND,16,3,12,61.000,,,MiniBoo,Team Heretics,raze,True,87,24,0,1,0,6,False,RieNs,Team Heretics,fade,False,,25,0,0,0,6,False,Boo,Team Heretics,omen,True,23,5,1,1,0,4,False,benjyfishy,Team Heretics,deadlock,True,45,25,0,0,0,4,False,Wo0t,Team Heretics,chamber,False,,24,0,0,0,5,False,grubinho,GIANTX,omen,False,,50,0,0,0,4,False,ara,GIANTX,raze,True,94,38,0,0,0,3,False,Cloud,GIANTX,fade,False,,25,0,0,0,6,False,Flickless,GIANTX,viper,False,,7,0,0,0,4,False,westside,GIANTX,cypher,True,100,50,0,0,0,6,False
2096.494,8977,ACTIVE_ROUND,16,3,12,61.000,,,MiniBoo,Team Heretics,raze,True,87,24,0,1,0,6,False,RieNs,Team Heretics,fade,False,,25,0,0,0,6,False,Boo,Team Heretics,omen,True,23,5,1,1,0,4,False,benjyfishy,Team Heretics,deadlock,True,45,25,0,0,0,4,False,Wo0t,Team Heretics,chamber,False,,24,0,0,0,5,False,grubinho,GIANTX,omen,False,,50,0,0,0,4,False,ara,GIANTX,raze,True,94,38,0,0,0,3,False,Cloud,GIANTX,fade,False,,25,0,0,0,6,False,Flickless,GIANTX,viper,False,,7,0,0,0,4,False,westside,GIANTX,cypher,True,100,50,0,0,0,6,False
2096.728,8978,ACTIVE_ROUND,16,3,12,60.000,,,MiniBoo,Team Heretics,raze,True,87,24,0,1,0,6,False,RieNs,Team Heretics,fade,False,,25,0,0,0,6,False,Boo,Team Heretics,omen,True,23,5,1,1,0,4,False,benjyfishy,Team Heretics,deadlock,True,45,25,0,0,0,4,False,Wo0t,Team Heretics,chamber,False,,24,0,0,0,5,False,grubinho,GIANTX,omen,False,,50,0,0,0,4,False,ara,GIANTX,raze,True,94,38,0,0,0,3,False,Cloud,GIANTX,fade,False,,25,0,0,0,6,False,Flickless,GIANTX,viper,False,,7,0,0,0,4,False,westside,GIANTX,cypher,True,100,50,0,0,0,6,False
2096.962,8979,ACTIVE_ROUND,16,3,12,60.000,,,MiniBoo,Team Heretics,raze,True,87,24,0,1,0,6,False,RieNs,Team Heretics,fade,False,,25,0,0,0,6,False,Boo,Team Heretics,omen,True,23,5,1,1,0,4,False,benjyfishy,Team Heretics,deadlock,False,,25,0,0,0,4,False,Wo0t,Team Heretics,chamber,False,,24,0,0,0,5,False,grubinho,GIANTX,omen,False,,50,0,0,0,4,False,ara,GIANTX,raze,True,94,38,0,0,0,3,False,Cloud,GIANTX,fade,False,,25,0,0,0,6,False,Flickless,GIANTX,viper,False,,7,0,0,0,4,False,westside,GIANTX,cypher,True,100,50,0,0,0,6,False
2097.195,8980,ACTIVE_ROUND,16,3,12,60.000,,,MiniBoo,Team Heretics,raze,True,87,24,0,1,0,6,False,RieNs,Team Heretics,fade,False,,25,0,0,0,6,False,Boo,Team Heretics,omen,True,23,5,1,1,0,4,False,benjyfishy,Team Heretics,deadlock,False,,25,0,0,0,4,False,Wo0t,Team Heretics,chamber,False,,24,0,0,0,5,False,grubinho,GIANTX,omen,False,,50,0,0,0,4,False,ara,GIANTX,raze,True,94,38,0,0,0,3,False,Cloud,GIANTX,fade,False,,25,0,0,0,6,False,Flickless,GIANTX,viper,False,,7,0,0,0,4,False,westside,GIANTX,cypher,True,100,50,0,0,0,7,True
2097.429,8981,ACTIVE_ROUND,16,3,12,60.000,,,MiniBoo,Team Heretics,raze,True,87,24,0,1,0,6,False,RieNs,Team Heretics,fade,False,,25,0,0,0,6,False,Boo,Team Heretics,omen,True,23,5,1,1,0,4,False,benjyfishy,Team Heretics,deadlock,False,,25,0,0,0,4,False,Wo0t,Team Heretics,chamber,False,,24,0,0,0,5,False,grubinho,GIANTX,omen,False,,50,0,0,0,4,False,ara,GIANTX,raze,True,94,38,0,0,0,3,False,Cloud,GIANTX,fade,False,,25,0,0,0,6,False,Flickless,GIANTX,viper,False,,7,0,0,0,4,False,westside,GIANTX,cypher,True,100,50,0,0,0,7,True
2097.662,8982,ACTIVE_ROUND,16,3,12,59.000,,,MiniBoo,Team Heretics,raze,True,87,24,0,1,0,6,False,RieNs,Team Heretics,fade,False,,25,0,0,0,6,False,Boo,Team Heretics,omen,True,23,5,1,1,0,4,False,benjyfishy,Team Heretics,deadlock,False,,25,0,0,0,4,False,Wo0t,Team Heretics,chamber,False,,24,0,0,0,5,False,grubinho,GIANTX,omen,False,,50,0,0,0,4,False,ara,GIANTX,raze,True,94,38,0,0,0,3,False,Cloud,GIANTX,fade,False,,25,0,0,0,6,False,Flickless,GIANTX,viper,False,,7,0,0,0,4,False,westside,GIANTX,cypher,True,100,50,0,0,0,7,True
2097.896,8983,ACTIVE_ROUND,16,3,12,59.000,,,MiniBoo,Team Heretics,raze,True,87,24,0,1,0,6,False,RieNs,Team Heretics,fade,False,,25,0,0,0,6,False,Boo,Team Heretics,omen,True,23,5,1,1,0,4,False,benjyfishy,Team Heretics,deadlock,False,,25,0,0,0,4,False,Wo0t,Team Heretics,chamber,False,,24,0,0,0,5,False,grubinho,GIANTX,omen,False,,50,0,0,0,4,False,ara,GIANTX,raze,True,94,38,0,0,0,3,False,Cloud,GIANTX,fade,False,,25,0,0,0,6,False,Flickless,GIANTX,viper,False,,7,0,0,0,4,False,westside,GIANTX,cypher,True,100,50,0,0,0,7,True
2098.129,8984,ACTIVE_ROUND,16,3,12,59.000,,,MiniBoo,Team Heretics,raze,True,87,24,0,1,0,6,False,RieNs,Team Heretics,fade,False,,25,0,0,0,6,False,Boo,Team Heretics,omen,True,23,5,1,1,0,4,False,benjyfishy,Team Heretics,deadlock,False,,25,0,0,0,4,False,Wo0t,Team Heretics,chamber,False,,24,0,0,0,5,False,grubinho,GIANTX,omen,False,,50,0,0,0,4,False,ara,GIANTX,raze,True,94,38,0,0,0,3,False,Cloud,GIANTX,fade,False,,25,0,0,0,6,False,Flickless,GIANTX,viper,False,,7,0,0,0,4,False,westside,GIANTX,cypher,True,100,50,0,0,0,7,True
2098.363,8985,ACTIVE_ROUND,16,3,12,59.000,,,MiniBoo,Team Heretics,raze,True,87,24,0,1,0,6,False,RieNs,Team Heretics,fade,False,,25,0,0,0,6,False,Boo,Team Heretics,omen,True,23,5,1,1,0,4,False,benjyfishy,Team Heretics,deadlock,False,,25,0,0,0,4,False,Wo0t,Team Heretics,chamber,False,,24,0,0,0,5,False,grubinho,GIANTX,omen,False,,50,0,0,0,4,False,ara,GIANTX,raze,True,94,38,0,0,0,3,False,Cloud,GIANTX,fade,False,,25,0,0,0,6,False,Flickless,GIANTX,viper,False,,7,0,0,0,4,False,westside,GIANTX,cypher,True,100,50,0,0,0,7,True
2098.597,8986,ACTIVE_ROUND,16,3,12,58.000,,,MiniBoo,Team Heretics,raze,True,87,24,0,1,0,6,False,RieNs,Team Heretics,fade,False,,25,0,0,0,6,False,Boo,Team Heretics,omen,True,23,5,1,1,0,4,False,benjyfishy,Team Heretics,deadlock,False,,25,0,0,0,4,False,Wo0t,Team Heretics,chamber,False,,24,0,0,0,5,False,grubinho,GIANTX,omen,False,,50,0,0,0,4,False,ara,GIANTX,raze,True,94,38,0,0,0,3,False,Cloud,GIANTX,fade,False,,25,0,0,0,6,False,Flickless,GIANTX,viper,False,,7,0,0,0,4,False,westside,GIANTX,cypher,True,100,50,0,0,0,7,True
2098.830,8987,ACTIVE_ROUND,16,3,12,58.000,,,MiniBoo,Team Heretics,raze,True,87,24,0,1,0,6,False,RieNs,Team Heretics,fade,False,,25,0,0,0,6,False,Boo,Team Heretics,omen,True,23,5,1,1,0,4,False,benjyfishy,Team Heretics,deadlock,False,,25,0,0,0,4,False,Wo0t,Team Heretics,chamber,False,,24,0,0,0,5,False,grubinho,GIANTX,omen,False,,50,0,0,0,4,False,ara,GIANTX,raze,True,94,38,0,0,0,3,False,Cloud,GIANTX,fade,False,,25,0,0,0,6,False,Flickless,GIANTX,viper,False,,7,0,0,0,4,False,westside,GIANTX,cypher,True,100,50,0,0,0,7,True
2099.064,8988,ACTIVE_ROUND,16,3,12,58.000,,,MiniBoo,Team Heretics,raze,True,87,24,0,1,0,6,False,RieNs,Team Heretics,fade,False,,25,0,0,0,6,False,Boo,Team Heretics,omen,True,23,5,1,1,0,4,False,benjyfishy,Team Heretics,deadlock,False,,25,0,0,0,4,False,Wo0t,Team Heretics,chamber,False,,24,0,0,0,5,False,grubinho,GIANTX,omen,False,,50,0,0,0,4,False,ara,GIANTX,raze,True,94,38,0,0,0,3,False,Cloud,GIANTX,fade,False,,25,0,0,0,6,False,Flickless,GIANTX,viper,False,,7,0,0,0,4,False,westside,GIANTX,cypher,True,100,50,0,0,0,7,True
2099.297,8989,ACTIVE_ROUND,16,3,12,58.000,,,MiniBoo,Team Heretics,raze,True,87,24,0,1,0,6,False,RieNs,Team Heretics,fade,False,,25,0,0,0,6,False,Boo,Team Heretics,omen,True,23,5,1,1,0,4,False,benjyfishy,Team Heretics,deadlock,False,,25,0,0,0,4,False,Wo0t,Team Heretics,chamber,False,,24,0,0,0,5,False,grubinho,GIANTX,omen,False,,50,0,0,0,4,False,ara,GIANTX,raze,True,94,38,0,0,0,3,False,Cloud,GIANTX,fade,False,,25,0,0,0,6,False,Flickless,GIANTX,viper,False,,7,0,0,0,4,False,westside,GIANTX,cypher,True,100,50,0,0,0,7,True
2099.531,8990,ACTIVE_ROUND,16,3,12,57.000,,,MiniBoo,Team Heretics,raze,True,87,24,0,1,0,6,False,RieNs,Team Heretics,fade,False,,25,0,0,0,6,False,Boo,Team Heretics,omen,True,23,5,1,1,0,4,False,benjyfishy,Team Heretics,deadlock,False,,25,0,0,0,4,False,Wo0t,Team Heretics,chamber,False,,24,0,0,0,5,False,grubinho,GIANTX,omen,False,,50,0,0,0,4,False,ara,GIANTX,raze,True,94,38,0,0,0,3,False,Cloud,GIANTX,fade,False,,25,0,0,0,6,False,Flickless,GIANTX,viper,False,,7,0,0,0,4,False,westside,GIANTX,cypher,True,100,50,0,0,0,7,True
2099.764,8991,ACTIVE_ROUND,16,3,12,57.000,,,MiniBoo,Team Heretics,raze,True,87,24,0,1,0,6,False,RieNs,Team Heretics,fade,False,,25,0,0,0,6,False,Boo,Team Heretics,omen,True,23,5,1,1,0,4,False,benjyfishy,Team Heretics,deadlock,False,,25,0,0,0,4,False,Wo0t,Team Heretics,chamber,False,,24,0,0,0,5,False,grubinho,GIANTX,omen,False,,50,0,0,0,4,False,ara,GIANTX,raze,True,94,38,0,0,0,3,False,Cloud,GIANTX,fade,False,,25,0,0,0,6,False,Flickless,GIANTX,viper,False,,7,0,0,0,4,False,westside,GIANTX,cypher,True,100,50,0,0,0,7,True
2099.998,8992,ACTIVE_ROUND,16,3,12,57.000,,,MiniBoo,Team Heretics,raze,True,87,24,0,1,0,6,False,RieNs,Team Heretics,fade,False,,25,0,0,0,6,False,Boo,Team Heretics,omen,True,23,5,1,1,0,4,False,benjyfishy,Team Heretics,deadlock,False,,25,0,0,0,4,False,Wo0t,Team Heretics,chamber,False,,24,0,0,0,5,False,grubinho,GIANTX,omen,False,,50,0,0,0,4,False,ara,GIANTX,raze,True,94,38,0,0,0,3,False,Cloud,GIANTX,fade,False,,25,0,0,0,6,False,Flickless,GIANTX,viper,False,,7,0,0,0,4,False,westside,GIANTX,cypher,True,100,50,0,0,0,7,True
2100.231,8993,ACTIVE_ROUND,16,3,12,57.000,,,MiniBoo,Team Heretics,raze,True,87,24,0,1,0,6,False,RieNs,Team Heretics,fade,False,,25,0,0,0,6,False,Boo,Team Heretics,omen,True,23,5,1,1,0,4,False,benjyfishy,Team Heretics,deadlock,False,,25,0,0,0,4,False,Wo0t,Team Heretics,chamber,False,,24,0,0,0,5,False,grubinho,GIANTX,omen,False,,50,0,0,0,4,False,ara,GIANTX,raze,True,94,38,0,0,0,3,False,Cloud,GIANTX,fade,False,,25,0,0,0,6,False,Flickless,GIANTX,viper,False,,7,0,0,0,4,False,westside,GIANTX,cypher,True,100,50,0,0,0,7,True
2100.465,8994,ACTIVE_ROUND,16,3,12,57.000,,,MiniBoo,Team Heretics,raze,True,87,24,0,1,0,6,False,RieNs,Team Heretics,fade,False,,25,0,0,0,6,False,Boo,Team Heretics,omen,True,23,5,1,1,0,4,False,benjyfishy,Team Heretics,deadlock,False,,25,0,0,0,4,False,Wo0t,Team Heretics,chamber,False,,24,0,0,0,5,False,grubinho,GIANTX,omen,False,,50,0,0,0,4,False,ara,GIANTX,raze,True,94,38,0,0,0,3,False,Cloud,GIANTX,fade,False,,25,0,0,0,6,False,Flickless,GIANTX,viper,False,,7,0,0,0,4,False,westside,GIANTX,cypher,True,100,50,0,0,0,7,True
2100.699,8995,ACTIVE_ROUND,16,3,12,56.000,,,MiniBoo,Team Heretics,raze,True,87,24,0,1,0,6,False,RieNs,Team Heretics,fade,False,,25,0,0,0,6,False,Boo,Team Heretics,omen,True,23,5,1,1,0,4,False,benjyfishy,Team Heretics,deadlock,False,,25,0,0,0,4,False,Wo0t,Team Heretics,chamber,False,,24,0,0,0,5,False,grubinho,GIANTX,omen,False,,50,0,0,0,4,False,ara,GIANTX,raze,True,94,38,0,0,0,3,False,Cloud,GIANTX,fade,False,,25,0,0,0,6,False,Flickless,GIANTX,viper,False,,7,0,0,0,4,False,westside,GIANTX,cypher,True,100,50,0,0,0,7,True
2100.932,8996,ACTIVE_ROUND,16,3,12,56.000,,,MiniBoo,Team Heretics,raze,True,87,24,0,1,0,6,False,RieNs,Team Heretics,fade,False,,25,0,0,0,6,False,Boo,Team Heretics,omen,True,23,5,1,1,0,4,False,benjyfishy,Team Heretics,deadlock,False,,25,0,0,0,4,False,Wo0t,Team Heretics,chamber,False,,24,0,0,0,5,False,grubinho,GIANTX,omen,False,,50,0,0,0,4,False,ara,GIANTX,raze,True,94,38,0,0,0,3,False,Cloud,GIANTX,fade,False,,25,0,0,0,6,False,Flickless,GIANTX,viper,False,,7,0,0,0,4,False,westside,GIANTX,cypher,True,100,50,0,0,0,7,True
2101.166,8997,ACTIVE_ROUND,16,3,12,56.000,,,MiniBoo,Team Heretics,raze,True,87,24,0,1,0,6,False,RieNs,Team Heretics,fade,False,,25,0,0,0,6,False,Boo,Team Heretics,omen,True,23,5,1,1,0,4,False,benjyfishy,Team Heretics,deadlock,False,,25,0,0,0,4,False,Wo0t,Team Heretics,chamber,False,,24,0,0,0,5,False,grubinho,GIANTX,omen,False,,50,0,0,0,4,False,ara,GIANTX,raze,True,94,38,0,0,0,3,False,Cloud,GIANTX,fade,False,,25,0,0,0,6,False,Flickless,GIANTX,viper,False,,7,0,0,0,4,False,westside,GIANTX,cypher,True,100,50,0,0,0,7,True
2101.399,8998,ACTIVE_ROUND,16,3,12,56.000,,,MiniBoo,Team Heretics,raze,True,87,24,0,1,0,6,False,RieNs,Team Heretics,fade,False,,25,0,0,0,6,False,Boo,Team Heretics,omen,True,23,5,1,1,0,4,False,benjyfishy,Team Heretics,deadlock,False,,25,0,0,0,4,False,Wo0t,Team Heretics,chamber,False,,24,0,0,0,5,False,grubinho,GIANTX,omen,False,,50,0,0,0,4,False,ara,GIANTX,raze,True,94,38,0,0,0,3,False,Cloud,GIANTX,fade,False,,25,0,0,0,6,False,Flickless,GIANTX,viper,False,,7,0,0,0,4,False,westside,GIANTX,cypher,True,100,50,0,0,0,7,True
2101.633,8999,ACTIVE_ROUND,16,3,12,55.000,,,MiniBoo,Team Heretics,raze,True,87,24,0,1,0,6,False,RieNs,Team Heretics,fade,False,,25,0,0,0,6,False,Boo,Team Heretics,omen,True,23,5,1,1,0,4,False,benjyfishy,Team Heretics,deadlock,False,,25,0,0,0,4,False,Wo0t,Team Heretics,chamber,False,,24,0,0,0,5,False,grubinho,GIANTX,omen,False,,50,0,0,0,4,False,ara,GIANTX,raze,True,94,38,0,0,0,3,False,Cloud,GIANTX,fade,False,,25,0,0,0,6,False,Flickless,GIANTX,viper,False,,7,0,0,0,4,False,westside,GIANTX,cypher,True,100,50,0,0,0,7,True
2101.866,9000,ACTIVE_ROUND,16,3,12,55.000,,,MiniBoo,Team Heretics,raze,True,87,24,0,1,0,6,False,RieNs,Team Heretics,fade,False,,25,0,0,0,6,False,Boo,Team Heretics,omen,True,23,5,1,1,0,4,False,benjyfishy,Team Heretics,deadlock,False,,25,0,0,0,4,False,Wo0t,Team Heretics,chamber,False,,24,0,0,0,5,False,grubinho,GIANTX,omen,False,,50,0,0,0,4,False,ara,GIANTX,raze,True,94,38,0,0,0,3,False,Cloud,GIANTX,fade,False,,25,0,0,0,6,False,Flickless,GIANTX,viper,False,,7,0,0,0,4,False,westside,GIANTX,cypher,True,100,50,0,0,0,7,True
2102.100,9001,ACTIVE_ROUND,16,3,12,55.000,,,MiniBoo,Team Heretics,raze,True,87,24,0,1,0,6,False,RieNs,Team Heretics,fade,False,,25,0,0,0,6,False,Boo,Team Heretics,omen,True,23,5,1,1,0,4,False,benjyfishy,Team Heretics,deadlock,False,,25,0,0,0,4,False,Wo0t,Team Heretics,chamber,False,,24,0,0,0,5,False,grubinho,GIANTX,omen,False,,50,0,0,0,4,False,ara,GIANTX,raze,True,94,38,0,0,0,3,False,Cloud,GIANTX,fade,False,,25,0,0,0,6,False,Flickless,GIANTX,viper,False,,7,0,0,0,4,False,westside,GIANTX,cypher,True,100,50,0,0,0,7,True
2102.334,9002,ACTIVE_ROUND,16,3,12,55.000,,,MiniBoo,Team Heretics,raze,True,87,24,0,1,0,6,False,RieNs,Team Heretics,fade,False,,25,0,0,0,6,False,Boo,Team Heretics,omen,True,23,5,1,1,0,4,False,benjyfishy,Team Heretics,deadlock,False,,25,0,0,0,4,False,Wo0t,Team Heretics,chamber,False,,24,0,0,0,5,False,grubinho,GIANTX,omen,False,,50,0,0,0,4,False,ara,GIANTX,raze,True,94,38,0,0,0,3,False,Cloud,GIANTX,fade,False,,25,0,0,0,6,False,Flickless,GIANTX,viper,False,,7,0,0,0,4,False,westside,GIANTX,cypher,True,100,50,0,0,0,7,True
2102.567,9003,ACTIVE_ROUND,16,3,12,54.000,,,MiniBoo,Team Heretics,raze,True,87,24,0,1,0,6,False,RieNs,Team Heretics,fade,False,,25,0,0,0,6,False,Boo,Team Heretics,omen,True,23,5,1,1,0,4,False,benjyfishy,Team Heretics,deadlock,False,,25,0,0,0,4,False,Wo0t,Team Heretics,chamber,False,,24,0,0,0,5,False,grubinho,GIANTX,omen,False,,50,0,0,0,4,False,ara,GIANTX,raze,True,94,38,0,0,0,3,False,Cloud,GIANTX,fade,False,,25,0,0,0,6,False,Flickless,GIANTX,viper,False,,7,0,0,0,4,False,westside,GIANTX,cypher,True,100,50,0,0,0,7,True
2102.801,9004,ACTIVE_ROUND,16,3,12,54.000,,,MiniBoo,Team Heretics,raze,True,87,24,0,1,0,6,False,RieNs,Team Heretics,fade,False,,25,0,0,0,6,False,Boo,Team Heretics,omen,True,23,5,1,1,0,4,False,benjyfishy,Team Heretics,deadlock,False,,25,0,0,0,4,False,Wo0t,Team Heretics,chamber,False,,24,0,0,0,5,False,grubinho,GIANTX,omen,False,,50,0,0,0,4,False,ara,GIANTX,raze,True,94,38,0,0,0,3,False,Cloud,GIANTX,fade,False,,25,0,0,0,6,False,Flickless,GIANTX,viper,False,,7,0,0,0,4,False,westside,GIANTX,cypher,True,100,50,0,0,0,7,True
2103.034,9005,ACTIVE_ROUND,16,3,12,54.000,,,MiniBoo,Team Heretics,raze,True,87,24,0,1,0,6,False,RieNs,Team Heretics,fade,False,,25,0,0,0,6,False,Boo,Team Heretics,omen,True,23,5,1,1,0,4,False,benjyfishy,Team Heretics,deadlock,False,,25,0,0,0,4,False,Wo0t,Team Heretics,chamber,False,,24,0,0,0,5,False,grubinho,GIANTX,omen,False,,50,0,0,0,4,False,ara,GIANTX,raze,True,94,38,0,0,0,3,False,Cloud,GIANTX,fade,False,,25,0,0,0,6,False,Flickless,GIANTX,viper,False,,7,0,0,0,4,False,westside,GIANTX,cypher,True,100,50,0,0,0,7,True
2103.268,9006,ACTIVE_ROUND,16,3,12,54.000,,,MiniBoo,Team Heretics,raze,True,87,24,0,1,0,6,False,RieNs,Team Heretics,fade,False,,25,0,0,0,6,False,Boo,Team Heretics,omen,True,23,5,1,1,0,4,False,benjyfishy,Team Heretics,deadlock,False,,25,0,0,0,4,False,Wo0t,Team Heretics,chamber,False,,24,0,0,0,5,False,grubinho,GIANTX,omen,False,,50,0,0,0,4,False,ara,GIANTX,raze,True,94,38,0,0,0,3,False,Cloud,GIANTX,fade,False,,25,0,0,0,6,False,Flickless,GIANTX,viper,False,,7,0,0,0,4,False,westside,GIANTX,cypher,True,100,50,0,0,0,7,True
2103.501,9007,ACTIVE_ROUND,16,3,12,54.000,,,MiniBoo,Team Heretics,raze,True,87,24,0,1,0,6,False,RieNs,Team Heretics,fade,False,,25,0,0,0,6,False,Boo,Team Heretics,omen,True,23,5,1,1,0,4,False,benjyfishy,Team Heretics,deadlock,False,,25,0,0,0,4,False,Wo0t,Team Heretics,chamber,False,,24,0,0,0,5,False,grubinho,GIANTX,omen,False,,50,0,0,0,4,False,ara,GIANTX,raze,True,94,38,0,0,0,3,False,Cloud,GIANTX,fade,False,,25,0,0,0,6,False,Flickless,GIANTX,viper,False,,7,0,0,0,4,False,westside,GIANTX,cypher,True,100,50,0,0,0,7,True
2103.735,9008,ACTIVE_ROUND,16,3,12,53.000,,,MiniBoo,Team Heretics,raze,True,87,24,0,1,0,6,False,RieNs,Team Heretics,fade,False,,25,0,0,0,6,False,Boo,Team Heretics,omen,True,23,5,1,1,0,4,False,benjyfishy,Team Heretics,deadlock,False,,25,0,0,0,4,False,Wo0t,Team Heretics,chamber,False,,24,0,0,0,5,False,grubinho,GIANTX,omen,False,,50,0,0,0,4,False,ara,GIANTX,raze,True,94,38,0,0,0,3,False,Cloud,GIANTX,fade,False,,25,0,0,0,6,False,Flickless,GIANTX,viper,False,,7,0,0,0,4,False,westside,GIANTX,cypher,True,100,50,0,0,0,7,True
2103.969,9009,ACTIVE_ROUND,16,3,12,53.000,,,MiniBoo,Team Heretics,raze,True,87,24,0,1,0,6,False,RieNs,Team Heretics,fade,False,,25,0,0,0,6,False,Boo,Team Heretics,omen,True,23,5,1,1,0,4,False,benjyfishy,Team Heretics,deadlock,False,,25,0,0,0,4,False,Wo0t,Team Heretics,chamber,False,,24,0,0,0,5,False,grubinho,GIANTX,omen,False,,50,0,0,0,4,False,ara,GIANTX,raze,True,94,38,0,0,0,3,False,Cloud,GIANTX,fade,False,,25,0,0,0,6,False,Flickless,GIANTX,viper,False,,7,0,0,0,4,False,westside,GIANTX,cypher,True,100,50,0,0,0,7,True
2104.202,9010,ACTIVE_ROUND,16,3,12,53.000,,,MiniBoo,Team Heretics,raze,True,87,24,0,1,0,6,False,RieNs,Team Heretics,fade,False,,25,0,0,0,6,False,Boo,Team Heretics,omen,True,23,5,1,1,0,4,False,benjyfishy,Team Heretics,deadlock,False,,25,0,0,0,4,False,Wo0t,Team Heretics,chamber,False,,24,0,0,0,5,False,grubinho,GIANTX,omen,False,,50,0,0,0,4,False,ara,GIANTX,raze,True,94,38,0,0,0,3,False,Cloud,GIANTX,fade,False,,25,0,0,0,6,False,Flickless,GIANTX,viper,False,,7,0,0,0,4,False,westside,GIANTX,cypher,True,100,50,0,0,0,7,True
2104.436,9011,ACTIVE_ROUND,16,3,12,53.000,,,MiniBoo,Team Heretics,raze,True,87,24,0,1,0,6,False,RieNs,Team Heretics,fade,False,,25,0,0,0,6,False,Boo,Team Heretics,omen,True,23,5,1,1,0,4,False,benjyfishy,Team Heretics,deadlock,False,,25,0,0,0,4,False,Wo0t,Team Heretics,chamber,False,,24,0,0,0,5,False,grubinho,GIANTX,omen,False,,50,0,0,0,4,False,ara,GIANTX,raze,True,94,38,0,0,0,3,False,Cloud,GIANTX,fade,False,,25,0,0,0,6,False,Flickless,GIANTX,viper,False,,7,0,0,0,4,False,westside,GIANTX,cypher,True,100,50,0,0,0,7,True
2104.669,9012,ACTIVE_ROUND,16,3,12,52.000,,,MiniBoo,Team Heretics,raze,True,87,24,0,1,0,6,False,RieNs,Team Heretics,fade,False,,25,0,0,0,6,False,Boo,Team Heretics,omen,True,23,5,1,1,0,4,False,benjyfishy,Team Heretics,deadlock,False,,25,0,0,0,4,False,Wo0t,Team Heretics,chamber,False,,24,0,0,0,5,False,grubinho,GIANTX,omen,False,,50,0,0,0,4,False,ara,GIANTX,raze,True,94,38,0,0,0,3,False,Cloud,GIANTX,fade,False,,25,0,0,0,6,False,Flickless,GIANTX,viper,False,,7,0,0,0,4,False,westside,GIANTX,cypher,True,100,50,0,0,0,7,True
2104.903,9013,ACTIVE_ROUND,16,3,12,52.000,,,MiniBoo,Team Heretics,raze,True,87,24,0,1,0,6,False,RieNs,Team Heretics,fade,False,,25,0,0,0,6,False,Boo,Team Heretics,omen,True,23,5,1,1,0,4,False,benjyfishy,Team Heretics,deadlock,False,,25,0,0,0,4,False,Wo0t,Team Heretics,chamber,False,,24,0,0,0,5,False,grubinho,GIANTX,omen,False,,50,0,0,0,4,False,ara,GIANTX,raze,True,94,38,0,0,0,3,False,Cloud,GIANTX,fade,False,,25,0,0,0,6,False,Flickless,GIANTX,viper,False,,7,0,0,0,4,False,westside,GIANTX,cypher,True,100,50,0,0,0,7,True
2105.136,9014,ACTIVE_ROUND,16,3,12,52.000,,,MiniBoo,Team Heretics,raze,True,87,24,0,1,0,6,False,RieNs,Team Heretics,fade,False,,25,0,0,0,6,False,Boo,Team Heretics,omen,True,23,5,1,1,0,4,False,benjyfishy,Team Heretics,deadlock,False,,25,0,0,0,4,False,Wo0t,Team Heretics,chamber,False,,24,0,0,0,5,False,grubinho,GIANTX,omen,False,,50,0,0,0,4,False,ara,GIANTX,raze,True,94,38,0,0,0,3,False,Cloud,GIANTX,fade,False,,25,0,0,0,6,False,Flickless,GIANTX,viper,False,,7,0,0,0,4,False,westside,GIANTX,cypher,True,100,50,0,0,0,7,True
2105.370,9015,ACTIVE_ROUND,16,3,12,52.000,,,MiniBoo,Team Heretics,raze,True,87,24,0,1,0,6,False,RieNs,Team Heretics,fade,False,,25,0,0,0,6,False,Boo,Team Heretics,omen,True,23,5,1,1,0,4,False,benjyfishy,Team Heretics,deadlock,False,,25,0,0,0,4,False,Wo0t,Team Heretics,chamber,False,,24,0,0,0,5,False,grubinho,GIANTX,omen,False,,50,0,0,0,4,False,ara,GIANTX,raze,True,94,38,0,0,0,3,False,Cloud,GIANTX,fade,False,,25,0,0,0,6,False,Flickless,GIANTX,viper,False,,7,0,0,0,4,False,westside,GIANTX,cypher,True,100,50,0,0,0,7,True
2105.604,9016,ACTIVE_ROUND,16,3,12,51.000,,,MiniBoo,Team Heretics,raze,True,87,24,0,1,0,6,False,RieNs,Team Heretics,fade,False,,25,0,0,0,6,False,Boo,Team Heretics,omen,True,23,5,1,1,0,4,False,benjyfishy,Team Heretics,deadlock,False,,25,0,0,0,4,False,Wo0t,Team Heretics,chamber,False,,24,0,0,0,5,False,grubinho,GIANTX,omen,False,,50,0,0,0,4,False,ara,GIANTX,raze,True,94,38,0,0,0,3,False,Cloud,GIANTX,fade,False,,25,0,0,0,6,False,Flickless,GIANTX,viper,False,,7,0,0,0,4,False,westside,GIANTX,cypher,True,100,50,0,0,0,7,True
2105.837,9017,ACTIVE_ROUND,16,3,12,51.000,,,MiniBoo,Team Heretics,raze,True,87,24,0,1,0,6,False,RieNs,Team Heretics,fade,False,,25,0,0,0,6,False,Boo,Team Heretics,omen,True,23,5,1,1,0,4,False,benjyfishy,Team Heretics,deadlock,False,,25,0,0,0,4,False,Wo0t,Team Heretics,chamber,False,,24,0,0,0,5,False,grubinho,GIANTX,omen,False,,50,0,0,0,4,False,ara,GIANTX,raze,True,94,38,0,0,0,3,False,Cloud,GIANTX,fade,False,,25,0,0,0,6,False,Flickless,GIANTX,viper,False,,7,0,0,0,4,False,westside,GIANTX,cypher,True,100,50,0,0,0,7,True
2106.071,9018,ACTIVE_ROUND,16,3,12,51.000,,,MiniBoo,Team Heretics,raze,True,87,24,0,1,0,6,False,RieNs,Team Heretics,fade,False,,25,0,0,0,6,False,Boo,Team Heretics,omen,True,23,5,1,1,0,4,False,benjyfishy,Team Heretics,deadlock,False,,25,0,0,0,4,False,Wo0t,Team Heretics,chamber,False,,24,0,0,0,5,False,grubinho,GIANTX,omen,False,,50,0,0,0,4,False,ara,GIANTX,raze,True,94,38,0,0,0,3,False,Cloud,GIANTX,fade,False,,25,0,0,0,6,False,Flickless,GIANTX,viper,False,,7,0,0,0,4,False,westside,GIANTX,cypher,True,100,50,0,0,0,7,True
2106.304,9019,ACTIVE_ROUND,16,3,12,51.000,,,MiniBoo,Team Heretics,raze,True,87,24,0,1,0,6,False,RieNs,Team Heretics,fade,False,,25,0,0,0,6,False,Boo,Team Heretics,omen,True,23,5,1,1,0,4,False,benjyfishy,Team Heretics,deadlock,False,,25,0,0,0,4,False,Wo0t,Team Heretics,chamber,False,,24,0,0,0,5,False,grubinho,GIANTX,omen,False,,50,0,0,0,4,False,ara,GIANTX,raze,True,94,38,0,0,0,3,False,Cloud,GIANTX,fade,False,,25,0,0,0,6,False,Flickless,GIANTX,viper,False,,7,0,0,0,4,False,westside,GIANTX,cypher,True,100,50,0,0,0,7,True
2106.538,9020,ACTIVE_ROUND,16,3,12,50.000,,,MiniBoo,Team Heretics,raze,True,87,24,0,1,0,6,False,RieNs,Team Heretics,fade,False,,25,0,0,0,6,False,Boo,Team Heretics,omen,True,23,5,1,1,0,4,False,benjyfishy,Team Heretics,deadlock,False,,25,0,0,0,4,False,Wo0t,Team Heretics,chamber,False,,24,0,0,0,5,False,grubinho,GIANTX,omen,False,,50,0,0,0,4,False,ara,GIANTX,raze,True,94,38,0,0,0,3,False,Cloud,GIANTX,fade,False,,25,0,0,0,6,False,Flickless,GIANTX,viper,False,,7,0,0,0,4,False,westside,GIANTX,cypher,True,100,50,0,0,0,7,True
2106.771,9021,ACTIVE_ROUND,16,3,12,50.000,,,MiniBoo,Team Heretics,raze,True,87,24,0,1,0,6,False,RieNs,Team Heretics,fade,False,,25,0,0,0,6,False,Boo,Team Heretics,omen,True,23,5,1,1,0,4,False,benjyfishy,Team Heretics,deadlock,False,,25,0,0,0,4,False,Wo0t,Team Heretics,chamber,False,,24,0,0,0,5,False,grubinho,GIANTX,omen,False,,50,0,0,0,4,False,ara,GIANTX,raze,True,94,38,0,0,0,3,False,Cloud,GIANTX,fade,False,,25,0,0,0,6,False,Flickless,GIANTX,viper,False,,7,0,0,0,4,False,westside,GIANTX,cypher,True,100,50,0,0,0,7,True
2107.005,9022,ACTIVE_ROUND,16,3,12,50.000,,,MiniBoo,Team Heretics,raze,True,87,24,0,1,0,6,False,RieNs,Team Heretics,fade,False,,25,0,0,0,6,False,Boo,Team Heretics,omen,True,23,5,1,1,0,4,False,benjyfishy,Team Heretics,deadlock,False,,25,0,0,0,4,False,Wo0t,Team Heretics,chamber,False,,24,0,0,0,5,False,grubinho,GIANTX,omen,False,,50,0,0,0,4,False,ara,GIANTX,raze,True,94,38,0,0,0,3,False,Cloud,GIANTX,fade,False,,25,0,0,0,6,False,Flickless,GIANTX,viper,False,,7,0,0,0,4,False,westside,GIANTX,cypher,True,100,50,0,0,0,7,True
2107.238,9023,ACTIVE_ROUND,16,3,12,50.000,,,MiniBoo,Team Heretics,raze,True,87,24,0,1,0,6,False,RieNs,Team Heretics,fade,False,,25,0,0,0,6,False,Boo,Team Heretics,omen,True,23,5,1,1,0,4,False,benjyfishy,Team Heretics,deadlock,False,,25,0,0,0,4,False,Wo0t,Team Heretics,chamber,False,,24,0,0,0,5,False,grubinho,GIANTX,omen,False,,50,0,0,0,4,False,ara,GIANTX,raze,True,94,38,0,0,0,3,False,Cloud,GIANTX,fade,False,,25,0,0,0,6,False,Flickless,GIANTX,viper,False,,7,0,0,0,4,False,westside,GIANTX,cypher,True,100,50,0,0,0,7,True
2107.472,9024,ACTIVE_ROUND,16,3,12,50.000,,,MiniBoo,Team Heretics,raze,True,87,24,0,1,0,6,False,RieNs,Team Heretics,fade,False,,25,0,0,0,6,False,Boo,Team Heretics,omen,True,23,5,1,1,0,4,False,benjyfishy,Team Heretics,deadlock,False,,25,0,0,0,4,False,Wo0t,Team Heretics,chamber,False,,24,0,0,0,5,False,grubinho,GIANTX,omen,False,,50,0,0,0,4,False,ara,GIANTX,raze,True,94,38,0,0,0,3,False,Cloud,GIANTX,fade,False,,25,0,0,0,6,False,Flickless,GIANTX,viper,False,,7,0,0,0,4,False,westside,GIANTX,cypher,True,100,50,0,0,0,7,True
2107.706,9025,ACTIVE_ROUND,16,3,12,49.000,,,MiniBoo,Team Heretics,raze,True,87,24,0,1,0,6,False,RieNs,Team Heretics,fade,False,,25,0,0,0,6,False,Boo,Team Heretics,omen,True,23,5,1,1,0,4,False,benjyfishy,Team Heretics,deadlock,False,,25,0,0,0,4,False,Wo0t,Team Heretics,chamber,False,,24,0,0,0,5,False,grubinho,GIANTX,omen,False,,50,0,0,0,4,False,ara,GIANTX,raze,True,94,38,0,0,0,3,False,Cloud,GIANTX,fade,False,,25,0,0,0,6,False,Flickless,GIANTX,viper,False,,7,0,0,0,4,False,westside,GIANTX,cypher,True,100,50,0,0,0,7,True
2107.939,9026,ACTIVE_ROUND,16,3,12,49.000,,,MiniBoo,Team Heretics,raze,True,87,24,0,1,0,6,False,RieNs,Team Heretics,fade,False,,25,0,0,0,6,False,Boo,Team Heretics,omen,True,23,5,1,1,0,4,False,benjyfishy,Team Heretics,deadlock,False,,25,0,0,0,4,False,Wo0t,Team Heretics,chamber,False,,24,0,0,0,5,False,grubinho,GIANTX,omen,False,,50,0,0,0,4,False,ara,GIANTX,raze,True,94,38,0,0,0,3,False,Cloud,GIANTX,fade,False,,25,0,0,0,6,False,Flickless,GIANTX,viper,False,,7,0,0,0,4,False,westside,GIANTX,cypher,True,100,50,0,0,0,7,True
2108.173,9027,ACTIVE_ROUND,16,3,12,49.000,,,MiniBoo,Team Heretics,raze,True,87,24,0,1,0,6,False,RieNs,Team Heretics,fade,False,,25,0,0,0,6,False,Boo,Team Heretics,omen,True,23,5,1,1,0,4,False,benjyfishy,Team Heretics,deadlock,False,,25,0,0,0,4,False,Wo0t,Team Heretics,chamber,False,,24,0,0,0,5,False,grubinho,GIANTX,omen,False,,50,0,0,0,4,False,ara,GIANTX,raze,True,94,38,0,0,0,3,False,Cloud,GIANTX,fade,False,,25,0,0,0,6,False,Flickless,GIANTX,viper,False,,7,0,0,0,4,False,westside,GIANTX,cypher,True,100,50,0,0,0,7,True
2108.406,9028,ACTIVE_ROUND,16,3,12,49.000,,,MiniBoo,Team Heretics,raze,True,87,24,0,1,0,6,False,RieNs,Team Heretics,fade,False,,25,0,0,0,6,False,Boo,Team Heretics,omen,True,23,5,0,0,0,4,False,benjyfishy,Team Heretics,deadlock,False,,25,0,0,0,4,False,Wo0t,Team Heretics,chamber,False,,24,0,0,0,5,False,grubinho,GIANTX,omen,False,,50,0,0,0,4,False,ara,GIANTX,raze,True,94,38,0,0,0,3,False,Cloud,GIANTX,fade,False,,25,0,0,0,6,False,Flickless,GIANTX,viper,False,,7,0,0,0,4,False,westside,GIANTX,cypher,True,100,50,0,0,0,7,True
2108.640,9029,ACTIVE_ROUND,16,3,12,48.000,,,MiniBoo,Team Heretics,raze,True,87,24,0,1,0,6,False,RieNs,Team Heretics,fade,False,,25,0,0,0,6,False,Boo,Team Heretics,omen,False,,5,0,0,0,4,False,benjyfishy,Team Heretics,deadlock,False,,25,0,0,0,4,False,Wo0t,Team Heretics,chamber,False,,24,0,0,0,5,False,grubinho,GIANTX,omen,False,,50,0,0,0,4,False,ara,GIANTX,raze,True,94,38,0,0,0,3,False,Cloud,GIANTX,fade,False,,25,0,0,0,6,False,Flickless,GIANTX,viper,False,,7,0,0,0,4,False,westside,GIANTX,cypher,True,100,50,0,0,0,7,True
2108.873,9030,ACTIVE_ROUND,16,3,12,48.000,,,MiniBoo,Team Heretics,raze,True,87,24,0,1,0,6,False,RieNs,Team Heretics,fade,False,,25,0,0,0,6,False,Boo,Team Heretics,omen,False,,5,0,0,0,4,False,benjyfishy,Team Heretics,deadlock,False,,25,0,0,0,4,False,Wo0t,Team Heretics,chamber,False,,24,0,0,0,5,False,grubinho,GIANTX,omen,False,,50,0,0,0,4,False,ara,GIANTX,raze,True,94,38,0,0,0,3,False,Cloud,GIANTX,fade,False,,25,0,0,0,6,False,Flickless,GIANTX,viper,False,,7,0,0,0,4,False,westside,GIANTX,cypher,True,100,50,0,0,0,7,True
2109.107,9031,ACTIVE_ROUND,16,3,12,48.000,,,MiniBoo,Team Heretics,raze,True,87,24,0,1,0,6,False,RieNs,Team Heretics,fade,False,,25,0,0,0,6,False,Boo,Team Heretics,omen,False,,5,0,0,0,4,False,benjyfishy,Team Heretics,deadlock,False,,25,0,0,0,4,False,Wo0t,Team Heretics,chamber,False,,24,0,0,0,5,False,grubinho,GIANTX,omen,False,,50,0,0,0,4,False,ara,GIANTX,raze,True,94,38,0,0,0,4,False,Cloud,GIANTX,fade,False,,25,0,0,0,6,False,Flickless,GIANTX,viper,False,,7,0,0,0,4,False,westside,GIANTX,cypher,True,100,50,0,0,0,7,True
2109.341,9032,ACTIVE_ROUND,16,3,12,48.000,,,MiniBoo,Team Heretics,raze,True,87,24,0,1,0,6,False,RieNs,Team Heretics,fade,False,,25,0,0,0,6,False,Boo,Team Heretics,omen,False,,5,0,0,0,4,False,benjyfishy,Team Heretics,deadlock,False,,25,0,0,0,4,False,Wo0t,Team Heretics,chamber,False,,24,0,0,0,5,False,grubinho,GIANTX,omen,False,,50,0,0,0,4,False,ara,GIANTX,raze,True,94,38,0,0,0,4,False,Cloud,GIANTX,fade,False,,25,0,0,0,6,False,Flickless,GIANTX,viper,False,,7,0,0,0,4,False,westside,GIANTX,cypher,True,100,50,0,0,0,7,True
2109.574,9033,ACTIVE_ROUND,16,3,12,47.000,,,MiniBoo,Team Heretics,raze,True,87,24,0,1,0,6,False,RieNs,Team Heretics,fade,False,,25,0,0,0,6,False,Boo,Team Heretics,omen,False,,5,0,0,0,4,False,benjyfishy,Team Heretics,deadlock,False,,25,0,0,0,4,False,Wo0t,Team Heretics,chamber,False,,24,0,0,0,5,False,grubinho,GIANTX,omen,False,,50,0,0,0,4,False,ara,GIANTX,raze,True,94,38,0,0,0,4,False,Cloud,GIANTX,fade,False,,25,0,0,0,6,False,Flickless,GIANTX,viper,False,,7,0,0,0,4,False,westside,GIANTX,cypher,True,100,50,0,0,0,7,True
2109.808,9034,ACTIVE_ROUND,16,3,12,47.000,,,MiniBoo,Team Heretics,raze,True,87,24,0,1,0,6,False,RieNs,Team Heretics,fade,False,,25,0,0,0,6,False,Boo,Team Heretics,omen,False,,5,0,0,0,4,False,benjyfishy,Team Heretics,deadlock,False,,25,0,0,0,4,False,Wo0t,Team Heretics,chamber,False,,24,0,0,0,5,False,grubinho,GIANTX,omen,False,,50,0,0,0,4,False,ara,GIANTX,raze,True,94,38,0,0,0,4,False,Cloud,GIANTX,fade,False,,25,0,0,0,6,False,Flickless,GIANTX,viper,False,,7,0,0,0,4,False,westside,GIANTX,cypher,True,100,50,0,0,0,7,True
2110.041,9035,ACTIVE_ROUND,16,3,12,47.000,,,MiniBoo,Team Heretics,raze,True,87,24,0,1,0,6,False,RieNs,Team Heretics,fade,False,,25,0,0,0,6,False,Boo,Team Heretics,omen,False,,5,0,0,0,4,False,benjyfishy,Team Heretics,deadlock,False,,25,0,0,0,4,False,Wo0t,Team Heretics,chamber,False,,24,0,0,0,5,False,grubinho,GIANTX,omen,False,,50,0,0,0,4,False,ara,GIANTX,raze,True,94,38,0,0,0,4,False,Cloud,GIANTX,fade,False,,25,0,0,0,6,False,Flickless,GIANTX,viper,False,,7,0,0,0,4,False,westside,GIANTX,cypher,True,100,50,0,0,0,7,True
2110.275,9036,ACTIVE_ROUND,16,3,12,47.000,,,MiniBoo,Team Heretics,raze,True,87,24,0,1,0,6,False,RieNs,Team Heretics,fade,False,,25,0,0,0,6,False,Boo,Team Heretics,omen,False,,5,0,0,0,4,False,benjyfishy,Team Heretics,deadlock,False,,25,0,0,0,4,False,Wo0t,Team Heretics,chamber,False,,24,0,0,0,5,False,grubinho,GIANTX,omen,False,,50,0,0,0,4,False,ara,GIANTX,raze,True,94,38,0,0,0,4,False,Cloud,GIANTX,fade,False,,25,0,0,0,6,False,Flickless,GIANTX,viper,False,,7,0,0,0,4,False,westside,GIANTX,cypher,True,100,50,0,0,0,7,True
2110.508,9037,ACTIVE_ROUND,16,3,12,47.000,,,MiniBoo,Team Heretics,raze,True,87,24,0,1,0,6,False,RieNs,Team Heretics,fade,False,,25,0,0,0,6,False,Boo,Team Heretics,omen,False,,5,0,0,0,4,False,benjyfishy,Team Heretics,deadlock,False,,25,0,0,0,4,False,Wo0t,Team Heretics,chamber,False,,24,0,0,0,5,False,grubinho,GIANTX,omen,False,,50,0,0,0,4,False,ara,GIANTX,raze,True,94,38,0,0,0,4,False,Cloud,GIANTX,fade,False,,25,0,0,0,6,False,Flickless,GIANTX,viper,False,,7,0,0,0,4,False,westside,GIANTX,cypher,True,100,50,0,0,0,7,True
2110.742,9038,ACTIVE_ROUND,16,3,12,46.000,,,MiniBoo,Team Heretics,raze,True,87,24,0,1,0,6,False,RieNs,Team Heretics,fade,False,,25,0,0,0,6,False,Boo,Team Heretics,omen,False,,5,0,0,0,4,False,benjyfishy,Team Heretics,deadlock,False,,25,0,0,0,4,False,Wo0t,Team Heretics,chamber,False,,24,0,0,0,5,False,grubinho,GIANTX,omen,False,,50,0,0,0,4,False,ara,GIANTX,raze,True,94,38,0,0,0,4,False,Cloud,GIANTX,fade,False,,25,0,0,0,6,False,Flickless,GIANTX,viper,False,,7,0,0,0,4,False,westside,GIANTX,cypher,True,100,50,0,0,0,7,True
2110.976,9039,ACTIVE_ROUND,16,3,12,46.000,,,MiniBoo,Team Heretics,raze,True,87,24,0,1,0,6,False,RieNs,Team Heretics,fade,False,,25,0,0,0,6,False,Boo,Team Heretics,omen,False,,5,0,0,0,4,False,benjyfishy,Team Heretics,deadlock,False,,25,0,0,0,4,False,Wo0t,Team Heretics,chamber,False,,24,0,0,0,5,False,grubinho,GIANTX,omen,False,,50,0,0,0,4,False,ara,GIANTX,raze,True,94,38,0,0,0,4,False,Cloud,GIANTX,fade,False,,25,0,0,0,6,False,Flickless,GIANTX,viper,False,,7,0,0,0,4,False,westside,GIANTX,cypher,True,100,50,0,0,0,7,True
2111.209,9040,POST_ROUND,16,3,13,,,0.000,MiniBoo,Team Heretics,raze,True,87,24,0,0,0,6,False,RieNs,Team Heretics,fade,False,,25,0,0,0,6,False,Boo,Team Heretics,omen,False,,5,0,0,0,4,False,benjyfishy,Team Heretics,deadlock,False,,25,0,0,0,4,False,Wo0t,Team Heretics,chamber,False,,24,0,0,0,5,False,grubinho,GIANTX,omen,False,,50,0,0,0,4,False,ara,GIANTX,raze,True,94,38,0,0,0,4,False,Cloud,GIANTX,fade,False,,25,0,0,0,6,False,Flickless,GIANTX,viper,False,,7,0,0,0,4,False,westside,GIANTX,cypher,True,100,50,0,0,0,7,True
2111.443,9041,POST_ROUND,16,3,13,,,0.234,MiniBoo,Team Heretics,raze,False,,24,0,0,0,6,False,RieNs,Team Heretics,fade,False,,25,0,0,0,6,False,Boo,Team Heretics,omen,False,,5,0,0,0,4,False,benjyfishy,Team Heretics,deadlock,False,,25,0,0,0,4,False,Wo0t,Team Heretics,chamber,False,,24,0,0,0,5,False,grubinho,GIANTX,omen,False,,50,0,0,0,4,False,ara,GIANTX,raze,True,94,38,0,0,0,4,False,Cloud,GIANTX,fade,False,,25,0,0,0,6,False,Flickless,GIANTX,viper,False,,7,0,0,0,4,False,westside,GIANTX,cypher,True,100,50,0,0,0,7,True
2111.676,9042,POST_ROUND,16,3,13,,,0.467,MiniBoo,Team Heretics,raze,False,,24,0,0,0,6,False,RieNs,Team Heretics,fade,False,,25,0,0,0,6,False,Boo,Team Heretics,omen,False,,5,0,0,0,4,False,benjyfishy,Team Heretics,deadlock,False,,25,0,0,0,4,False,Wo0t,Team Heretics,chamber,False,,24,0,0,0,5,False,grubinho,GIANTX,omen,False,,50,0,0,0,4,False,ara,GIANTX,raze,True,94,38,0,0,0,4,False,Cloud,GIANTX,fade,False,,25,0,0,0,6,False,Flickless,GIANTX,viper,False,,7,0,0,0,4,False,westside,GIANTX,cypher,True,100,50,0,0,0,7,True
2111.910,9043,POST_ROUND,16,3,13,,,0.701,MiniBoo,Team Heretics,raze,False,,24,0,0,0,6,False,RieNs,Team Heretics,fade,False,,25,0,0,0,6,False,Boo,Team Heretics,omen,False,,5,0,0,0,4,False,benjyfishy,Team Heretics,deadlock,False,,25,0,0,0,4,False,Wo0t,Team Heretics,chamber,False,,24,0,0,0,5,False,grubinho,GIANTX,omen,False,,50,0,0,0,4,False,ara,GIANTX,raze,True,94,38,0,0,0,4,False,Cloud,GIANTX,fade,False,,25,0,0,0,6,False,Flickless,GIANTX,viper,False,,7,0,0,0,4,False,westside,GIANTX,cypher,True,100,50,0,0,0,7,True
2112.143,9044,POST_ROUND,16,3,13,,,0.934,MiniBoo,Team Heretics,raze,False,,24,0,0,0,6,False,RieNs,Team Heretics,fade,False,,25,0,0,0,6,False,Boo,Team Heretics,omen,False,,5,0,0,0,4,False,benjyfishy,Team Heretics,deadlock,False,,25,0,0,0,4,False,Wo0t,Team Heretics,chamber,False,,24,0,0,0,5,False,grubinho,GIANTX,omen,False,,50,0,0,0,4,False,ara,GIANTX,raze,True,94,38,0,0,0,4,False,Cloud,GIANTX,fade,False,,25,0,0,0,6,False,Flickless,GIANTX,viper,False,,7,0,0,0,4,False,westside,GIANTX,cypher,True,100,50,0,0,0,7,True
2112.377,9045,POST_ROUND,16,3,13,,,1.168,MiniBoo,Team Heretics,raze,False,,24,0,0,0,6,False,RieNs,Team Heretics,fade,False,,25,0,0,0,6,False,Boo,Team Heretics,omen,False,,5,0,0,0,4,False,benjyfishy,Team Heretics,deadlock,False,,25,0,0,0,4,False,Wo0t,Team Heretics,chamber,False,,24,0,0,0,5,False,grubinho,GIANTX,omen,False,,50,0,0,0,4,False,ara,GIANTX,raze,True,94,38,0,0,0,4,False,Cloud,GIANTX,fade,False,,25,0,0,0,6,False,Flickless,GIANTX,viper,False,,7,0,0,0,4,False,westside,GIANTX,cypher,True,100,50,0,0,0,7,True
